20100201	電子期貨            	EXF    	A         	1079	1340855.0000	1158	1437420.0000	-79	-96565.0000	503	620667.0000	1006	1242155.0000	-503	-621488.0000
20100201	電子期貨            	EXF    	B         	0	.0000	0	.0000	0	.0000	241	298165.0000	232	287030.0000	9	11135.0000
20100201	電子期貨            	EXF    	C         	767	950590.0000	566	701526.0000	201	249064.0000	3087	3819219.0000	3625	4484850.0000	-538	-665631.0000
20100201	金融期貨            	FXF    	A         	1096	899583.0000	1173	962564.0000	-77	-62981.0000	929	755491.0000	444	358298.0000	485	397193.0000
20100201	金融期貨            	FXF    	B         	0	.0000	0	.0000	0	.0000	214	174667.0000	0	.0000	214	174667.0000
20100201	金融期貨            	FXF    	C         	267	219078.0000	419	343962.0000	-152	-124884.0000	1155	942711.0000	5352	4368302.0000	-4197	-3425591.0000
20100201	櫃買期貨            	GTF    	A         	107	56060.0000	110	57624.0000	-3	-1564.0000	72	37384.0000	68	35341.0000	4	2043.0000
20100201	櫃買期貨            	GTF    	B         	0	.0000	0	.0000	0	.0000	0	.0000	0	.0000	0	.0000
20100201	櫃買期貨            	GTF    	C         	0	.0000	0	.0000	0	.0000	0	.0000	0	.0000	0	.0000
20100201	摩臺期              	MSF    	A         	1	866.0000	1	864.0000	0	2.0000	0	.0000	1	867.0000	-1	-867.0000
20100201	摩臺期              	MSF    	B         	0	.0000	0	.0000	0	.0000	0	.0000	0	.0000	0	.0000
20100201	摩臺期              	MSF    	C         	0	.0000	0	.0000	0	.0000	0	.0000	0	.0000	0	.0000
20100201	小型臺指            	MXF    	A         	24356	9162556.0000	26207	9862548.0000	-1851	-699992.0000	3677	1379243.0000	4082	1522293.0000	-405	-143050.0000
20100201	小型臺指            	MXF    	B         	7	2625.0000	7	2636.0000	0	-11.0000	0	.0000	20	7510.0000	-20	-7510.0000
20100201	小型臺指            	MXF    	C         	1043	392415.0000	2362	887659.0000	-1319	-495244.0000	313	117273.0000	901	338202.0000	-588	-220929.0000
20100201	股票期貨            	STF    	A         	36	2510.0000	154	11595.0000	-118	-9084.0000	140	12236.0000	628	39504.0000	-488	-27268.0000
20100201	股票期貨            	STF    	B         	0	.0000	0	.0000	0	.0000	0	.0000	0	.0000	0	.0000
20100201	股票期貨            	STF    	C         	25	1499.0000	61	3305.0000	-36	-1806.0000	50	4259.0000	533	37388.0000	-483	-33129.0000
20100201	臺灣50期貨          	T5F    	A         	0	.0000	0	.0000	0	.0000	0	.0000	0	.0000	0	.0000
20100201	臺灣50期貨          	T5F    	B         	0	.0000	0	.0000	0	.0000	0	.0000	0	.0000	0	.0000
20100201	臺灣50期貨          	T5F    	C         	0	.0000	0	.0000	0	.0000	0	.0000	0	.0000	0	.0000
20100201	臺股期貨            	TXF    	A         	30876	46469807.0000	30059	45233470.0000	817	1236337.0000	8386	12551751.0000	6591	9878945.0000	1795	2672806.0000
20100201	臺股期貨            	TXF    	B         	243	366071.0000	422	634010.0000	-179	-267939.0000	1508	2265016.0000	2123	3188312.0000	-615	-923296.0000
20100201	臺股期貨            	TXF    	C         	11167	16785397.0000	10584	15938345.0000	583	847051.0000	22969	34460059.0000	35218	52823614.0000	-12249	-18363555.0000
20100201	非金電期貨          	XIF    	A         	534	475685.0000	469	417644.0000	65	58041.0000	155	137872.0000	128	113473.0000	27	24399.0000
20100201	非金電期貨          	XIF    	B         	0	.0000	0	.0000	0	.0000	21	18738.0000	0	.0000	21	18738.0000
20100201	非金電期貨          	XIF    	C         	24	21424.0000	57	50510.0000	-33	-29085.0000	76	67813.0000	40	35692.0000	36	32121.0000
20100202	電子期貨            	EXF    	A         	1159	1433271.0000	1351	1673686.0000	-192	-240415.0000	475	578813.0000	1170	1427414.0000	-695	-848601.0000
20100202	電子期貨            	EXF    	B         	0	.0000	0	.0000	0	.0000	241	294550.0000	232	283550.0000	9	11000.0000
20100202	電子期貨            	EXF    	C         	1192	1480375.0000	843	1043969.0000	349	436407.0000	3096	3783912.0000	3285	4014927.0000	-189	-231015.0000
20100202	金融期貨            	FXF    	A         	1423	1146594.0000	1256	1011389.0000	167	135205.0000	1112	883513.0000	460	362646.0000	652	520867.0000
20100202	金融期貨            	FXF    	B         	0	.0000	0	.0000	0	.0000	214	170558.0000	0	.0000	214	170558.0000
20100202	金融期貨            	FXF    	C         	592	475159.0000	503	407410.0000	89	67749.0000	1290	1028130.0000	5398	4302206.0000	-4108	-3274076.0000
20100202	櫃買期貨            	GTF    	A         	144	74569.0000	149	77242.0000	-5	-2673.0000	74	37526.0000	75	38078.0000	-1	-552.0000
20100202	櫃買期貨            	GTF    	B         	0	.0000	0	.0000	0	.0000	0	.0000	0	.0000	0	.0000
20100202	櫃買期貨            	GTF    	C         	0	.0000	0	.0000	0	.0000	0	.0000	0	.0000	0	.0000
20100202	摩臺期              	MSF    	A         	0	.0000	0	.0000	0	.0000	0	.0000	1	858.0000	-1	-858.0000
20100202	摩臺期              	MSF    	B         	0	.0000	0	.0000	0	.0000	0	.0000	0	.0000	0	.0000
20100202	摩臺期              	MSF    	C         	0	.0000	0	.0000	0	.0000	0	.0000	0	.0000	0	.0000
20100202	小型臺指            	MXF    	A         	23292	8683864.0000	23059	8608079.0000	233	75786.0000	5236	1928756.0000	5572	2043299.0000	-336	-114543.0000
20100202	小型臺指            	MXF    	B         	0	.0000	0	.0000	0	.0000	0	.0000	20	7374.0000	-20	-7374.0000
20100202	小型臺指            	MXF    	C         	1372	512204.0000	1916	715898.0000	-544	-203694.0000	192	70545.0000	1360	501352.0000	-1168	-430807.0000
20100202	股票期貨            	STF    	A         	53	4557.0000	85	7646.0000	-32	-3089.0000	150	12875.0000	670	42875.0000	-520	-30000.0000
20100202	股票期貨            	STF    	B         	0	.0000	0	.0000	0	.0000	0	.0000	0	.0000	0	.0000
20100202	股票期貨            	STF    	C         	30	1151.0000	14	834.0000	16	318.0000	58	4188.0000	525	36690.0000	-467	-32502.0000
20100202	臺灣50期貨          	T5F    	A         	2	1031.0000	1	537.0000	1	493.0000	1	515.0000	0	.0000	1	515.0000
20100202	臺灣50期貨          	T5F    	B         	0	.0000	0	.0000	0	.0000	0	.0000	0	.0000	0	.0000
20100202	臺灣50期貨          	T5F    	C         	0	.0000	0	.0000	0	.0000	0	.0000	0	.0000	0	.0000
20100202	臺股期貨            	TXF    	A         	34054	50860574.0000	34588	51637603.0000	-534	-777029.0000	8924	13114379.0000	7622	11218581.0000	1302	1895798.0000
20100202	臺股期貨            	TXF    	B         	469	701717.0000	544	813419.0000	-75	-111702.0000	1595	2352306.0000	2285	3369512.0000	-690	-1017206.0000
20100202	臺股期貨            	TXF    	C         	15454	23002627.0000	9344	13955948.0000	6110	9046679.0000	26914	39648587.0000	33045	48654007.0000	-6131	-9005420.0000
20100202	非金電期貨          	XIF    	A         	513	451385.0000	478	420426.0000	35	30959.0000	193	167356.0000	131	113149.0000	62	54207.0000
20100202	非金電期貨          	XIF    	B         	0	.0000	0	.0000	0	.0000	21	18257.0000	0	.0000	21	18257.0000
20100202	非金電期貨          	XIF    	C         	47	40914.0000	79	69834.0000	-32	-28921.0000	92	79983.0000	88	76507.0000	4	3476.0000
20100203	電子期貨            	EXF    	A         	1169	1453801.0000	999	1242220.0000	170	211581.0000	494	616382.0000	1019	1272399.0000	-525	-656017.0000
20100203	電子期貨            	EXF    	B         	52	64732.0000	52	64297.0000	0	435.0000	241	301636.0000	232	290101.0000	9	11535.0000
20100203	電子期貨            	EXF    	C         	484	602879.0000	442	550028.0000	42	52851.0000	2831	3543259.0000	2978	3727265.0000	-147	-184006.0000
20100203	金融期貨            	FXF    	A         	1050	846845.0000	1095	882227.0000	-45	-35382.0000	1079	870519.0000	472	378196.0000	607	492323.0000
20100203	金融期貨            	FXF    	B         	0	.0000	0	.0000	0	.0000	214	173169.0000	0	.0000	214	173169.0000
20100203	金融期貨            	FXF    	C         	689	555240.0000	449	362072.0000	240	193168.0000	1271	1028493.0000	5139	4158479.0000	-3868	-3129986.0000
20100203	櫃買期貨            	GTF    	A         	184	95162.0000	173	89417.0000	11	5745.0000	81	41993.0000	71	36880.0000	10	5113.0000
20100203	櫃買期貨            	GTF    	B         	0	.0000	0	.0000	0	.0000	0	.0000	0	.0000	0	.0000
20100203	櫃買期貨            	GTF    	C         	0	.0000	0	.0000	0	.0000	0	.0000	0	.0000	0	.0000
20100203	摩臺期              	MSF    	A         	1	861.0000	1	865.0000	0	-4.0000	0	.0000	1	867.0000	-1	-867.0000
20100203	摩臺期              	MSF    	B         	0	.0000	0	.0000	0	.0000	0	.0000	0	.0000	0	.0000
20100203	摩臺期              	MSF    	C         	0	.0000	0	.0000	0	.0000	0	.0000	0	.0000	0	.0000
20100203	小型臺指            	MXF    	A         	25699	9595339.0000	23854	8906039.0000	1845	689300.0000	5877	2201679.0000	5776	2156472.0000	101	45207.0000
20100203	小型臺指            	MXF    	B         	0	.0000	0	.0000	0	.0000	0	.0000	20	7501.0000	-20	-7501.0000
20100203	小型臺指            	MXF    	C         	2239	836657.0000	1429	533526.0000	810	303131.0000	230	86046.0000	132	49483.0000	98	36563.0000
20100203	股票期貨            	STF    	A         	80	3659.0000	150	11884.0000	-70	-8225.0000	156	13553.0000	746	51988.0000	-590	-38435.0000
20100203	股票期貨            	STF    	B         	0	.0000	0	.0000	0	.0000	0	.0000	0	.0000	0	.0000
20100203	股票期貨            	STF    	C         	17	1504.0000	36	2507.0000	-19	-1003.0000	53	4795.0000	539	39005.0000	-486	-34210.0000
20100203	臺灣50期貨          	T5F    	A         	0	.0000	0	.0000	0	.0000	1	519.0000	0	.0000	1	519.0000
20100203	臺灣50期貨          	T5F    	B         	0	.0000	0	.0000	0	.0000	0	.0000	0	.0000	0	.0000
20100203	臺灣50期貨          	T5F    	C         	0	.0000	0	.0000	0	.0000	0	.0000	0	.0000	0	.0000
20100203	臺股期貨            	TXF    	A         	31275	46727311.0000	31795	47488982.0000	-520	-761672.0000	8852	13233549.0000	7718	11559850.0000	1134	1673699.0000
20100203	臺股期貨            	TXF    	B         	675	1010265.0000	322	480069.0000	353	530196.0000	1695	2542649.0000	2032	3048006.0000	-337	-505357.0000
20100203	臺股期貨            	TXF    	C         	11488	17157652.0000	11971	17896865.0000	-483	-739213.0000	26397	39556231.0000	33125	49613400.0000	-6728	-10057169.0000
20100203	非金電期貨          	XIF    	A         	617	540050.0000	655	573272.0000	-38	-33222.0000	198	173283.0000	174	151947.0000	24	21336.0000
20100203	非金電期貨          	XIF    	B         	0	.0000	0	.0000	0	.0000	21	18430.0000	0	.0000	21	18430.0000
20100203	非金電期貨          	XIF    	C         	37	32365.0000	17	14917.0000	20	17449.0000	92	80737.0000	68	59677.0000	24	21060.0000
20100204	電子期貨            	EXF    	A         	1109	1386253.0000	519	648931.0000	590	737322.0000	506	631150.0000	441	548725.0000	65	82425.0000
20100204	電子期貨            	EXF    	B         	43	53739.0000	43	53471.0000	0	268.0000	241	301491.0000	232	289738.0000	9	11753.0000
20100204	電子期貨            	EXF    	C         	100	124818.0000	705	880902.0000	-605	-756085.0000	2405	3008468.0000	3157	3949407.0000	-752	-940939.0000
20100204	金融期貨            	FXF    	A         	989	800022.0000	1046	845944.0000	-57	-45921.0000	1090	878962.0000	540	432862.0000	550	446100.0000
20100204	金融期貨            	FXF    	B         	0	.0000	0	.0000	0	.0000	214	173083.0000	0	.0000	214	173083.0000
20100204	金融期貨            	FXF    	C         	361	292029.0000	339	274284.0000	22	17745.0000	1264	1022323.0000	5110	4132968.0000	-3846	-3110645.0000
20100204	櫃買期貨            	GTF    	A         	123	64563.0000	125	65622.0000	-2	-1059.0000	97	50612.0000	89	46493.0000	8	4119.0000
20100204	櫃買期貨            	GTF    	B         	0	.0000	0	.0000	0	.0000	0	.0000	0	.0000	0	.0000
20100204	櫃買期貨            	GTF    	C         	0	.0000	0	.0000	0	.0000	0	.0000	0	.0000	0	.0000
20100204	摩臺期              	MSF    	A         	0	.0000	0	.0000	0	.0000	0	.0000	1	872.0000	-1	-872.0000
20100204	摩臺期              	MSF    	B         	0	.0000	0	.0000	0	.0000	0	.0000	0	.0000	0	.0000
20100204	摩臺期              	MSF    	C         	0	.0000	0	.0000	0	.0000	0	.0000	0	.0000	0	.0000
20100204	小型臺指            	MXF    	A         	13538	5073257.0000	14036	5259437.0000	-498	-186181.0000	5806	2176327.0000	6483	2422486.0000	-677	-246159.0000
20100204	小型臺指            	MXF    	B         	0	.0000	0	.0000	0	.0000	0	.0000	20	7505.0000	-20	-7505.0000
20100204	小型臺指            	MXF    	C         	646	242026.0000	877	328748.0000	-231	-86722.0000	160	59817.0000	185	69420.0000	-25	-9603.0000
20100204	股票期貨            	STF    	A         	60	4068.0000	70	5299.0000	-10	-1231.0000	170	14942.0000	770	54482.0000	-600	-39540.0000
20100204	股票期貨            	STF    	B         	0	.0000	0	.0000	0	.0000	0	.0000	0	.0000	0	.0000
20100204	股票期貨            	STF    	C         	12	552.0000	44	4091.0000	-32	-3538.0000	35	3490.0000	553	40965.0000	-518	-37475.0000
20100204	臺灣50期貨          	T5F    	A         	0	.0000	0	.0000	0	.0000	1	524.0000	0	.0000	1	524.0000
20100204	臺灣50期貨          	T5F    	B         	0	.0000	0	.0000	0	.0000	0	.0000	0	.0000	0	.0000
20100204	臺灣50期貨          	T5F    	C         	0	.0000	0	.0000	0	.0000	0	.0000	0	.0000	0	.0000
20100204	臺股期貨            	TXF    	A         	16632	24937880.0000	18380	27556003.0000	-1748	-2618123.0000	7652	11438880.0000	8196	12282131.0000	-544	-843251.0000
20100204	臺股期貨            	TXF    	B         	237	355483.0000	146	218578.0000	91	136905.0000	1775	2664077.0000	2021	3033079.0000	-246	-369002.0000
20100204	臺股期貨            	TXF    	C         	7564	11335193.0000	5375	8054183.0000	2189	3281011.0000	26355	39510314.0000	30921	46329181.0000	-4566	-6818867.0000
20100204	非金電期貨          	XIF    	A         	210	183875.0000	223	195368.0000	-13	-11494.0000	214	187463.0000	203	177523.0000	11	9940.0000
20100204	非金電期貨          	XIF    	B         	0	.0000	0	.0000	0	.0000	21	18442.0000	0	.0000	21	18442.0000
20100204	非金電期貨          	XIF    	C         	22	19284.0000	35	30734.0000	-13	-11450.0000	108	94844.0000	97	85185.0000	11	9659.0000
20100205	電子期貨            	EXF    	A         	1396	1678181.0000	1240	1490662.0000	156	187519.0000	654	782056.0000	433	515808.0000	221	266248.0000
20100205	電子期貨            	EXF    	B         	92	110151.0000	92	109929.0000	0	221.0000	241	289007.0000	232	277242.0000	9	11765.0000
20100205	電子期貨            	EXF    	C         	758	909890.0000	938	1127497.0000	-180	-217607.0000	2480	2973423.0000	3413	4092870.0000	-933	-1119447.0000
20100205	金融期貨            	FXF    	A         	1946	1490678.0000	2006	1536994.0000	-60	-46315.0000	1102	839180.0000	612	462822.0000	490	376358.0000
20100205	金融期貨            	FXF    	B         	0	.0000	80	61065.0000	-80	-61065.0000	134	102403.0000	0	.0000	134	102403.0000
20100205	金融期貨            	FXF    	C         	1231	942807.0000	700	536441.0000	531	406366.0000	1973	1507666.0000	5288	4041032.0000	-3315	-2533366.0000
20100205	櫃買期貨            	GTF    	A         	219	109825.0000	162	81210.0000	57	28615.0000	145	71611.0000	80	39699.0000	65	31912.0000
20100205	櫃買期貨            	GTF    	B         	0	.0000	0	.0000	0	.0000	0	.0000	0	.0000	0	.0000
20100205	櫃買期貨            	GTF    	C         	0	.0000	0	.0000	0	.0000	0	.0000	0	.0000	0	.0000
20100205	摩臺期              	MSF    	A         	0	.0000	0	.0000	0	.0000	0	.0000	1	839.0000	-1	-839.0000
20100205	摩臺期              	MSF    	B         	0	.0000	0	.0000	0	.0000	0	.0000	0	.0000	0	.0000
20100205	摩臺期              	MSF    	C         	0	.0000	0	.0000	0	.0000	0	.0000	0	.0000	0	.0000
20100205	小型臺指            	MXF    	A         	21629	7805001.0000	23644	8541153.0000	-2015	-736152.0000	5077	1826787.0000	7409	2655389.0000	-2332	-828602.0000
20100205	小型臺指            	MXF    	B         	0	.0000	5	1800.0000	-5	-1800.0000	0	.0000	25	8996.0000	-25	-8996.0000
20100205	小型臺指            	MXF    	C         	1488	536491.0000	1407	507649.0000	81	28842.0000	164	58833.0000	128	46056.0000	36	12777.0000
20100205	股票期貨            	STF    	A         	82	5644.0000	134	8569.0000	-52	-2925.0000	186	15720.0000	838	56349.0000	-652	-40629.0000
20100205	股票期貨            	STF    	B         	0	.0000	0	.0000	0	.0000	0	.0000	0	.0000	0	.0000
20100205	股票期貨            	STF    	C         	25	1711.0000	42	3259.0000	-17	-1548.0000	45	3978.0000	580	41539.0000	-535	-37561.0000
20100205	臺灣50期貨          	T5F    	A         	0	.0000	0	.0000	0	.0000	1	501.0000	0	.0000	1	501.0000
20100205	臺灣50期貨          	T5F    	B         	0	.0000	0	.0000	0	.0000	0	.0000	0	.0000	0	.0000
20100205	臺灣50期貨          	T5F    	C         	0	.0000	0	.0000	0	.0000	0	.0000	0	.0000	0	.0000
20100205	臺股期貨            	TXF    	A         	34523	49838093.0000	36292	52369078.0000	-1769	-2530985.0000	6610	9473626.0000	9013	12944451.0000	-2403	-3470825.0000
20100205	臺股期貨            	TXF    	B         	459	664522.0000	685	991125.0000	-226	-326603.0000	1575	2268380.0000	2047	2946538.0000	-472	-678158.0000
20100205	臺股期貨            	TXF    	C         	16922	24420139.0000	15070	21781111.0000	1852	2639028.0000	29140	41907669.0000	31849	45786642.0000	-2709	-3878973.0000
20100205	非金電期貨          	XIF    	A         	251	213506.0000	277	235607.0000	-26	-22101.0000	192	162213.0000	207	174873.0000	-15	-12660.0000
20100205	非金電期貨          	XIF    	B         	0	.0000	0	.0000	0	.0000	21	17825.0000	0	.0000	21	17825.0000
20100205	非金電期貨          	XIF    	C         	78	66572.0000	22	18709.0000	56	47863.0000	156	132406.0000	89	75543.0000	67	56863.0000
20100206	電子期貨            	EXF    	A         	1209	1446762.0000	1202	1439101.0000	7	7661.0000	627	747722.0000	399	473844.0000	228	273878.0000
20100206	電子期貨            	EXF    	B         	15	17990.0000	211	252006.0000	-196	-234016.0000	241	288236.0000	428	510797.0000	-187	-222561.0000
20100206	電子期貨            	EXF    	C         	267	320139.0000	179	213874.0000	88	106266.0000	2617	3129316.0000	3462	4140552.0000	-845	-1011236.0000
20100206	金融期貨            	FXF    	A         	1576	1180816.0000	1578	1182631.0000	-2	-1816.0000	1183	886258.0000	695	517157.0000	488	369101.0000
20100206	金融期貨            	FXF    	B         	7	5263.0000	3	2249.0000	4	3014.0000	138	103721.0000	0	.0000	138	103721.0000
20100206	金融期貨            	FXF    	C         	465	348361.0000	384	287397.0000	81	60964.0000	2040	1533163.0000	5274	3963881.0000	-3234	-2430718.0000
20100206	櫃買期貨            	GTF    	A         	260	127236.0000	277	135365.0000	-17	-8129.0000	147	71186.0000	99	47983.0000	48	23203.0000
20100206	櫃買期貨            	GTF    	B         	0	.0000	0	.0000	0	.0000	0	.0000	0	.0000	0	.0000
20100206	櫃買期貨            	GTF    	C         	0	.0000	0	.0000	0	.0000	0	.0000	0	.0000	0	.0000
20100206	摩臺期              	MSF    	A         	0	.0000	1	839.0000	-1	-839.0000	0	.0000	2	1680.0000	-2	-1680.0000
20100206	摩臺期              	MSF    	B         	0	.0000	0	.0000	0	.0000	0	.0000	0	.0000	0	.0000
20100206	摩臺期              	MSF    	C         	0	.0000	0	.0000	0	.0000	0	.0000	0	.0000	0	.0000
20100206	小型臺指            	MXF    	A         	21798	7798610.0000	22634	8098897.0000	-836	-300287.0000	5330	1905244.0000	6458	2297378.0000	-1128	-392134.0000
20100206	小型臺指            	MXF    	B         	0	.0000	0	.0000	0	.0000	0	.0000	25	8937.0000	-25	-8937.0000
20100206	小型臺指            	MXF    	C         	1714	613634.0000	1884	674241.0000	-170	-60607.0000	201	71663.0000	335	119797.0000	-134	-48134.0000
20100206	股票期貨            	STF    	A         	145	9667.0000	196	13583.0000	-51	-3916.0000	197	17204.0000	900	61696.0000	-703	-44492.0000
20100206	股票期貨            	STF    	B         	0	.0000	0	.0000	0	.0000	0	.0000	0	.0000	0	.0000
20100206	股票期貨            	STF    	C         	111	7110.0000	65	3440.0000	46	3670.0000	95	7872.0000	584	42011.0000	-489	-34139.0000
20100206	臺灣50期貨          	T5F    	A         	0	.0000	0	.0000	0	.0000	1	506.0000	0	.0000	1	506.0000
20100206	臺灣50期貨          	T5F    	B         	0	.0000	0	.0000	0	.0000	0	.0000	0	.0000	0	.0000
20100206	臺灣50期貨          	T5F    	C         	0	.0000	0	.0000	0	.0000	0	.0000	0	.0000	0	.0000
20100206	臺股期貨            	TXF    	A         	28402	40657226.0000	28111	40239160.0000	291	418065.0000	6003	8540000.0000	8625	12303818.0000	-2622	-3763818.0000
20100206	臺股期貨            	TXF    	B         	351	502071.0000	600	858135.0000	-249	-356064.0000	1667	2384961.0000	2388	3414885.0000	-721	-1029924.0000
20100206	臺股期貨            	TXF    	C         	3040	4351377.0000	4162	5962453.0000	-1122	-1611076.0000	29132	41619858.0000	32963	47081126.0000	-3831	-5461268.0000
20100206	非金電期貨          	XIF    	A         	374	315063.0000	307	258703.0000	67	56360.0000	231	194385.0000	179	150292.0000	52	44093.0000
20100206	非金電期貨          	XIF    	B         	0	.0000	0	.0000	0	.0000	21	17726.0000	0	.0000	21	17726.0000
20100206	非金電期貨          	XIF    	C         	8	6729.0000	58	48770.0000	-50	-42041.0000	156	131677.0000	139	117330.0000	17	14347.0000
20100208	電子期貨            	EXF    	A         	954	1142095.0000	974	1165148.0000	-20	-23053.0000	700	831857.0000	492	582326.0000	208	249531.0000
20100208	電子期貨            	EXF    	B         	30	35876.0000	34	40534.0000	-4	-4658.0000	237	282267.0000	428	508495.0000	-191	-226228.0000
20100208	電子期貨            	EXF    	C         	418	499545.0000	318	380551.0000	100	118995.0000	2608	3104713.0000	3353	3993315.0000	-745	-888602.0000
20100208	金融期貨            	FXF    	A         	1266	964059.0000	1367	1040092.0000	-101	-76033.0000	1276	970738.0000	889	672027.0000	387	298711.0000
20100208	金融期貨            	FXF    	B         	0	.0000	24	18305.0000	-24	-18305.0000	114	87005.0000	0	.0000	114	87005.0000
20100208	金融期貨            	FXF    	C         	929	707109.0000	764	581333.0000	165	125776.0000	2012	1534665.0000	5081	3877675.0000	-3069	-2343010.0000
20100208	櫃買期貨            	GTF    	A         	98	48025.0000	109	53414.0000	-11	-5389.0000	147	71522.0000	110	53644.0000	37	17878.0000
20100208	櫃買期貨            	GTF    	B         	0	.0000	0	.0000	0	.0000	0	.0000	0	.0000	0	.0000
20100208	櫃買期貨            	GTF    	C         	0	.0000	0	.0000	0	.0000	0	.0000	0	.0000	0	.0000
20100208	摩臺期              	MSF    	A         	0	.0000	0	.0000	0	.0000	0	.0000	2	1673.0000	-2	-1673.0000
20100208	摩臺期              	MSF    	B         	0	.0000	0	.0000	0	.0000	0	.0000	0	.0000	0	.0000
20100208	摩臺期              	MSF    	C         	0	.0000	0	.0000	0	.0000	0	.0000	0	.0000	0	.0000
20100208	小型臺指            	MXF    	A         	20483	7355622.0000	19934	7156012.0000	549	199610.0000	6581	2355112.0000	6320	2250116.0000	261	104996.0000
20100208	小型臺指            	MXF    	B         	0	.0000	0	.0000	0	.0000	0	.0000	25	8944.0000	-25	-8944.0000
20100208	小型臺指            	MXF    	C         	985	353623.0000	1014	363984.0000	-29	-10361.0000	302	107856.0000	281	100544.0000	21	7312.0000
20100208	股票期貨            	STF    	A         	82	4766.0000	69	2895.0000	13	1872.0000	218	18980.0000	908	61798.0000	-690	-42818.0000
20100208	股票期貨            	STF    	B         	0	.0000	0	.0000	0	.0000	0	.0000	0	.0000	0	.0000
20100208	股票期貨            	STF    	C         	6	132.0000	27	3073.0000	-21	-2941.0000	90	7226.0000	600	44119.0000	-510	-36893.0000
20100208	臺灣50期貨          	T5F    	A         	0	.0000	0	.0000	0	.0000	1	504.0000	0	.0000	1	504.0000
20100208	臺灣50期貨          	T5F    	B         	0	.0000	0	.0000	0	.0000	0	.0000	0	.0000	0	.0000
20100208	臺灣50期貨          	T5F    	C         	0	.0000	0	.0000	0	.0000	0	.0000	0	.0000	0	.0000
20100208	臺股期貨            	TXF    	A         	20853	29941815.0000	22175	31841918.0000	-1322	-1900103.0000	4679	6644904.0000	8833	12605950.0000	-4154	-5961046.0000
20100208	臺股期貨            	TXF    	B         	671	964868.0000	442	632425.0000	229	332443.0000	1664	2382520.0000	2156	3083165.0000	-492	-700645.0000
20100208	臺股期貨            	TXF    	C         	15421	22112349.0000	12293	17636097.0000	3128	4476252.0000	31218	44612480.0000	31967	45679600.0000	-749	-1067120.0000
20100208	非金電期貨          	XIF    	A         	292	246751.0000	347	293278.0000	-55	-46527.0000	219	184507.0000	222	186757.0000	-3	-2250.0000
20100208	非金電期貨          	XIF    	B         	0	.0000	0	.0000	0	.0000	21	17745.0000	0	.0000	21	17745.0000
20100208	非金電期貨          	XIF    	C         	68	57549.0000	14	11846.0000	54	45703.0000	156	131785.0000	85	71825.0000	71	59960.0000
20100209	電子期貨            	EXF    	A         	1271	1541307.0000	1158	1403704.0000	113	137603.0000	651	788968.0000	330	397599.0000	321	391369.0000
20100209	電子期貨            	EXF    	B         	203	245663.0000	95	115499.0000	108	130164.0000	237	287461.0000	225	272671.0000	12	14790.0000
20100209	電子期貨            	EXF    	C         	1773	2145216.0000	1929	2333309.0000	-156	-188093.0000	2678	3249804.0000	3579	4344349.0000	-901	-1094545.0000
20100209	金融期貨            	FXF    	A         	1843	1423970.0000	1958	1513986.0000	-115	-90017.0000	919	712077.0000	647	497860.0000	272	214217.0000
20100209	金融期貨            	FXF    	B         	55	42485.0000	55	42831.0000	0	-346.0000	114	88429.0000	0	.0000	114	88429.0000
20100209	金融期貨            	FXF    	C         	2221	1716944.0000	1817	1402505.0000	404	314440.0000	1645	1278371.0000	4310	3348899.0000	-2665	-2070528.0000
20100209	櫃買期貨            	GTF    	A         	230	115110.0000	275	137544.0000	-45	-22434.0000	111	55872.0000	119	59945.0000	-8	-4073.0000
20100209	櫃買期貨            	GTF    	B         	0	.0000	0	.0000	0	.0000	0	.0000	0	.0000	0	.0000
20100209	櫃買期貨            	GTF    	C         	0	.0000	0	.0000	0	.0000	0	.0000	0	.0000	0	.0000
20100209	摩臺期              	MSF    	A         	0	.0000	1	847.0000	-1	-847.0000	0	.0000	3	2545.0000	-3	-2545.0000
20100209	摩臺期              	MSF    	B         	0	.0000	0	.0000	0	.0000	0	.0000	0	.0000	0	.0000
20100209	摩臺期              	MSF    	C         	0	.0000	0	.0000	0	.0000	0	.0000	0	.0000	0	.0000
20100209	小型臺指            	MXF    	A         	18573	6743441.0000	15452	5618047.0000	3121	1125394.0000	4562	1666999.0000	5304	1927951.0000	-742	-260952.0000
20100209	小型臺指            	MXF    	B         	20	7295.0000	20	7281.0000	0	14.0000	0	.0000	25	9096.0000	-25	-9096.0000
20100209	小型臺指            	MXF    	C         	1499	544702.0000	859	312397.0000	640	232306.0000	744	271997.0000	267	97649.0000	477	174348.0000
20100209	股票期貨            	STF    	A         	64	6124.0000	84	5256.0000	-20	868.0000	225	20446.0000	935	63161.0000	-710	-42715.0000
20100209	股票期貨            	STF    	B         	0	.0000	0	.0000	0	.0000	0	.0000	0	.0000	0	.0000
20100209	股票期貨            	STF    	C         	32	1510.0000	47	5669.0000	-15	-4158.0000	87	6648.0000	612	48348.0000	-525	-41700.0000
20100209	臺灣50期貨          	T5F    	A         	0	.0000	1	512.0000	-1	-512.0000	0	.0000	0	.0000	0	.0000
20100209	臺灣50期貨          	T5F    	B         	0	.0000	0	.0000	0	.0000	0	.0000	0	.0000	0	.0000
20100209	臺灣50期貨          	T5F    	C         	0	.0000	0	.0000	0	.0000	0	.0000	0	.0000	0	.0000
20100209	臺股期貨            	TXF    	A         	28618	41622889.0000	27852	40547345.0000	766	1075545.0000	5211	7559802.0000	7568	11029130.0000	-2357	-3469328.0000
20100209	臺股期貨            	TXF    	B         	1365	1984806.0000	907	1319959.0000	458	664847.0000	1544	2254626.0000	1527	2227052.0000	17	27574.0000
20100209	臺股期貨            	TXF    	C         	22806	33180241.0000	23321	33955309.0000	-515	-775068.0000	31165	45440517.0000	32382	47210740.0000	-1217	-1770223.0000
20100209	非金電期貨          	XIF    	A         	336	288206.0000	341	292371.0000	-5	-4165.0000	193	166330.0000	201	172941.0000	-8	-6611.0000
20100209	非金電期貨          	XIF    	B         	5	4308.0000	5	4324.0000	0	-16.0000	21	18139.0000	0	.0000	21	18139.0000
20100209	非金電期貨          	XIF    	C         	42	35830.0000	30	25735.0000	12	10095.0000	156	134762.0000	73	63071.0000	83	71691.0000
20100210	電子期貨            	EXF    	A         	1046	1288768.0000	1098	1353524.0000	-52	-64756.0000	682	835988.0000	413	504764.0000	269	331224.0000
20100210	電子期貨            	EXF    	B         	232	285117.0000	128	157845.0000	104	127273.0000	240	293594.0000	124	151627.0000	116	141967.0000
20100210	電子期貨            	EXF    	C         	2047	2517068.0000	2033	2497422.0000	14	19646.0000	2824	3462828.0000	3711	4550382.0000	-887	-1087554.0000
20100210	金融期貨            	FXF    	A         	2081	1638581.0000	2035	1606844.0000	46	31738.0000	762	594597.0000	444	345482.0000	318	249115.0000
20100210	金融期貨            	FXF    	B         	50	39076.0000	50	39468.0000	0	-392.0000	114	89074.0000	0	.0000	114	89074.0000
20100210	金融期貨            	FXF    	C         	2744	2165323.0000	2733	2146131.0000	11	19192.0000	1346	1055017.0000	4000	3130865.0000	-2654	-2075848.0000
20100210	櫃買期貨            	GTF    	A         	192	99273.0000	141	72916.0000	51	26357.0000	134	69136.0000	91	46963.0000	43	22173.0000
20100210	櫃買期貨            	GTF    	B         	0	.0000	0	.0000	0	.0000	0	.0000	0	.0000	0	.0000
20100210	櫃買期貨            	GTF    	C         	0	.0000	0	.0000	0	.0000	0	.0000	0	.0000	0	.0000
20100210	摩臺期              	MSF    	A         	0	.0000	0	.0000	0	.0000	0	.0000	3	2575.0000	-3	-2575.0000
20100210	摩臺期              	MSF    	B         	0	.0000	0	.0000	0	.0000	0	.0000	0	.0000	0	.0000
20100210	摩臺期              	MSF    	C         	0	.0000	0	.0000	0	.0000	0	.0000	0	.0000	0	.0000
20100210	小型臺指            	MXF    	A         	19271	7139225.0000	17888	6621299.0000	1383	517926.0000	3972	1470296.0000	4395	1615550.0000	-423	-145254.0000
20100210	小型臺指            	MXF    	B         	0	.0000	0	.0000	0	.0000	0	.0000	25	9211.0000	-25	-9211.0000
20100210	小型臺指            	MXF    	C         	951	352132.0000	1084	401316.0000	-133	-49184.0000	615	227795.0000	271	100073.0000	344	127722.0000
20100210	股票期貨            	STF    	A         	100	11773.0000	131	10855.0000	-31	919.0000	246	24843.0000	987	67116.0000	-741	-42273.0000
20100210	股票期貨            	STF    	B         	0	.0000	0	.0000	0	.0000	0	.0000	0	.0000	0	.0000
20100210	股票期貨            	STF    	C         	35	2935.0000	42	4496.0000	-7	-1560.0000	85	6639.0000	617	50213.0000	-532	-43574.0000
20100210	臺灣50期貨          	T5F    	A         	0	.0000	0	.0000	0	.0000	0	.0000	0	.0000	0	.0000
20100210	臺灣50期貨          	T5F    	B         	0	.0000	0	.0000	0	.0000	0	.0000	0	.0000	0	.0000
20100210	臺灣50期貨          	T5F    	C         	0	.0000	0	.0000	0	.0000	0	.0000	0	.0000	0	.0000
20100210	臺股期貨            	TXF    	A         	32477	48133468.0000	32955	48853716.0000	-478	-720249.0000	5526	8110689.0000	8095	11957740.0000	-2569	-3847051.0000
20100210	臺股期貨            	TXF    	B         	1045	1541816.0000	989	1466956.0000	56	74860.0000	1583	2333817.0000	1509	2228896.0000	74	104921.0000
20100210	臺股期貨            	TXF    	C         	22429	33229184.0000	20277	29991589.0000	2152	3237594.0000	33069	48836790.0000	32135	47408874.0000	934	1427916.0000
20100210	非金電期貨          	XIF    	A         	359	314268.0000	400	350248.0000	-41	-35980.0000	180	157531.0000	229	200432.0000	-49	-42901.0000
20100210	非金電期貨          	XIF    	B         	16	13981.0000	16	14040.0000	0	-59.0000	21	18354.0000	0	.0000	21	18354.0000
20100210	非金電期貨          	XIF    	C         	31	27092.0000	1	878.0000	30	26215.0000	169	148359.0000	56	49174.0000	113	99185.0000
20100222	電子期貨            	EXF    	A         	955	1196594.0000	846	1061307.0000	109	135287.0000	438	542401.0000	138	168943.0000	300	373458.0000
20100222	電子期貨            	EXF    	B         	19	23579.0000	1	1266.0000	18	22314.0000	242	300516.0000	124	153983.0000	118	146533.0000
20100222	電子期貨            	EXF    	C         	1616	2025387.0000	1814	2266801.0000	-198	-241414.0000	1835	2278703.0000	3003	3729125.0000	-1168	-1450422.0000
20100222	金融期貨            	FXF    	A         	1796	1460990.0000	1531	1245010.0000	265	215980.0000	747	608399.0000	173	138024.0000	574	470375.0000
20100222	金融期貨            	FXF    	B         	24	19402.0000	29	23486.0000	-5	-4085.0000	109	89184.0000	0	.0000	109	89184.0000
20100222	金融期貨            	FXF    	C         	936	760928.0000	1129	917572.0000	-193	-156644.0000	889	727380.0000	3528	2886610.0000	-2639	-2159230.0000
20100222	櫃買期貨            	GTF    	A         	134	70211.0000	131	68638.0000	3	1573.0000	69	35831.0000	19	9798.0000	50	26033.0000
20100222	櫃買期貨            	GTF    	B         	0	.0000	0	.0000	0	.0000	0	.0000	0	.0000	0	.0000
20100222	櫃買期貨            	GTF    	C         	0	.0000	0	.0000	0	.0000	0	.0000	0	.0000	0	.0000
20100222	摩臺期              	MSF    	A         	1	876.0000	1	875.0000	0	1.0000	0	.0000	2	1749.0000	-2	-1749.0000
20100222	摩臺期              	MSF    	B         	0	.0000	0	.0000	0	.0000	0	.0000	0	.0000	0	.0000
20100222	摩臺期              	MSF    	C         	0	.0000	0	.0000	0	.0000	0	.0000	0	.0000	0	.0000
20100222	小型臺指            	MXF    	A         	13173	5000107.0000	11347	4300181.0000	1826	699926.0000	354	132245.0000	2522	948653.0000	-2168	-816408.0000
20100222	小型臺指            	MXF    	B         	0	.0000	0	.0000	0	.0000	0	.0000	25	9418.0000	-25	-9418.0000
20100222	小型臺指            	MXF    	C         	555	209934.0000	1454	548964.0000	-899	-339030.0000	68	25588.0000	927	349201.0000	-859	-323613.0000
20100222	股票期貨            	STF    	A         	73	5025.0000	144	10714.0000	-71	-5690.0000	19	2124.0000	716	48529.0000	-697	-46405.0000
20100222	股票期貨            	STF    	B         	0	.0000	0	.0000	0	.0000	0	.0000	0	.0000	0	.0000
20100222	股票期貨            	STF    	C         	8	291.0000	8	329.0000	0	-38.0000	3	333.0000	28	1768.0000	-25	-1435.0000
20100222	臺灣50期貨          	T5F    	A         	0	.0000	0	.0000	0	.0000	0	.0000	0	.0000	0	.0000
20100222	臺灣50期貨          	T5F    	B         	0	.0000	0	.0000	0	.0000	0	.0000	0	.0000	0	.0000
20100222	臺灣50期貨          	T5F    	C         	0	.0000	0	.0000	0	.0000	0	.0000	0	.0000	0	.0000
20100222	臺股期貨            	TXF    	A         	22039	33412546.0000	21754	32977499.0000	285	435047.0000	4953	7418528.0000	2698	4042955.0000	2255	3375573.0000
20100222	臺股期貨            	TXF    	B         	892	1350837.0000	669	1011071.0000	223	339766.0000	1544	2326499.0000	1248	1880486.0000	296	446013.0000
20100222	臺股期貨            	TXF    	C         	13702	20734658.0000	17339	26221599.0000	-3637	-5486941.0000	21066	31706163.0000	24089	36221780.0000	-3023	-4515617.0000
20100222	非金電期貨          	XIF    	A         	478	428690.0000	388	348225.0000	90	80465.0000	160	142748.0000	56	49368.0000	104	93380.0000
20100222	非金電期貨          	XIF    	B         	0	.0000	0	.0000	0	.0000	21	18785.0000	0	.0000	21	18785.0000
20100222	非金電期貨          	XIF    	C         	134	120491.0000	235	210979.0000	-101	-90488.0000	52	46514.0000	100	89450.0000	-48	-42936.0000
20100223	電子期貨            	EXF    	A         	505	624928.0000	658	813873.0000	-153	-188945.0000	376	464515.0000	229	281276.0000	147	183239.0000
20100223	電子期貨            	EXF    	B         	0	.0000	5	6207.0000	-5	-6207.0000	237	293738.0000	124	153686.0000	113	140052.0000
20100223	電子期貨            	EXF    	C         	551	682143.0000	528	653807.0000	23	28336.0000	2153	2668428.0000	3298	4087541.0000	-1145	-1419113.0000
20100223	金融期貨            	FXF    	A         	954	776923.0000	915	744782.0000	39	32140.0000	784	635693.0000	171	135719.0000	613	499974.0000
20100223	金融期貨            	FXF    	B         	0	.0000	0	.0000	0	.0000	109	88770.0000	0	.0000	109	88770.0000
20100223	金融期貨            	FXF    	C         	215	175177.0000	390	317648.0000	-175	-142471.0000	845	688168.0000	3659	2979890.0000	-2814	-2291722.0000
20100223	櫃買期貨            	GTF    	A         	165	85546.0000	126	65358.0000	39	20187.0000	112	58255.0000	23	11869.0000	89	46386.0000
20100223	櫃買期貨            	GTF    	B         	0	.0000	0	.0000	0	.0000	0	.0000	0	.0000	0	.0000
20100223	櫃買期貨            	GTF    	C         	0	.0000	0	.0000	0	.0000	0	.0000	0	.0000	0	.0000
20100223	摩臺期              	MSF    	A         	0	.0000	0	.0000	0	.0000	0	.0000	2	1748.0000	-2	-1748.0000
20100223	摩臺期              	MSF    	B         	0	.0000	0	.0000	0	.0000	0	.0000	0	.0000	0	.0000
20100223	摩臺期              	MSF    	C         	0	.0000	0	.0000	0	.0000	0	.0000	0	.0000	0	.0000
20100223	小型臺指            	MXF    	A         	11695	4389217.0000	11367	4263276.0000	328	125941.0000	1627	611991.0000	2655	998506.0000	-1028	-386515.0000
20100223	小型臺指            	MXF    	B         	0	.0000	0	.0000	0	.0000	0	.0000	25	9421.0000	-25	-9421.0000
20100223	小型臺指            	MXF    	C         	1186	445293.0000	1197	449151.0000	-11	-3858.0000	79	29727.0000	737	277738.0000	-658	-248011.0000
20100223	股票期貨            	STF    	A         	23	2013.0000	208	11775.0000	-185	-9762.0000	28	3111.0000	910	58931.0000	-882	-55820.0000
20100223	股票期貨            	STF    	B         	0	.0000	0	.0000	0	.0000	0	.0000	0	.0000	0	.0000
20100223	股票期貨            	STF    	C         	45	3668.0000	70	5326.0000	-25	-1658.0000	45	3845.0000	95	6886.0000	-50	-3041.0000
20100223	臺灣50期貨          	T5F    	A         	0	.0000	0	.0000	0	.0000	0	.0000	0	.0000	0	.0000
20100223	臺灣50期貨          	T5F    	B         	0	.0000	0	.0000	0	.0000	0	.0000	0	.0000	0	.0000
20100223	臺灣50期貨          	T5F    	C         	0	.0000	0	.0000	0	.0000	0	.0000	0	.0000	0	.0000
20100223	臺股期貨            	TXF    	A         	19233	28887466.0000	18638	27977012.0000	595	910454.0000	5915	8872696.0000	3268	4903762.0000	2647	3968934.0000
20100223	臺股期貨            	TXF    	B         	276	415051.0000	246	368929.0000	30	46122.0000	1547	2331948.0000	1221	1840535.0000	326	491413.0000
20100223	臺股期貨            	TXF    	C         	6808	10222169.0000	6933	10420177.0000	-125	-198008.0000	20897	31466862.0000	24098	36251222.0000	-3201	-4784360.0000
20100223	非金電期貨          	XIF    	A         	308	276426.0000	302	270928.0000	6	5497.0000	166	149412.0000	56	49800.0000	110	99612.0000
20100223	非金電期貨          	XIF    	B         	0	.0000	0	.0000	0	.0000	21	18950.0000	0	.0000	21	18950.0000
20100223	非金電期貨          	XIF    	C         	14	12549.0000	15	13378.0000	-1	-829.0000	46	41510.0000	95	85728.0000	-49	-44218.0000
20100224	電子期貨            	EXF    	A         	460	566544.0000	468	576324.0000	-8	-9779.0000	388	474352.0000	249	302789.0000	139	171563.0000
20100224	電子期貨            	EXF    	B         	0	.0000	0	.0000	0	.0000	237	290657.0000	124	152074.0000	113	138583.0000
20100224	電子期貨            	EXF    	C         	341	420390.0000	239	294020.0000	102	126370.0000	2314	2837890.0000	3357	4117025.0000	-1043	-1279135.0000
20100224	金融期貨            	FXF    	A         	1152	938962.0000	1128	917849.0000	24	21113.0000	842	679396.0000	205	162640.0000	637	516756.0000
20100224	金融期貨            	FXF    	B         	0	.0000	0	.0000	0	.0000	109	88312.0000	0	.0000	109	88312.0000
20100224	金融期貨            	FXF    	C         	381	309984.0000	462	375813.0000	-81	-65828.0000	899	728370.0000	3794	3073890.0000	-2895	-2345520.0000
20100224	櫃買期貨            	GTF    	A         	111	57786.0000	105	54663.0000	6	3123.0000	122	63381.0000	27	13942.0000	95	49439.0000
20100224	櫃買期貨            	GTF    	B         	0	.0000	0	.0000	0	.0000	0	.0000	0	.0000	0	.0000
20100224	櫃買期貨            	GTF    	C         	0	.0000	0	.0000	0	.0000	0	.0000	0	.0000	0	.0000
20100224	摩臺期              	MSF    	A         	0	.0000	0	.0000	0	.0000	0	.0000	2	1727.0000	-2	-1727.0000
20100224	摩臺期              	MSF    	B         	0	.0000	0	.0000	0	.0000	0	.0000	0	.0000	0	.0000
20100224	摩臺期              	MSF    	C         	0	.0000	0	.0000	0	.0000	0	.0000	0	.0000	0	.0000
20100224	小型臺指            	MXF    	A         	9051	3395139.0000	10809	4051252.0000	-1758	-656113.0000	635	236227.0000	4169	1557031.0000	-3534	-1320804.0000
20100224	小型臺指            	MXF    	B         	0	.0000	0	.0000	0	.0000	0	.0000	25	9351.0000	-25	-9351.0000
20100224	小型臺指            	MXF    	C         	1098	411809.0000	804	301508.0000	294	110301.0000	107	39995.0000	579	216563.0000	-472	-176568.0000
20100224	股票期貨            	STF    	A         	96	6987.0000	232	10880.0000	-136	-3893.0000	35	3107.0000	1053	62042.0000	-1018	-58935.0000
20100224	股票期貨            	STF    	B         	0	.0000	0	.0000	0	.0000	0	.0000	0	.0000	0	.0000
20100224	股票期貨            	STF    	C         	8	1091.0000	44	4849.0000	-36	-3758.0000	45	3852.0000	131	10526.0000	-86	-6674.0000
20100224	臺灣50期貨          	T5F    	A         	0	.0000	0	.0000	0	.0000	0	.0000	0	.0000	0	.0000
20100224	臺灣50期貨          	T5F    	B         	0	.0000	0	.0000	0	.0000	0	.0000	0	.0000	0	.0000
20100224	臺灣50期貨          	T5F    	C         	0	.0000	0	.0000	0	.0000	0	.0000	0	.0000	0	.0000
20100224	臺股期貨            	TXF    	A         	15433	23160107.0000	16589	24885036.0000	-1156	-1724929.0000	5239	7791682.0000	3561	5302539.0000	1678	2489143.0000
20100224	臺股期貨            	TXF    	B         	94	141184.0000	165	247218.0000	-71	-106035.0000	1532	2292178.0000	1277	1910647.0000	255	381531.0000
20100224	臺股期貨            	TXF    	C         	7954	11928325.0000	6943	10411559.0000	1011	1516766.0000	23413	34990518.0000	25576	38183124.0000	-2163	-3192606.0000
20100224	非金電期貨          	XIF    	A         	133	119377.0000	127	114028.0000	6	5350.0000	177	158712.0000	61	54079.0000	116	104633.0000
20100224	非金電期貨          	XIF    	B         	0	.0000	0	.0000	0	.0000	21	18881.0000	0	.0000	21	18881.0000
20100224	非金電期貨          	XIF    	C         	7	6275.0000	8	7182.0000	-1	-907.0000	45	40460.0000	95	85402.0000	-50	-44942.0000
20100225	電子期貨            	EXF    	A         	906	1102051.0000	1206	1469945.0000	-300	-367894.0000	289	347927.0000	450	541511.0000	-161	-193584.0000
20100225	電子期貨            	EXF    	B         	0	.0000	0	.0000	0	.0000	237	286580.0000	124	149941.0000	113	136639.0000
20100225	電子期貨            	EXF    	C         	896	1090090.0000	635	771353.0000	261	318737.0000	2594	3136665.0000	3376	4082259.0000	-782	-945594.0000
20100225	金融期貨            	FXF    	A         	1317	1060016.0000	1477	1188917.0000	-160	-128901.0000	668	529470.0000	191	148715.0000	477	380755.0000
20100225	金融期貨            	FXF    	B         	0	.0000	0	.0000	0	.0000	109	86851.0000	0	.0000	109	86851.0000
20100225	金融期貨            	FXF    	C         	414	332528.0000	477	385160.0000	-63	-52633.0000	1039	827875.0000	3997	3184800.0000	-2958	-2356925.0000
20100225	櫃買期貨            	GTF    	A         	87	44950.0000	74	38271.0000	13	6680.0000	133	68042.0000	25	12696.0000	108	55346.0000
20100225	櫃買期貨            	GTF    	B         	0	.0000	0	.0000	0	.0000	0	.0000	0	.0000	0	.0000
20100225	櫃買期貨            	GTF    	C         	0	.0000	0	.0000	0	.0000	0	.0000	0	.0000	0	.0000
20100225	摩臺期              	MSF    	A         	0	.0000	1	850.0000	-1	-850.0000	0	.0000	3	2584.0000	-3	-2584.0000
20100225	摩臺期              	MSF    	B         	0	.0000	0	.0000	0	.0000	0	.0000	0	.0000	0	.0000
20100225	摩臺期              	MSF    	C         	0	.0000	0	.0000	0	.0000	0	.0000	0	.0000	0	.0000
20100225	小型臺指            	MXF    	A         	17533	6509700.0000	19352	7189289.0000	-1819	-679589.0000	1507	553847.0000	3248	1192963.0000	-1741	-639116.0000
20100225	小型臺指            	MXF    	B         	0	.0000	0	.0000	0	.0000	0	.0000	25	9210.0000	-25	-9210.0000
20100225	小型臺指            	MXF    	C         	2028	754169.0000	2803	1041180.0000	-775	-287011.0000	82	30182.0000	877	323084.0000	-795	-292902.0000
20100225	股票期貨            	STF    	A         	42	3965.0000	92	7397.0000	-50	-3432.0000	31	1997.0000	1099	63410.0000	-1068	-61413.0000
20100225	股票期貨            	STF    	B         	0	.0000	0	.0000	0	.0000	0	.0000	0	.0000	0	.0000
20100225	股票期貨            	STF    	C         	3	242.0000	24	1970.0000	-21	-1728.0000	45	3901.0000	152	12107.0000	-107	-8206.0000
20100225	臺灣50期貨          	T5F    	A         	0	.0000	0	.0000	0	.0000	0	.0000	0	.0000	0	.0000
20100225	臺灣50期貨          	T5F    	B         	0	.0000	0	.0000	0	.0000	0	.0000	0	.0000	0	.0000
20100225	臺灣50期貨          	T5F    	C         	0	.0000	0	.0000	0	.0000	0	.0000	0	.0000	0	.0000
20100225	臺股期貨            	TXF    	A         	28556	42408891.0000	29865	44363670.0000	-1309	-1954779.0000	4346	6355502.0000	4880	7165692.0000	-534	-810190.0000
20100225	臺股期貨            	TXF    	B         	34	50226.0000	335	496894.0000	-301	-446668.0000	1446	2130826.0000	1492	2198611.0000	-46	-67785.0000
20100225	臺股期貨            	TXF    	C         	14724	21889085.0000	12177	18092481.0000	2547	3796604.0000	27152	39969107.0000	26875	39515160.0000	277	453947.0000
20100225	非金電期貨          	XIF    	A         	417	371823.0000	482	429809.0000	-65	-57986.0000	102	90119.0000	51	44512.0000	51	45607.0000
20100225	非金電期貨          	XIF    	B         	0	.0000	0	.0000	0	.0000	21	18646.0000	0	.0000	21	18646.0000
20100225	非金電期貨          	XIF    	C         	75	67029.0000	28	25023.0000	47	42006.0000	72	63929.0000	75	66581.0000	-3	-2652.0000
20100226	電子期貨            	EXF    	A         	510	617004.0000	507	613291.0000	3	3713.0000	295	354369.0000	453	543883.0000	-158	-189514.0000
20100226	電子期貨            	EXF    	B         	0	.0000	0	.0000	0	.0000	237	285917.0000	124	149594.0000	113	136323.0000
20100226	電子期貨            	EXF    	C         	202	244467.0000	240	289797.0000	-38	-45329.0000	2587	3120951.0000	3407	4110205.0000	-820	-989254.0000
20100226	金融期貨            	FXF    	A         	720	579084.0000	654	525308.0000	66	53776.0000	718	572610.0000	175	136797.0000	543	435813.0000
20100226	金融期貨            	FXF    	B         	0	.0000	0	.0000	0	.0000	109	87353.0000	0	.0000	109	87353.0000
20100226	金融期貨            	FXF    	C         	275	220919.0000	257	205843.0000	18	15076.0000	1055	845477.0000	3995	3201589.0000	-2940	-2356112.0000
20100226	櫃買期貨            	GTF    	A         	48	24711.0000	54	27730.0000	-6	-3018.0000	124	63385.0000	22	11137.0000	102	52248.0000
20100226	櫃買期貨            	GTF    	B         	0	.0000	0	.0000	0	.0000	0	.0000	0	.0000	0	.0000
20100226	櫃買期貨            	GTF    	C         	0	.0000	0	.0000	0	.0000	0	.0000	0	.0000	0	.0000
20100226	摩臺期              	MSF    	A         	3	2572.0000	6	5134.0000	-3	-2562.0000	0	.0000	6	5134.0000	-6	-5134.0000
20100226	摩臺期              	MSF    	B         	0	.0000	0	.0000	0	.0000	0	.0000	0	.0000	0	.0000
20100226	摩臺期              	MSF    	C         	0	.0000	0	.0000	0	.0000	0	.0000	0	.0000	0	.0000
20100226	小型臺指            	MXF    	A         	13049	4821981.0000	12125	4478182.0000	924	343799.0000	1644	605337.0000	2905	1068462.0000	-1261	-463125.0000
20100226	小型臺指            	MXF    	B         	0	.0000	0	.0000	0	.0000	0	.0000	25	9229.0000	-25	-9229.0000
20100226	小型臺指            	MXF    	C         	1467	542455.0000	1619	598078.0000	-152	-55623.0000	112	41307.0000	923	340725.0000	-811	-299418.0000
20100226	股票期貨            	STF    	A         	49	3822.0000	75	5470.0000	-26	-1648.0000	32	2193.0000	1126	64820.0000	-1094	-62627.0000
20100226	股票期貨            	STF    	B         	0	.0000	0	.0000	0	.0000	0	.0000	0	.0000	0	.0000
20100226	股票期貨            	STF    	C         	1	52.0000	10	740.0000	-9	-688.0000	44	3923.0000	160	12702.0000	-116	-8779.0000
20100226	臺灣50期貨          	T5F    	A         	0	.0000	0	.0000	0	.0000	0	.0000	0	.0000	0	.0000
20100226	臺灣50期貨          	T5F    	B         	0	.0000	0	.0000	0	.0000	0	.0000	0	.0000	0	.0000
20100226	臺灣50期貨          	T5F    	C         	0	.0000	0	.0000	0	.0000	0	.0000	0	.0000	0	.0000
20100226	臺股期貨            	TXF    	A         	16630	24578178.0000	16527	24419437.0000	103	158741.0000	4359	6384119.0000	4679	6881637.0000	-320	-497518.0000
20100226	臺股期貨            	TXF    	B         	211	312564.0000	440	649850.0000	-229	-337285.0000	1428	2108585.0000	1703	2514650.0000	-275	-406065.0000
20100226	臺股期貨            	TXF    	C         	6205	9168769.0000	7241	10701876.0000	-1036	-1533107.0000	26523	39113455.0000	27316	40235668.0000	-793	-1122213.0000
20100226	非金電期貨          	XIF    	A         	278	247139.0000	341	303182.0000	-63	-56043.0000	58	51271.0000	70	61635.0000	-12	-10364.0000
20100226	非金電期貨          	XIF    	B         	0	.0000	0	.0000	0	.0000	21	18730.0000	0	.0000	21	18730.0000
20100226	非金電期貨          	XIF    	C         	12	10690.0000	2	1782.0000	10	8908.0000	74	66001.0000	67	59739.0000	7	6262.0000
