20110801	電子期貨            	EXF    	A         	791	974262.0000	740	911475.0000	51	62787.0000	1574	1939631.0000	875	1076934.0000	699	862697.0000
20110801	電子期貨            	EXF    	B         	42	51793.0000	1	1233.0000	41	50560.0000	192	236698.0000	200	246560.0000	-8	-9862.0000
20110801	電子期貨            	EXF    	C         	1025	1262813.0000	1068	1315794.0000	-43	-52981.0000	2295	2828941.0000	4572	5635892.0000	-2277	-2806951.0000
20110801	金融期貨            	FXF    	A         	971	1031544.0000	782	831661.0000	189	199883.0000	1254	1337801.0000	647	690740.0000	607	647061.0000
20110801	金融期貨            	FXF    	B         	0	.0000	0	.0000	0	.0000	775	827855.0000	82	87592.0000	693	740263.0000
20110801	金融期貨            	FXF    	C         	955	1014867.0000	659	701853.0000	296	313014.0000	1806	1929169.0000	4563	4871661.0000	-2757	-2942492.0000
20110801	櫃買期貨            	GTF    	A         	31	16362.0000	30	15837.0000	1	525.0000	21	11068.0000	145	76383.0000	-124	-65315.0000
20110801	櫃買期貨            	GTF    	B         	5	2642.0000	0	.0000	5	2642.0000	115	60605.0000	0	.0000	115	60605.0000
20110801	櫃買期貨            	GTF    	C         	0	.0000	0	.0000	0	.0000	0	.0000	0	.0000	0	.0000
20110801	摩臺期              	MSF    	A         	0	.0000	0	.0000	0	.0000	0	.0000	0	.0000	0	.0000
20110801	摩臺期              	MSF    	B         	0	.0000	0	.0000	0	.0000	0	.0000	0	.0000	0	.0000
20110801	摩臺期              	MSF    	C         	0	.0000	0	.0000	0	.0000	0	.0000	0	.0000	0	.0000
20110801	小型臺指            	MXF    	A         	3513	1525875.0000	4302	1868357.0000	-789	-342483.0000	1931	835419.0000	6747	2924775.0000	-4816	-2089356.0000
20110801	小型臺指            	MXF    	B         	6	2605.0000	0	.0000	6	2605.0000	10	4341.0000	160	69456.0000	-150	-65115.0000
20110801	小型臺指            	MXF    	C         	6707	2913510.0000	8744	3796638.0000	-2037	-883128.0000	1795	778594.0000	3497	1514780.0000	-1702	-736186.0000
20110801	股票期貨            	STF    	A         	12454	496195.0000	6748	381772.0000	5706	114422.0000	11739	740104.0000	33589	1832984.0000	-21850	-1092880.0000
20110801	股票期貨            	STF    	B         	0	.0000	0	.0000	0	.0000	11657	1791334.0000	0	.0000	11657	1791334.0000
20110801	股票期貨            	STF    	C         	137	10452.0000	497	27542.0000	-360	-17090.0000	1077	216530.0000	20614	2251481.0000	-19537	-2034951.0000
20110801	臺灣50期貨          	T5F    	A         	0	.0000	0	.0000	0	.0000	500	282700.0000	1	582.0000	499	282118.0000
20110801	臺灣50期貨          	T5F    	B         	0	.0000	0	.0000	0	.0000	0	.0000	0	.0000	0	.0000
20110801	臺灣50期貨          	T5F    	C         	0	.0000	0	.0000	0	.0000	0	.0000	500	282700.0000	-500	-282700.0000
20110801	臺股期貨            	TXF    	A         	12723	22112848.0000	12314	21395098.0000	409	717751.0000	6209	10759427.0000	5286	9167996.0000	923	1591431.0000
20110801	臺股期貨            	TXF    	B         	128	222401.0000	34	59089.0000	94	163312.0000	4169	7239052.0000	714	1239790.0000	3455	5999262.0000
20110801	臺股期貨            	TXF    	C         	13350	23197604.0000	16901	29355547.0000	-3551	-6157942.0000	32264	55981320.0000	47708	82772522.0000	-15444	-26791202.0000
20110801	非金電期貨          	XIF    	A         	264	326397.0000	246	304293.0000	18	22104.0000	748	920162.0000	207	254189.0000	541	665973.0000
20110801	非金電期貨          	XIF    	B         	0	.0000	0	.0000	0	.0000	32	39386.0000	0	.0000	32	39386.0000
20110801	非金電期貨          	XIF    	C         	427	527940.0000	308	380372.0000	119	147568.0000	968	1191414.0000	1267	1559344.0000	-299	-367930.0000
20110802	電子期貨            	EXF    	A         	899	1099516.0000	1059	1295478.0000	-160	-195962.0000	1426	1748305.0000	887	1086491.0000	539	661814.0000
20110802	電子期貨            	EXF    	B         	0	.0000	0	.0000	0	.0000	192	235507.0000	200	245320.0000	-8	-9813.0000
20110802	電子期貨            	EXF    	C         	1374	1680024.0000	1117	1365632.0000	257	314392.0000	2267	2780421.0000	4287	5257926.0000	-2020	-2477505.0000
20110802	金融期貨            	FXF    	A         	812	859156.0000	893	944254.0000	-81	-85098.0000	1134	1199866.0000	608	643700.0000	526	556166.0000
20110802	金融期貨            	FXF    	B         	0	.0000	8	8471.0000	-8	-8471.0000	775	821190.0000	90	95364.0000	685	725826.0000
20110802	金融期貨            	FXF    	C         	784	829732.0000	645	682337.0000	139	147395.0000	1876	1987810.0000	4494	4758912.0000	-2618	-2771102.0000
20110802	櫃買期貨            	GTF    	A         	62	32406.0000	45	23543.0000	17	8862.0000	14	7322.0000	121	63245.0000	-107	-55923.0000
20110802	櫃買期貨            	GTF    	B         	0	.0000	0	.0000	0	.0000	115	60260.0000	0	.0000	115	60260.0000
20110802	櫃買期貨            	GTF    	C         	0	.0000	0	.0000	0	.0000	0	.0000	0	.0000	0	.0000
20110802	摩臺期              	MSF    	A         	0	.0000	0	.0000	0	.0000	0	.0000	0	.0000	0	.0000
20110802	摩臺期              	MSF    	B         	0	.0000	0	.0000	0	.0000	0	.0000	0	.0000	0	.0000
20110802	摩臺期              	MSF    	C         	0	.0000	0	.0000	0	.0000	0	.0000	0	.0000	0	.0000
20110802	小型臺指            	MXF    	A         	6120	2621913.0000	8045	3445224.0000	-1925	-823311.0000	1468	627139.0000	7689	3291709.0000	-6221	-2664570.0000
20110802	小型臺指            	MXF    	B         	0	.0000	34	14573.0000	-34	-14573.0000	10	4287.0000	194	83158.0000	-184	-78871.0000
20110802	小型臺指            	MXF    	C         	8780	3760961.0000	11958	5121979.0000	-3178	-1361017.0000	1867	799698.0000	3743	1600710.0000	-1876	-801012.0000
20110802	股票期貨            	STF    	A         	18421	787044.0000	7466	429470.0000	10955	357574.0000	12060	757063.0000	22955	1491252.0000	-10895	-734189.0000
20110802	股票期貨            	STF    	B         	0	.0000	0	.0000	0	.0000	11657	1723687.0000	0	.0000	11657	1723687.0000
20110802	股票期貨            	STF    	C         	55	5150.0000	353	31996.0000	-298	-26846.0000	1051	210979.0000	20886	2197855.0000	-19835	-1986876.0000
20110802	臺灣50期貨          	T5F    	A         	0	.0000	0	.0000	0	.0000	500	279100.0000	1	575.0000	499	278525.0000
20110802	臺灣50期貨          	T5F    	B         	0	.0000	0	.0000	0	.0000	0	.0000	0	.0000	0	.0000
20110802	臺灣50期貨          	T5F    	C         	0	.0000	0	.0000	0	.0000	0	.0000	500	279100.0000	-500	-279100.0000
20110802	臺股期貨            	TXF    	A         	20168	34563145.0000	21901	37523116.0000	-1733	-2959972.0000	4950	8468595.0000	5890	10086549.0000	-940	-1617954.0000
20110802	臺股期貨            	TXF    	B         	16	27411.0000	50	85808.0000	-34	-58397.0000	4170	7149882.0000	749	1284235.0000	3421	5865647.0000
20110802	臺股期貨            	TXF    	C         	14335	24564132.0000	14488	24821958.0000	-153	-257825.0000	31618	54173512.0000	47966	82175706.0000	-16348	-28002194.0000
20110802	非金電期貨          	XIF    	A         	320	385467.0000	275	331553.0000	45	53914.0000	719	862388.0000	133	158930.0000	586	703458.0000
20110802	非金電期貨          	XIF    	B         	0	.0000	0	.0000	0	.0000	32	38406.0000	0	.0000	32	38406.0000
20110802	非金電期貨          	XIF    	C         	302	364109.0000	566	683070.0000	-264	-318962.0000	898	1077780.0000	1461	1753333.0000	-563	-675553.0000
20110803	電子期貨            	EXF    	A         	1084	1299221.0000	1164	1395286.0000	-80	-96065.0000	1377	1653494.0000	918	1101297.0000	459	552197.0000
20110803	電子期貨            	EXF    	B         	4	4805.0000	0	.0000	4	4805.0000	196	235474.0000	200	240280.0000	-4	-4806.0000
20110803	電子期貨            	EXF    	C         	879	1054712.0000	1232	1478135.0000	-353	-423424.0000	1954	2347254.0000	4327	5197792.0000	-2373	-2850538.0000
20110803	金融期貨            	FXF    	A         	1155	1197015.0000	1407	1457332.0000	-252	-260317.0000	998	1032482.0000	724	749029.0000	274	283453.0000
20110803	金融期貨            	FXF    	B         	90	93296.0000	9	9331.0000	81	83965.0000	766	793116.0000	0	.0000	766	793116.0000
20110803	金融期貨            	FXF    	C         	927	960559.0000	1626	1686378.0000	-699	-725818.0000	1404	1453702.0000	4721	4886200.0000	-3317	-3432498.0000
20110803	櫃買期貨            	GTF    	A         	52	26701.0000	65	33322.0000	-13	-6621.0000	13	6698.0000	133	68494.0000	-120	-61796.0000
20110803	櫃買期貨            	GTF    	B         	1	517.0000	0	.0000	1	517.0000	116	59810.0000	0	.0000	116	59810.0000
20110803	櫃買期貨            	GTF    	C         	0	.0000	0	.0000	0	.0000	0	.0000	0	.0000	0	.0000
20110803	摩臺期              	MSF    	A         	0	.0000	0	.0000	0	.0000	0	.0000	0	.0000	0	.0000
20110803	摩臺期              	MSF    	B         	0	.0000	0	.0000	0	.0000	0	.0000	0	.0000	0	.0000
20110803	摩臺期              	MSF    	C         	0	.0000	0	.0000	0	.0000	0	.0000	0	.0000	0	.0000
20110803	小型臺指            	MXF    	A         	5681	2390763.0000	6928	2912724.0000	-1247	-521962.0000	1485	624642.0000	8905	3751515.0000	-7420	-3126873.0000
20110803	小型臺指            	MXF    	B         	0	.0000	1	422.0000	-1	-422.0000	9	3796.0000	194	81829.0000	-185	-78033.0000
20110803	小型臺指            	MXF    	C         	9529	4009058.0000	11816	4968564.0000	-2287	-959507.0000	1986	837135.0000	3961	1667310.0000	-1975	-830175.0000
20110803	股票期貨            	STF    	A         	12629	728527.0000	9295	589749.0000	3334	138778.0000	12127	768159.0000	19688	1345541.0000	-7561	-577382.0000
20110803	股票期貨            	STF    	B         	0	.0000	0	.0000	0	.0000	11657	1705030.0000	0	.0000	11657	1705030.0000
20110803	股票期貨            	STF    	C         	460	28918.0000	386	45443.0000	74	-16525.0000	1388	226778.0000	21149	2216766.0000	-19761	-1989988.0000
20110803	臺灣50期貨          	T5F    	A         	0	.0000	0	.0000	0	.0000	500	276250.0000	1	569.0000	499	275681.0000
20110803	臺灣50期貨          	T5F    	B         	0	.0000	0	.0000	0	.0000	0	.0000	0	.0000	0	.0000
20110803	臺灣50期貨          	T5F    	C         	0	.0000	0	.0000	0	.0000	0	.0000	500	276250.0000	-500	-276250.0000
20110803	臺股期貨            	TXF    	A         	24596	41402038.0000	23316	39227240.0000	1280	2174798.0000	7503	12641947.0000	7175	12092393.0000	328	549554.0000
20110803	臺股期貨            	TXF    	B         	298	502514.0000	232	390764.0000	66	111750.0000	4254	7177349.0000	766	1292395.0000	3488	5884954.0000
20110803	臺股期貨            	TXF    	C         	18966	31922031.0000	20640	34736757.0000	-1674	-2814726.0000	30121	50783941.0000	48690	82080652.0000	-18569	-31296711.0000
20110803	非金電期貨          	XIF    	A         	175	208075.0000	204	242529.0000	-29	-34454.0000	700	833876.0000	143	169827.0000	557	664049.0000
20110803	非金電期貨          	XIF    	B         	0	.0000	0	.0000	0	.0000	32	38147.0000	0	.0000	32	38147.0000
20110803	非金電期貨          	XIF    	C         	330	392310.0000	320	379794.0000	10	12516.0000	789	940567.0000	1342	1599513.0000	-553	-658946.0000
20110804	電子期貨            	EXF    	A         	1286	1534766.0000	1345	1609620.0000	-59	-74855.0000	1397	1642288.0000	997	1170738.0000	400	471550.0000
20110804	電子期貨            	EXF    	B         	2	2352.0000	0	.0000	2	2352.0000	198	232808.0000	200	235160.0000	-2	-2352.0000
20110804	電子期貨            	EXF    	C         	1156	1380405.0000	1699	2029988.0000	-543	-649584.0000	2027	2383044.0000	4943	5811443.0000	-2916	-3428399.0000
20110804	金融期貨            	FXF    	A         	1686	1771542.0000	1560	1639748.0000	126	131793.0000	1097	1139803.0000	697	724111.0000	400	415692.0000
20110804	金融期貨            	FXF    	B         	52	54647.0000	87	91206.0000	-35	-36559.0000	781	812084.0000	50	51990.0000	731	760094.0000
20110804	金融期貨            	FXF    	C         	2120	2229477.0000	1761	1849980.0000	359	379497.0000	1591	1654322.0000	4549	4728564.0000	-2958	-3074242.0000
20110804	櫃買期貨            	GTF    	A         	38	19481.0000	36	18431.0000	2	1050.0000	16	8123.0000	134	67991.0000	-118	-59868.0000
20110804	櫃買期貨            	GTF    	B         	6	3057.0000	0	.0000	6	3057.0000	122	61976.0000	0	.0000	122	61976.0000
20110804	櫃買期貨            	GTF    	C         	0	.0000	0	.0000	0	.0000	0	.0000	0	.0000	0	.0000
20110804	摩臺期              	MSF    	A         	0	.0000	0	.0000	0	.0000	0	.0000	0	.0000	0	.0000
20110804	摩臺期              	MSF    	B         	0	.0000	0	.0000	0	.0000	0	.0000	0	.0000	0	.0000
20110804	摩臺期              	MSF    	C         	0	.0000	0	.0000	0	.0000	0	.0000	0	.0000	0	.0000
20110804	小型臺指            	MXF    	A         	9165	3840258.0000	11122	4661423.0000	-1957	-821165.0000	2078	859557.0000	9259	3831382.0000	-7181	-2971825.0000
20110804	小型臺指            	MXF    	B         	0	.0000	12	4970.0000	-12	-4970.0000	9	3730.0000	206	85377.0000	-197	-81647.0000
20110804	小型臺指            	MXF    	C         	10877	4567834.0000	15062	6326422.0000	-4185	-1758588.0000	1876	776996.0000	4312	1783443.0000	-2436	-1006447.0000
20110804	股票期貨            	STF    	A         	13339	779444.0000	8831	582394.0000	4508	197050.0000	13183	851259.0000	16236	1216602.0000	-3053	-365343.0000
20110804	股票期貨            	STF    	B         	0	.0000	0	.0000	0	.0000	11657	1694182.0000	0	.0000	11657	1694182.0000
20110804	股票期貨            	STF    	C         	58	5010.0000	220	23791.0000	-162	-18781.0000	1393	220732.0000	21316	2211868.0000	-19923	-1991136.0000
20110804	臺灣50期貨          	T5F    	A         	0	.0000	0	.0000	0	.0000	500	269300.0000	1	555.0000	499	268745.0000
20110804	臺灣50期貨          	T5F    	B         	0	.0000	0	.0000	0	.0000	0	.0000	0	.0000	0	.0000
20110804	臺灣50期貨          	T5F    	C         	0	.0000	0	.0000	0	.0000	0	.0000	500	269300.0000	-500	-269300.0000
20110804	臺股期貨            	TXF    	A         	28017	47003391.0000	27487	46138486.0000	530	864905.0000	8606	14250573.0000	8297	13740497.0000	309	510076.0000
20110804	臺股期貨            	TXF    	B         	185	310288.0000	313	526672.0000	-128	-216384.0000	4280	7095384.0000	920	1525176.0000	3360	5570208.0000
20110804	臺股期貨            	TXF    	C         	21007	35262848.0000	26562	44639577.0000	-5555	-9376729.0000	28311	46896763.0000	53356	88380021.0000	-25045	-41483258.0000
20110804	非金電期貨          	XIF    	A         	482	569278.0000	452	533656.0000	30	35622.0000	780	909222.0000	193	224556.0000	587	684666.0000
20110804	非金電期貨          	XIF    	B         	1	1166.0000	0	.0000	1	1166.0000	33	38508.0000	0	.0000	33	38508.0000
20110804	非金電期貨          	XIF    	C         	323	382486.0000	214	253657.0000	109	128829.0000	885	1032707.0000	1329	1550519.0000	-444	-517812.0000
20110805	電子期貨            	EXF    	A         	1391	1543338.0000	958	1062501.0000	433	480838.0000	1622	1778401.0000	789	863760.0000	833	914641.0000
20110805	電子期貨            	EXF    	B         	1	1097.0000	0	.0000	1	1097.0000	199	218263.0000	200	219360.0000	-1	-1097.0000
20110805	電子期貨            	EXF    	C         	3477	3860847.0000	2238	2485691.0000	1239	1375156.0000	2236	2451955.0000	3913	4290957.0000	-1677	-1839002.0000
20110805	金融期貨            	FXF    	A         	1713	1696516.0000	1658	1643838.0000	55	52678.0000	1315	1278077.0000	860	835922.0000	455	442155.0000
20110805	金融期貨            	FXF    	B         	50	49413.0000	240	236159.0000	-190	-186746.0000	541	526285.0000	0	.0000	541	526285.0000
20110805	金融期貨            	FXF    	C         	3664	3638017.0000	4281	4247887.0000	-617	-609870.0000	1303	1267558.0000	4878	4743235.0000	-3575	-3475677.0000
20110805	櫃買期貨            	GTF    	A         	57	27096.0000	75	35702.0000	-18	-8606.0000	22	10392.0000	158	74593.0000	-136	-64201.0000
20110805	櫃買期貨            	GTF    	B         	2	951.0000	0	.0000	2	951.0000	124	58602.0000	0	.0000	124	58602.0000
20110805	櫃買期貨            	GTF    	C         	0	.0000	0	.0000	0	.0000	0	.0000	0	.0000	0	.0000
20110805	摩臺期              	MSF    	A         	0	.0000	0	.0000	0	.0000	0	.0000	0	.0000	0	.0000
20110805	摩臺期              	MSF    	B         	0	.0000	0	.0000	0	.0000	0	.0000	0	.0000	0	.0000
20110805	摩臺期              	MSF    	C         	0	.0000	0	.0000	0	.0000	0	.0000	0	.0000	0	.0000
20110805	小型臺指            	MXF    	A         	30139	11864159.0000	28353	11166020.0000	1786	698139.0000	1274	491200.0000	8113	3142993.0000	-6839	-2651793.0000
20110805	小型臺指            	MXF    	B         	31	12216.0000	0	.0000	31	12216.0000	9	3494.0000	175	67944.0000	-166	-64450.0000
20110805	小型臺指            	MXF    	C         	24446	9624520.0000	18654	7354182.0000	5792	2270338.0000	6924	2686304.0000	4752	1840536.0000	2172	845768.0000
20110805	股票期貨            	STF    	A         	1241	104871.0000	1746	139246.0000	-505	-34375.0000	13277	808592.0000	16835	1183505.0000	-3558	-374913.0000
20110805	股票期貨            	STF    	B         	0	.0000	0	.0000	0	.0000	11657	1624074.0000	0	.0000	11657	1624074.0000
20110805	股票期貨            	STF    	C         	138	7553.0000	612	41291.0000	-474	-33738.0000	1045	187260.0000	21442	2124227.0000	-20397	-1936967.0000
20110805	臺灣50期貨          	T5F    	A         	0	.0000	0	.0000	0	.0000	500	254350.0000	1	525.0000	499	253825.0000
20110805	臺灣50期貨          	T5F    	B         	0	.0000	0	.0000	0	.0000	0	.0000	0	.0000	0	.0000
20110805	臺灣50期貨          	T5F    	C         	0	.0000	0	.0000	0	.0000	0	.0000	500	254350.0000	-500	-254350.0000
20110805	臺股期貨            	TXF    	A         	44451	70010662.0000	46772	73625807.0000	-2321	-3615146.0000	9396	14565440.0000	11047	17124174.0000	-1651	-2558734.0000
20110805	臺股期貨            	TXF    	B         	648	1019197.0000	385	607033.0000	263	412164.0000	4334	6730702.0000	711	1103822.0000	3623	5626880.0000
20110805	臺股期貨            	TXF    	C         	52090	81965419.0000	43098	67924374.0000	8992	14041045.0000	32247	50011325.0000	48004	74440552.0000	-15757	-24429227.0000
20110805	非金電期貨          	XIF    	A         	218	243811.0000	131	146509.0000	87	97301.0000	829	909750.0000	155	169653.0000	674	740097.0000
20110805	非金電期貨          	XIF    	B         	0	.0000	0	.0000	0	.0000	33	36300.0000	0	.0000	33	36300.0000
20110805	非金電期貨          	XIF    	C         	536	598286.0000	572	639457.0000	-36	-41171.0000	932	1025200.0000	1412	1552567.0000	-480	-527367.0000
20110808	電子期貨            	EXF    	A         	1959	2104499.0000	1766	1899263.0000	193	205237.0000	1716	1839585.0000	690	737770.0000	1026	1101815.0000
20110808	電子期貨            	EXF    	B         	0	.0000	0	.0000	0	.0000	199	213487.0000	200	214560.0000	-1	-1073.0000
20110808	電子期貨            	EXF    	C         	3433	3664682.0000	3871	4147083.0000	-438	-482401.0000	1339	1435513.0000	3454	3704344.0000	-2115	-2268831.0000
20110808	金融期貨            	FXF    	A         	1877	1766288.0000	1796	1692534.0000	81	73753.0000	1049	986175.0000	513	481580.0000	536	504595.0000
20110808	金融期貨            	FXF    	B         	62	59653.0000	105	99549.0000	-43	-39896.0000	516	485556.0000	0	.0000	516	485556.0000
20110808	金融期貨            	FXF    	C         	5197	4873842.0000	4280	4026706.0000	917	847136.0000	2107	1982687.0000	4765	4481264.0000	-2658	-2498577.0000
20110808	櫃買期貨            	GTF    	A         	69	31686.0000	87	40202.0000	-18	-8516.0000	22	9994.0000	176	79894.0000	-154	-69900.0000
20110808	櫃買期貨            	GTF    	B         	3	1367.0000	0	.0000	3	1367.0000	127	57861.0000	0	.0000	127	57861.0000
20110808	櫃買期貨            	GTF    	C         	0	.0000	0	.0000	0	.0000	0	.0000	0	.0000	0	.0000
20110808	摩臺期              	MSF    	A         	0	.0000	0	.0000	0	.0000	0	.0000	0	.0000	0	.0000
20110808	摩臺期              	MSF    	B         	0	.0000	0	.0000	0	.0000	0	.0000	0	.0000	0	.0000
20110808	摩臺期              	MSF    	C         	0	.0000	0	.0000	0	.0000	0	.0000	0	.0000	0	.0000
20110808	小型臺指            	MXF    	A         	44033	16556381.0000	47530	17906178.0000	-3497	-1349797.0000	5822	2194997.0000	14954	5641267.0000	-9132	-3446270.0000
20110808	小型臺指            	MXF    	B         	6	2326.0000	0	.0000	6	2326.0000	9	3400.0000	169	63848.0000	-160	-60448.0000
20110808	小型臺指            	MXF    	C         	21520	8126121.0000	18340	6954574.0000	3180	1171548.0000	8295	3131116.0000	5439	2048352.0000	2856	1082764.0000
20110808	股票期貨            	STF    	A         	6692	427117.0000	6446	411573.0000	246	15545.0000	14515	859426.0000	17827	1199288.0000	-3312	-339862.0000
20110808	股票期貨            	STF    	B         	0	.0000	0	.0000	0	.0000	11657	1577488.0000	0	.0000	11657	1577488.0000
20110808	股票期貨            	STF    	C         	152	15402.0000	414	32249.0000	-262	-16847.0000	1056	188365.0000	21715	2081245.0000	-20659	-1892880.0000
20110808	臺灣50期貨          	T5F    	A         	0	.0000	0	.0000	0	.0000	500	246850.0000	1	510.0000	499	246340.0000
20110808	臺灣50期貨          	T5F    	B         	0	.0000	0	.0000	0	.0000	0	.0000	0	.0000	0	.0000
20110808	臺灣50期貨          	T5F    	C         	0	.0000	0	.0000	0	.0000	0	.0000	500	246850.0000	-500	-246850.0000
20110808	臺股期貨            	TXF    	A         	57720	86977202.0000	70305	106023044.0000	-12585	-19045842.0000	8727	13152037.0000	23264	35106751.0000	-14537	-21954714.0000
20110808	臺股期貨            	TXF    	B         	817	1233029.0000	408	610989.0000	409	622041.0000	4507	6810978.0000	475	717417.0000	4032	6093561.0000
20110808	臺股期貨            	TXF    	C         	60712	91415671.0000	46413	70096033.0000	14299	21319638.0000	37917	57190878.0000	38751	58422079.0000	-834	-1231201.0000
20110808	非金電期貨          	XIF    	A         	272	292308.0000	211	225690.0000	61	66618.0000	871	925857.0000	136	143912.0000	735	781945.0000
20110808	非金電期貨          	XIF    	B         	1	1067.0000	0	.0000	1	1067.0000	34	36264.0000	0	.0000	34	36264.0000
20110808	非金電期貨          	XIF    	C         	622	665873.0000	784	841239.0000	-162	-175366.0000	585	623961.0000	1227	1307772.0000	-642	-683811.0000
20110809	電子期貨            	EXF    	A         	1726	1788215.0000	1662	1718244.0000	64	69971.0000	1701	1806454.0000	611	646279.0000	1090	1160175.0000
20110809	電子期貨            	EXF    	B         	0	.0000	44	46515.0000	-44	-46515.0000	155	164703.0000	200	212520.0000	-45	-47817.0000
20110809	電子期貨            	EXF    	C         	2896	2996531.0000	2718	2823361.0000	178	173170.0000	1012	1073978.0000	2949	3132478.0000	-1937	-2058500.0000
20110809	金融期貨            	FXF    	A         	1382	1258733.0000	1519	1382683.0000	-137	-123950.0000	952	888264.0000	553	515347.0000	399	372917.0000
20110809	金融期貨            	FXF    	B         	0	.0000	9	7991.0000	-9	-7991.0000	507	473335.0000	0	.0000	507	473335.0000
20110809	金融期貨            	FXF    	C         	1503	1384192.0000	1700	1554421.0000	-197	-170230.0000	1821	1700086.0000	4676	4363792.0000	-2855	-2663706.0000
20110809	櫃買期貨            	GTF    	A         	26	11394.0000	20	8759.0000	6	2635.0000	18	8048.0000	166	74207.0000	-148	-66159.0000
20110809	櫃買期貨            	GTF    	B         	0	.0000	0	.0000	0	.0000	127	56998.0000	0	.0000	127	56998.0000
20110809	櫃買期貨            	GTF    	C         	0	.0000	0	.0000	0	.0000	0	.0000	0	.0000	0	.0000
20110809	摩臺期              	MSF    	A         	0	.0000	0	.0000	0	.0000	0	.0000	0	.0000	0	.0000
20110809	摩臺期              	MSF    	B         	0	.0000	0	.0000	0	.0000	0	.0000	0	.0000	0	.0000
20110809	摩臺期              	MSF    	C         	0	.0000	0	.0000	0	.0000	0	.0000	0	.0000	0	.0000
20110809	小型臺指            	MXF    	A         	63425	23247486.0000	67004	24531584.0000	-3579	-1284098.0000	6455	2428002.0000	18222	6858183.0000	-11767	-4430181.0000
20110809	小型臺指            	MXF    	B         	0	.0000	0	.0000	0	.0000	9	3391.0000	169	63671.0000	-160	-60280.0000
20110809	小型臺指            	MXF    	C         	23733	8620913.0000	21147	7695738.0000	2586	925174.0000	8248	3103489.0000	6250	2349376.0000	1998	754113.0000
20110809	股票期貨            	STF    	A         	3144	224798.0000	4817	325403.0000	-1673	-100605.0000	14488	853697.0000	19473	1302521.0000	-4985	-448824.0000
20110809	股票期貨            	STF    	B         	0	.0000	0	.0000	0	.0000	11657	1534546.0000	0	.0000	11657	1534546.0000
20110809	股票期貨            	STF    	C         	87	5840.0000	247	32467.0000	-160	-26627.0000	1015	181689.0000	21834	2048172.0000	-20819	-1866483.0000
20110809	臺灣50期貨          	T5F    	A         	1	475.0000	0	.0000	1	475.0000	500	245750.0000	0	.0000	500	245750.0000
20110809	臺灣50期貨          	T5F    	B         	0	.0000	0	.0000	0	.0000	0	.0000	0	.0000	0	.0000
20110809	臺灣50期貨          	T5F    	C         	0	.0000	0	.0000	0	.0000	0	.0000	500	245750.0000	-500	-245750.0000
20110809	臺股期貨            	TXF    	A         	59775	87615372.0000	57813	84563420.0000	1962	3051952.0000	14542	21882302.0000	27353	41172428.0000	-12811	-19290126.0000
20110809	臺股期貨            	TXF    	B         	410	604158.0000	173	249852.0000	237	354306.0000	4777	7198939.0000	508	765254.0000	4269	6433685.0000
20110809	臺股期貨            	TXF    	C         	69741	101912884.0000	71970	105320818.0000	-2229	-3407934.0000	36876	55466035.0000	39078	58781916.0000	-2202	-3315881.0000
20110809	非金電期貨          	XIF    	A         	384	401452.0000	476	497096.0000	-92	-95644.0000	884	948569.0000	241	257146.0000	643	691423.0000
20110809	非金電期貨          	XIF    	B         	2	2153.0000	0	.0000	2	2153.0000	36	38725.0000	0	.0000	36	38725.0000
20110809	非金電期貨          	XIF    	C         	351	367279.0000	446	462690.0000	-95	-95412.0000	304	327013.0000	1041	1118960.0000	-737	-791947.0000
20110810	電子期貨            	EXF    	A         	1178	1276984.0000	1442	1562365.0000	-264	-285381.0000	1426	1542928.0000	600	647270.0000	826	895658.0000
20110810	電子期貨            	EXF    	B         	7	7579.0000	0	.0000	7	7579.0000	162	175381.0000	200	216520.0000	-38	-41139.0000
20110810	電子期貨            	EXF    	C         	3018	3269342.0000	2565	2778138.0000	453	491204.0000	1401	1515553.0000	2885	3122366.0000	-1484	-1606813.0000
20110810	金融期貨            	FXF    	A         	1584	1521394.0000	1551	1489656.0000	33	31738.0000	954	920764.0000	522	502941.0000	432	417823.0000
20110810	金融期貨            	FXF    	B         	4	3863.0000	50	48211.0000	-46	-44349.0000	461	445234.0000	0	.0000	461	445234.0000
20110810	金融期貨            	FXF    	C         	3298	3170538.0000	3483	3344776.0000	-185	-174238.0000	1998	1929668.0000	5038	4862968.0000	-3040	-2933300.0000
20110810	櫃買期貨            	GTF    	A         	21	9705.0000	30	13878.0000	-9	-4174.0000	18	8301.0000	175	80667.0000	-157	-72366.0000
20110810	櫃買期貨            	GTF    	B         	5	2328.0000	0	.0000	5	2328.0000	132	60852.0000	0	.0000	132	60852.0000
20110810	櫃買期貨            	GTF    	C         	0	.0000	0	.0000	0	.0000	0	.0000	0	.0000	0	.0000
20110810	摩臺期              	MSF    	A         	0	.0000	0	.0000	0	.0000	0	.0000	0	.0000	0	.0000
20110810	摩臺期              	MSF    	B         	0	.0000	0	.0000	0	.0000	0	.0000	0	.0000	0	.0000
20110810	摩臺期              	MSF    	C         	0	.0000	0	.0000	0	.0000	0	.0000	0	.0000	0	.0000
20110810	小型臺指            	MXF    	A         	19594	7491072.0000	18621	7113552.0000	973	377520.0000	8688	3326805.0000	19362	7414257.0000	-10674	-4087452.0000
20110810	小型臺指            	MXF    	B         	0	.0000	60	22912.0000	-60	-22912.0000	9	3450.0000	229	87787.0000	-220	-84337.0000
20110810	小型臺指            	MXF    	C         	17916	6852285.0000	16441	6287543.0000	1475	564742.0000	7392	2826977.0000	6171	2359819.0000	1221	467158.0000
20110810	股票期貨            	STF    	A         	6796	506739.0000	6705	494574.0000	91	12165.0000	14569	906299.0000	19463	1361393.0000	-4894	-455094.0000
20110810	股票期貨            	STF    	B         	0	.0000	0	.0000	0	.0000	11657	1572752.0000	0	.0000	11657	1572752.0000
20110810	股票期貨            	STF    	C         	133	10462.0000	191	15296.0000	-58	-4834.0000	998	184928.0000	21875	2107608.0000	-20877	-1922680.0000
20110810	臺灣50期貨          	T5F    	A         	0	.0000	0	.0000	0	.0000	500	249400.0000	0	.0000	500	249400.0000
20110810	臺灣50期貨          	T5F    	B         	0	.0000	0	.0000	0	.0000	0	.0000	0	.0000	0	.0000
20110810	臺灣50期貨          	T5F    	C         	0	.0000	0	.0000	0	.0000	0	.0000	500	249400.0000	-500	-249400.0000
20110810	臺股期貨            	TXF    	A         	30175	46155845.0000	30786	47077713.0000	-611	-921867.0000	13439	20572904.0000	26891	41181426.0000	-13452	-20608522.0000
20110810	臺股期貨            	TXF    	B         	465	711713.0000	480	734415.0000	-15	-22703.0000	4573	7011385.0000	319	488363.0000	4254	6523022.0000
20110810	臺股期貨            	TXF    	C         	46190	70636249.0000	44364	67834757.0000	1826	2801493.0000	38519	58937151.0000	38322	58622837.0000	197	314314.0000
20110810	非金電期貨          	XIF    	A         	317	341876.0000	405	437201.0000	-88	-95325.0000	751	814035.0000	196	212009.0000	555	602026.0000
20110810	非金電期貨          	XIF    	B         	0	.0000	0	.0000	0	.0000	36	39060.0000	0	.0000	36	39060.0000
20110810	非金電期貨          	XIF    	C         	648	699680.0000	488	526383.0000	160	173297.0000	66	71610.0000	643	697291.0000	-577	-625681.0000
20110811	電子期貨            	EXF    	A         	1149	1239722.0000	1490	1608926.0000	-341	-369203.0000	1076	1173465.0000	591	642628.0000	485	530837.0000
20110811	電子期貨            	EXF    	B         	0	.0000	0	.0000	0	.0000	162	176936.0000	200	218440.0000	-38	-41504.0000
20110811	電子期貨            	EXF    	C         	2028	2186025.0000	2121	2289496.0000	-93	-103471.0000	1496	1632146.0000	3073	3354846.0000	-1577	-1722700.0000
20110811	金融期貨            	FXF    	A         	1860	1789427.0000	1863	1793943.0000	-3	-4516.0000	900	866911.0000	471	452806.0000	429	414105.0000
20110811	金融期貨            	FXF    	B         	2	1927.0000	193	184726.0000	-191	-182799.0000	270	260442.0000	0	.0000	270	260442.0000
20110811	金融期貨            	FXF    	C         	3369	3239699.0000	3550	3416783.0000	-181	-177083.0000	2007	1935952.0000	5228	5038946.0000	-3221	-3102994.0000
20110811	櫃買期貨            	GTF    	A         	44	20115.0000	63	28807.0000	-19	-8692.0000	23	10539.0000	199	91145.0000	-176	-80606.0000
20110811	櫃買期貨            	GTF    	B         	0	.0000	0	.0000	0	.0000	132	60588.0000	0	.0000	132	60588.0000
20110811	櫃買期貨            	GTF    	C         	0	.0000	0	.0000	0	.0000	0	.0000	0	.0000	0	.0000
20110811	摩臺期              	MSF    	A         	0	.0000	0	.0000	0	.0000	0	.0000	0	.0000	0	.0000
20110811	摩臺期              	MSF    	B         	0	.0000	0	.0000	0	.0000	0	.0000	0	.0000	0	.0000
20110811	摩臺期              	MSF    	C         	0	.0000	0	.0000	0	.0000	0	.0000	0	.0000	0	.0000
20110811	小型臺指            	MXF    	A         	26830	10223498.0000	25331	9645954.0000	1499	577545.0000	11102	4270475.0000	20545	7898849.0000	-9443	-3628374.0000
20110811	小型臺指            	MXF    	B         	0	.0000	2	768.0000	-2	-768.0000	7	2695.0000	229	88154.0000	-222	-85459.0000
20110811	小型臺指            	MXF    	C         	18699	7127186.0000	20000	7628271.0000	-1301	-501084.0000	6909	2648900.0000	7509	2883868.0000	-600	-234968.0000
20110811	股票期貨            	STF    	A         	12326	762163.0000	10759	621762.0000	1567	140400.0000	15035	950387.0000	18362	1260944.0000	-3327	-310557.0000
20110811	股票期貨            	STF    	B         	0	.0000	0	.0000	0	.0000	11657	1589307.0000	0	.0000	11657	1589307.0000
20110811	股票期貨            	STF    	C         	73	6545.0000	112	7943.0000	-39	-1398.0000	994	184987.0000	21910	2128650.0000	-20916	-1943663.0000
20110811	臺灣50期貨          	T5F    	A         	0	.0000	0	.0000	0	.0000	500	251850.0000	0	.0000	500	251850.0000
20110811	臺灣50期貨          	T5F    	B         	0	.0000	0	.0000	0	.0000	0	.0000	0	.0000	0	.0000
20110811	臺灣50期貨          	T5F    	C         	0	.0000	0	.0000	0	.0000	0	.0000	500	251850.0000	-500	-251850.0000
20110811	臺股期貨            	TXF    	A         	43331	66168503.0000	42411	64683311.0000	920	1485193.0000	14542	22350584.0000	27007	41523840.0000	-12465	-19173256.0000
20110811	臺股期貨            	TXF    	B         	164	251252.0000	503	760066.0000	-339	-508814.0000	4587	7061983.0000	672	1033286.0000	3915	6028697.0000
20110811	臺股期貨            	TXF    	C         	52172	79464794.0000	51203	78117831.0000	969	1346963.0000	37847	58119477.0000	36551	56119194.0000	1296	2000283.0000
20110811	非金電期貨          	XIF    	A         	477	515779.0000	560	605598.0000	-83	-89820.0000	631	684405.0000	159	172185.0000	472	512220.0000
20110811	非金電期貨          	XIF    	B         	0	.0000	0	.0000	0	.0000	36	39125.0000	0	.0000	36	39125.0000
20110811	非金電期貨          	XIF    	C         	325	351674.0000	262	283796.0000	63	67878.0000	54	58687.0000	568	616362.0000	-514	-557675.0000
20110812	電子期貨            	EXF    	A         	1434	1565419.0000	1518	1658285.0000	-84	-92866.0000	1021	1098330.0000	620	665237.0000	401	433093.0000
20110812	電子期貨            	EXF    	B         	1	1070.0000	100	108414.0000	-99	-107344.0000	163	175576.0000	300	322360.0000	-137	-146784.0000
20110812	電子期貨            	EXF    	C         	2083	2274076.0000	1768	1932370.0000	315	341706.0000	1966	2115791.0000	3228	3475368.0000	-1262	-1359577.0000
20110812	金融期貨            	FXF    	A         	1418	1354521.0000	1412	1351285.0000	6	3236.0000	964	908384.0000	529	496909.0000	435	411475.0000
20110812	金融期貨            	FXF    	B         	0	.0000	150	142883.0000	-150	-142883.0000	120	113184.0000	0	.0000	120	113184.0000
20110812	金融期貨            	FXF    	C         	2515	2399551.0000	2413	2305284.0000	102	94268.0000	2325	2192701.0000	5444	5130902.0000	-3119	-2938201.0000
20110812	櫃買期貨            	GTF    	A         	68	31693.0000	58	26970.0000	10	4723.0000	46	21198.0000	212	97622.0000	-166	-76424.0000
20110812	櫃買期貨            	GTF    	B         	0	.0000	0	.0000	0	.0000	132	60852.0000	0	.0000	132	60852.0000
20110812	櫃買期貨            	GTF    	C         	0	.0000	0	.0000	0	.0000	0	.0000	0	.0000	0	.0000
20110812	摩臺期              	MSF    	A         	0	.0000	0	.0000	0	.0000	0	.0000	0	.0000	0	.0000
20110812	摩臺期              	MSF    	B         	0	.0000	0	.0000	0	.0000	0	.0000	0	.0000	0	.0000
20110812	摩臺期              	MSF    	C         	0	.0000	0	.0000	0	.0000	0	.0000	0	.0000	0	.0000
20110812	小型臺指            	MXF    	A         	17819	6830097.0000	19209	7365477.0000	-1390	-535380.0000	13406	5086437.0000	24383	9242600.0000	-10977	-4156163.0000
20110812	小型臺指            	MXF    	B         	0	.0000	0	.0000	0	.0000	7	2657.0000	229	86928.0000	-222	-84271.0000
20110812	小型臺指            	MXF    	C         	16717	6410271.0000	16318	6270298.0000	399	139973.0000	5236	1973794.0000	6813	2578738.0000	-1577	-604944.0000
20110812	股票期貨            	STF    	A         	9799	574366.0000	9960	593339.0000	-161	-18972.0000	14662	927484.0000	18150	1256494.0000	-3488	-329010.0000
20110812	股票期貨            	STF    	B         	0	.0000	0	.0000	0	.0000	11657	1557378.0000	0	.0000	11657	1557378.0000
20110812	股票期貨            	STF    	C         	33	2857.0000	180	8527.0000	-147	-5669.0000	948	179525.0000	22011	2094778.0000	-21063	-1915253.0000
20110812	臺灣50期貨          	T5F    	A         	0	.0000	0	.0000	0	.0000	500	247750.0000	0	.0000	500	247750.0000
20110812	臺灣50期貨          	T5F    	B         	0	.0000	0	.0000	0	.0000	0	.0000	0	.0000	0	.0000
20110812	臺灣50期貨          	T5F    	C         	0	.0000	0	.0000	0	.0000	0	.0000	500	247750.0000	-500	-247750.0000
20110812	臺股期貨            	TXF    	A         	36779	56409983.0000	37111	56928715.0000	-332	-518732.0000	14445	21886745.0000	27206	41241054.0000	-12761	-19354309.0000
20110812	臺股期貨            	TXF    	B         	103	158427.0000	278	428303.0000	-175	-269875.0000	4539	6890696.0000	800	1211758.0000	3739	5678938.0000
20110812	臺股期貨            	TXF    	C         	36088	55394573.0000	31785	48864622.0000	4303	6529951.0000	39727	60123422.0000	33777	51092156.0000	5950	9031266.0000
20110812	非金電期貨          	XIF    	A         	287	308834.0000	495	533584.0000	-208	-224751.0000	425	454667.0000	161	172171.0000	264	282496.0000
20110812	非金電期貨          	XIF    	B         	0	.0000	0	.0000	0	.0000	36	38621.0000	0	.0000	36	38621.0000
20110812	非金電期貨          	XIF    	C         	440	474621.0000	216	232831.0000	224	241789.0000	81	86897.0000	371	397081.0000	-290	-310184.0000
20110815	電子期貨            	EXF    	A         	1028	1134035.0000	961	1060443.0000	67	73592.0000	1114	1239805.0000	646	716630.0000	468	523175.0000
20110815	電子期貨            	EXF    	B         	90	98418.0000	135	148719.0000	-45	-50301.0000	163	180846.0000	345	383192.0000	-182	-202346.0000
20110815	電子期貨            	EXF    	C         	2063	2273427.0000	1931	2126931.0000	132	146496.0000	2150	2389844.0000	3280	3648517.0000	-1130	-1258673.0000
20110815	金融期貨            	FXF    	A         	877	842020.0000	1039	998213.0000	-162	-156193.0000	893	861498.0000	620	596508.0000	273	264990.0000
20110815	金融期貨            	FXF    	B         	91	86852.0000	101	97074.0000	-10	-10222.0000	110	105700.0000	0	.0000	110	105700.0000
20110815	金融期貨            	FXF    	C         	1603	1541205.0000	1342	1287489.0000	261	253716.0000	2467	2383321.0000	5325	5137310.0000	-2858	-2753989.0000
20110815	櫃買期貨            	GTF    	A         	86	40222.0000	79	36973.0000	7	3249.0000	28	13205.0000	187	88154.0000	-159	-74949.0000
20110815	櫃買期貨            	GTF    	B         	58	27126.0000	58	27138.0000	0	-12.0000	132	62251.0000	0	.0000	132	62251.0000
20110815	櫃買期貨            	GTF    	C         	0	.0000	0	.0000	0	.0000	0	.0000	0	.0000	0	.0000
20110815	摩臺期              	MSF    	A         	0	.0000	0	.0000	0	.0000	0	.0000	0	.0000	0	.0000
20110815	摩臺期              	MSF    	B         	0	.0000	0	.0000	0	.0000	0	.0000	0	.0000	0	.0000
20110815	摩臺期              	MSF    	C         	0	.0000	0	.0000	0	.0000	0	.0000	0	.0000	0	.0000
20110815	小型臺指            	MXF    	A         	11647	4510647.0000	9190	3561687.0000	2457	948960.0000	15373	6008866.0000	23909	9336875.0000	-8536	-3328009.0000
20110815	小型臺指            	MXF    	B         	0	.0000	0	.0000	0	.0000	7	2738.0000	229	89562.0000	-222	-86824.0000
20110815	小型臺指            	MXF    	C         	10681	4139138.0000	9279	3600271.0000	1402	538867.0000	5377	2087539.0000	6972	2719757.0000	-1595	-632218.0000
20110815	股票期貨            	STF    	A         	8947	605578.0000	6591	434488.0000	2356	171089.0000	14918	972722.0000	16050	1135661.0000	-1132	-162939.0000
20110815	股票期貨            	STF    	B         	0	.0000	0	.0000	0	.0000	11657	1595133.0000	0	.0000	11657	1595133.0000
20110815	股票期貨            	STF    	C         	304	40454.0000	404	46724.0000	-100	-6270.0000	1214	223390.0000	22377	2190957.0000	-21163	-1967567.0000
20110815	臺灣50期貨          	T5F    	A         	0	.0000	0	.0000	0	.0000	500	254850.0000	0	.0000	500	254850.0000
20110815	臺灣50期貨          	T5F    	B         	0	.0000	0	.0000	0	.0000	0	.0000	0	.0000	0	.0000
20110815	臺灣50期貨          	T5F    	C         	0	.0000	0	.0000	0	.0000	0	.0000	500	254850.0000	-500	-254850.0000
20110815	臺股期貨            	TXF    	A         	23862	37068874.0000	20551	31916756.0000	3311	5152118.0000	14748	23018987.0000	24194	37769771.0000	-9446	-14750784.0000
20110815	臺股期貨            	TXF    	B         	1271	1958594.0000	1318	2045464.0000	-47	-86870.0000	4544	7091838.0000	852	1329026.0000	3692	5762812.0000
20110815	臺股期貨            	TXF    	C         	26531	41106770.0000	25597	39698425.0000	934	1408345.0000	41277	64295092.0000	34038	52996136.0000	7239	11298956.0000
20110815	非金電期貨          	XIF    	A         	202	220904.0000	199	217649.0000	3	3255.0000	381	419078.0000	114	125339.0000	267	293739.0000
20110815	非金電期貨          	XIF    	B         	9	9784.0000	9	9852.0000	0	-68.0000	36	39637.0000	0	.0000	36	39637.0000
20110815	非金電期貨          	XIF    	C         	176	192865.0000	160	175090.0000	16	17775.0000	138	152242.0000	412	453231.0000	-274	-300989.0000
20110816	電子期貨            	EXF    	A         	1123	1240702.0000	1309	1450257.0000	-186	-209555.0000	863	949014.0000	581	638060.0000	282	310954.0000
20110816	電子期貨            	EXF    	B         	63	69067.0000	61	67587.0000	2	1480.0000	165	180400.0000	345	379147.0000	-180	-198747.0000
20110816	電子期貨            	EXF    	C         	4253	4708809.0000	4005	4427313.0000	248	281495.0000	3071	3371149.0000	3953	4337703.0000	-882	-966554.0000
20110816	金融期貨            	FXF    	A         	888	854752.0000	887	855712.0000	1	-960.0000	719	689550.0000	445	425651.0000	274	263899.0000
20110816	金融期貨            	FXF    	B         	14	13396.0000	21	20172.0000	-7	-6776.0000	103	98244.0000	0	.0000	103	98244.0000
20110816	金融期貨            	FXF    	C         	3315	3196478.0000	3569	3436654.0000	-254	-240176.0000	2402	2305930.0000	5514	5281656.0000	-3112	-2975726.0000
20110816	櫃買期貨            	GTF    	A         	94	44602.0000	72	34279.0000	22	10323.0000	47	22288.0000	184	87497.0000	-137	-65209.0000
20110816	櫃買期貨            	GTF    	B         	76	36234.0000	74	35079.0000	2	1154.0000	134	63945.0000	0	.0000	134	63945.0000
20110816	櫃買期貨            	GTF    	C         	0	.0000	0	.0000	0	.0000	0	.0000	0	.0000	0	.0000
20110816	摩臺期              	MSF    	A         	0	.0000	0	.0000	0	.0000	0	.0000	0	.0000	0	.0000
20110816	摩臺期              	MSF    	B         	0	.0000	0	.0000	0	.0000	0	.0000	0	.0000	0	.0000
20110816	摩臺期              	MSF    	C         	0	.0000	0	.0000	0	.0000	0	.0000	0	.0000	0	.0000
20110816	小型臺指            	MXF    	A         	13980	5440556.0000	15247	5927129.0000	-1267	-486574.0000	16879	6555945.0000	26650	10336882.0000	-9771	-3780937.0000
20110816	小型臺指            	MXF    	B         	9	3503.0000	9	3471.0000	0	32.0000	7	2720.0000	229	88957.0000	-222	-86237.0000
20110816	小型臺指            	MXF    	C         	13777	5365811.0000	14878	5797084.0000	-1101	-431273.0000	5421	2090081.0000	6305	2442513.0000	-884	-352432.0000
20110816	股票期貨            	STF    	A         	7744	478969.0000	7634	462096.0000	110	16873.0000	14967	989771.0000	15989	1139740.0000	-1022	-149969.0000
20110816	股票期貨            	STF    	B         	0	.0000	0	.0000	0	.0000	11657	1582507.0000	0	.0000	11657	1582507.0000
20110816	股票期貨            	STF    	C         	265	32847.0000	316	48226.0000	-51	-15379.0000	1416	241231.0000	22630	2208116.0000	-21214	-1966885.0000
20110816	臺灣50期貨          	T5F    	A         	0	.0000	0	.0000	0	.0000	500	253550.0000	0	.0000	500	253550.0000
20110816	臺灣50期貨          	T5F    	B         	0	.0000	0	.0000	0	.0000	0	.0000	0	.0000	0	.0000
20110816	臺灣50期貨          	T5F    	C         	0	.0000	0	.0000	0	.0000	0	.0000	500	253550.0000	-500	-253550.0000
20110816	臺股期貨            	TXF    	A         	27211	42390452.0000	29777	46375934.0000	-2566	-3985482.0000	13438	20826647.0000	25458	39479859.0000	-12020	-18653212.0000
20110816	臺股期貨            	TXF    	B         	1753	2707514.0000	1863	2898642.0000	-110	-191129.0000	4600	7108762.0000	1018	1574058.0000	3582	5534704.0000
20110816	臺股期貨            	TXF    	C         	40923	63680780.0000	39229	61055155.0000	1694	2625625.0000	45844	70879640.0000	37361	57697297.0000	8483	13182343.0000
20110816	非金電期貨          	XIF    	A         	187	204579.0000	267	292594.0000	-80	-88016.0000	306	335433.0000	119	130752.0000	187	204681.0000
20110816	非金電期貨          	XIF    	B         	27	29425.0000	27	29679.0000	0	-254.0000	36	39236.0000	0	.0000	36	39236.0000
20110816	非金電期貨          	XIF    	C         	151	165796.0000	118	129378.0000	33	36418.0000	135	148676.0000	376	411923.0000	-241	-263247.0000
20110817	電子期貨            	EXF    	A         	1360	1483862.0000	1423	1554927.0000	-63	-71065.0000	233	249504.0000	123	131606.0000	110	117898.0000
20110817	電子期貨            	EXF    	B         	213	233526.0000	291	315025.0000	-78	-81498.0000	167	179158.0000	425	455940.0000	-258	-276782.0000
20110817	電子期貨            	EXF    	C         	3103	3381640.0000	2701	2946941.0000	402	434699.0000	2895	3105756.0000	3177	3408141.0000	-282	-302385.0000
20110817	金融期貨            	FXF    	A         	1135	1091751.0000	956	921504.0000	179	170247.0000	352	336360.0000	105	100257.0000	247	236103.0000
20110817	金融期貨            	FXF    	B         	8	7660.0000	12	11572.0000	-4	-3912.0000	99	94624.0000	0	.0000	99	94624.0000
20110817	金融期貨            	FXF    	C         	2862	2750785.0000	2929	2807801.0000	-67	-57016.0000	935	893673.0000	3741	3575608.0000	-2806	-2681935.0000
20110817	櫃買期貨            	GTF    	A         	439	207005.0000	436	205594.0000	3	1411.0000	0	.0000	106	49974.0000	-106	-49974.0000
20110817	櫃買期貨            	GTF    	B         	5	2367.0000	0	.0000	5	2367.0000	139	65580.0000	0	.0000	139	65580.0000
20110817	櫃買期貨            	GTF    	C         	0	.0000	0	.0000	0	.0000	0	.0000	0	.0000	0	.0000
20110817	摩臺期              	MSF    	A         	0	.0000	0	.0000	0	.0000	0	.0000	0	.0000	0	.0000
20110817	摩臺期              	MSF    	B         	0	.0000	0	.0000	0	.0000	0	.0000	0	.0000	0	.0000
20110817	摩臺期              	MSF    	C         	0	.0000	0	.0000	0	.0000	0	.0000	0	.0000	0	.0000
20110817	小型臺指            	MXF    	A         	11590	4482944.0000	12580	4856925.0000	-990	-373982.0000	446	168933.0000	5774	2201479.0000	-5328	-2032546.0000
20110817	小型臺指            	MXF    	B         	7	2683.0000	167	64255.0000	-160	-61572.0000	7	2676.0000	169	64600.0000	-162	-61924.0000
20110817	小型臺指            	MXF    	C         	11243	4340907.0000	11888	4585754.0000	-645	-244846.0000	3860	1472294.0000	1872	713243.0000	1988	759051.0000
20110817	股票期貨            	STF    	A         	8808	602158.0000	8536	580277.0000	272	21881.0000	10960	650731.0000	7092	492711.0000	3868	158020.0000
20110817	股票期貨            	STF    	B         	0	.0000	0	.0000	0	.0000	11657	1587045.0000	0	.0000	11657	1587045.0000
20110817	股票期貨            	STF    	C         	15	1184.0000	232	32319.0000	-217	-31134.0000	429	74433.0000	21954	2141250.0000	-21525	-2066817.0000
20110817	臺灣50期貨          	T5F    	A         	0	.0000	0	.0000	0	.0000	500	251850.0000	0	.0000	500	251850.0000
20110817	臺灣50期貨          	T5F    	B         	0	.0000	0	.0000	0	.0000	0	.0000	0	.0000	0	.0000
20110817	臺灣50期貨          	T5F    	C         	0	.0000	0	.0000	0	.0000	0	.0000	500	251850.0000	-500	-251850.0000
20110817	臺股期貨            	TXF    	A         	27674	42852966.0000	27688	42828029.0000	-14	24937.0000	3500	5340342.0000	7103	10843137.0000	-3603	-5502795.0000
20110817	臺股期貨            	TXF    	B         	2053	3162543.0000	2030	3148594.0000	23	13949.0000	4542	6944718.0000	939	1435731.0000	3603	5508987.0000
20110817	臺股期貨            	TXF    	C         	24574	37891625.0000	26106	40245968.0000	-1532	-2354343.0000	23076	35221028.0000	26956	41190564.0000	-3880	-5969536.0000
20110817	非金電期貨          	XIF    	A         	744	820212.0000	619	681802.0000	125	138410.0000	138	150781.0000	53	57884.0000	85	92897.0000
20110817	非金電期貨          	XIF    	B         	0	.0000	0	.0000	0	.0000	36	39319.0000	0	.0000	36	39319.0000
20110817	非金電期貨          	XIF    	C         	679	746046.0000	828	911138.0000	-149	-165093.0000	415	453263.0000	547	597433.0000	-132	-144170.0000
20110818	電子期貨            	EXF    	A         	1082	1140493.0000	1114	1174947.0000	-32	-34454.0000	255	266930.0000	177	185339.0000	78	81591.0000
20110818	電子期貨            	EXF    	B         	0	.0000	85	89366.0000	-85	-89366.0000	165	173349.0000	508	533705.0000	-343	-360356.0000
20110818	電子期貨            	EXF    	C         	1875	1976250.0000	1712	1803281.0000	163	172969.0000	3139	3297833.0000	3258	3422515.0000	-119	-124682.0000
20110818	金融期貨            	FXF    	A         	835	788162.0000	975	920610.0000	-140	-132448.0000	343	322681.0000	236	221976.0000	107	100705.0000
20110818	金融期貨            	FXF    	B         	2	1883.0000	0	.0000	2	1883.0000	101	95041.0000	0	.0000	101	95041.0000
20110818	金融期貨            	FXF    	C         	1686	1592630.0000	1846	1745068.0000	-160	-152438.0000	978	920298.0000	3944	3711271.0000	-2966	-2790973.0000
20110818	櫃買期貨            	GTF    	A         	35	16067.0000	35	16130.0000	0	-63.0000	4	1818.0000	110	50079.0000	-106	-48261.0000
20110818	櫃買期貨            	GTF    	B         	0	.0000	0	.0000	0	.0000	139	63328.0000	0	.0000	139	63328.0000
20110818	櫃買期貨            	GTF    	C         	0	.0000	0	.0000	0	.0000	0	.0000	0	.0000	0	.0000
20110818	摩臺期              	MSF    	A         	0	.0000	0	.0000	0	.0000	0	.0000	0	.0000	0	.0000
20110818	摩臺期              	MSF    	B         	0	.0000	0	.0000	0	.0000	0	.0000	0	.0000	0	.0000
20110818	摩臺期              	MSF    	C         	0	.0000	0	.0000	0	.0000	0	.0000	0	.0000	0	.0000
20110818	小型臺指            	MXF    	A         	13176	4948249.0000	13035	4896521.0000	141	51729.0000	964	359790.0000	6183	2311719.0000	-5219	-1951929.0000
20110818	小型臺指            	MXF    	B         	0	.0000	0	.0000	0	.0000	7	2624.0000	169	63358.0000	-162	-60734.0000
20110818	小型臺指            	MXF    	C         	16332	6133177.0000	15124	5681480.0000	1208	451697.0000	4433	1658665.0000	1385	516876.0000	3048	1141789.0000
20110818	股票期貨            	STF    	A         	10383	511050.0000	10428	488826.0000	-45	22224.0000	12366	735739.0000	8543	553751.0000	3823	181988.0000
20110818	股票期貨            	STF    	B         	0	.0000	0	.0000	0	.0000	11657	1562368.0000	0	.0000	11657	1562368.0000
20110818	股票期貨            	STF    	C         	229	12222.0000	463	41291.0000	-234	-29069.0000	415	72051.0000	22174	2138322.0000	-21759	-2066271.0000
20110818	臺灣50期貨          	T5F    	A         	0	.0000	0	.0000	0	.0000	500	250350.0000	0	.0000	500	250350.0000
20110818	臺灣50期貨          	T5F    	B         	0	.0000	0	.0000	0	.0000	0	.0000	0	.0000	0	.0000
20110818	臺灣50期貨          	T5F    	C         	0	.0000	0	.0000	0	.0000	0	.0000	500	250350.0000	-500	-250350.0000
20110818	臺股期貨            	TXF    	A         	28473	42771384.0000	28920	43435213.0000	-447	-663829.0000	5168	7737845.0000	9210	13788227.0000	-4042	-6050382.0000
20110818	臺股期貨            	TXF    	B         	275	413674.0000	418	627704.0000	-143	-214030.0000	4341	6509764.0000	881	1321148.0000	3460	5188616.0000
20110818	臺股期貨            	TXF    	C         	29703	44632316.0000	24724	37160550.0000	4979	7471766.0000	27398	41020327.0000	26257	39349107.0000	1141	1671220.0000
20110818	非金電期貨          	XIF    	A         	283	303561.0000	204	218726.0000	79	84835.0000	214	229689.0000	50	53650.0000	164	176039.0000
20110818	非金電期貨          	XIF    	B         	0	.0000	0	.0000	0	.0000	36	38632.0000	0	.0000	36	38632.0000
20110818	非金電期貨          	XIF    	C         	293	314831.0000	311	333863.0000	-18	-19032.0000	277	297249.0000	427	458214.0000	-150	-160965.0000
20110819	電子期貨            	EXF    	A         	2036	2060329.0000	874	884727.0000	1162	1175602.0000	1401	1394311.0000	161	159429.0000	1240	1234882.0000
20110819	電子期貨            	EXF    	B         	0	.0000	322	325876.0000	-322	-325876.0000	160	159360.0000	825	821700.0000	-665	-662340.0000
20110819	電子期貨            	EXF    	C         	3024	3062812.0000	2808	2845233.0000	216	217579.0000	4293	4275600.0000	4196	4178861.0000	97	96739.0000
20110819	金融期貨            	FXF    	A         	1257	1149468.0000	810	741311.0000	447	408157.0000	703	632778.0000	149	134050.0000	554	498728.0000
20110819	金融期貨            	FXF    	B         	0	.0000	0	.0000	0	.0000	101	90920.0000	0	.0000	101	90920.0000
20110819	金融期貨            	FXF    	C         	2163	1982024.0000	2341	2145901.0000	-178	-163877.0000	854	768771.0000	3998	3598975.0000	-3144	-2830204.0000
20110819	櫃買期貨            	GTF    	A         	65	28258.0000	59	25720.0000	6	2538.0000	19	8202.0000	119	51147.0000	-100	-42945.0000
20110819	櫃買期貨            	GTF    	B         	0	.0000	0	.0000	0	.0000	139	59770.0000	0	.0000	139	59770.0000
20110819	櫃買期貨            	GTF    	C         	0	.0000	0	.0000	0	.0000	0	.0000	0	.0000	0	.0000
20110819	摩臺期              	MSF    	A         	0	.0000	0	.0000	0	.0000	0	.0000	0	.0000	0	.0000
20110819	摩臺期              	MSF    	B         	0	.0000	0	.0000	0	.0000	0	.0000	0	.0000	0	.0000
20110819	摩臺期              	MSF    	C         	0	.0000	0	.0000	0	.0000	0	.0000	0	.0000	0	.0000
20110819	小型臺指            	MXF    	A         	23400	8529971.0000	24783	9032650.0000	-1383	-502679.0000	1567	561826.0000	8237	2956698.0000	-6670	-2394872.0000
20110819	小型臺指            	MXF    	B         	0	.0000	0	.0000	0	.0000	7	2519.0000	169	60815.0000	-162	-58296.0000
20110819	小型臺指            	MXF    	C         	18175	6625949.0000	17684	6449053.0000	491	176896.0000	4264	1530817.0000	2349	842855.0000	1915	687962.0000
20110819	股票期貨            	STF    	A         	3991	234519.0000	3975	237317.0000	16	-2798.0000	12709	738464.0000	8870	566543.0000	3839	171921.0000
20110819	股票期貨            	STF    	B         	0	.0000	0	.0000	0	.0000	11657	1543628.0000	0	.0000	11657	1543628.0000
20110819	股票期貨            	STF    	C         	195	12258.0000	610	101178.0000	-415	-88920.0000	394	66503.0000	22568	2184806.0000	-22174	-2118303.0000
20110819	臺灣50期貨          	T5F    	A         	0	.0000	0	.0000	0	.0000	500	241900.0000	0	.0000	500	241900.0000
20110819	臺灣50期貨          	T5F    	B         	0	.0000	0	.0000	0	.0000	0	.0000	0	.0000	0	.0000
20110819	臺灣50期貨          	T5F    	C         	0	.0000	0	.0000	0	.0000	0	.0000	500	241900.0000	-500	-241900.0000
20110819	臺股期貨            	TXF    	A         	27508	40068661.0000	31446	45817531.0000	-3938	-5748870.0000	4264	6125189.0000	12227	17571742.0000	-7963	-11446553.0000
20110819	臺股期貨            	TXF    	B         	58	84184.0000	794	1160082.0000	-736	-1075898.0000	4347	6257072.0000	1623	2336146.0000	2724	3920926.0000
20110819	臺股期貨            	TXF    	C         	33017	48157632.0000	27938	40759853.0000	5079	7397779.0000	29820	42849881.0000	23194	33357216.0000	6626	9492665.0000
20110819	非金電期貨          	XIF    	A         	483	509434.0000	337	354845.0000	146	154590.0000	431	451142.0000	121	126646.0000	310	324496.0000
20110819	非金電期貨          	XIF    	B         	0	.0000	0	.0000	0	.0000	36	37674.0000	0	.0000	36	37674.0000
20110819	非金電期貨          	XIF    	C         	313	330173.0000	348	367340.0000	-35	-37167.0000	372	389298.0000	557	582901.0000	-185	-193603.0000
20110822	電子期貨            	EXF    	A         	1214	1229101.0000	1297	1311521.0000	-83	-82420.0000	1361	1371602.0000	204	204543.0000	1157	1167059.0000
20110822	電子期貨            	EXF    	B         	131	132603.0000	17	17287.0000	114	115317.0000	159	160367.0000	710	716106.0000	-551	-555739.0000
20110822	電子期貨            	EXF    	C         	2799	2828514.0000	2309	2336226.0000	490	492288.0000	4654	4693582.0000	4067	4101611.0000	587	591971.0000
20110822	金融期貨            	FXF    	A         	1207	1109146.0000	1161	1065260.0000	46	43887.0000	703	641261.0000	103	93665.0000	600	547596.0000
20110822	金融期貨            	FXF    	B         	0	.0000	30	27407.0000	-30	-27407.0000	101	92152.0000	30	27372.0000	71	64780.0000
20110822	金融期貨            	FXF    	C         	3242	2978567.0000	3372	3097788.0000	-130	-119221.0000	1129	1030100.0000	4403	4017216.0000	-3274	-2987116.0000
20110822	櫃買期貨            	GTF    	A         	46	19818.0000	83	35718.0000	-37	-15900.0000	14	5923.0000	151	63808.0000	-137	-57885.0000
20110822	櫃買期貨            	GTF    	B         	0	.0000	0	.0000	0	.0000	139	58769.0000	0	.0000	139	58769.0000
20110822	櫃買期貨            	GTF    	C         	0	.0000	0	.0000	0	.0000	0	.0000	0	.0000	0	.0000
20110822	摩臺期              	MSF    	A         	0	.0000	0	.0000	0	.0000	0	.0000	0	.0000	0	.0000
20110822	摩臺期              	MSF    	B         	0	.0000	0	.0000	0	.0000	0	.0000	0	.0000	0	.0000
20110822	摩臺期              	MSF    	C         	0	.0000	0	.0000	0	.0000	0	.0000	0	.0000	0	.0000
20110822	小型臺指            	MXF    	A         	25653	9344022.0000	27470	10000111.0000	-1817	-656089.0000	3109	1125051.0000	11668	4222433.0000	-8559	-3097382.0000
20110822	小型臺指            	MXF    	B         	0	.0000	0	.0000	0	.0000	7	2538.0000	169	61271.0000	-162	-58733.0000
20110822	小型臺指            	MXF    	C         	19961	7274387.0000	20196	7364311.0000	-235	-89925.0000	4664	1687149.0000	3680	1331735.0000	984	355414.0000
20110822	股票期貨            	STF    	A         	12800	714906.0000	13674	744245.0000	-874	-29339.0000	13313	767223.0000	10348	627225.0000	2965	139998.0000
20110822	股票期貨            	STF    	B         	0	.0000	0	.0000	0	.0000	11657	1566234.0000	0	.0000	11657	1566234.0000
20110822	股票期貨            	STF    	C         	232	16237.0000	455	55012.0000	-223	-38775.0000	380	63685.0000	22777	2245098.0000	-22397	-2181413.0000
20110822	臺灣50期貨          	T5F    	A         	0	.0000	0	.0000	0	.0000	500	242400.0000	0	.0000	500	242400.0000
20110822	臺灣50期貨          	T5F    	B         	0	.0000	0	.0000	0	.0000	0	.0000	0	.0000	0	.0000
20110822	臺灣50期貨          	T5F    	C         	0	.0000	0	.0000	0	.0000	0	.0000	500	242400.0000	-500	-242400.0000
20110822	臺股期貨            	TXF    	A         	36937	53849121.0000	38619	56299072.0000	-1682	-2449952.0000	4075	5896635.0000	13702	19840261.0000	-9627	-13943626.0000
20110822	臺股期貨            	TXF    	B         	197	285940.0000	855	1242926.0000	-658	-956986.0000	4276	6201055.0000	2210	3204942.0000	2066	2996113.0000
20110822	臺股期貨            	TXF    	C         	36318	52983725.0000	35841	52308305.0000	477	675420.0000	30718	44470033.0000	23441	33967751.0000	7277	10502282.0000
20110822	非金電期貨          	XIF    	A         	890	937298.0000	695	730756.0000	195	206542.0000	682	713251.0000	177	185069.0000	505	528182.0000
20110822	非金電期貨          	XIF    	B         	0	.0000	0	.0000	0	.0000	36	37649.0000	0	.0000	36	37649.0000
20110822	非金電期貨          	XIF    	C         	343	361336.0000	473	499147.0000	-130	-137811.0000	341	356618.0000	656	686045.0000	-315	-329427.0000
20110823	電子期貨            	EXF    	A         	1067	1103020.0000	1322	1364729.0000	-255	-261709.0000	1121	1171393.0000	219	227908.0000	902	943485.0000
20110823	電子期貨            	EXF    	B         	0	.0000	0	.0000	0	.0000	159	166314.0000	710	742660.0000	-551	-576346.0000
20110823	電子期貨            	EXF    	C         	2108	2176199.0000	2413	2491283.0000	-305	-315084.0000	4535	4743053.0000	4253	4448243.0000	282	294810.0000
20110823	金融期貨            	FXF    	A         	768	713439.0000	959	894603.0000	-191	-181164.0000	608	576172.0000	199	188323.0000	409	387849.0000
20110823	金融期貨            	FXF    	B         	45	42471.0000	0	.0000	45	42471.0000	116	109968.0000	0	.0000	116	109968.0000
20110823	金融期貨            	FXF    	C         	2614	2423588.0000	2203	2049157.0000	411	374431.0000	958	908184.0000	3821	3622261.0000	-2863	-2714077.0000
20110823	櫃買期貨            	GTF    	A         	17	7409.0000	52	22613.0000	-35	-15204.0000	14	6121.0000	186	81388.0000	-172	-75267.0000
20110823	櫃買期貨            	GTF    	B         	1	440.0000	0	.0000	1	440.0000	140	61292.0000	0	.0000	140	61292.0000
20110823	櫃買期貨            	GTF    	C         	0	.0000	0	.0000	0	.0000	0	.0000	0	.0000	0	.0000
20110823	摩臺期              	MSF    	A         	0	.0000	0	.0000	0	.0000	0	.0000	0	.0000	0	.0000
20110823	摩臺期              	MSF    	B         	0	.0000	0	.0000	0	.0000	0	.0000	0	.0000	0	.0000
20110823	摩臺期              	MSF    	C         	0	.0000	0	.0000	0	.0000	0	.0000	0	.0000	0	.0000
20110823	小型臺指            	MXF    	A         	16537	6109613.0000	15482	5735018.0000	1055	374595.0000	6222	2332167.0000	13758	5154927.0000	-7536	-2822760.0000
20110823	小型臺指            	MXF    	B         	0	.0000	2	752.0000	-2	-752.0000	5	1876.0000	169	63409.0000	-164	-61533.0000
20110823	小型臺指            	MXF    	C         	16678	6158439.0000	17064	6315328.0000	-386	-156888.0000	4598	1721731.0000	4088	1531565.0000	510	190166.0000
20110823	股票期貨            	STF    	A         	12112	684742.0000	11705	628534.0000	407	56208.0000	14256	888572.0000	10884	688496.0000	3372	200076.0000
20110823	股票期貨            	STF    	B         	0	.0000	0	.0000	0	.0000	11657	1609678.0000	0	.0000	11657	1609678.0000
20110823	股票期貨            	STF    	C         	98	9229.0000	550	30334.0000	-452	-21105.0000	378	63540.0000	23227	2325505.0000	-22849	-2261965.0000
20110823	臺灣50期貨          	T5F    	A         	0	.0000	0	.0000	0	.0000	500	253000.0000	0	.0000	500	253000.0000
20110823	臺灣50期貨          	T5F    	B         	0	.0000	0	.0000	0	.0000	0	.0000	0	.0000	0	.0000
20110823	臺灣50期貨          	T5F    	C         	0	.0000	0	.0000	0	.0000	0	.0000	500	253000.0000	-500	-253000.0000
20110823	臺股期貨            	TXF    	A         	29101	43144953.0000	26001	38575407.0000	3100	4569546.0000	4904	7346893.0000	11423	17113962.0000	-6519	-9767069.0000
20110823	臺股期貨            	TXF    	B         	393	588139.0000	34	49923.0000	359	538216.0000	4403	6608022.0000	1978	2968582.0000	2425	3639440.0000
20110823	臺股期貨            	TXF    	C         	26751	39544880.0000	32768	48539799.0000	-6017	-8994919.0000	28961	43391063.0000	27719	41574444.0000	1242	1816619.0000
20110823	非金電期貨          	XIF    	A         	278	296733.0000	312	332235.0000	-34	-35502.0000	671	723956.0000	200	215777.0000	471	508179.0000
20110823	非金電期貨          	XIF    	B         	0	.0000	0	.0000	0	.0000	36	38837.0000	0	.0000	36	38837.0000
20110823	非金電期貨          	XIF    	C         	138	147157.0000	270	288043.0000	-132	-140887.0000	206	222233.0000	653	704456.0000	-447	-482223.0000
20110824	電子期貨            	EXF    	A         	1136	1190839.0000	1547	1621410.0000	-411	-430571.0000	809	842546.0000	318	330390.0000	491	512156.0000
20110824	電子期貨            	EXF    	B         	2	2083.0000	73	76282.0000	-71	-74199.0000	161	167891.0000	783	816512.0000	-622	-648621.0000
20110824	電子期貨            	EXF    	C         	2183	2285691.0000	2326	2436698.0000	-143	-151008.0000	4483	4674281.0000	4341	4526420.0000	142	147861.0000
20110824	金融期貨            	FXF    	A         	1204	1121252.0000	1242	1155662.0000	-38	-34410.0000	543	503516.0000	172	159210.0000	371	344306.0000
20110824	金融期貨            	FXF    	B         	0	.0000	0	.0000	0	.0000	116	107602.0000	0	.0000	116	107602.0000
20110824	金融期貨            	FXF    	C         	2385	2218862.0000	2337	2176757.0000	48	42105.0000	1145	1062102.0000	3960	3673261.0000	-2815	-2611159.0000
20110824	櫃買期貨            	GTF    	A         	13	5654.0000	26	11376.0000	-13	-5722.0000	19	8254.0000	204	88620.0000	-185	-80366.0000
20110824	櫃買期貨            	GTF    	B         	0	.0000	0	.0000	0	.0000	140	60844.0000	0	.0000	140	60844.0000
20110824	櫃買期貨            	GTF    	C         	0	.0000	0	.0000	0	.0000	0	.0000	0	.0000	0	.0000
20110824	摩臺期              	MSF    	A         	0	.0000	0	.0000	0	.0000	0	.0000	0	.0000	0	.0000
20110824	摩臺期              	MSF    	B         	0	.0000	0	.0000	0	.0000	0	.0000	0	.0000	0	.0000
20110824	摩臺期              	MSF    	C         	0	.0000	0	.0000	0	.0000	0	.0000	0	.0000	0	.0000
20110824	小型臺指            	MXF    	A         	17288	6431228.0000	18741	6965879.0000	-1453	-534651.0000	6616	2453062.0000	15605	5783189.0000	-8989	-3330127.0000
20110824	小型臺指            	MXF    	B         	5	1855.0000	0	.0000	5	1855.0000	6	2227.0000	165	61232.0000	-159	-59005.0000
20110824	小型臺指            	MXF    	C         	19475	7240526.0000	19644	7304137.0000	-169	-63611.0000	4339	1606511.0000	3238	1199044.0000	1101	407467.0000
20110824	股票期貨            	STF    	A         	10225	550968.0000	10021	530509.0000	204	20458.0000	14439	886180.0000	10863	664714.0000	3576	221466.0000
20110824	股票期貨            	STF    	B         	0	.0000	0	.0000	0	.0000	11657	1615594.0000	0	.0000	11657	1615594.0000
20110824	股票期貨            	STF    	C         	9	926.0000	24	1794.0000	-15	-868.0000	376	62672.0000	23240	2327949.0000	-22864	-2265277.0000
20110824	臺灣50期貨          	T5F    	A         	0	.0000	0	.0000	0	.0000	500	250250.0000	0	.0000	500	250250.0000
20110824	臺灣50期貨          	T5F    	B         	0	.0000	0	.0000	0	.0000	0	.0000	0	.0000	0	.0000
20110824	臺灣50期貨          	T5F    	C         	0	.0000	0	.0000	0	.0000	0	.0000	500	250250.0000	-500	-250250.0000
20110824	臺股期貨            	TXF    	A         	31703	47165946.0000	30531	45396302.0000	1172	1769644.0000	6667	9883110.0000	12014	17796411.0000	-5347	-7913301.0000
20110824	臺股期貨            	TXF    	B         	1094	1625723.0000	228	338700.0000	866	1287023.0000	4539	6737692.0000	1250	1855500.0000	3289	4882192.0000
20110824	臺股期貨            	TXF    	C         	37477	55734816.0000	38639	57506838.0000	-1162	-1772022.0000	29591	43841528.0000	29701	44061971.0000	-110	-220443.0000
20110824	非金電期貨          	XIF    	A         	666	705192.0000	670	708549.0000	-4	-3358.0000	629	666096.0000	162	171501.0000	467	494595.0000
20110824	非金電期貨          	XIF    	B         	0	.0000	0	.0000	0	.0000	36	38124.0000	0	.0000	36	38124.0000
20110824	非金電期貨          	XIF    	C         	443	467915.0000	400	424117.0000	43	43798.0000	91	96369.0000	495	524205.0000	-404	-427836.0000
20110825	電子期貨            	EXF    	A         	888	930419.0000	838	878691.0000	50	51728.0000	807	834115.0000	266	274374.0000	541	559741.0000
20110825	電子期貨            	EXF    	B         	2	2071.0000	200	210055.0000	-198	-207984.0000	163	168705.0000	983	1017405.0000	-820	-848700.0000
20110825	電子期貨            	EXF    	C         	1508	1581689.0000	1242	1301571.0000	266	280118.0000	4405	4558844.0000	3997	4136500.0000	408	422344.0000
20110825	金融期貨            	FXF    	A         	692	644521.0000	962	897401.0000	-270	-252880.0000	413	378782.0000	312	285969.0000	101	92813.0000
20110825	金融期貨            	FXF    	B         	1	918.0000	15	13950.0000	-14	-13032.0000	117	107359.0000	15	13764.0000	102	93595.0000
20110825	金融期貨            	FXF    	C         	2167	2018901.0000	1943	1809399.0000	224	209502.0000	1115	1023124.0000	3706	3400586.0000	-2591	-2377462.0000
20110825	櫃買期貨            	GTF    	A         	49	21248.0000	37	16012.0000	12	5237.0000	21	8950.0000	194	82721.0000	-173	-73771.0000
20110825	櫃買期貨            	GTF    	B         	0	.0000	0	.0000	0	.0000	140	59724.0000	0	.0000	140	59724.0000
20110825	櫃買期貨            	GTF    	C         	0	.0000	0	.0000	0	.0000	0	.0000	0	.0000	0	.0000
20110825	摩臺期              	MSF    	A         	0	.0000	0	.0000	0	.0000	0	.0000	0	.0000	0	.0000
20110825	摩臺期              	MSF    	B         	0	.0000	0	.0000	0	.0000	0	.0000	0	.0000	0	.0000
20110825	摩臺期              	MSF    	C         	0	.0000	0	.0000	0	.0000	0	.0000	0	.0000	0	.0000
20110825	小型臺指            	MXF    	A         	14217	5297110.0000	15452	5757261.0000	-1235	-460151.0000	5091	1871398.0000	15315	5627664.0000	-10224	-3756266.0000
20110825	小型臺指            	MXF    	B         	0	.0000	2	736.0000	-2	-736.0000	6	2208.0000	167	61456.0000	-161	-59248.0000
20110825	小型臺指            	MXF    	C         	16007	5965098.0000	16804	6264313.0000	-797	-299215.0000	4697	1724529.0000	3877	1423882.0000	820	300647.0000
20110825	股票期貨            	STF    	A         	8680	423610.0000	7846	388225.0000	834	35385.0000	15295	922892.0000	10885	674183.0000	4410	248709.0000
20110825	股票期貨            	STF    	B         	0	.0000	0	.0000	0	.0000	11657	1612168.0000	0	.0000	11657	1612168.0000
20110825	股票期貨            	STF    	C         	10	1566.0000	6	546.0000	4	1020.0000	376	62753.0000	23236	2313277.0000	-22860	-2250524.0000
20110825	臺灣50期貨          	T5F    	A         	2	1021.0000	2	1004.0000	0	16.0000	500	248750.0000	0	.0000	500	248750.0000
20110825	臺灣50期貨          	T5F    	B         	0	.0000	0	.0000	0	.0000	0	.0000	0	.0000	0	.0000
20110825	臺灣50期貨          	T5F    	C         	0	.0000	0	.0000	0	.0000	0	.0000	500	248750.0000	-500	-248750.0000
20110825	臺股期貨            	TXF    	A         	22587	33633298.0000	23294	34690289.0000	-707	-1056992.0000	7163	10531064.0000	13217	19414730.0000	-6054	-8883666.0000
20110825	臺股期貨            	TXF    	B         	108	161840.0000	594	881210.0000	-486	-719370.0000	4494	6615168.0000	1691	2489152.0000	2803	4126016.0000
20110825	臺股期貨            	TXF    	C         	26806	39963166.0000	26393	39359550.0000	413	603616.0000	29196	42887870.0000	29022	42694189.0000	174	193681.0000
20110825	非金電期貨          	XIF    	A         	337	357798.0000	355	376544.0000	-18	-18746.0000	580	609246.0000	131	137561.0000	449	471685.0000
20110825	非金電期貨          	XIF    	B         	0	.0000	0	.0000	0	.0000	36	37818.0000	0	.0000	36	37818.0000
20110825	非金電期貨          	XIF    	C         	194	206282.0000	256	271726.0000	-62	-65443.0000	57	59879.0000	523	549412.0000	-466	-489533.0000
20110826	電子期貨            	EXF    	A         	1095	1150900.0000	936	982766.0000	159	168134.0000	1034	1089499.0000	334	351103.0000	700	738396.0000
20110826	電子期貨            	EXF    	B         	200	210050.0000	42	44172.0000	158	165878.0000	163	171900.0000	825	870045.0000	-662	-698145.0000
20110826	電子期貨            	EXF    	C         	1308	1374579.0000	1881	1978291.0000	-573	-603712.0000	4083	4305381.0000	4243	4474353.0000	-160	-168972.0000
20110826	金融期貨            	FXF    	A         	843	776785.0000	966	889268.0000	-123	-112483.0000	515	475167.0000	537	495354.0000	-22	-20187.0000
20110826	金融期貨            	FXF    	B         	16	14720.0000	0	.0000	16	14720.0000	118	108914.0000	0	.0000	118	108914.0000
20110826	金融期貨            	FXF    	C         	2052	1888117.0000	1961	1804733.0000	91	83383.0000	991	914682.0000	3491	3222155.0000	-2500	-2307473.0000
20110826	櫃買期貨            	GTF    	A         	54	22913.0000	53	22539.0000	1	374.0000	16	6836.0000	188	79984.0000	-172	-73148.0000
20110826	櫃買期貨            	GTF    	B         	1	426.0000	0	.0000	1	426.0000	141	60010.0000	0	.0000	141	60010.0000
20110826	櫃買期貨            	GTF    	C         	0	.0000	0	.0000	0	.0000	0	.0000	0	.0000	0	.0000
20110826	摩臺期              	MSF    	A         	0	.0000	0	.0000	0	.0000	0	.0000	0	.0000	0	.0000
20110826	摩臺期              	MSF    	B         	0	.0000	0	.0000	0	.0000	0	.0000	0	.0000	0	.0000
20110826	摩臺期              	MSF    	C         	0	.0000	0	.0000	0	.0000	0	.0000	0	.0000	0	.0000
20110826	小型臺指            	MXF    	A         	11946	4432992.0000	11200	4152788.0000	746	280204.0000	4581	1702881.0000	14051	5221526.0000	-9470	-3518645.0000
20110826	小型臺指            	MXF    	B         	0	.0000	2	744.0000	-2	-744.0000	6	2233.0000	169	62902.0000	-163	-60669.0000
20110826	小型臺指            	MXF    	C         	17411	6460656.0000	17018	6313883.0000	393	146773.0000	4910	1823115.0000	4409	1638336.0000	501	184779.0000
20110826	股票期貨            	STF    	A         	7983	471531.0000	7921	469963.0000	62	1568.0000	15630	966143.0000	11158	710423.0000	4472	255720.0000
20110826	股票期貨            	STF    	B         	0	.0000	0	.0000	0	.0000	11657	1633769.0000	0	.0000	11657	1633769.0000
20110826	股票期貨            	STF    	C         	6	711.0000	5	547.0000	1	164.0000	374	63102.0000	23233	2343613.0000	-22859	-2280511.0000
20110826	臺灣50期貨          	T5F    	A         	0	.0000	0	.0000	0	.0000	500	251500.0000	0	.0000	500	251500.0000
20110826	臺灣50期貨          	T5F    	B         	0	.0000	0	.0000	0	.0000	0	.0000	0	.0000	0	.0000
20110826	臺灣50期貨          	T5F    	C         	0	.0000	0	.0000	0	.0000	0	.0000	500	251500.0000	-500	-251500.0000
20110826	臺股期貨            	TXF    	A         	22065	32755932.0000	23044	34198411.0000	-979	-1442479.0000	6224	9252834.0000	13259	19698669.0000	-7035	-10445835.0000
20110826	臺股期貨            	TXF    	B         	121	179952.0000	308	456751.0000	-187	-276799.0000	4407	6561142.0000	1791	2666441.0000	2616	3894701.0000
20110826	臺股期貨            	TXF    	C         	27355	40618743.0000	25001	37128162.0000	2354	3490581.0000	29996	44565634.0000	27289	40600042.0000	2707	3965592.0000
20110826	非金電期貨          	XIF    	A         	241	253549.0000	251	264309.0000	-10	-10761.0000	586	618577.0000	147	155109.0000	439	463468.0000
20110826	非金電期貨          	XIF    	B         	0	.0000	0	.0000	0	.0000	36	38005.0000	0	.0000	36	38005.0000
20110826	非金電期貨          	XIF    	C         	185	194846.0000	132	138914.0000	53	55932.0000	100	105570.0000	513	541574.0000	-413	-436004.0000
20110829	電子期貨            	EXF    	A         	608	649613.0000	786	840457.0000	-178	-190844.0000	908	967898.0000	386	410739.0000	522	557159.0000
20110829	電子期貨            	EXF    	B         	305	326710.0000	0	.0000	305	326710.0000	163	173888.0000	520	554736.0000	-357	-380848.0000
20110829	電子期貨            	EXF    	C         	1638	1752647.0000	1337	1430101.0000	301	322546.0000	3798	4051187.0000	3657	3901058.0000	141	150129.0000
20110829	金融期貨            	FXF    	A         	653	609620.0000	695	648127.0000	-42	-38507.0000	455	421967.0000	519	481182.0000	-64	-59215.0000
20110829	金融期貨            	FXF    	B         	0	.0000	0	.0000	0	.0000	118	109480.0000	0	.0000	118	109480.0000
20110829	金融期貨            	FXF    	C         	1275	1191127.0000	1186	1107796.0000	89	83332.0000	998	925930.0000	3409	3162832.0000	-2411	-2236902.0000
20110829	櫃買期貨            	GTF    	A         	17	7363.0000	17	7362.0000	0	1.0000	15	6480.0000	187	80456.0000	-172	-73976.0000
20110829	櫃買期貨            	GTF    	B         	0	.0000	0	.0000	0	.0000	141	60686.0000	0	.0000	141	60686.0000
20110829	櫃買期貨            	GTF    	C         	0	.0000	0	.0000	0	.0000	0	.0000	0	.0000	0	.0000
20110829	摩臺期              	MSF    	A         	0	.0000	0	.0000	0	.0000	0	.0000	0	.0000	0	.0000
20110829	摩臺期              	MSF    	B         	0	.0000	0	.0000	0	.0000	0	.0000	0	.0000	0	.0000
20110829	摩臺期              	MSF    	C         	0	.0000	0	.0000	0	.0000	0	.0000	0	.0000	0	.0000
20110829	小型臺指            	MXF    	A         	12269	4630503.0000	11614	4385504.0000	655	244999.0000	4512	1696216.0000	13311	5003364.0000	-8799	-3307148.0000
20110829	小型臺指            	MXF    	B         	8	3013.0000	0	.0000	8	3013.0000	6	2259.0000	161	60608.0000	-155	-58349.0000
20110829	小型臺指            	MXF    	C         	11986	4526299.0000	12668	4785513.0000	-682	-259214.0000	4967	1865229.0000	5052	1899152.0000	-85	-33923.0000
20110829	股票期貨            	STF    	A         	5390	290023.0000	5049	264040.0000	341	25984.0000	16156	1023639.0000	11343	741736.0000	4813	281903.0000
20110829	股票期貨            	STF    	B         	0	.0000	0	.0000	0	.0000	11657	1664390.0000	0	.0000	11657	1664390.0000
20110829	股票期貨            	STF    	C         	188	11094.0000	488	19777.0000	-300	-8683.0000	366	63178.0000	23525	2391720.0000	-23159	-2328542.0000
20110829	臺灣50期貨          	T5F    	A         	0	.0000	0	.0000	0	.0000	500	255500.0000	0	.0000	500	255500.0000
20110829	臺灣50期貨          	T5F    	B         	0	.0000	0	.0000	0	.0000	0	.0000	0	.0000	0	.0000
20110829	臺灣50期貨          	T5F    	C         	0	.0000	0	.0000	0	.0000	0	.0000	500	255500.0000	-500	-255500.0000
20110829	臺股期貨            	TXF    	A         	25427	38401869.0000	23320	35231387.0000	2107	3170481.0000	6185	9297869.0000	11117	16699484.0000	-4932	-7401615.0000
20110829	臺股期貨            	TXF    	B         	260	392904.0000	23	34563.0000	237	358342.0000	4422	6658648.0000	1569	2362600.0000	2853	4296048.0000
20110829	臺股期貨            	TXF    	C         	20320	30699398.0000	24787	37448114.0000	-4467	-6748716.0000	28101	42225656.0000	29886	44972033.0000	-1785	-2746377.0000
20110829	非金電期貨          	XIF    	A         	329	353706.0000	337	362212.0000	-8	-8505.0000	594	635860.0000	163	174466.0000	431	461394.0000
20110829	非金電期貨          	XIF    	B         	0	.0000	0	.0000	0	.0000	36	38534.0000	0	.0000	36	38534.0000
20110829	非金電期貨          	XIF    	C         	118	126506.0000	152	163367.0000	-34	-36862.0000	88	94195.0000	535	572661.0000	-447	-478466.0000
20110830	電子期貨            	EXF    	A         	897	970525.0000	1084	1173285.0000	-187	-202759.0000	779	841090.0000	444	478430.0000	335	362660.0000
20110830	電子期貨            	EXF    	B         	97	105050.0000	0	.0000	97	105050.0000	163	176170.0000	423	457178.0000	-260	-281008.0000
20110830	電子期貨            	EXF    	C         	1134	1227348.0000	1446	1565140.0000	-312	-337792.0000	3778	4082426.0000	3949	4267849.0000	-171	-185423.0000
20110830	金融期貨            	FXF    	A         	788	734277.0000	760	707929.0000	28	26348.0000	443	412873.0000	479	446262.0000	-36	-33389.0000
20110830	金融期貨            	FXF    	B         	0	.0000	0	.0000	0	.0000	118	110023.0000	0	.0000	118	110023.0000
20110830	金融期貨            	FXF    	C         	1136	1058537.0000	1240	1155544.0000	-104	-97007.0000	997	929590.0000	3512	3274552.0000	-2515	-2344962.0000
20110830	櫃買期貨            	GTF    	A         	6	2635.0000	33	14499.0000	-27	-11864.0000	8	3523.0000	207	91283.0000	-199	-87760.0000
20110830	櫃買期貨            	GTF    	B         	0	.0000	0	.0000	0	.0000	141	62209.0000	0	.0000	141	62209.0000
20110830	櫃買期貨            	GTF    	C         	0	.0000	0	.0000	0	.0000	0	.0000	0	.0000	0	.0000
20110830	摩臺期              	MSF    	A         	0	.0000	0	.0000	0	.0000	0	.0000	0	.0000	0	.0000
20110830	摩臺期              	MSF    	B         	0	.0000	0	.0000	0	.0000	0	.0000	0	.0000	0	.0000
20110830	摩臺期              	MSF    	C         	0	.0000	0	.0000	0	.0000	0	.0000	0	.0000	0	.0000
20110830	小型臺指            	MXF    	A         	8958	3401337.0000	7326	2779824.0000	1632	621513.0000	6971	2646347.0000	14154	5370768.0000	-7183	-2724421.0000
20110830	小型臺指            	MXF    	B         	0	.0000	3	1141.0000	-3	-1141.0000	3	1140.0000	161	61188.0000	-158	-60048.0000
20110830	小型臺指            	MXF    	C         	13175	5001331.0000	10558	4006957.0000	2617	994374.0000	4924	1866349.0000	3128	1185893.0000	1796	680456.0000
20110830	股票期貨            	STF    	A         	3956	220873.0000	4139	224645.0000	-183	-3772.0000	16083	1032661.0000	11453	747152.0000	4630	285509.0000
20110830	股票期貨            	STF    	B         	0	.0000	0	.0000	0	.0000	11657	1661704.0000	0	.0000	11657	1661704.0000
20110830	股票期貨            	STF    	C         	103	9357.0000	278	22071.0000	-175	-12714.0000	376	64186.0000	23710	2407341.0000	-23334	-2343155.0000
20110830	臺灣50期貨          	T5F    	A         	0	.0000	0	.0000	0	.0000	500	257250.0000	0	.0000	500	257250.0000
20110830	臺灣50期貨          	T5F    	B         	0	.0000	0	.0000	0	.0000	0	.0000	0	.0000	0	.0000
20110830	臺灣50期貨          	T5F    	C         	0	.0000	0	.0000	0	.0000	0	.0000	500	257250.0000	-500	-257250.0000
20110830	臺股期貨            	TXF    	A         	19577	29735728.0000	18158	27579384.0000	1419	2156344.0000	7927	12031632.0000	11436	17341235.0000	-3509	-5309603.0000
20110830	臺股期貨            	TXF    	B         	190	288910.0000	77	116795.0000	113	172116.0000	4424	6725365.0000	1458	2216452.0000	2966	4508913.0000
20110830	臺股期貨            	TXF    	C         	23176	35200026.0000	19102	29002367.0000	4074	6197658.0000	29849	45278472.0000	27376	41585132.0000	2473	3693340.0000
20110830	非金電期貨          	XIF    	A         	269	288309.0000	342	366801.0000	-73	-78492.0000	461	496552.0000	103	110897.0000	358	385655.0000
20110830	非金電期貨          	XIF    	B         	0	.0000	0	.0000	0	.0000	36	38786.0000	0	.0000	36	38786.0000
20110830	非金電期貨          	XIF    	C         	336	360483.0000	234	250937.0000	102	109546.0000	1	1077.0000	346	372742.0000	-345	-371665.0000
20110831	電子期貨            	EXF    	A         	1126	1218577.0000	776	840548.0000	350	378029.0000	1133	1239734.0000	448	489207.0000	685	750527.0000
20110831	電子期貨            	EXF    	B         	0	.0000	81	86890.0000	-81	-86890.0000	162	177455.0000	503	550986.0000	-341	-373531.0000
20110831	電子期貨            	EXF    	C         	1491	1614048.0000	1750	1894785.0000	-259	-280737.0000	4364	4779547.0000	4794	5250903.0000	-430	-471356.0000
20110831	金融期貨            	FXF    	A         	881	825610.0000	740	693429.0000	141	132180.0000	519	490621.0000	414	391109.0000	105	99512.0000
20110831	金融期貨            	FXF    	B         	0	.0000	0	.0000	0	.0000	118	111604.0000	0	.0000	118	111604.0000
20110831	金融期貨            	FXF    	C         	1233	1155082.0000	1167	1091681.0000	66	63402.0000	1090	1030904.0000	3539	3347137.0000	-2449	-2316233.0000
20110831	櫃買期貨            	GTF    	A         	2	884.0000	3	1326.0000	-1	-442.0000	9	4012.0000	209	93252.0000	-200	-89240.0000
20110831	櫃買期貨            	GTF    	B         	0	.0000	0	.0000	0	.0000	141	62942.0000	0	.0000	141	62942.0000
20110831	櫃買期貨            	GTF    	C         	0	.0000	0	.0000	0	.0000	0	.0000	0	.0000	0	.0000
20110831	摩臺期              	MSF    	A         	0	.0000	0	.0000	0	.0000	0	.0000	0	.0000	0	.0000
20110831	摩臺期              	MSF    	B         	0	.0000	0	.0000	0	.0000	0	.0000	0	.0000	0	.0000
20110831	摩臺期              	MSF    	C         	0	.0000	0	.0000	0	.0000	0	.0000	0	.0000	0	.0000
20110831	小型臺指            	MXF    	A         	10621	4051707.0000	9948	3793856.0000	673	257851.0000	7553	2907422.0000	14007	5389360.0000	-6454	-2481938.0000
20110831	小型臺指            	MXF    	B         	2	771.0000	0	.0000	2	771.0000	4	1541.0000	160	61656.0000	-156	-60115.0000
20110831	小型臺指            	MXF    	C         	13520	5153596.0000	12261	4673420.0000	1259	480176.0000	4747	1823748.0000	2904	1115969.0000	1843	707779.0000
20110831	股票期貨            	STF    	A         	5206	283091.0000	5582	293416.0000	-376	-10325.0000	16545	1087246.0000	12291	798263.0000	4254	288983.0000
20110831	股票期貨            	STF    	B         	0	.0000	0	.0000	0	.0000	11657	1676976.0000	0	.0000	11657	1676976.0000
20110831	股票期貨            	STF    	C         	93	6151.0000	239	19337.0000	-146	-13186.0000	366	61291.0000	23846	2446485.0000	-23480	-2385194.0000
20110831	臺灣50期貨          	T5F    	A         	0	.0000	0	.0000	0	.0000	500	262150.0000	0	.0000	500	262150.0000
20110831	臺灣50期貨          	T5F    	B         	0	.0000	0	.0000	0	.0000	0	.0000	0	.0000	0	.0000
20110831	臺灣50期貨          	T5F    	C         	0	.0000	0	.0000	0	.0000	0	.0000	500	262150.0000	-500	-262150.0000
20110831	臺股期貨            	TXF    	A         	24116	36834622.0000	23853	36439881.0000	263	394741.0000	9621	14808943.0000	12881	19811247.0000	-3260	-5002304.0000
20110831	臺股期貨            	TXF    	B         	52	78998.0000	51	77972.0000	1	1026.0000	4405	6789867.0000	1448	2231947.0000	2957	4557920.0000
20110831	臺股期貨            	TXF    	C         	19891	30332333.0000	18511	28216254.0000	1380	2116078.0000	31044	47752213.0000	26888	41412310.0000	4156	6339903.0000
20110831	非金電期貨          	XIF    	A         	264	285762.0000	199	215287.0000	65	70475.0000	520	568454.0000	97	106071.0000	423	462383.0000
20110831	非金電期貨          	XIF    	B         	0	.0000	0	.0000	0	.0000	36	39380.0000	0	.0000	36	39380.0000
20110831	非金電期貨          	XIF    	C         	253	274213.0000	262	284015.0000	-9	-9802.0000	118	129080.0000	472	515978.0000	-354	-386898.0000
