20090202	電子期貨            	EXF    	A         	317	209621.0000	711	470840.0000	-394	-261219.0000	869	573407.0000	566	373383.0000	303	200024.0000
20090202	電子期貨            	EXF    	B         	202	134201.0000	3	1978.0000	199	132223.0000	364	240386.0000	1206	796442.0000	-842	-556056.0000
20090202	電子期貨            	EXF    	C         	764	506678.0000	609	403494.0000	155	103184.0000	2799	1848460.0000	1956	1291742.0000	843	556718.0000
20090202	金融期貨            	FXF    	A         	372	179964.0000	442	213366.0000	-70	-33402.0000	406	194788.0000	514	246610.0000	-108	-51822.0000
20090202	金融期貨            	FXF    	B         	180	87171.0000	0	.0000	180	87171.0000	131	62880.0000	0	.0000	131	62880.0000
20090202	金融期貨            	FXF    	C         	110	53059.0000	191	92233.0000	-81	-39175.0000	1155	554400.0000	1702	816960.0000	-547	-262560.0000
20090202	櫃買期貨            	GTF    	A         	567	132893.0000	570	133600.0000	-3	-707.0000	35	8306.0000	33	7798.0000	2	508.0000
20090202	櫃買期貨            	GTF    	B         	0	.0000	0	.0000	0	.0000	0	.0000	0	.0000	0	.0000
20090202	櫃買期貨            	GTF    	C         	0	.0000	0	.0000	0	.0000	0	.0000	0	.0000	0	.0000
20090202	摩臺期              	MSF    	A         	2	1069.0000	5	2669.0000	-3	-1600.0000	2	1067.0000	5	2668.0000	-3	-1601.0000
20090202	摩臺期              	MSF    	B         	0	.0000	0	.0000	0	.0000	0	.0000	0	.0000	0	.0000
20090202	摩臺期              	MSF    	C         	0	.0000	0	.0000	0	.0000	0	.0000	0	.0000	0	.0000
20090202	小型臺指            	MXF    	A         	2627	547418.0000	2570	535403.0000	57	12015.0000	1059	219208.0000	5561	1155215.0000	-4502	-936007.0000
20090202	小型臺指            	MXF    	B         	0	.0000	0	.0000	0	.0000	0	.0000	0	.0000	0	.0000
20090202	小型臺指            	MXF    	C         	991	207130.0000	135	28041.0000	856	179089.0000	1040	216253.0000	2	416.0000	1038	215837.0000
20090202	臺灣50期貨          	T5F    	A         	0	.0000	0	.0000	0	.0000	0	.0000	0	.0000	0	.0000
20090202	臺灣50期貨          	T5F    	B         	0	.0000	0	.0000	0	.0000	0	.0000	0	.0000	0	.0000
20090202	臺灣50期貨          	T5F    	C         	0	.0000	0	.0000	0	.0000	0	.0000	0	.0000	0	.0000
20090202	臺股期貨            	TXF    	A         	9937	8283406.0000	9674	8060984.0000	263	222422.0000	4997	4146461.0000	4809	3971876.0000	188	174585.0000
20090202	臺股期貨            	TXF    	B         	1430	1193268.0000	1031	860495.0000	399	332773.0000	1113	925793.0000	22762	18914665.0000	-21649	-17988872.0000
20090202	臺股期貨            	TXF    	C         	7569	6312587.0000	6089	5073765.0000	1480	1238822.0000	47859	39714340.0000	12173	10069892.0000	35686	29644448.0000
20090202	非金電期貨          	XIF    	A         	404	208772.0000	303	156631.0000	101	52142.0000	899	464095.0000	19	9791.0000	880	454304.0000
20090202	非金電期貨          	XIF    	B         	0	.0000	0	.0000	0	.0000	19	9810.0000	0	.0000	19	9810.0000
20090202	非金電期貨          	XIF    	C         	3	1554.0000	194	100266.0000	-191	-98712.0000	9	4647.0000	40	20652.0000	-31	-16005.0000
20090203	電子期貨            	EXF    	A         	485	328860.0000	626	424850.0000	-141	-95990.0000	891	603811.0000	729	493921.0000	162	109890.0000
20090203	電子期貨            	EXF    	B         	110	74479.0000	1	676.0000	109	73803.0000	394	267290.0000	1127	764557.0000	-733	-497267.0000
20090203	電子期貨            	EXF    	C         	409	277971.0000	207	140007.0000	202	137964.0000	2970	2014811.0000	1925	1305920.0000	1045	708891.0000
20090203	金融期貨            	FXF    	A         	513	255053.0000	1111	552428.0000	-598	-297375.0000	410	203692.0000	1116	554558.0000	-706	-350866.0000
20090203	金融期貨            	FXF    	B         	0	.0000	20	9827.0000	-20	-9827.0000	111	55167.0000	0	.0000	111	55167.0000
20090203	金融期貨            	FXF    	C         	265	131290.0000	186	92162.0000	79	39128.0000	1258	625226.0000	1726	857822.0000	-468	-232596.0000
20090203	櫃買期貨            	GTF    	A         	174	42658.0000	200	49018.0000	-26	-6360.0000	31	7664.0000	55	13603.0000	-24	-5939.0000
20090203	櫃買期貨            	GTF    	B         	0	.0000	0	.0000	0	.0000	0	.0000	0	.0000	0	.0000
20090203	櫃買期貨            	GTF    	C         	0	.0000	0	.0000	0	.0000	0	.0000	0	.0000	0	.0000
20090203	摩臺期              	MSF    	A         	11	5917.0000	11	5917.0000	0	.0000	2	1088.0000	5	2719.0000	-3	-1631.0000
20090203	摩臺期              	MSF    	B         	0	.0000	0	.0000	0	.0000	0	.0000	0	.0000	0	.0000
20090203	摩臺期              	MSF    	C         	0	.0000	0	.0000	0	.0000	0	.0000	0	.0000	0	.0000
20090203	小型臺指            	MXF    	A         	3576	762517.0000	3087	659960.0000	489	102557.0000	1375	292749.0000	5416	1156976.0000	-4041	-864227.0000
20090203	小型臺指            	MXF    	B         	0	.0000	0	.0000	0	.0000	0	.0000	0	.0000	0	.0000
20090203	小型臺指            	MXF    	C         	611	130717.0000	413	88097.0000	198	42621.0000	1238	264727.0000	2	428.0000	1236	264299.0000
20090203	臺灣50期貨          	T5F    	A         	0	.0000	0	.0000	0	.0000	0	.0000	0	.0000	0	.0000
20090203	臺灣50期貨          	T5F    	B         	0	.0000	0	.0000	0	.0000	0	.0000	0	.0000	0	.0000
20090203	臺灣50期貨          	T5F    	C         	0	.0000	0	.0000	0	.0000	0	.0000	0	.0000	0	.0000
20090203	臺股期貨            	TXF    	A         	15333	13092862.0000	14124	12089495.0000	1209	1003367.0000	6315	5389763.0000	4911	4167565.0000	1404	1222198.0000
20090203	臺股期貨            	TXF    	B         	638	546801.0000	521	444064.0000	117	102738.0000	1182	1011083.0000	22714	19408646.0000	-21532	-18397563.0000
20090203	臺股期貨            	TXF    	C         	10108	8647230.0000	10891	9321647.0000	-783	-674417.0000	48108	41041649.0000	13205	11231600.0000	34903	29810049.0000
20090203	非金電期貨          	XIF    	A         	288	152204.0000	383	202445.0000	-95	-50241.0000	817	433894.0000	32	16936.0000	785	416958.0000
20090203	非金電期貨          	XIF    	B         	0	.0000	0	.0000	0	.0000	19	10093.0000	0	.0000	19	10093.0000
20090203	非金電期貨          	XIF    	C         	131	69242.0000	51	26815.0000	80	42427.0000	89	47277.0000	40	21248.0000	49	26029.0000
20090204	電子期貨            	EXF    	A         	419	288151.0000	525	362076.0000	-106	-73925.0000	895	618359.0000	839	579688.0000	56	38671.0000
20090204	電子期貨            	EXF    	B         	93	63752.0000	122	83763.0000	-29	-20010.0000	294	203330.0000	1057	731021.0000	-763	-527691.0000
20090204	電子期貨            	EXF    	C         	700	482668.0000	476	327179.0000	224	155489.0000	3183	2201358.0000	1914	1323714.0000	1269	877644.0000
20090204	金融期貨            	FXF    	A         	452	225178.0000	587	292597.0000	-135	-67419.0000	423	211491.0000	1264	631974.0000	-841	-420483.0000
20090204	金融期貨            	FXF    	B         	0	.0000	20	9960.0000	-20	-9960.0000	91	45518.0000	0	.0000	91	45518.0000
20090204	金融期貨            	FXF    	C         	161	80201.0000	203	100950.0000	-42	-20749.0000	1239	619748.0000	1749	874819.0000	-510	-255071.0000
20090204	櫃買期貨            	GTF    	A         	113	28052.0000	111	27552.0000	2	500.0000	30	7502.0000	52	13027.0000	-22	-5525.0000
20090204	櫃買期貨            	GTF    	B         	0	.0000	0	.0000	0	.0000	0	.0000	0	.0000	0	.0000
20090204	櫃買期貨            	GTF    	C         	0	.0000	0	.0000	0	.0000	0	.0000	0	.0000	0	.0000
20090204	摩臺期              	MSF    	A         	2	1109.0000	2	1109.0000	0	.0000	2	1113.0000	5	2782.0000	-3	-1669.0000
20090204	摩臺期              	MSF    	B         	0	.0000	0	.0000	0	.0000	0	.0000	0	.0000	0	.0000
20090204	摩臺期              	MSF    	C         	0	.0000	0	.0000	0	.0000	0	.0000	0	.0000	0	.0000
20090204	小型臺指            	MXF    	A         	3111	673016.0000	2409	521388.0000	702	151629.0000	1978	429196.0000	5321	1156916.0000	-3343	-727720.0000
20090204	小型臺指            	MXF    	B         	0	.0000	0	.0000	0	.0000	0	.0000	0	.0000	0	.0000
20090204	小型臺指            	MXF    	C         	523	113677.0000	861	185959.0000	-338	-72281.0000	988	214970.0000	90	19584.0000	898	195386.0000
20090204	臺灣50期貨          	T5F    	A         	0	.0000	0	.0000	0	.0000	0	.0000	0	.0000	0	.0000
20090204	臺灣50期貨          	T5F    	B         	0	.0000	0	.0000	0	.0000	0	.0000	0	.0000	0	.0000
20090204	臺灣50期貨          	T5F    	C         	0	.0000	0	.0000	0	.0000	0	.0000	0	.0000	0	.0000
20090204	臺股期貨            	TXF    	A         	12110	10486091.0000	12575	10886598.0000	-465	-400507.0000	6339	5505172.0000	5399	4667228.0000	940	837944.0000
20090204	臺股期貨            	TXF    	B         	1448	1255099.0000	926	799818.0000	522	455281.0000	1699	1478810.0000	22711	19745525.0000	-21012	-18266715.0000
20090204	臺股期貨            	TXF    	C         	9261	8017738.0000	8542	7389948.0000	719	627790.0000	48663	42239459.0000	13041	11280969.0000	35622	30958490.0000
20090204	非金電期貨          	XIF    	A         	316	169209.0000	398	213267.0000	-82	-44058.0000	732	394835.0000	29	15592.0000	703	379243.0000
20090204	非金電期貨          	XIF    	B         	0	.0000	0	.0000	0	.0000	19	10252.0000	0	.0000	19	10252.0000
20090204	非金電期貨          	XIF    	C         	193	103669.0000	119	63634.0000	74	40035.0000	173	93351.0000	50	26919.0000	123	66432.0000
20090205	電子期貨            	EXF    	A         	567	387666.0000	704	480799.0000	-137	-93132.0000	841	565382.0000	922	619858.0000	-81	-54476.0000
20090205	電子期貨            	EXF    	B         	57	39100.0000	0	.0000	57	39100.0000	294	197862.0000	1000	673000.0000	-706	-475138.0000
20090205	電子期貨            	EXF    	C         	322	220045.0000	131	89465.0000	191	130580.0000	3328	2239704.0000	1868	1257124.0000	1460	982580.0000
20090205	金融期貨            	FXF    	A         	348	174613.0000	500	250672.0000	-152	-76059.0000	454	223638.0000	1447	712794.0000	-993	-489156.0000
20090205	金融期貨            	FXF    	B         	0	.0000	0	.0000	0	.0000	91	44845.0000	0	.0000	91	44845.0000
20090205	金融期貨            	FXF    	C         	221	110967.0000	165	82717.0000	56	28250.0000	1247	614516.0000	1701	838235.0000	-454	-223719.0000
20090205	櫃買期貨            	GTF    	A         	146	36381.0000	144	35879.0000	2	502.0000	48	11910.0000	68	16894.0000	-20	-4984.0000
20090205	櫃買期貨            	GTF    	B         	0	.0000	0	.0000	0	.0000	0	.0000	0	.0000	0	.0000
20090205	櫃買期貨            	GTF    	C         	0	.0000	0	.0000	0	.0000	0	.0000	0	.0000	0	.0000
20090205	摩臺期              	MSF    	A         	5	2736.0000	5	2736.0000	0	.0000	5	2727.0000	8	4362.0000	-3	-1635.0000
20090205	摩臺期              	MSF    	B         	0	.0000	0	.0000	0	.0000	0	.0000	0	.0000	0	.0000
20090205	摩臺期              	MSF    	C         	0	.0000	0	.0000	0	.0000	0	.0000	0	.0000	0	.0000
20090205	小型臺指            	MXF    	A         	2479	536171.0000	3125	675448.0000	-646	-139277.0000	1793	381534.0000	5790	1235309.0000	-3997	-853775.0000
20090205	小型臺指            	MXF    	B         	0	.0000	0	.0000	0	.0000	0	.0000	0	.0000	0	.0000
20090205	小型臺指            	MXF    	C         	655	142508.0000	1147	247323.0000	-492	-104815.0000	408	87109.0000	2	427.0000	406	86682.0000
20090205	臺灣50期貨          	T5F    	A         	0	.0000	0	.0000	0	.0000	0	.0000	0	.0000	0	.0000
20090205	臺灣50期貨          	T5F    	B         	0	.0000	0	.0000	0	.0000	0	.0000	0	.0000	0	.0000
20090205	臺灣50期貨          	T5F    	C         	0	.0000	0	.0000	0	.0000	0	.0000	0	.0000	0	.0000
20090205	臺股期貨            	TXF    	A         	13057	11300581.0000	14129	12214414.0000	-1072	-913833.0000	5649	4811561.0000	5779	4903116.0000	-130	-91555.0000
20090205	臺股期貨            	TXF    	B         	508	440108.0000	732	630618.0000	-224	-190509.0000	1636	1397471.0000	22872	19515706.0000	-21236	-18118235.0000
20090205	臺股期貨            	TXF    	C         	10946	9467550.0000	9390	8121393.0000	1556	1346157.0000	50101	42678548.0000	12923	10969208.0000	37178	31709340.0000
20090205	非金電期貨          	XIF    	A         	300	161412.0000	341	183169.0000	-41	-21757.0000	715	382989.0000	53	28178.0000	662	354811.0000
20090205	非金電期貨          	XIF    	B         	0	.0000	0	.0000	0	.0000	19	10184.0000	0	.0000	19	10184.0000
20090205	非金電期貨          	XIF    	C         	139	74691.0000	61	32794.0000	78	41897.0000	247	132392.0000	46	24622.0000	201	107770.0000
20090206	電子期貨            	EXF    	A         	788	555315.0000	672	473885.0000	116	81430.0000	760	536698.0000	725	511942.0000	35	24756.0000
20090206	電子期貨            	EXF    	B         	233	164247.0000	161	114118.0000	72	50129.0000	394	278558.0000	1028	726796.0000	-634	-448238.0000
20090206	電子期貨            	EXF    	C         	221	155728.0000	479	336228.0000	-258	-180500.0000	3370	2382534.0000	2168	1532731.0000	1202	849803.0000
20090206	金融期貨            	FXF    	A         	878	445796.0000	571	289967.0000	307	155830.0000	465	236777.0000	1151	585972.0000	-686	-349195.0000
20090206	金融期貨            	FXF    	B         	0	.0000	0	.0000	0	.0000	91	46355.0000	0	.0000	91	46355.0000
20090206	金融期貨            	FXF    	C         	209	106353.0000	100	50458.0000	109	55895.0000	1387	706525.0000	1732	882262.0000	-345	-175737.0000
20090206	櫃買期貨            	GTF    	A         	17	4339.0000	21	5361.0000	-4	-1022.0000	45	11466.0000	69	17618.0000	-24	-6152.0000
20090206	櫃買期貨            	GTF    	B         	0	.0000	0	.0000	0	.0000	0	.0000	0	.0000	0	.0000
20090206	櫃買期貨            	GTF    	C         	0	.0000	0	.0000	0	.0000	0	.0000	0	.0000	0	.0000
20090206	摩臺期              	MSF    	A         	3	1699.0000	6	3400.0000	-3	-1701.0000	5	2844.0000	11	6257.0000	-6	-3413.0000
20090206	摩臺期              	MSF    	B         	0	.0000	0	.0000	0	.0000	0	.0000	0	.0000	0	.0000
20090206	摩臺期              	MSF    	C         	0	.0000	0	.0000	0	.0000	0	.0000	0	.0000	0	.0000
20090206	小型臺指            	MXF    	A         	4270	944718.0000	4266	943495.0000	4	1223.0000	1779	393198.0000	5888	1305405.0000	-4109	-912207.0000
20090206	小型臺指            	MXF    	B         	0	.0000	0	.0000	0	.0000	0	.0000	0	.0000	0	.0000
20090206	小型臺指            	MXF    	C         	205	45407.0000	77	16986.0000	128	28422.0000	468	103848.0000	2	444.0000	466	103404.0000
20090206	臺灣50期貨          	T5F    	A         	0	.0000	0	.0000	0	.0000	0	.0000	0	.0000	0	.0000
20090206	臺灣50期貨          	T5F    	B         	0	.0000	0	.0000	0	.0000	0	.0000	0	.0000	0	.0000
20090206	臺灣50期貨          	T5F    	C         	0	.0000	0	.0000	0	.0000	0	.0000	0	.0000	0	.0000
20090206	臺股期貨            	TXF    	A         	20190	17870665.0000	19191	16994109.0000	999	876557.0000	6933	6137087.0000	6035	5318465.0000	898	818622.0000
20090206	臺股期貨            	TXF    	B         	1524	1350253.0000	1292	1145162.0000	232	205091.0000	1637	1451229.0000	22643	20077966.0000	-21006	-18626737.0000
20090206	臺股期貨            	TXF    	C         	11519	10202636.0000	12125	10729609.0000	-606	-526973.0000	49983	44232489.0000	13394	11804861.0000	36589	32427628.0000
20090206	非金電期貨          	XIF    	A         	297	162154.0000	329	179518.0000	-32	-17364.0000	698	381714.0000	68	36918.0000	630	344796.0000
20090206	非金電期貨          	XIF    	B         	0	.0000	0	.0000	0	.0000	19	10399.0000	0	.0000	19	10399.0000
20090206	非金電期貨          	XIF    	C         	33	17990.0000	0	.0000	33	17990.0000	280	153244.0000	46	25136.0000	234	128108.0000
20090209	電子期貨            	EXF    	A         	189	135554.0000	700	502733.0000	-511	-367179.0000	631	452047.0000	1107	793465.0000	-476	-341418.0000
20090209	電子期貨            	EXF    	B         	0	.0000	0	.0000	0	.0000	394	282656.0000	1028	737487.0000	-634	-454831.0000
20090209	電子期貨            	EXF    	C         	1627	1168519.0000	456	326916.0000	1171	841603.0000	4296	3081779.0000	1923	1379468.0000	2373	1702311.0000
20090209	金融期貨            	FXF    	A         	437	222540.0000	555	283081.0000	-118	-60541.0000	413	207896.0000	1217	612422.0000	-804	-404526.0000
20090209	金融期貨            	FXF    	B         	0	.0000	0	.0000	0	.0000	91	45828.0000	0	.0000	91	45828.0000
20090209	金融期貨            	FXF    	C         	112	57241.0000	203	103424.0000	-91	-46184.0000	1382	695964.0000	1818	915517.0000	-436	-219553.0000
20090209	櫃買期貨            	GTF    	A         	161	41099.0000	161	41097.0000	0	2.0000	48	12275.0000	72	18402.0000	-24	-6127.0000
20090209	櫃買期貨            	GTF    	B         	0	.0000	0	.0000	0	.0000	0	.0000	0	.0000	0	.0000
20090209	櫃買期貨            	GTF    	C         	0	.0000	0	.0000	0	.0000	0	.0000	0	.0000	0	.0000
20090209	摩臺期              	MSF    	A         	2	1141.0000	3	1712.0000	-1	-571.0000	5	2852.0000	12	6846.0000	-7	-3994.0000
20090209	摩臺期              	MSF    	B         	0	.0000	0	.0000	0	.0000	0	.0000	0	.0000	0	.0000
20090209	摩臺期              	MSF    	C         	0	.0000	0	.0000	0	.0000	0	.0000	0	.0000	0	.0000
20090209	小型臺指            	MXF    	A         	2525	563442.0000	2569	573580.0000	-44	-10139.0000	1732	384013.0000	5913	1315141.0000	-4181	-931128.0000
20090209	小型臺指            	MXF    	B         	0	.0000	0	.0000	0	.0000	0	.0000	0	.0000	0	.0000
20090209	小型臺指            	MXF    	C         	0	.0000	928	207063.0000	-928	-207063.0000	67	14898.0000	529	117808.0000	-462	-102910.0000
20090209	臺灣50期貨          	T5F    	A         	0	.0000	0	.0000	0	.0000	0	.0000	0	.0000	0	.0000
20090209	臺灣50期貨          	T5F    	B         	0	.0000	0	.0000	0	.0000	0	.0000	0	.0000	0	.0000
20090209	臺灣50期貨          	T5F    	C         	0	.0000	0	.0000	0	.0000	0	.0000	0	.0000	0	.0000
20090209	臺股期貨            	TXF    	A         	11536	10313135.0000	12467	11135369.0000	-931	-822234.0000	6800	6041451.0000	6826	6040540.0000	-26	911.0000
20090209	臺股期貨            	TXF    	B         	1253	1118184.0000	1208	1078042.0000	45	40142.0000	1753	1557754.0000	22714	20209036.0000	-20961	-18651282.0000
20090209	臺股期貨            	TXF    	C         	8525	7611332.0000	7745	6925575.0000	780	685757.0000	51963	46140968.0000	14594	12912400.0000	37369	33228568.0000
20090209	非金電期貨          	XIF    	A         	246	134512.0000	278	151898.0000	-32	-17386.0000	668	364082.0000	70	37843.0000	598	326239.0000
20090209	非金電期貨          	XIF    	B         	0	.0000	0	.0000	0	.0000	19	10365.0000	0	.0000	19	10365.0000
20090209	非金電期貨          	XIF    	C         	78	42479.0000	100	54624.0000	-22	-12144.0000	262	142921.0000	50	27210.0000	212	115711.0000
20090210	電子期貨            	EXF    	A         	631	451527.0000	370	265013.0000	261	186514.0000	660	476478.0000	875	631947.0000	-215	-155469.0000
20090210	電子期貨            	EXF    	B         	0	.0000	23	16553.0000	-23	-16553.0000	394	284862.0000	1051	759873.0000	-657	-475011.0000
20090210	電子期貨            	EXF    	C         	313	224127.0000	290	207297.0000	23	16829.0000	4322	3124620.0000	1926	1392374.0000	2396	1732246.0000
20090210	金融期貨            	FXF    	A         	407	207879.0000	499	254868.0000	-92	-46988.0000	399	204678.0000	1295	664140.0000	-896	-459462.0000
20090210	金融期貨            	FXF    	B         	0	.0000	0	.0000	0	.0000	91	46701.0000	0	.0000	91	46701.0000
20090210	金融期貨            	FXF    	C         	90	46119.0000	117	60011.0000	-27	-13892.0000	1389	712824.0000	1852	950409.0000	-463	-237585.0000
20090210	櫃買期貨            	GTF    	A         	102	25874.0000	104	26388.0000	-2	-513.0000	47	12095.0000	73	18753.0000	-26	-6658.0000
20090210	櫃買期貨            	GTF    	B         	0	.0000	0	.0000	0	.0000	0	.0000	0	.0000	0	.0000
20090210	櫃買期貨            	GTF    	C         	0	.0000	0	.0000	0	.0000	0	.0000	0	.0000	0	.0000
20090210	摩臺期              	MSF    	A         	2	1149.0000	2	1149.0000	0	.0000	7	4020.0000	14	8040.0000	-7	-4020.0000
20090210	摩臺期              	MSF    	B         	0	.0000	0	.0000	0	.0000	0	.0000	0	.0000	0	.0000
20090210	摩臺期              	MSF    	C         	0	.0000	0	.0000	0	.0000	0	.0000	0	.0000	0	.0000
20090210	小型臺指            	MXF    	A         	2757	615847.0000	1993	444830.0000	764	171016.0000	2453	549711.0000	5938	1333395.0000	-3485	-783684.0000
20090210	小型臺指            	MXF    	B         	0	.0000	0	.0000	0	.0000	0	.0000	0	.0000	0	.0000
20090210	小型臺指            	MXF    	C         	483	108053.0000	99	22045.0000	384	86007.0000	67	15041.0000	145	32603.0000	-78	-17562.0000
20090210	臺灣50期貨          	T5F    	A         	0	.0000	0	.0000	0	.0000	0	.0000	0	.0000	0	.0000
20090210	臺灣50期貨          	T5F    	B         	0	.0000	0	.0000	0	.0000	0	.0000	0	.0000	0	.0000
20090210	臺灣50期貨          	T5F    	C         	0	.0000	0	.0000	0	.0000	0	.0000	0	.0000	0	.0000
20090210	臺股期貨            	TXF    	A         	9486	8475969.0000	9246	8258998.0000	240	216971.0000	7398	6636866.0000	7167	6402768.0000	231	234098.0000
20090210	臺股期貨            	TXF    	B         	645	575608.0000	369	325061.0000	276	250547.0000	1805	1619097.0000	22490	20196955.0000	-20685	-18577858.0000
20090210	臺股期貨            	TXF    	C         	8309	7409829.0000	6417	5725030.0000	1892	1684798.0000	53182	47662100.0000	13921	12421153.0000	39261	35240947.0000
20090210	非金電期貨          	XIF    	A         	228	124523.0000	224	122238.0000	4	2286.0000	683	374887.0000	81	44017.0000	602	330870.0000
20090210	非金電期貨          	XIF    	B         	0	.0000	0	.0000	0	.0000	19	10439.0000	0	.0000	19	10439.0000
20090210	非金電期貨          	XIF    	C         	90	49222.0000	67	36611.0000	23	12612.0000	287	157678.0000	52	28468.0000	235	129210.0000
20090211	電子期貨            	EXF    	A         	953	690321.0000	569	409487.0000	384	280834.0000	682	500025.0000	513	376481.0000	169	123544.0000
20090211	電子期貨            	EXF    	B         	0	.0000	203	142570.0000	-203	-142570.0000	394	289590.0000	1254	920170.0000	-860	-630580.0000
20090211	電子期貨            	EXF    	C         	646	463422.0000	1541	1106481.0000	-895	-643059.0000	3814	2802720.0000	2313	1700055.0000	1501	1102665.0000
20090211	金融期貨            	FXF    	A         	635	317857.0000	602	302504.0000	33	15354.0000	396	202737.0000	1259	644212.0000	-863	-441475.0000
20090211	金融期貨            	FXF    	B         	0	.0000	180	89391.0000	-180	-89391.0000	91	46610.0000	150	76830.0000	-59	-30220.0000
20090211	金融期貨            	FXF    	C         	368	184656.0000	209	105741.0000	159	78915.0000	1485	760564.0000	1789	916326.0000	-304	-155762.0000
20090211	櫃買期貨            	GTF    	A         	114	29150.0000	116	29675.0000	-2	-525.0000	45	11773.0000	73	19109.0000	-28	-7336.0000
20090211	櫃買期貨            	GTF    	B         	0	.0000	0	.0000	0	.0000	0	.0000	0	.0000	0	.0000
20090211	櫃買期貨            	GTF    	C         	0	.0000	0	.0000	0	.0000	0	.0000	0	.0000	0	.0000
20090211	摩臺期              	MSF    	A         	2	1162.0000	1	575.0000	1	587.0000	7	4109.0000	13	7631.0000	-6	-3522.0000
20090211	摩臺期              	MSF    	B         	0	.0000	0	.0000	0	.0000	0	.0000	0	.0000	0	.0000
20090211	摩臺期              	MSF    	C         	0	.0000	0	.0000	0	.0000	0	.0000	0	.0000	0	.0000
20090211	小型臺指            	MXF    	A         	4463	995350.0000	4248	948339.0000	215	47011.0000	2661	603937.0000	5947	1352217.0000	-3286	-748280.0000
20090211	小型臺指            	MXF    	B         	0	.0000	0	.0000	0	.0000	0	.0000	0	.0000	0	.0000
20090211	小型臺指            	MXF    	C         	1212	268540.0000	0	.0000	1212	268540.0000	1136	258586.0000	2	455.0000	1134	258131.0000
20090211	臺灣50期貨          	T5F    	A         	0	.0000	0	.0000	0	.0000	0	.0000	0	.0000	0	.0000
20090211	臺灣50期貨          	T5F    	B         	0	.0000	0	.0000	0	.0000	0	.0000	0	.0000	0	.0000
20090211	臺灣50期貨          	T5F    	C         	0	.0000	0	.0000	0	.0000	0	.0000	0	.0000	0	.0000
20090211	臺股期貨            	TXF    	A         	16056	14336747.0000	15911	14215712.0000	145	121035.0000	7796	7081900.0000	7416	6713202.0000	380	368698.0000
20090211	臺股期貨            	TXF    	B         	1742	1551067.0000	1285	1134173.0000	457	416894.0000	1438	1304835.0000	21666	19694447.0000	-20228	-18389612.0000
20090211	臺股期貨            	TXF    	C         	12420	11064914.0000	11828	10574572.0000	592	490342.0000	54657	49580263.0000	14804	13373241.0000	39853	36207022.0000
20090211	非金電期貨          	XIF    	A         	345	188151.0000	388	211477.0000	-43	-23326.0000	675	373218.0000	116	63709.0000	559	309509.0000
20090211	非金電期貨          	XIF    	B         	0	.0000	0	.0000	0	.0000	19	10511.0000	0	.0000	19	10511.0000
20090211	非金電期貨          	XIF    	C         	232	126551.0000	68	37387.0000	164	89164.0000	425	235001.0000	26	14383.0000	399	220618.0000
20090212	電子期貨            	EXF    	A         	936	671081.0000	732	524472.0000	204	146608.0000	830	590308.0000	457	325570.0000	373	264738.0000
20090212	電子期貨            	EXF    	B         	59	42311.0000	400	284825.0000	-341	-242514.0000	193	137725.0000	1394	992421.0000	-1201	-854696.0000
20090212	電子期貨            	EXF    	C         	589	420798.0000	678	485133.0000	-89	-64335.0000	3753	2677009.0000	2341	1670538.0000	1412	1006471.0000
20090212	金融期貨            	FXF    	A         	750	382072.0000	829	423022.0000	-79	-40950.0000	535	268636.0000	1477	741667.0000	-942	-473031.0000
20090212	金融期貨            	FXF    	B         	150	77428.0000	0	.0000	150	77428.0000	91	45737.0000	0	.0000	91	45737.0000
20090212	金融期貨            	FXF    	C         	247	126470.0000	449	229045.0000	-202	-102575.0000	1347	676978.0000	1853	931318.0000	-506	-254340.0000
20090212	櫃買期貨            	GTF    	A         	45	11573.0000	23	5945.0000	22	5629.0000	56	14267.0000	62	15774.0000	-6	-1507.0000
20090212	櫃買期貨            	GTF    	B         	0	.0000	0	.0000	0	.0000	0	.0000	0	.0000	0	.0000
20090212	櫃買期貨            	GTF    	C         	0	.0000	0	.0000	0	.0000	0	.0000	0	.0000	0	.0000
20090212	摩臺期              	MSF    	A         	3	1745.0000	4	2317.0000	-1	-572.0000	8	4600.0000	15	8625.0000	-7	-4025.0000
20090212	摩臺期              	MSF    	B         	0	.0000	0	.0000	0	.0000	0	.0000	0	.0000	0	.0000
20090212	摩臺期              	MSF    	C         	0	.0000	0	.0000	0	.0000	0	.0000	0	.0000	0	.0000
20090212	小型臺指            	MXF    	A         	7474	1665716.0000	7559	1684023.0000	-85	-18308.0000	2336	517398.0000	5747	1274620.0000	-3411	-757222.0000
20090212	小型臺指            	MXF    	B         	0	.0000	0	.0000	0	.0000	0	.0000	0	.0000	0	.0000
20090212	小型臺指            	MXF    	C         	57	12648.0000	1233	277839.0000	-1176	-265191.0000	11	2419.0000	109	24214.0000	-98	-21795.0000
20090212	臺灣50期貨          	T5F    	A         	0	.0000	0	.0000	0	.0000	0	.0000	0	.0000	0	.0000
20090212	臺灣50期貨          	T5F    	B         	0	.0000	0	.0000	0	.0000	0	.0000	0	.0000	0	.0000
20090212	臺灣50期貨          	T5F    	C         	0	.0000	0	.0000	0	.0000	0	.0000	0	.0000	0	.0000
20090212	臺股期貨            	TXF    	A         	20380	18182577.0000	22174	19788866.0000	-1794	-1606288.0000	6051	5360033.0000	7455	6586445.0000	-1404	-1226412.0000
20090212	臺股期貨            	TXF    	B         	905	808396.0000	1465	1294163.0000	-560	-485767.0000	1350	1195410.0000	22138	19626040.0000	-20788	-18430630.0000
20090212	臺股期貨            	TXF    	C         	14899	13272860.0000	12937	11538436.0000	1962	1734423.0000	58529	51797742.0000	16750	14765554.0000	41779	37032188.0000
20090212	非金電期貨          	XIF    	A         	392	213062.0000	339	184048.0000	53	29014.0000	732	399217.0000	120	64945.0000	612	334272.0000
20090212	非金電期貨          	XIF    	B         	0	.0000	0	.0000	0	.0000	19	10368.0000	0	.0000	19	10368.0000
20090212	非金電期貨          	XIF    	C         	109	59341.0000	186	101329.0000	-77	-41988.0000	340	185457.0000	18	9823.0000	322	175634.0000
20090213	電子期貨            	EXF    	A         	769	561641.0000	603	441057.0000	166	120584.0000	919	673784.0000	380	279030.0000	539	394754.0000
20090213	電子期貨            	EXF    	B         	52	37812.0000	445	323176.0000	-393	-285364.0000	193	142048.0000	1787	1310953.0000	-1594	-1168905.0000
20090213	電子期貨            	EXF    	C         	1176	857207.0000	618	452670.0000	558	404537.0000	4272	3139959.0000	2302	1694272.0000	1970	1445687.0000
20090213	金融期貨            	FXF    	A         	718	367564.0000	484	248496.0000	234	119068.0000	588	303346.0000	1296	669210.0000	-708	-365864.0000
20090213	金融期貨            	FXF    	B         	0	.0000	0	.0000	0	.0000	91	47047.0000	0	.0000	91	47047.0000
20090213	金融期貨            	FXF    	C         	223	114352.0000	74	37881.0000	149	76470.0000	1454	751640.0000	1811	936287.0000	-357	-184647.0000
20090213	櫃買期貨            	GTF    	A         	1197	309329.0000	1222	315855.0000	-25	-6526.0000	48	12729.0000	79	20923.0000	-31	-8194.0000
20090213	櫃買期貨            	GTF    	B         	0	.0000	0	.0000	0	.0000	0	.0000	0	.0000	0	.0000
20090213	櫃買期貨            	GTF    	C         	0	.0000	0	.0000	0	.0000	0	.0000	0	.0000	0	.0000
20090213	摩臺期              	MSF    	A         	0	.0000	2	1165.0000	-2	-1165.0000	8	4731.0000	17	10037.0000	-9	-5306.0000
20090213	摩臺期              	MSF    	B         	0	.0000	0	.0000	0	.0000	0	.0000	0	.0000	0	.0000
20090213	摩臺期              	MSF    	C         	0	.0000	0	.0000	0	.0000	0	.0000	0	.0000	0	.0000
20090213	小型臺指            	MXF    	A         	7222	1632278.0000	6573	1488646.0000	649	143632.0000	2393	544275.0000	5183	1182053.0000	-2790	-637778.0000
20090213	小型臺指            	MXF    	B         	0	.0000	0	.0000	0	.0000	0	.0000	0	.0000	0	.0000
20090213	小型臺指            	MXF    	C         	1201	270845.0000	61	13941.0000	1140	256903.0000	1044	238420.0000	2	457.0000	1042	237963.0000
20090213	臺灣50期貨          	T5F    	A         	0	.0000	0	.0000	0	.0000	0	.0000	0	.0000	0	.0000
20090213	臺灣50期貨          	T5F    	B         	0	.0000	0	.0000	0	.0000	0	.0000	0	.0000	0	.0000
20090213	臺灣50期貨          	T5F    	C         	0	.0000	0	.0000	0	.0000	0	.0000	0	.0000	0	.0000
20090213	臺股期貨            	TXF    	A         	20629	18687562.0000	19357	17555677.0000	1272	1131885.0000	7125	6481692.0000	7250	6580743.0000	-125	-99051.0000
20090213	臺股期貨            	TXF    	B         	3882	3519555.0000	4201	3768641.0000	-319	-249087.0000	1449	1318260.0000	22534	20499144.0000	-21085	-19180884.0000
20090213	臺股期貨            	TXF    	C         	23217	20924662.0000	21894	19800856.0000	1323	1123806.0000	62609	56871325.0000	19507	17667908.0000	43102	39203417.0000
20090213	非金電期貨          	XIF    	A         	591	324518.0000	572	314018.0000	19	10500.0000	860	478165.0000	229	125999.0000	631	352166.0000
20090213	非金電期貨          	XIF    	B         	0	.0000	0	.0000	0	.0000	19	10585.0000	0	.0000	19	10585.0000
20090213	非金電期貨          	XIF    	C         	112	61518.0000	80	43878.0000	32	17640.0000	372	207043.0000	18	10028.0000	354	197015.0000
20090216	電子期貨            	EXF    	A         	417	308135.0000	626	462225.0000	-209	-154090.0000	927	686178.0000	597	441653.0000	330	244525.0000
20090216	電子期貨            	EXF    	B         	259	191592.0000	263	193888.0000	-4	-2296.0000	193	143014.0000	1791	1326042.0000	-1598	-1183028.0000
20090216	電子期貨            	EXF    	C         	1864	1375476.0000	1342	990682.0000	522	384794.0000	4320	3200760.0000	1828	1355452.0000	2492	1845308.0000
20090216	金融期貨            	FXF    	A         	754	384696.0000	561	286056.0000	193	98640.0000	480	244857.0000	995	508456.0000	-515	-263599.0000
20090216	金融期貨            	FXF    	B         	0	.0000	0	.0000	0	.0000	91	46574.0000	0	.0000	91	46574.0000
20090216	金融期貨            	FXF    	C         	1063	541419.0000	1161	589684.0000	-98	-48264.0000	1396	712466.0000	1851	943879.0000	-455	-231413.0000
20090216	櫃買期貨            	GTF    	A         	110	29071.0000	106	28004.0000	4	1067.0000	52	13877.0000	79	21068.0000	-27	-7191.0000
20090216	櫃買期貨            	GTF    	B         	0	.0000	0	.0000	0	.0000	0	.0000	0	.0000	0	.0000
20090216	櫃買期貨            	GTF    	C         	0	.0000	0	.0000	0	.0000	0	.0000	0	.0000	0	.0000
20090216	摩臺期              	MSF    	A         	0	.0000	0	.0000	0	.0000	8	4736.0000	17	10047.0000	-9	-5311.0000
20090216	摩臺期              	MSF    	B         	0	.0000	0	.0000	0	.0000	0	.0000	0	.0000	0	.0000
20090216	摩臺期              	MSF    	C         	0	.0000	0	.0000	0	.0000	0	.0000	0	.0000	0	.0000
20090216	小型臺指            	MXF    	A         	5094	1159083.0000	4494	1022273.0000	600	136810.0000	2678	608610.0000	4908	1118594.0000	-2230	-509984.0000
20090216	小型臺指            	MXF    	B         	0	.0000	0	.0000	0	.0000	0	.0000	0	.0000	0	.0000
20090216	小型臺指            	MXF    	C         	23	5264.0000	1174	267712.0000	-1151	-262448.0000	11	2487.0000	120	27420.0000	-109	-24933.0000
20090216	臺灣50期貨          	T5F    	A         	0	.0000	0	.0000	0	.0000	0	.0000	0	.0000	0	.0000
20090216	臺灣50期貨          	T5F    	B         	0	.0000	0	.0000	0	.0000	0	.0000	0	.0000	0	.0000
20090216	臺灣50期貨          	T5F    	C         	0	.0000	0	.0000	0	.0000	0	.0000	0	.0000	0	.0000
20090216	臺股期貨            	TXF    	A         	11648	10610553.0000	11071	10090009.0000	577	520544.0000	6841	6211651.0000	6379	5785139.0000	462	426512.0000
20090216	臺股期貨            	TXF    	B         	3026	2760058.0000	2499	2255067.0000	527	504991.0000	1719	1565766.0000	22272	20249737.0000	-20553	-18683971.0000
20090216	臺股期貨            	TXF    	C         	22412	20302678.0000	23293	21173117.0000	-881	-870439.0000	64932	58914593.0000	22711	20554308.0000	42221	38360285.0000
20090216	非金電期貨          	XIF    	A         	514	281115.0000	522	286201.0000	-8	-5086.0000	851	468676.0000	228	124231.0000	623	344445.0000
20090216	非金電期貨          	XIF    	B         	15	8127.0000	15	8301.0000	0	-174.0000	19	10335.0000	0	.0000	19	10335.0000
20090216	非金電期貨          	XIF    	C         	172	95120.0000	217	118724.0000	-45	-23604.0000	426	235117.0000	117	63412.0000	309	171705.0000
20090217	電子期貨            	EXF    	A         	935	675384.0000	1204	870189.0000	-269	-194805.0000	969	696342.0000	908	652088.0000	61	44254.0000
20090217	電子期貨            	EXF    	B         	405	291578.0000	310	222501.0000	95	69077.0000	313	224435.0000	1816	1304064.0000	-1503	-1079629.0000
20090217	電子期貨            	EXF    	C         	4382	3159249.0000	4415	3185010.0000	-33	-25761.0000	4883	3503596.0000	2424	1737434.0000	2459	1766162.0000
20090217	金融期貨            	FXF    	A         	509	254734.0000	509	255368.0000	0	-635.0000	512	255791.0000	1027	514451.0000	-515	-258660.0000
20090217	金融期貨            	FXF    	B         	33	16307.0000	30	14992.0000	3	1315.0000	94	47003.0000	0	.0000	94	47003.0000
20090217	金融期貨            	FXF    	C         	1117	558035.0000	1367	679728.0000	-250	-121693.0000	1432	714905.0000	2137	1064116.0000	-705	-349211.0000
20090217	櫃買期貨            	GTF    	A         	43	11247.0000	35	9159.0000	8	2089.0000	53	13848.0000	72	18801.0000	-19	-4953.0000
20090217	櫃買期貨            	GTF    	B         	0	.0000	0	.0000	0	.0000	0	.0000	0	.0000	0	.0000
20090217	櫃買期貨            	GTF    	C         	0	.0000	0	.0000	0	.0000	0	.0000	0	.0000	0	.0000
20090217	摩臺期              	MSF    	A         	6	3468.0000	8	4616.0000	-2	-1149.0000	9	5237.0000	20	11608.0000	-11	-6371.0000
20090217	摩臺期              	MSF    	B         	0	.0000	0	.0000	0	.0000	0	.0000	0	.0000	0	.0000
20090217	摩臺期              	MSF    	C         	0	.0000	0	.0000	0	.0000	0	.0000	0	.0000	0	.0000
20090217	小型臺指            	MXF    	A         	7173	1601417.0000	7566	1692471.0000	-393	-91054.0000	2153	478031.0000	4864	1089607.0000	-2711	-611576.0000
20090217	小型臺指            	MXF    	B         	0	.0000	0	.0000	0	.0000	0	.0000	0	.0000	0	.0000
20090217	小型臺指            	MXF    	C         	184	41281.0000	999	223339.0000	-815	-182059.0000	35	7744.0000	959	215391.0000	-924	-207647.0000
20090217	臺灣50期貨          	T5F    	A         	0	.0000	0	.0000	0	.0000	0	.0000	0	.0000	0	.0000
20090217	臺灣50期貨          	T5F    	B         	0	.0000	0	.0000	0	.0000	0	.0000	0	.0000	0	.0000
20090217	臺灣50期貨          	T5F    	C         	0	.0000	0	.0000	0	.0000	0	.0000	0	.0000	0	.0000
20090217	臺股期貨            	TXF    	A         	17539	15690731.0000	19735	17662762.0000	-2196	-1972031.0000	5602	4969039.0000	7314	6497633.0000	-1712	-1528594.0000
20090217	臺股期貨            	TXF    	B         	8731	7812885.0000	8802	7790018.0000	-71	22867.0000	1944	1733518.0000	22568	20035747.0000	-20624	-18302229.0000
20090217	臺股期貨            	TXF    	C         	37021	32966820.0000	35914	32094976.0000	1107	871844.0000	69195	61431427.0000	25867	22934098.0000	43328	38497329.0000
20090217	非金電期貨          	XIF    	A         	404	218898.0000	442	240118.0000	-38	-21220.0000	838	460261.0000	253	137208.0000	585	323053.0000
20090217	非金電期貨          	XIF    	B         	4	2143.0000	4	2192.0000	0	-48.0000	19	10241.0000	0	.0000	19	10241.0000
20090217	非金電期貨          	XIF    	C         	181	98938.0000	143	77304.0000	38	21634.0000	533	293956.0000	186	100308.0000	347	193648.0000
20090218	電子期貨            	EXF    	A         	1324	952296.0000	1055	756829.0000	269	195467.0000	469	336336.0000	639	458503.0000	-170	-122167.0000
20090218	電子期貨            	EXF    	B         	346	247585.0000	555	397108.0000	-209	-149523.0000	313	224797.0000	1323	950179.0000	-1010	-725382.0000
20090218	電子期貨            	EXF    	C         	1537	1098920.0000	1266	907687.0000	271	191233.0000	4346	3121297.0000	2181	1566394.0000	2165	1554903.0000
20090218	金融期貨            	FXF    	A         	944	464783.0000	492	242541.0000	452	222242.0000	387	189386.0000	142	69495.0000	245	119891.0000
20090218	金融期貨            	FXF    	B         	61	29762.0000	361	176111.0000	-300	-146349.0000	94	46004.0000	300	146820.0000	-206	-100816.0000
20090218	金融期貨            	FXF    	C         	1060	521679.0000	1303	638247.0000	-243	-116567.0000	1043	510444.0000	2269	1110449.0000	-1226	-600005.0000
20090218	櫃買期貨            	GTF    	A         	176	45076.0000	178	45593.0000	-2	-516.0000	16	4163.0000	42	10873.0000	-26	-6710.0000
20090218	櫃買期貨            	GTF    	B         	0	.0000	0	.0000	0	.0000	0	.0000	0	.0000	0	.0000
20090218	櫃買期貨            	GTF    	C         	0	.0000	0	.0000	0	.0000	0	.0000	0	.0000	0	.0000
20090218	摩臺期              	MSF    	A         	3	1745.0000	3	1745.0000	0	.0000	1	579.0000	5	2893.0000	-4	-2314.0000
20090218	摩臺期              	MSF    	B         	0	.0000	0	.0000	0	.0000	0	.0000	0	.0000	0	.0000
20090218	摩臺期              	MSF    	C         	0	.0000	0	.0000	0	.0000	0	.0000	0	.0000	0	.0000
20090218	小型臺指            	MXF    	A         	3475	770007.0000	3944	876633.0000	-469	-106626.0000	1417	312072.0000	390	85748.0000	1027	226324.0000
20090218	小型臺指            	MXF    	B         	0	.0000	0	.0000	0	.0000	0	.0000	0	.0000	0	.0000
20090218	小型臺指            	MXF    	C         	987	217214.0000	2	437.0000	985	216777.0000	1004	222085.0000	0	.0000	1004	222085.0000
20090218	臺灣50期貨          	T5F    	A         	0	.0000	0	.0000	0	.0000	0	.0000	0	.0000	0	.0000
20090218	臺灣50期貨          	T5F    	B         	0	.0000	0	.0000	0	.0000	0	.0000	0	.0000	0	.0000
20090218	臺灣50期貨          	T5F    	C         	0	.0000	0	.0000	0	.0000	0	.0000	0	.0000	0	.0000
20090218	臺股期貨            	TXF    	A         	17359	15399002.0000	18707	16590723.0000	-1348	-1191721.0000	3376	2936494.0000	6988	6157563.0000	-3612	-3221069.0000
20090218	臺股期貨            	TXF    	B         	6547	5829929.0000	6502	5726781.0000	45	103148.0000	1306	1155549.0000	20333	17963414.0000	-19027	-16807865.0000
20090218	臺股期貨            	TXF    	C         	22533	19914315.0000	17752	15781954.0000	4781	4132362.0000	57600	50832418.0000	16494	14485805.0000	41106	36346613.0000
20090218	非金電期貨          	XIF    	A         	490	264260.0000	465	253020.0000	25	11241.0000	327	175542.0000	141	75752.0000	186	99790.0000
20090218	非金電期貨          	XIF    	B         	0	.0000	0	.0000	0	.0000	19	10192.0000	0	.0000	19	10192.0000
20090218	非金電期貨          	XIF    	C         	75	40419.0000	57	30963.0000	18	9456.0000	39	20920.0000	156	83678.0000	-117	-62758.0000
20090219	電子期貨            	EXF    	A         	579	417799.0000	515	371226.0000	64	46573.0000	499	363670.0000	605	441056.0000	-106	-77386.0000
20090219	電子期貨            	EXF    	B         	74	53331.0000	30	21886.0000	44	31445.0000	313	228427.0000	1285	937793.0000	-972	-709366.0000
20090219	電子期貨            	EXF    	C         	535	386503.0000	1046	753240.0000	-511	-366737.0000	3907	2851291.0000	2253	1644239.0000	1654	1207052.0000
20090219	金融期貨            	FXF    	A         	441	214082.0000	563	273066.0000	-122	-58984.0000	321	156806.0000	198	96765.0000	123	60041.0000
20090219	金融期貨            	FXF    	B         	0	.0000	0	.0000	0	.0000	94	45947.0000	300	146640.0000	-206	-100693.0000
20090219	金融期貨            	FXF    	C         	555	271095.0000	259	125215.0000	296	145880.0000	1391	679908.0000	2321	1134505.0000	-930	-454597.0000
20090219	櫃買期貨            	GTF    	A         	25	6496.0000	26	6761.0000	-1	-265.0000	21	5512.0000	48	12551.0000	-27	-7039.0000
20090219	櫃買期貨            	GTF    	B         	0	.0000	0	.0000	0	.0000	0	.0000	0	.0000	0	.0000
20090219	櫃買期貨            	GTF    	C         	0	.0000	0	.0000	0	.0000	0	.0000	0	.0000	0	.0000
20090219	摩臺期              	MSF    	A         	3	1731.0000	3	1731.0000	0	.0000	2	1184.0000	6	3552.0000	-4	-2368.0000
20090219	摩臺期              	MSF    	B         	0	.0000	0	.0000	0	.0000	0	.0000	0	.0000	0	.0000
20090219	摩臺期              	MSF    	C         	0	.0000	0	.0000	0	.0000	0	.0000	0	.0000	0	.0000
20090219	小型臺指            	MXF    	A         	8093	1795660.0000	7632	1694627.0000	461	101032.0000	1986	442738.0000	486	108093.0000	1500	334645.0000
20090219	小型臺指            	MXF    	B         	0	.0000	0	.0000	0	.0000	0	.0000	0	.0000	0	.0000
20090219	小型臺指            	MXF    	C         	1195	267091.0000	1013	224109.0000	182	42982.0000	1186	265130.0000	0	.0000	1186	265130.0000
20090219	臺灣50期貨          	T5F    	A         	0	.0000	0	.0000	0	.0000	0	.0000	0	.0000	0	.0000
20090219	臺灣50期貨          	T5F    	B         	0	.0000	0	.0000	0	.0000	0	.0000	0	.0000	0	.0000
20090219	臺灣50期貨          	T5F    	C         	0	.0000	0	.0000	0	.0000	0	.0000	0	.0000	0	.0000
20090219	臺股期貨            	TXF    	A         	22920	20344669.0000	21284	18897549.0000	1636	1447120.0000	4114	3615638.0000	6093	5426157.0000	-1979	-1810519.0000
20090219	臺股期貨            	TXF    	B         	821	729168.0000	1093	968677.0000	-272	-239510.0000	1372	1226842.0000	20671	18451963.0000	-19299	-17225121.0000
20090219	臺股期貨            	TXF    	C         	12346	10960487.0000	11859	10537180.0000	487	423307.0000	58120	51829074.0000	16527	14648251.0000	41593	37180823.0000
20090219	非金電期貨          	XIF    	A         	357	192070.0000	316	169639.0000	41	22430.0000	349	188501.0000	122	65800.0000	227	122701.0000
20090219	非金電期貨          	XIF    	B         	0	.0000	0	.0000	0	.0000	19	10256.0000	0	.0000	19	10256.0000
20090219	非金電期貨          	XIF    	C         	134	72190.0000	66	35563.0000	68	36627.0000	55	29631.0000	104	56139.0000	-49	-26508.0000
20090220	電子期貨            	EXF    	A         	691	494423.0000	595	424523.0000	96	69900.0000	556	394260.0000	566	401208.0000	-10	-6948.0000
20090220	電子期貨            	EXF    	B         	13	9209.0000	45	32017.0000	-32	-22808.0000	326	231460.0000	1330	944300.0000	-1004	-712840.0000
20090220	電子期貨            	EXF    	C         	594	424270.0000	657	469574.0000	-63	-45304.0000	4097	2908730.0000	2506	1779260.0000	1591	1129470.0000
20090220	金融期貨            	FXF    	A         	430	207547.0000	630	304730.0000	-200	-97183.0000	328	156895.0000	405	193704.0000	-77	-36809.0000
20090220	金融期貨            	FXF    	B         	0	.0000	300	144034.0000	-300	-144034.0000	94	44988.0000	600	287160.0000	-506	-242172.0000
20090220	金融期貨            	FXF    	C         	34	16443.0000	196	94699.0000	-162	-78256.0000	1329	636003.0000	2421	1158691.0000	-1092	-522688.0000
20090220	櫃買期貨            	GTF    	A         	32	8207.0000	28	7176.0000	4	1031.0000	20	5086.0000	43	10940.0000	-23	-5854.0000
20090220	櫃買期貨            	GTF    	B         	0	.0000	0	.0000	0	.0000	0	.0000	0	.0000	0	.0000
20090220	櫃買期貨            	GTF    	C         	0	.0000	0	.0000	0	.0000	0	.0000	0	.0000	0	.0000
20090220	摩臺期              	MSF    	A         	4	2343.0000	4	2343.0000	0	.0000	3	1738.0000	7	4056.0000	-4	-2318.0000
20090220	摩臺期              	MSF    	B         	0	.0000	0	.0000	0	.0000	0	.0000	0	.0000	0	.0000
20090220	摩臺期              	MSF    	C         	0	.0000	0	.0000	0	.0000	0	.0000	0	.0000	0	.0000
20090220	小型臺指            	MXF    	A         	7913	1740429.0000	8772	1928810.0000	-859	-188381.0000	1649	358217.0000	820	177972.0000	829	180245.0000
20090220	小型臺指            	MXF    	B         	0	.0000	0	.0000	0	.0000	0	.0000	0	.0000	0	.0000
20090220	小型臺指            	MXF    	C         	73	16181.0000	948	207523.0000	-875	-191342.0000	311	67876.0000	0	.0000	311	67876.0000
20090220	臺灣50期貨          	T5F    	A         	0	.0000	0	.0000	0	.0000	0	.0000	0	.0000	0	.0000
20090220	臺灣50期貨          	T5F    	B         	0	.0000	0	.0000	0	.0000	0	.0000	0	.0000	0	.0000
20090220	臺灣50期貨          	T5F    	C         	0	.0000	0	.0000	0	.0000	0	.0000	0	.0000	0	.0000
20090220	臺股期貨            	TXF    	A         	18584	16334266.0000	20028	17590734.0000	-1444	-1256468.0000	3608	3083508.0000	7078	6145589.0000	-3470	-3062081.0000
20090220	臺股期貨            	TXF    	B         	770	677914.0000	1149	1005906.0000	-379	-327991.0000	1379	1203867.0000	21057	18351361.0000	-19678	-17147494.0000
20090220	臺股期貨            	TXF    	C         	9211	8086718.0000	8884	7814027.0000	327	272691.0000	58627	51030604.0000	16707	14455692.0000	41920	36574912.0000
20090220	非金電期貨          	XIF    	A         	341	181632.0000	269	143023.0000	72	38609.0000	431	228959.0000	132	69774.0000	299	159185.0000
20090220	非金電期貨          	XIF    	B         	0	.0000	0	.0000	0	.0000	19	10095.0000	0	.0000	19	10095.0000
20090220	非金電期貨          	XIF    	C         	50	26642.0000	131	69847.0000	-81	-43205.0000	71	37533.0000	201	106791.0000	-130	-69258.0000
20090223	電子期貨            	EXF    	A         	777	559120.0000	461	329696.0000	316	229424.0000	810	587560.0000	504	365164.0000	306	222396.0000
20090223	電子期貨            	EXF    	B         	0	.0000	38	27431.0000	-38	-27431.0000	326	236676.0000	1368	993168.0000	-1042	-756492.0000
20090223	電子期貨            	EXF    	C         	870	625646.0000	285	203824.0000	585	421822.0000	4503	3268922.0000	2327	1689402.0000	2176	1579520.0000
20090223	金融期貨            	FXF    	A         	408	191981.0000	478	224857.0000	-70	-32876.0000	369	174075.0000	516	243366.0000	-147	-69291.0000
20090223	金融期貨            	FXF    	B         	70	32971.0000	400	188014.0000	-330	-155043.0000	164	77408.0000	1000	472000.0000	-836	-394592.0000
20090223	金融期貨            	FXF    	C         	415	194744.0000	266	125157.0000	149	69586.0000	1379	650828.0000	2322	1095984.0000	-943	-445156.0000
20090223	櫃買期貨            	GTF    	A         	162	41229.0000	162	41232.0000	0	-4.0000	21	5376.0000	44	11275.0000	-23	-5899.0000
20090223	櫃買期貨            	GTF    	B         	0	.0000	0	.0000	0	.0000	0	.0000	0	.0000	0	.0000
20090223	櫃買期貨            	GTF    	C         	0	.0000	0	.0000	0	.0000	0	.0000	0	.0000	0	.0000
20090223	摩臺期              	MSF    	A         	3	1745.0000	4	2328.0000	-1	-583.0000	3	1753.0000	8	4674.0000	-5	-2921.0000
20090223	摩臺期              	MSF    	B         	0	.0000	0	.0000	0	.0000	0	.0000	0	.0000	0	.0000
20090223	摩臺期              	MSF    	C         	0	.0000	0	.0000	0	.0000	0	.0000	0	.0000	0	.0000
20090223	小型臺指            	MXF    	A         	7693	1683364.0000	7242	1584804.0000	451	98561.0000	2239	493646.0000	835	183504.0000	1404	310142.0000
20090223	小型臺指            	MXF    	B         	0	.0000	0	.0000	0	.0000	0	.0000	0	.0000	0	.0000
20090223	小型臺指            	MXF    	C         	1397	306935.0000	236	51157.0000	1161	255779.0000	1472	325827.0000	0	.0000	1472	325827.0000
20090223	臺灣50期貨          	T5F    	A         	0	.0000	0	.0000	0	.0000	0	.0000	0	.0000	0	.0000
20090223	臺灣50期貨          	T5F    	B         	0	.0000	0	.0000	0	.0000	0	.0000	0	.0000	0	.0000
20090223	臺灣50期貨          	T5F    	C         	0	.0000	0	.0000	0	.0000	0	.0000	0	.0000	0	.0000
20090223	臺股期貨            	TXF    	A         	18397	16143133.0000	18511	16232580.0000	-114	-89447.0000	4261	3704085.0000	7876	6935238.0000	-3615	-3231153.0000
20090223	臺股期貨            	TXF    	B         	349	306736.0000	1984	1736780.0000	-1635	-1430044.0000	1148	1016439.0000	22461	19855006.0000	-21313	-18838567.0000
20090223	臺股期貨            	TXF    	C         	10710	9400307.0000	9014	7917438.0000	1696	1482868.0000	59697	52697123.0000	16081	14106348.0000	43616	38590775.0000
20090223	非金電期貨          	XIF    	A         	261	138489.0000	262	139014.0000	-1	-525.0000	438	235416.0000	140	74827.0000	298	160589.0000
20090223	非金電期貨          	XIF    	B         	0	.0000	0	.0000	0	.0000	19	10214.0000	0	.0000	19	10214.0000
20090223	非金電期貨          	XIF    	C         	93	49606.0000	95	50410.0000	-2	-804.0000	71	37968.0000	203	109133.0000	-132	-71165.0000
20090224	電子期貨            	EXF    	A         	387	275609.0000	407	289660.0000	-20	-14051.0000	909	650458.0000	623	445419.0000	286	205039.0000
20090224	電子期貨            	EXF    	B         	153	108878.0000	0	.0000	153	108878.0000	326	233481.0000	1215	870183.0000	-889	-636702.0000
20090224	電子期貨            	EXF    	C         	188	133968.0000	378	269147.0000	-190	-135179.0000	4306	3083741.0000	2320	1661584.0000	1986	1422157.0000
20090224	金融期貨            	FXF    	A         	437	205136.0000	494	232441.0000	-57	-27305.0000	429	200348.0000	633	295607.0000	-204	-95259.0000
20090224	金融期貨            	FXF    	B         	0	.0000	0	.0000	0	.0000	164	76621.0000	1000	467200.0000	-836	-390579.0000
20090224	金融期貨            	FXF    	C         	281	132077.0000	1208	564948.0000	-927	-432871.0000	1532	715708.0000	3402	1589414.0000	-1870	-873706.0000
20090224	櫃買期貨            	GTF    	A         	624	157325.0000	616	155275.0000	8	2050.0000	22	5650.0000	37	9507.0000	-15	-3857.0000
20090224	櫃買期貨            	GTF    	B         	0	.0000	0	.0000	0	.0000	0	.0000	0	.0000	0	.0000
20090224	櫃買期貨            	GTF    	C         	0	.0000	0	.0000	0	.0000	0	.0000	0	.0000	0	.0000
20090224	摩臺期              	MSF    	A         	2	1153.0000	1	576.0000	1	577.0000	3	1730.0000	7	4037.0000	-4	-2307.0000
20090224	摩臺期              	MSF    	B         	0	.0000	0	.0000	0	.0000	0	.0000	0	.0000	0	.0000
20090224	摩臺期              	MSF    	C         	0	.0000	0	.0000	0	.0000	0	.0000	0	.0000	0	.0000
20090224	小型臺指            	MXF    	A         	4733	1030359.0000	4890	1064307.0000	-157	-33948.0000	2276	496628.0000	1029	223919.0000	1247	272709.0000
20090224	小型臺指            	MXF    	B         	0	.0000	0	.0000	0	.0000	0	.0000	0	.0000	0	.0000
20090224	小型臺指            	MXF    	C         	27	5899.0000	676	146871.0000	-649	-140972.0000	823	180237.0000	0	.0000	823	180237.0000
20090224	臺灣50期貨          	T5F    	A         	0	.0000	0	.0000	0	.0000	0	.0000	0	.0000	0	.0000
20090224	臺灣50期貨          	T5F    	B         	0	.0000	0	.0000	0	.0000	0	.0000	0	.0000	0	.0000
20090224	臺灣50期貨          	T5F    	C         	0	.0000	0	.0000	0	.0000	0	.0000	0	.0000	0	.0000
20090224	臺股期貨            	TXF    	A         	14502	12643019.0000	14926	13005668.0000	-424	-362649.0000	4413	3797894.0000	8452	7365686.0000	-4039	-3567792.0000
20090224	臺股期貨            	TXF    	B         	517	451846.0000	987	858080.0000	-470	-406235.0000	1321	1157196.0000	23104	20206250.0000	-21783	-19049054.0000
20090224	臺股期貨            	TXF    	C         	6176	5380612.0000	8076	7037949.0000	-1900	-1657337.0000	58372	50975435.0000	16656	14459284.0000	41716	36516151.0000
20090224	非金電期貨          	XIF    	A         	172	90696.0000	142	74890.0000	30	15806.0000	483	256016.0000	155	81772.0000	328	174244.0000
20090224	非金電期貨          	XIF    	B         	0	.0000	0	.0000	0	.0000	19	10072.0000	0	.0000	19	10072.0000
20090224	非金電期貨          	XIF    	C         	55	29138.0000	17	8991.0000	38	20147.0000	77	40629.0000	171	90647.0000	-94	-50018.0000
20090225	電子期貨            	EXF    	A         	546	398318.0000	455	331177.0000	91	67141.0000	1027	745957.0000	650	471709.0000	377	274248.0000
20090225	電子期貨            	EXF    	B         	0	.0000	157	114930.0000	-157	-114930.0000	326	237002.0000	1371	996717.0000	-1045	-759715.0000
20090225	電子期貨            	EXF    	C         	1439	1050690.0000	778	566771.0000	661	483919.0000	4642	3374436.0000	1995	1450365.0000	2647	1924071.0000
20090225	金融期貨            	FXF    	A         	1062	519522.0000	674	331513.0000	388	188009.0000	600	297699.0000	416	206250.0000	184	91449.0000
20090225	金融期貨            	FXF    	B         	610	301446.0000	0	.0000	610	301446.0000	374	185654.0000	600	297840.0000	-226	-112186.0000
20090225	金融期貨            	FXF    	C         	348	170362.0000	324	159825.0000	24	10537.0000	1646	817007.0000	3492	1733429.0000	-1846	-916422.0000
20090225	櫃買期貨            	GTF    	A         	150	39330.0000	163	42761.0000	-13	-3430.0000	17	4448.0000	45	11779.0000	-28	-7331.0000
20090225	櫃買期貨            	GTF    	B         	0	.0000	0	.0000	0	.0000	0	.0000	0	.0000	0	.0000
20090225	櫃買期貨            	GTF    	C         	0	.0000	0	.0000	0	.0000	0	.0000	0	.0000	0	.0000
20090225	摩臺期              	MSF    	A         	0	.0000	0	.0000	0	.0000	3	1774.0000	7	4138.0000	-4	-2364.0000
20090225	摩臺期              	MSF    	B         	0	.0000	0	.0000	0	.0000	0	.0000	0	.0000	0	.0000
20090225	摩臺期              	MSF    	C         	0	.0000	0	.0000	0	.0000	0	.0000	0	.0000	0	.0000
20090225	小型臺指            	MXF    	A         	6713	1496826.0000	6345	1413995.0000	368	82831.0000	2424	539434.0000	885	196370.0000	1539	343064.0000
20090225	小型臺指            	MXF    	B         	0	.0000	0	.0000	0	.0000	0	.0000	0	.0000	0	.0000
20090225	小型臺指            	MXF    	C         	1337	299352.0000	1023	227176.0000	314	72176.0000	1137	254006.0000	0	.0000	1137	254006.0000
20090225	臺灣50期貨          	T5F    	A         	0	.0000	0	.0000	0	.0000	0	.0000	0	.0000	0	.0000
20090225	臺灣50期貨          	T5F    	B         	0	.0000	0	.0000	0	.0000	0	.0000	0	.0000	0	.0000
20090225	臺灣50期貨          	T5F    	C         	0	.0000	0	.0000	0	.0000	0	.0000	0	.0000	0	.0000
20090225	臺股期貨            	TXF    	A         	20522	18326999.0000	19145	17084534.0000	1377	1242466.0000	5277	4645196.0000	7920	7034922.0000	-2643	-2389726.0000
20090225	臺股期貨            	TXF    	B         	1097	982181.0000	1272	1138157.0000	-175	-155977.0000	1231	1099350.0000	23159	20661098.0000	-21928	-19561748.0000
20090225	臺股期貨            	TXF    	C         	10941	9767981.0000	11234	10032979.0000	-293	-264999.0000	58788	52365645.0000	17365	15382034.0000	41423	36983611.0000
20090225	非金電期貨          	XIF    	A         	275	147975.0000	347	186842.0000	-72	-38866.0000	453	244683.0000	197	106074.0000	256	138609.0000
20090225	非金電期貨          	XIF    	B         	0	.0000	0	.0000	0	.0000	19	10260.0000	0	.0000	19	10260.0000
20090225	非金電期貨          	XIF    	C         	152	81941.0000	28	15059.0000	124	66882.0000	81	43528.0000	51	27540.0000	30	15988.0000
20090226	電子期貨            	EXF    	A         	562	411881.0000	291	213353.0000	271	198528.0000	1172	856775.0000	524	382568.0000	648	474207.0000
20090226	電子期貨            	EXF    	B         	0	.0000	158	115429.0000	-158	-115429.0000	326	238502.0000	1528	1117885.0000	-1202	-879383.0000
20090226	電子期貨            	EXF    	C         	696	509743.0000	600	438863.0000	96	70880.0000	4804	3514341.0000	2061	1507828.0000	2743	2006513.0000
20090226	金融期貨            	FXF    	A         	539	266693.0000	1068	527410.0000	-529	-260717.0000	545	267781.0000	890	437092.0000	-345	-169311.0000
20090226	金融期貨            	FXF    	B         	335	164853.0000	10	5004.0000	325	159849.0000	699	343628.0000	600	294960.0000	99	48668.0000
20090226	金融期貨            	FXF    	C         	583	288037.0000	460	227515.0000	123	60522.0000	1602	787428.0000	3325	1634570.0000	-1723	-847142.0000
20090226	櫃買期貨            	GTF    	A         	103	27127.0000	99	26086.0000	4	1041.0000	19	4961.0000	43	11241.0000	-24	-6280.0000
20090226	櫃買期貨            	GTF    	B         	0	.0000	0	.0000	0	.0000	0	.0000	0	.0000	0	.0000
20090226	櫃買期貨            	GTF    	C         	0	.0000	0	.0000	0	.0000	0	.0000	0	.0000	0	.0000
20090226	摩臺期              	MSF    	A         	6	3568.0000	6	3568.0000	0	.0000	5	2972.0000	9	5350.0000	-4	-2378.0000
20090226	摩臺期              	MSF    	B         	0	.0000	0	.0000	0	.0000	0	.0000	0	.0000	0	.0000
20090226	摩臺期              	MSF    	C         	0	.0000	0	.0000	0	.0000	0	.0000	0	.0000	0	.0000
20090226	小型臺指            	MXF    	A         	5234	1172162.0000	6603	1478639.0000	-1369	-306476.0000	1689	376194.0000	1535	342388.0000	154	33806.0000
20090226	小型臺指            	MXF    	B         	0	.0000	0	.0000	0	.0000	0	.0000	0	.0000	0	.0000
20090226	小型臺指            	MXF    	C         	454	101838.0000	611	136623.0000	-157	-34785.0000	980	219422.0000	0	.0000	980	219422.0000
20090226	臺灣50期貨          	T5F    	A         	0	.0000	0	.0000	0	.0000	0	.0000	0	.0000	0	.0000
20090226	臺灣50期貨          	T5F    	B         	0	.0000	0	.0000	0	.0000	0	.0000	0	.0000	0	.0000
20090226	臺灣50期貨          	T5F    	C         	0	.0000	0	.0000	0	.0000	0	.0000	0	.0000	0	.0000
20090226	臺股期貨            	TXF    	A         	15417	13825901.0000	15118	13548939.0000	299	276963.0000	4785	4214969.0000	7125	6340813.0000	-2340	-2125844.0000
20090226	臺股期貨            	TXF    	B         	486	436577.0000	212	189672.0000	274	246905.0000	1242	1111691.0000	22896	20471454.0000	-21654	-19359763.0000
20090226	臺股期貨            	TXF    	C         	7739	6924990.0000	8134	7282733.0000	-395	-357744.0000	59264	52909269.0000	18236	16196408.0000	41028	36712861.0000
20090226	非金電期貨          	XIF    	A         	250	134549.0000	260	139992.0000	-10	-5443.0000	469	252291.0000	223	119519.0000	246	132772.0000
20090226	非金電期貨          	XIF    	B         	0	.0000	0	.0000	0	.0000	19	10237.0000	0	.0000	19	10237.0000
20090226	非金電期貨          	XIF    	C         	49	26461.0000	28	15070.0000	21	11391.0000	81	43468.0000	30	16164.0000	51	27304.0000
20090227	電子期貨            	EXF    	A         	519	381929.0000	562	414540.0000	-43	-32610.0000	1135	840852.0000	530	392088.0000	605	448764.0000
20090227	電子期貨            	EXF    	B         	0	.0000	25	18507.0000	-25	-18507.0000	326	241696.0000	1553	1151394.0000	-1227	-909698.0000
20090227	電子期貨            	EXF    	C         	591	435465.0000	163	120347.0000	428	315118.0000	5082	3767422.0000	1911	1416815.0000	3171	2350607.0000
20090227	金融期貨            	FXF    	A         	251	123633.0000	512	252234.0000	-261	-128601.0000	521	255680.0000	1127	553096.0000	-606	-297416.0000
20090227	金融期貨            	FXF    	B         	10	4907.0000	0	.0000	10	4907.0000	709	348119.0000	600	294600.0000	109	53519.0000
20090227	金融期貨            	FXF    	C         	330	162229.0000	360	176698.0000	-30	-14469.0000	1583	777183.0000	3336	1637976.0000	-1753	-860793.0000
20090227	櫃買期貨            	GTF    	A         	39	10384.0000	50	13347.0000	-11	-2963.0000	15	4049.0000	50	13519.0000	-35	-9470.0000
20090227	櫃買期貨            	GTF    	B         	0	.0000	0	.0000	0	.0000	0	.0000	0	.0000	0	.0000
20090227	櫃買期貨            	GTF    	C         	0	.0000	0	.0000	0	.0000	0	.0000	0	.0000	0	.0000
20090227	摩臺期              	MSF    	A         	0	.0000	0	.0000	0	.0000	5	2998.0000	9	5396.0000	-4	-2398.0000
20090227	摩臺期              	MSF    	B         	0	.0000	0	.0000	0	.0000	0	.0000	0	.0000	0	.0000
20090227	摩臺期              	MSF    	C         	0	.0000	0	.0000	0	.0000	0	.0000	0	.0000	0	.0000
20090227	小型臺指            	MXF    	A         	4802	1078679.0000	3859	867102.0000	943	211577.0000	2262	508092.0000	1165	261617.0000	1097	246475.0000
20090227	小型臺指            	MXF    	B         	0	.0000	0	.0000	0	.0000	0	.0000	0	.0000	0	.0000
20090227	小型臺指            	MXF    	C         	785	176456.0000	156	35075.0000	629	141381.0000	1609	362990.0000	0	.0000	1609	362990.0000
20090227	臺灣50期貨          	T5F    	A         	0	.0000	0	.0000	0	.0000	0	.0000	0	.0000	0	.0000
20090227	臺灣50期貨          	T5F    	B         	0	.0000	0	.0000	0	.0000	0	.0000	0	.0000	0	.0000
20090227	臺灣50期貨          	T5F    	C         	0	.0000	0	.0000	0	.0000	0	.0000	0	.0000	0	.0000
20090227	臺股期貨            	TXF    	A         	12166	10939863.0000	11771	10584734.0000	395	355129.0000	5440	4835706.0000	7385	6617871.0000	-1945	-1782165.0000
20090227	臺股期貨            	TXF    	B         	848	763590.0000	187	167179.0000	661	596411.0000	1308	1179331.0000	22301	20088813.0000	-20993	-18909482.0000
20090227	臺股期貨            	TXF    	C         	6391	5742292.0000	5017	4512012.0000	1374	1230280.0000	60663	54565933.0000	18261	16338840.0000	42402	38227093.0000
20090227	非金電期貨          	XIF    	A         	167	89966.0000	153	82456.0000	14	7510.0000	485	262488.0000	225	121218.0000	260	141270.0000
20090227	非金電期貨          	XIF    	B         	0	.0000	0	.0000	0	.0000	19	10308.0000	0	.0000	19	10308.0000
20090227	非金電期貨          	XIF    	C         	29	15681.0000	58	31355.0000	-29	-15674.0000	88	47533.0000	66	35805.0000	22	11728.0000
