20100104	電子期貨            	EXF    	A         	437	595154.0000	390	530335.0000	47	64819.0000	1002	1361840.0000	275	372065.0000	727	989775.0000
20100104	電子期貨            	EXF    	B         	16	21770.0000	0	.0000	16	21770.0000	185	251822.0000	0	.0000	185	251822.0000
20100104	電子期貨            	EXF    	C         	143	194373.0000	325	442614.0000	-182	-248242.0000	1937	2636638.0000	2181	2968771.0000	-244	-332133.0000
20100104	金融期貨            	FXF    	A         	749	676593.0000	1085	979241.0000	-336	-302649.0000	943	848889.0000	428	383034.0000	515	465855.0000
20100104	金融期貨            	FXF    	B         	8	7192.0000	0	.0000	8	7192.0000	347	313133.0000	0	.0000	347	313133.0000
20100104	金融期貨            	FXF    	C         	170	153549.0000	245	221550.0000	-75	-68001.0000	1030	929472.0000	5929	5350190.0000	-4899	-4420718.0000
20100104	櫃買期貨            	GTF    	A         	115	68752.0000	118	70425.0000	-3	-1673.0000	154	91783.0000	155	92260.0000	-1	-477.0000
20100104	櫃買期貨            	GTF    	B         	0	.0000	0	.0000	0	.0000	0	.0000	0	.0000	0	.0000
20100104	櫃買期貨            	GTF    	C         	0	.0000	0	.0000	0	.0000	0	.0000	0	.0000	0	.0000
20100104	摩臺期              	MSF    	A         	2	1886.0000	2	1886.0000	0	.0000	0	.0000	5	4715.0000	-5	-4715.0000
20100104	摩臺期              	MSF    	B         	0	.0000	0	.0000	0	.0000	0	.0000	0	.0000	0	.0000
20100104	摩臺期              	MSF    	C         	0	.0000	0	.0000	0	.0000	0	.0000	0	.0000	0	.0000
20100104	小型臺指            	MXF    	A         	10572	4316511.0000	11236	4585807.0000	-664	-269297.0000	2275	924931.0000	943	378062.0000	1332	546869.0000
20100104	小型臺指            	MXF    	B         	0	.0000	0	.0000	0	.0000	0	.0000	0	.0000	0	.0000
20100104	小型臺指            	MXF    	C         	576	235407.0000	1156	471487.0000	-580	-236080.0000	370	150560.0000	249	101679.0000	121	48881.0000
20100104	臺灣50期貨          	T5F    	A         	0	.0000	0	.0000	0	.0000	1	561.0000	0	.0000	1	561.0000
20100104	臺灣50期貨          	T5F    	B         	0	.0000	0	.0000	0	.0000	0	.0000	0	.0000	0	.0000
20100104	臺灣50期貨          	T5F    	C         	0	.0000	0	.0000	0	.0000	0	.0000	0	.0000	0	.0000
20100104	臺股期貨            	TXF    	A         	16646	27182573.0000	17029	27808774.0000	-383	-626200.0000	13197	21511208.0000	4562	7416466.0000	8635	14094742.0000
20100104	臺股期貨            	TXF    	B         	622	1018736.0000	608	993072.0000	14	25664.0000	1627	2657542.0000	843	1376956.0000	784	1280586.0000
20100104	臺股期貨            	TXF    	C         	7558	12356423.0000	7712	12597095.0000	-154	-240672.0000	23128	37757874.0000	20483	33433651.0000	2645	4324223.0000
20100104	非金電期貨          	XIF    	A         	177	167512.0000	186	176115.0000	-9	-8603.0000	73	69069.0000	70	66226.0000	3	2843.0000
20100104	非金電期貨          	XIF    	B         	0	.0000	0	.0000	0	.0000	21	19879.0000	0	.0000	21	19879.0000
20100104	非金電期貨          	XIF    	C         	5	4735.0000	12	11386.0000	-7	-6651.0000	176	166602.0000	101	95607.0000	75	70995.0000
20100105	電子期貨            	EXF    	A         	586	795363.0000	1043	1415791.0000	-457	-620428.0000	785	1060665.0000	515	694869.0000	270	365796.0000
20100105	電子期貨            	EXF    	B         	0	.0000	0	.0000	0	.0000	185	250453.0000	0	.0000	185	250453.0000
20100105	電子期貨            	EXF    	C         	516	701207.0000	247	334742.0000	269	366466.0000	2206	2986375.0000	2181	2952605.0000	25	33770.0000
20100105	金融期貨            	FXF    	A         	1382	1258023.0000	998	908446.0000	384	349576.0000	1286	1166587.0000	387	348538.0000	899	818049.0000
20100105	金融期貨            	FXF    	B         	0	.0000	0	.0000	0	.0000	347	315354.0000	0	.0000	347	315354.0000
20100105	金融期貨            	FXF    	C         	539	490187.0000	761	691200.0000	-222	-201013.0000	1246	1132365.0000	6367	5786207.0000	-5121	-4653842.0000
20100105	櫃買期貨            	GTF    	A         	222	130470.0000	239	140521.0000	-17	-10051.0000	114	66345.0000	132	76798.0000	-18	-10453.0000
20100105	櫃買期貨            	GTF    	B         	0	.0000	0	.0000	0	.0000	0	.0000	0	.0000	0	.0000
20100105	櫃買期貨            	GTF    	C         	0	.0000	0	.0000	0	.0000	0	.0000	0	.0000	0	.0000
20100105	摩臺期              	MSF    	A         	2	1883.0000	2	1893.0000	0	-10.0000	0	.0000	5	4706.0000	-5	-4706.0000
20100105	摩臺期              	MSF    	B         	0	.0000	0	.0000	0	.0000	0	.0000	0	.0000	0	.0000
20100105	摩臺期              	MSF    	C         	0	.0000	0	.0000	0	.0000	0	.0000	0	.0000	0	.0000
20100105	小型臺指            	MXF    	A         	15037	6157763.0000	13667	5591799.0000	1370	565964.0000	3797	1548079.0000	959	384020.0000	2838	1164059.0000
20100105	小型臺指            	MXF    	B         	0	.0000	0	.0000	0	.0000	0	.0000	0	.0000	0	.0000
20100105	小型臺指            	MXF    	C         	879	359918.0000	1190	486672.0000	-311	-126754.0000	248	100901.0000	618	252700.0000	-370	-151799.0000
20100105	臺灣50期貨          	T5F    	A         	0	.0000	0	.0000	0	.0000	1	565.0000	0	.0000	1	565.0000
20100105	臺灣50期貨          	T5F    	B         	0	.0000	0	.0000	0	.0000	0	.0000	0	.0000	0	.0000
20100105	臺灣50期貨          	T5F    	C         	0	.0000	0	.0000	0	.0000	0	.0000	0	.0000	0	.0000
20100105	臺股期貨            	TXF    	A         	24856	40689831.0000	23416	38348287.0000	1440	2341544.0000	13724	22392152.0000	3683	5997789.0000	10041	16394363.0000
20100105	臺股期貨            	TXF    	B         	757	1239715.0000	821	1344743.0000	-64	-105028.0000	1534	2509010.0000	814	1331378.0000	720	1177632.0000
20100105	臺股期貨            	TXF    	C         	6648	10899653.0000	6982	11407965.0000	-334	-508312.0000	24675	40337497.0000	22319	36458626.0000	2356	3878871.0000
20100105	非金電期貨          	XIF    	A         	250	238627.0000	215	205191.0000	35	33436.0000	110	105182.0000	72	68840.0000	38	36342.0000
20100105	非金電期貨          	XIF    	B         	0	.0000	0	.0000	0	.0000	21	20097.0000	0	.0000	21	20097.0000
20100105	非金電期貨          	XIF    	C         	11	10502.0000	55	52381.0000	-44	-41879.0000	165	157905.0000	134	128238.0000	31	29667.0000
20100106	電子期貨            	EXF    	A         	1364	1860777.0000	1057	1440470.0000	307	420307.0000	1174	1608050.0000	597	816642.0000	577	791408.0000
20100106	電子期貨            	EXF    	B         	5	6793.0000	5	6782.0000	0	11.0000	185	253746.0000	0	.0000	185	253746.0000
20100106	電子期貨            	EXF    	C         	768	1046470.0000	840	1145992.0000	-72	-99521.0000	2503	3433003.0000	2550	3497188.0000	-47	-64185.0000
20100106	金融期貨            	FXF    	A         	1679	1541016.0000	1384	1269949.0000	295	271066.0000	1613	1490730.0000	419	384683.0000	1194	1106047.0000
20100106	金融期貨            	FXF    	B         	50	45906.0000	0	.0000	50	45906.0000	397	367622.0000	0	.0000	397	367622.0000
20100106	金融期貨            	FXF    	C         	549	504136.0000	541	495510.0000	8	8627.0000	1630	1509380.0000	6743	6243879.0000	-5113	-4734499.0000
20100106	櫃買期貨            	GTF    	A         	206	120645.0000	242	141755.0000	-36	-21110.0000	67	39047.0000	121	70524.0000	-54	-31477.0000
20100106	櫃買期貨            	GTF    	B         	0	.0000	0	.0000	0	.0000	0	.0000	0	.0000	0	.0000
20100106	櫃買期貨            	GTF    	C         	0	.0000	0	.0000	0	.0000	0	.0000	0	.0000	0	.0000
20100106	摩臺期              	MSF    	A         	0	.0000	0	.0000	0	.0000	0	.0000	5	4757.0000	-5	-4757.0000
20100106	摩臺期              	MSF    	B         	0	.0000	0	.0000	0	.0000	0	.0000	0	.0000	0	.0000
20100106	摩臺期              	MSF    	C         	0	.0000	0	.0000	0	.0000	0	.0000	0	.0000	0	.0000
20100106	小型臺指            	MXF    	A         	17005	7010690.0000	13394	5528557.0000	3611	1482133.0000	5882	2441644.0000	1185	486176.0000	4697	1955468.0000
20100106	小型臺指            	MXF    	B         	0	.0000	0	.0000	0	.0000	0	.0000	0	.0000	0	.0000
20100106	小型臺指            	MXF    	C         	1281	526988.0000	726	300046.0000	555	226941.0000	403	167264.0000	314	130640.0000	89	36624.0000
20100106	臺灣50期貨          	T5F    	A         	1	572.0000	0	.0000	1	572.0000	2	1143.0000	0	.0000	2	1143.0000
20100106	臺灣50期貨          	T5F    	B         	0	.0000	0	.0000	0	.0000	0	.0000	0	.0000	0	.0000
20100106	臺灣50期貨          	T5F    	C         	0	.0000	0	.0000	0	.0000	0	.0000	0	.0000	0	.0000
20100106	臺股期貨            	TXF    	A         	29858	49289359.0000	28432	46969841.0000	1426	2319518.0000	16969	28180555.0000	5064	8404105.0000	11905	19776450.0000
20100106	臺股期貨            	TXF    	B         	479	792054.0000	353	584277.0000	126	207777.0000	1705	2837461.0000	859	1429548.0000	846	1407913.0000
20100106	臺股期貨            	TXF    	C         	9592	15816524.0000	7982	13196998.0000	1610	2619526.0000	27376	45539965.0000	23386	38871245.0000	3990	6668720.0000
20100106	非金電期貨          	XIF    	A         	448	433915.0000	420	406776.0000	28	27139.0000	144	141074.0000	78	76378.0000	66	64696.0000
20100106	非金電期貨          	XIF    	B         	0	.0000	0	.0000	0	.0000	21	20588.0000	0	.0000	21	20588.0000
20100106	非金電期貨          	XIF    	C         	21	20440.0000	26	25137.0000	-5	-4697.0000	164	160786.0000	138	135295.0000	26	25491.0000
20100107	電子期貨            	EXF    	A         	875	1194523.0000	812	1107990.0000	63	86533.0000	1267	1717554.0000	627	848854.0000	640	868700.0000
20100107	電子期貨            	EXF    	B         	0	.0000	12	16286.0000	-12	-16286.0000	173	234830.0000	0	.0000	173	234830.0000
20100107	電子期貨            	EXF    	C         	509	694104.0000	591	806211.0000	-82	-112107.0000	2704	3670294.0000	2833	3845050.0000	-129	-174756.0000
20100107	金融期貨            	FXF    	A         	1187	1099149.0000	1057	978275.0000	130	120874.0000	1786	1638378.0000	462	420605.0000	1324	1217773.0000
20100107	金融期貨            	FXF    	B         	10	9295.0000	0	.0000	10	9295.0000	407	374033.0000	0	.0000	407	374033.0000
20100107	金融期貨            	FXF    	C         	355	328194.0000	952	880812.0000	-597	-552617.0000	1740	1599060.0000	7450	6846101.0000	-5710	-5247041.0000
20100107	櫃買期貨            	GTF    	A         	147	85603.0000	142	82596.0000	5	3007.0000	96	54970.0000	145	83030.0000	-49	-28060.0000
20100107	櫃買期貨            	GTF    	B         	0	.0000	0	.0000	0	.0000	0	.0000	0	.0000	0	.0000
20100107	櫃買期貨            	GTF    	C         	0	.0000	0	.0000	0	.0000	0	.0000	0	.0000	0	.0000
20100107	摩臺期              	MSF    	A         	1	959.0000	0	.0000	1	959.0000	0	.0000	4	3835.0000	-4	-3835.0000
20100107	摩臺期              	MSF    	B         	0	.0000	0	.0000	0	.0000	0	.0000	0	.0000	0	.0000
20100107	摩臺期              	MSF    	C         	0	.0000	0	.0000	0	.0000	0	.0000	0	.0000	0	.0000
20100107	小型臺指            	MXF    	A         	14350	5952565.0000	17733	7352078.0000	-3383	-1399513.0000	4465	1838285.0000	1467	597003.0000	2998	1241282.0000
20100107	小型臺指            	MXF    	B         	0	.0000	0	.0000	0	.0000	0	.0000	0	.0000	0	.0000
20100107	小型臺指            	MXF    	C         	395	163784.0000	2028	841752.0000	-1633	-677968.0000	248	101929.0000	1696	700448.0000	-1448	-598519.0000
20100107	臺灣50期貨          	T5F    	A         	0	.0000	0	.0000	0	.0000	2	1142.0000	0	.0000	2	1142.0000
20100107	臺灣50期貨          	T5F    	B         	0	.0000	0	.0000	0	.0000	0	.0000	0	.0000	0	.0000
20100107	臺灣50期貨          	T5F    	C         	0	.0000	0	.0000	0	.0000	0	.0000	0	.0000	0	.0000
20100107	臺股期貨            	TXF    	A         	27442	45514097.0000	25504	42290262.0000	1938	3223835.0000	17788	29320336.0000	4366	7183698.0000	13422	22136638.0000
20100107	臺股期貨            	TXF    	B         	391	649137.0000	298	492900.0000	93	156236.0000	1745	2882740.0000	806	1331512.0000	939	1551228.0000
20100107	臺股期貨            	TXF    	C         	9757	16185562.0000	17049	28306081.0000	-7292	-12120519.0000	22582	37280423.0000	25908	42743709.0000	-3326	-5463286.0000
20100107	非金電期貨          	XIF    	A         	317	310971.0000	313	307082.0000	4	3889.0000	189	184342.0000	119	116046.0000	70	68296.0000
20100107	非金電期貨          	XIF    	B         	0	.0000	0	.0000	0	.0000	21	20496.0000	0	.0000	21	20496.0000
20100107	非金電期貨          	XIF    	C         	36	35277.0000	82	80476.0000	-46	-45199.0000	165	161040.0000	185	180560.0000	-20	-19520.0000
20100108	電子期貨            	EXF    	A         	1022	1380856.0000	1091	1474192.0000	-69	-93336.0000	1474	1998225.0000	903	1223052.0000	571	775173.0000
20100108	電子期貨            	EXF    	B         	8	10850.0000	8	10878.0000	0	-28.0000	173	234865.0000	0	.0000	173	234865.0000
20100108	電子期貨            	EXF    	C         	705	954350.0000	802	1083142.0000	-97	-128792.0000	2372	3220115.0000	2598	3526597.0000	-226	-306482.0000
20100108	金融期貨            	FXF    	A         	1199	1106882.0000	990	913720.0000	209	193162.0000	1983	1829376.0000	450	412546.0000	1533	1416830.0000
20100108	金融期貨            	FXF    	B         	47	43495.0000	6	5549.0000	41	37947.0000	448	413952.0000	0	.0000	448	413952.0000
20100108	金融期貨            	FXF    	C         	198	182730.0000	358	330789.0000	-160	-148059.0000	1615	1492260.0000	7485	6915784.0000	-5870	-5423524.0000
20100108	櫃買期貨            	GTF    	A         	224	127754.0000	244	139027.0000	-20	-11273.0000	96	55802.0000	165	95984.0000	-69	-40182.0000
20100108	櫃買期貨            	GTF    	B         	0	.0000	0	.0000	0	.0000	0	.0000	0	.0000	0	.0000
20100108	櫃買期貨            	GTF    	C         	0	.0000	0	.0000	0	.0000	0	.0000	0	.0000	0	.0000
20100108	摩臺期              	MSF    	A         	0	.0000	0	.0000	0	.0000	0	.0000	4	3819.0000	-4	-3819.0000
20100108	摩臺期              	MSF    	B         	0	.0000	0	.0000	0	.0000	0	.0000	0	.0000	0	.0000
20100108	摩臺期              	MSF    	C         	0	.0000	0	.0000	0	.0000	0	.0000	0	.0000	0	.0000
20100108	小型臺指            	MXF    	A         	14062	5801338.0000	13475	5556360.0000	587	244978.0000	4733	1954096.0000	1328	541630.0000	3405	1412466.0000
20100108	小型臺指            	MXF    	B         	0	.0000	0	.0000	0	.0000	0	.0000	0	.0000	0	.0000
20100108	小型臺指            	MXF    	C         	415	171250.0000	991	408698.0000	-576	-237447.0000	168	69118.0000	2216	917092.0000	-2048	-847974.0000
20100108	臺灣50期貨          	T5F    	A         	0	.0000	0	.0000	0	.0000	2	1145.0000	0	.0000	2	1145.0000
20100108	臺灣50期貨          	T5F    	B         	0	.0000	0	.0000	0	.0000	0	.0000	0	.0000	0	.0000
20100108	臺灣50期貨          	T5F    	C         	0	.0000	0	.0000	0	.0000	0	.0000	0	.0000	0	.0000
20100108	臺股期貨            	TXF    	A         	23415	38664070.0000	23519	38819742.0000	-104	-155672.0000	19001	31395224.0000	5638	9305593.0000	13363	22089631.0000
20100108	臺股期貨            	TXF    	B         	495	817066.0000	562	927555.0000	-67	-110489.0000	1753	2901916.0000	881	1458407.0000	872	1443509.0000
20100108	臺股期貨            	TXF    	C         	5954	9824685.0000	7364	12162431.0000	-1410	-2337746.0000	22734	37611520.0000	27464	45414134.0000	-4730	-7802614.0000
20100108	非金電期貨          	XIF    	A         	354	348235.0000	300	294998.0000	54	53238.0000	242	237147.0000	118	115602.0000	124	121545.0000
20100108	非金電期貨          	XIF    	B         	0	.0000	0	.0000	0	.0000	21	20595.0000	0	.0000	21	20595.0000
20100108	非金電期貨          	XIF    	C         	2	1961.0000	45	44156.0000	-43	-42195.0000	133	130433.0000	196	192217.0000	-63	-61784.0000
20100111	電子期貨            	EXF    	A         	674	918174.0000	530	721560.0000	144	196614.0000	1662	2265613.0000	947	1289844.0000	715	975769.0000
20100111	電子期貨            	EXF    	B         	4	5446.0000	107	145772.0000	-103	-140327.0000	173	236110.0000	103	140574.0000	70	95536.0000
20100111	電子期貨            	EXF    	C         	359	489101.0000	205	279219.0000	154	209882.0000	2545	3473198.0000	2617	3570974.0000	-72	-97776.0000
20100111	金融期貨            	FXF    	A         	913	846049.0000	994	920727.0000	-81	-74678.0000	1904	1758174.0000	452	414759.0000	1452	1343415.0000
20100111	金融期貨            	FXF    	B         	123	113978.0000	3	2775.0000	120	111203.0000	568	525400.0000	0	.0000	568	525400.0000
20100111	金融期貨            	FXF    	C         	281	260534.0000	258	238811.0000	23	21724.0000	1663	1538275.0000	7510	6946082.0000	-5847	-5407807.0000
20100111	櫃買期貨            	GTF    	A         	248	144858.0000	229	133787.0000	19	11072.0000	115	67356.0000	165	96644.0000	-50	-29288.0000
20100111	櫃買期貨            	GTF    	B         	0	.0000	0	.0000	0	.0000	0	.0000	0	.0000	0	.0000
20100111	櫃買期貨            	GTF    	C         	0	.0000	0	.0000	0	.0000	0	.0000	0	.0000	0	.0000
20100111	摩臺期              	MSF    	A         	0	.0000	0	.0000	0	.0000	0	.0000	4	3826.0000	-4	-3826.0000
20100111	摩臺期              	MSF    	B         	0	.0000	0	.0000	0	.0000	0	.0000	0	.0000	0	.0000
20100111	摩臺期              	MSF    	C         	0	.0000	0	.0000	0	.0000	0	.0000	0	.0000	0	.0000
20100111	小型臺指            	MXF    	A         	11002	4570853.0000	10238	4254042.0000	764	316811.0000	3990	1654347.0000	1589	652500.0000	2401	1001847.0000
20100111	小型臺指            	MXF    	B         	0	.0000	0	.0000	0	.0000	0	.0000	0	.0000	0	.0000
20100111	小型臺指            	MXF    	C         	486	202106.0000	687	285758.0000	-201	-83652.0000	162	66861.0000	2359	981580.0000	-2197	-914719.0000
20100111	臺灣50期貨          	T5F    	A         	1	572.0000	0	.0000	1	572.0000	3	1732.0000	0	.0000	3	1732.0000
20100111	臺灣50期貨          	T5F    	B         	0	.0000	0	.0000	0	.0000	0	.0000	0	.0000	0	.0000
20100111	臺灣50期貨          	T5F    	C         	0	.0000	0	.0000	0	.0000	0	.0000	0	.0000	0	.0000
20100111	臺股期貨            	TXF    	A         	20271	33720446.0000	20357	33862576.0000	-86	-142130.0000	19552	32470832.0000	5833	9678645.0000	13719	22792187.0000
20100111	臺股期貨            	TXF    	B         	677	1126262.0000	533	885674.0000	144	240588.0000	1756	2922686.0000	740	1231656.0000	1016	1691030.0000
20100111	臺股期貨            	TXF    	C         	7785	12946556.0000	5325	8854666.0000	2460	4091891.0000	25838	42976398.0000	28121	46741415.0000	-2283	-3765017.0000
20100111	非金電期貨          	XIF    	A         	373	369697.0000	346	342901.0000	27	26796.0000	350	346675.0000	199	197099.0000	151	149576.0000
20100111	非金電期貨          	XIF    	B         	0	.0000	0	.0000	0	.0000	21	20813.0000	0	.0000	21	20813.0000
20100111	非金電期貨          	XIF    	C         	17	16801.0000	28	27783.0000	-11	-10983.0000	142	140736.0000	216	214078.0000	-74	-73342.0000
20100112	電子期貨            	EXF    	A         	734	999948.0000	915	1246744.0000	-181	-246796.0000	1557	2126637.0000	1023	1396404.0000	534	730233.0000
20100112	電子期貨            	EXF    	B         	0	.0000	99	134666.0000	-99	-134666.0000	173	236595.0000	202	276255.0000	-29	-39660.0000
20100112	電子期貨            	EXF    	C         	864	1176484.0000	787	1071590.0000	77	104893.0000	2637	3606156.0000	2632	3598851.0000	5	7305.0000
20100112	金融期貨            	FXF    	A         	1009	932023.0000	1241	1146675.0000	-232	-214652.0000	1719	1577950.0000	499	455636.0000	1220	1122314.0000
20100112	金融期貨            	FXF    	B         	10	9190.0000	0	.0000	10	9190.0000	578	531529.0000	0	.0000	578	531529.0000
20100112	金融期貨            	FXF    	C         	245	226355.0000	539	497009.0000	-294	-270654.0000	1673	1538491.0000	7814	7184847.0000	-6141	-5646356.0000
20100112	櫃買期貨            	GTF    	A         	66	38731.0000	56	32882.0000	10	5849.0000	124	73126.0000	164	96749.0000	-40	-23623.0000
20100112	櫃買期貨            	GTF    	B         	0	.0000	0	.0000	0	.0000	0	.0000	0	.0000	0	.0000
20100112	櫃買期貨            	GTF    	C         	0	.0000	0	.0000	0	.0000	0	.0000	0	.0000	0	.0000
20100112	摩臺期              	MSF    	A         	0	.0000	0	.0000	0	.0000	0	.0000	4	3820.0000	-4	-3820.0000
20100112	摩臺期              	MSF    	B         	0	.0000	0	.0000	0	.0000	0	.0000	0	.0000	0	.0000
20100112	摩臺期              	MSF    	C         	0	.0000	0	.0000	0	.0000	0	.0000	0	.0000	0	.0000
20100112	小型臺指            	MXF    	A         	11858	4915832.0000	12298	5095555.0000	-440	-179723.0000	4314	1786863.0000	1917	787167.0000	2397	999696.0000
20100112	小型臺指            	MXF    	B         	0	.0000	0	.0000	0	.0000	0	.0000	0	.0000	0	.0000
20100112	小型臺指            	MXF    	C         	607	251774.0000	1337	554174.0000	-730	-302400.0000	173	71370.0000	2776	1153289.0000	-2603	-1081919.0000
20100112	臺灣50期貨          	T5F    	A         	0	.0000	0	.0000	0	.0000	3	1719.0000	0	.0000	3	1719.0000
20100112	臺灣50期貨          	T5F    	B         	0	.0000	0	.0000	0	.0000	0	.0000	0	.0000	0	.0000
20100112	臺灣50期貨          	T5F    	C         	0	.0000	0	.0000	0	.0000	0	.0000	0	.0000	0	.0000
20100112	臺股期貨            	TXF    	A         	24123	40008119.0000	23687	39274345.0000	436	733773.0000	20188	33478211.0000	6142	10174932.0000	14046	23303279.0000
20100112	臺股期貨            	TXF    	B         	360	597643.0000	236	391352.0000	124	206291.0000	1804	2997887.0000	664	1103435.0000	1140	1894452.0000
20100112	臺股期貨            	TXF    	C         	6568	10893415.0000	7542	12507107.0000	-974	-1613691.0000	25508	42359038.0000	28846	47872672.0000	-3338	-5513634.0000
20100112	非金電期貨          	XIF    	A         	281	276296.0000	251	246714.0000	30	29582.0000	335	329535.0000	154	151459.0000	181	178076.0000
20100112	非金電期貨          	XIF    	B         	0	.0000	0	.0000	0	.0000	21	20675.0000	0	.0000	21	20675.0000
20100112	非金電期貨          	XIF    	C         	14	13777.0000	18	17668.0000	-4	-3892.0000	138	135861.0000	216	212652.0000	-78	-76791.0000
20100113	電子期貨            	EXF    	A         	900	1218335.0000	966	1307642.0000	-66	-89307.0000	1446	1951375.0000	978	1318942.0000	468	632433.0000
20100113	電子期貨            	EXF    	B         	0	.0000	0	.0000	0	.0000	173	233792.0000	202	272983.0000	-29	-39191.0000
20100113	電子期貨            	EXF    	C         	707	957302.0000	1160	1569755.0000	-453	-612453.0000	2457	3320236.0000	2905	3925303.0000	-448	-605067.0000
20100113	金融期貨            	FXF    	A         	908	822298.0000	1244	1127426.0000	-336	-305129.0000	1468	1322107.0000	584	523067.0000	884	799040.0000
20100113	金融期貨            	FXF    	B         	15	13500.0000	74	66846.0000	-59	-53346.0000	519	468392.0000	0	.0000	519	468392.0000
20100113	金融期貨            	FXF    	C         	351	318707.0000	274	247840.0000	77	70867.0000	1792	1617417.0000	7854	7087899.0000	-6062	-5470482.0000
20100113	櫃買期貨            	GTF    	A         	36	21107.0000	40	23480.0000	-4	-2374.0000	123	72110.0000	167	97926.0000	-44	-25816.0000
20100113	櫃買期貨            	GTF    	B         	0	.0000	0	.0000	0	.0000	0	.0000	0	.0000	0	.0000
20100113	櫃買期貨            	GTF    	C         	0	.0000	0	.0000	0	.0000	0	.0000	0	.0000	0	.0000
20100113	摩臺期              	MSF    	A         	1	940.0000	0	.0000	1	940.0000	0	.0000	3	2820.0000	-3	-2820.0000
20100113	摩臺期              	MSF    	B         	0	.0000	0	.0000	0	.0000	0	.0000	0	.0000	0	.0000
20100113	摩臺期              	MSF    	C         	0	.0000	0	.0000	0	.0000	0	.0000	0	.0000	0	.0000
20100113	小型臺指            	MXF    	A         	11554	4748530.0000	16442	6757891.0000	-4888	-2009361.0000	4570	1871490.0000	2929	1191364.0000	1641	680126.0000
20100113	小型臺指            	MXF    	B         	0	.0000	0	.0000	0	.0000	0	.0000	0	.0000	0	.0000
20100113	小型臺指            	MXF    	C         	639	262713.0000	1194	490760.0000	-555	-228047.0000	181	73825.0000	3039	1248269.0000	-2858	-1174444.0000
20100113	臺灣50期貨          	T5F    	A         	0	.0000	0	.0000	0	.0000	3	1694.0000	0	.0000	3	1694.0000
20100113	臺灣50期貨          	T5F    	B         	0	.0000	0	.0000	0	.0000	0	.0000	0	.0000	0	.0000
20100113	臺灣50期貨          	T5F    	C         	0	.0000	0	.0000	0	.0000	0	.0000	0	.0000	0	.0000
20100113	臺股期貨            	TXF    	A         	26480	43537617.0000	27576	45338320.0000	-1096	-1800703.0000	19999	32785134.0000	8082	13241418.0000	11917	19543716.0000
20100113	臺股期貨            	TXF    	B         	295	484813.0000	497	817131.0000	-202	-332318.0000	1777	2919611.0000	839	1378477.0000	938	1541134.0000
20100113	臺股期貨            	TXF    	C         	8394	13800802.0000	11025	18124363.0000	-2631	-4323561.0000	25111	41222451.0000	31208	51204848.0000	-6097	-9982397.0000
20100113	非金電期貨          	XIF    	A         	243	236591.0000	304	295947.0000	-61	-59356.0000	283	275715.0000	163	158777.0000	120	116938.0000
20100113	非金電期貨          	XIF    	B         	0	.0000	0	.0000	0	.0000	21	20475.0000	0	.0000	21	20475.0000
20100113	非金電期貨          	XIF    	C         	35	34121.0000	40	38910.0000	-5	-4788.0000	153	149175.0000	236	230100.0000	-83	-80925.0000
20100114	電子期貨            	EXF    	A         	1073	1466613.0000	714	977785.0000	359	488828.0000	1755	2412015.0000	928	1274228.0000	827	1137787.0000
20100114	電子期貨            	EXF    	B         	0	.0000	0	.0000	0	.0000	173	238048.0000	202	277952.0000	-29	-39904.0000
20100114	電子期貨            	EXF    	C         	439	600671.0000	297	406551.0000	142	194120.0000	2725	3749162.0000	3031	4170014.0000	-306	-420852.0000
20100114	金融期貨            	FXF    	A         	918	831234.0000	947	856545.0000	-29	-25311.0000	1498	1348437.0000	643	575783.0000	855	772654.0000
20100114	金融期貨            	FXF    	B         	10	8999.0000	0	.0000	10	8999.0000	529	477068.0000	0	.0000	529	477068.0000
20100114	金融期貨            	FXF    	C         	912	825589.0000	1352	1223466.0000	-440	-397877.0000	1847	1665717.0000	8349	7529164.0000	-6502	-5863447.0000
20100114	櫃買期貨            	GTF    	A         	56	33304.0000	82	48746.0000	-26	-15442.0000	90	53656.0000	160	95460.0000	-70	-41804.0000
20100114	櫃買期貨            	GTF    	B         	0	.0000	0	.0000	0	.0000	0	.0000	0	.0000	0	.0000
20100114	櫃買期貨            	GTF    	C         	0	.0000	0	.0000	0	.0000	0	.0000	0	.0000	0	.0000
20100114	摩臺期              	MSF    	A         	0	.0000	0	.0000	0	.0000	0	.0000	3	2854.0000	-3	-2854.0000
20100114	摩臺期              	MSF    	B         	0	.0000	0	.0000	0	.0000	0	.0000	0	.0000	0	.0000
20100114	摩臺期              	MSF    	C         	0	.0000	0	.0000	0	.0000	0	.0000	0	.0000	0	.0000
20100114	小型臺指            	MXF    	A         	9679	4004041.0000	7256	3005123.0000	2423	998918.0000	6085	2518985.0000	2473	1015658.0000	3612	1503327.0000
20100114	小型臺指            	MXF    	B         	0	.0000	0	.0000	0	.0000	0	.0000	0	.0000	0	.0000
20100114	小型臺指            	MXF    	C         	982	406627.0000	351	145394.0000	631	261234.0000	200	82509.0000	2463	1022002.0000	-2263	-939493.0000
20100114	臺灣50期貨          	T5F    	A         	0	.0000	1	571.0000	-1	-571.0000	2	1141.0000	0	.0000	2	1141.0000
20100114	臺灣50期貨          	T5F    	B         	0	.0000	0	.0000	0	.0000	0	.0000	0	.0000	0	.0000
20100114	臺灣50期貨          	T5F    	C         	0	.0000	0	.0000	0	.0000	0	.0000	0	.0000	0	.0000
20100114	臺股期貨            	TXF    	A         	21484	35549712.0000	18750	31048346.0000	2734	4501367.0000	22739	37655164.0000	7975	13207088.0000	14764	24448076.0000
20100114	臺股期貨            	TXF    	B         	538	893025.0000	363	603089.0000	175	289936.0000	1815	3012537.0000	705	1170159.0000	1110	1842378.0000
20100114	臺股期貨            	TXF    	C         	8366	13823696.0000	8409	13888423.0000	-43	-64726.0000	27015	44781339.0000	33146	54911638.0000	-6131	-10130299.0000
20100114	非金電期貨          	XIF    	A         	358	349833.0000	242	236526.0000	116	113307.0000	438	427748.0000	202	197221.0000	236	230527.0000
20100114	非金電期貨          	XIF    	B         	0	.0000	0	.0000	0	.0000	21	20521.0000	0	.0000	21	20521.0000
20100114	非金電期貨          	XIF    	C         	32	31290.0000	10	9783.0000	22	21508.0000	177	172964.0000	238	232571.0000	-61	-59607.0000
20100115	電子期貨            	EXF    	A         	890	1233218.0000	1001	1387429.0000	-111	-154211.0000	1724	2396729.0000	1008	1400219.0000	716	996510.0000
20100115	電子期貨            	EXF    	B         	0	.0000	0	.0000	0	.0000	173	240816.0000	202	281184.0000	-29	-40368.0000
20100115	電子期貨            	EXF    	C         	766	1061660.0000	409	566619.0000	357	495040.0000	2711	3772859.0000	2660	3702034.0000	51	70825.0000
20100115	金融期貨            	FXF    	A         	1313	1192944.0000	1121	1017046.0000	192	175898.0000	1769	1605999.0000	722	651611.0000	1047	954388.0000
20100115	金融期貨            	FXF    	B         	48	43473.0000	0	.0000	48	43473.0000	576	523685.0000	0	.0000	576	523685.0000
20100115	金融期貨            	FXF    	C         	837	759234.0000	957	867889.0000	-120	-108654.0000	1592	1447094.0000	8214	7468765.0000	-6622	-6021671.0000
20100115	櫃買期貨            	GTF    	A         	74	44409.0000	87	52206.0000	-13	-7797.0000	73	43647.0000	156	93229.0000	-83	-49582.0000
20100115	櫃買期貨            	GTF    	B         	0	.0000	0	.0000	0	.0000	0	.0000	0	.0000	0	.0000
20100115	櫃買期貨            	GTF    	C         	0	.0000	0	.0000	0	.0000	0	.0000	0	.0000	0	.0000
20100115	摩臺期              	MSF    	A         	0	.0000	0	.0000	0	.0000	0	.0000	3	2876.0000	-3	-2876.0000
20100115	摩臺期              	MSF    	B         	0	.0000	0	.0000	0	.0000	0	.0000	0	.0000	0	.0000
20100115	摩臺期              	MSF    	C         	0	.0000	0	.0000	0	.0000	0	.0000	0	.0000	0	.0000
20100115	小型臺指            	MXF    	A         	10682	4456971.0000	10189	4250003.0000	493	206969.0000	6654	2776978.0000	2445	1012044.0000	4209	1764934.0000
20100115	小型臺指            	MXF    	B         	0	.0000	0	.0000	0	.0000	0	.0000	0	.0000	0	.0000
20100115	小型臺指            	MXF    	C         	1178	492098.0000	609	254045.0000	569	238053.0000	208	86494.0000	1942	812407.0000	-1734	-725913.0000
20100115	臺灣50期貨          	T5F    	A         	0	.0000	0	.0000	0	.0000	2	1154.0000	0	.0000	2	1154.0000
20100115	臺灣50期貨          	T5F    	B         	0	.0000	0	.0000	0	.0000	0	.0000	0	.0000	0	.0000
20100115	臺灣50期貨          	T5F    	C         	0	.0000	0	.0000	0	.0000	0	.0000	0	.0000	0	.0000
20100115	臺股期貨            	TXF    	A         	24989	41703080.0000	22604	37736819.0000	2385	3966262.0000	25363	42339473.0000	8240	13760788.0000	17123	28578685.0000
20100115	臺股期貨            	TXF    	B         	419	699658.0000	714	1189704.0000	-295	-490046.0000	1467	2454878.0000	662	1107791.0000	805	1347087.0000
20100115	臺股期貨            	TXF    	C         	9754	16280327.0000	10318	17194080.0000	-564	-913753.0000	26835	44832384.0000	33520	55959614.0000	-6685	-11127230.0000
20100115	非金電期貨          	XIF    	A         	206	201932.0000	260	254937.0000	-54	-53005.0000	415	406190.0000	233	228029.0000	182	178161.0000
20100115	非金電期貨          	XIF    	B         	0	.0000	0	.0000	0	.0000	21	20570.0000	0	.0000	21	20570.0000
20100115	非金電期貨          	XIF    	C         	13	12752.0000	21	20599.0000	-8	-7847.0000	169	165536.0000	238	233119.0000	-69	-67583.0000
20100118	電子期貨            	EXF    	A         	752	1042753.0000	833	1153956.0000	-81	-111203.0000	1789	2487297.0000	1154	1602557.0000	635	884740.0000
20100118	電子期貨            	EXF    	B         	45	62231.0000	45	62428.0000	0	-197.0000	173	240582.0000	202	281184.0000	-29	-40602.0000
20100118	電子期貨            	EXF    	C         	706	976597.0000	1183	1639852.0000	-477	-663255.0000	2543	3536471.0000	2969	4131090.0000	-426	-594619.0000
20100118	金融期貨            	FXF    	A         	1315	1185183.0000	1501	1351938.0000	-186	-166755.0000	1796	1630327.0000	935	844471.0000	861	785856.0000
20100118	金融期貨            	FXF    	B         	50	44971.0000	30	27045.0000	20	17926.0000	596	541707.0000	0	.0000	596	541707.0000
20100118	金融期貨            	FXF    	C         	1970	1772784.0000	1925	1730570.0000	45	42214.0000	1477	1340535.0000	8054	7320091.0000	-6577	-5979556.0000
20100118	櫃買期貨            	GTF    	A         	37	22163.0000	49	29382.0000	-12	-7219.0000	67	40065.0000	162	96821.0000	-95	-56756.0000
20100118	櫃買期貨            	GTF    	B         	0	.0000	0	.0000	0	.0000	0	.0000	0	.0000	0	.0000
20100118	櫃買期貨            	GTF    	C         	0	.0000	0	.0000	0	.0000	0	.0000	0	.0000	0	.0000
20100118	摩臺期              	MSF    	A         	0	.0000	0	.0000	0	.0000	0	.0000	3	2879.0000	-3	-2879.0000
20100118	摩臺期              	MSF    	B         	0	.0000	0	.0000	0	.0000	0	.0000	0	.0000	0	.0000
20100118	摩臺期              	MSF    	C         	0	.0000	0	.0000	0	.0000	0	.0000	0	.0000	0	.0000
20100118	小型臺指            	MXF    	A         	6563	2733869.0000	8078	3365069.0000	-1515	-631200.0000	4889	2038899.0000	2315	958523.0000	2574	1080376.0000
20100118	小型臺指            	MXF    	B         	0	.0000	0	.0000	0	.0000	0	.0000	0	.0000	0	.0000
20100118	小型臺指            	MXF    	C         	1257	524228.0000	1011	421020.0000	246	103208.0000	584	243811.0000	2044	854816.0000	-1460	-611005.0000
20100118	臺灣50期貨          	T5F    	A         	0	.0000	0	.0000	0	.0000	2	1154.0000	0	.0000	2	1154.0000
20100118	臺灣50期貨          	T5F    	B         	0	.0000	0	.0000	0	.0000	0	.0000	0	.0000	0	.0000
20100118	臺灣50期貨          	T5F    	C         	0	.0000	0	.0000	0	.0000	0	.0000	0	.0000	0	.0000
20100118	臺股期貨            	TXF    	A         	18059	30110763.0000	18653	31098517.0000	-594	-987755.0000	25308	42243922.0000	8749	14610187.0000	16559	27633735.0000
20100118	臺股期貨            	TXF    	B         	708	1179143.0000	655	1091892.0000	53	87250.0000	1519	2540143.0000	661	1104696.0000	858	1435447.0000
20100118	臺股期貨            	TXF    	C         	15729	26192317.0000	18812	31336775.0000	-3083	-5144458.0000	26268	43860761.0000	36043	60157543.0000	-9775	-16296782.0000
20100118	非金電期貨          	XIF    	A         	214	209504.0000	224	219193.0000	-10	-9689.0000	434	424813.0000	262	256367.0000	172	168446.0000
20100118	非金電期貨          	XIF    	B         	0	.0000	0	.0000	0	.0000	21	20570.0000	0	.0000	21	20570.0000
20100118	非金電期貨          	XIF    	C         	39	38013.0000	33	32213.0000	6	5800.0000	175	171325.0000	238	233119.0000	-63	-61794.0000
20100119	電子期貨            	EXF    	A         	2152	2946567.0000	1819	2495820.0000	333	450747.0000	2007	2737276.0000	1039	1416625.0000	968	1320651.0000
20100119	電子期貨            	EXF    	B         	215	294599.0000	217	296772.0000	-2	-2173.0000	171	233235.0000	202	275291.0000	-31	-42056.0000
20100119	電子期貨            	EXF    	C         	4182	5729514.0000	5101	6982750.0000	-919	-1253236.0000	2919	3978387.0000	4264	5813662.0000	-1345	-1835275.0000
20100119	金融期貨            	FXF    	A         	1733	1563616.0000	1590	1436378.0000	143	127238.0000	1826	1649314.0000	822	738129.0000	1004	911185.0000
20100119	金融期貨            	FXF    	B         	246	220840.0000	193	174153.0000	53	46687.0000	649	586226.0000	0	.0000	649	586226.0000
20100119	金融期貨            	FXF    	C         	4107	3710827.0000	3675	3307980.0000	432	402847.0000	2268	2047819.0000	8413	7602286.0000	-6145	-5554467.0000
20100119	櫃買期貨            	GTF    	A         	143	85754.0000	130	77973.0000	13	7780.0000	104	61658.0000	186	110462.0000	-82	-48804.0000
20100119	櫃買期貨            	GTF    	B         	0	.0000	0	.0000	0	.0000	0	.0000	0	.0000	0	.0000
20100119	櫃買期貨            	GTF    	C         	0	.0000	0	.0000	0	.0000	0	.0000	0	.0000	0	.0000
20100119	摩臺期              	MSF    	A         	0	.0000	0	.0000	0	.0000	0	.0000	3	2834.0000	-3	-2834.0000
20100119	摩臺期              	MSF    	B         	0	.0000	0	.0000	0	.0000	0	.0000	0	.0000	0	.0000
20100119	摩臺期              	MSF    	C         	0	.0000	0	.0000	0	.0000	0	.0000	0	.0000	0	.0000
20100119	小型臺指            	MXF    	A         	15174	6283030.0000	18417	7622887.0000	-3243	-1339857.0000	5443	2242427.0000	4808	1974746.0000	635	267681.0000
20100119	小型臺指            	MXF    	B         	0	.0000	0	.0000	0	.0000	0	.0000	0	.0000	0	.0000
20100119	小型臺指            	MXF    	C         	742	307246.0000	2195	911681.0000	-1453	-604435.0000	162	66418.0000	2915	1204700.0000	-2753	-1138282.0000
20100119	臺灣50期貨          	T5F    	A         	0	.0000	1	569.0000	-1	-569.0000	1	569.0000	0	.0000	1	569.0000
20100119	臺灣50期貨          	T5F    	B         	0	.0000	0	.0000	0	.0000	0	.0000	0	.0000	0	.0000
20100119	臺灣50期貨          	T5F    	C         	0	.0000	0	.0000	0	.0000	0	.0000	0	.0000	0	.0000
20100119	臺股期貨            	TXF    	A         	37250	61712841.0000	39428	65310286.0000	-2178	-3597445.0000	22880	37712751.0000	8825	14546109.0000	14055	23166642.0000
20100119	臺股期貨            	TXF    	B         	1068	1767608.0000	1284	2129013.0000	-216	-361405.0000	1412	2329557.0000	769	1268481.0000	643	1061076.0000
20100119	臺股期貨            	TXF    	C         	22267	36882633.0000	24301	40271059.0000	-2034	-3388425.0000	25616	42210156.0000	37465	61734963.0000	-11849	-19524807.0000
20100119	非金電期貨          	XIF    	A         	498	484664.0000	362	352348.0000	136	132316.0000	555	538743.0000	247	239689.0000	308	299054.0000
20100119	非金電期貨          	XIF    	B         	5	4843.0000	5	4859.0000	0	-17.0000	21	20385.0000	0	.0000	21	20385.0000
20100119	非金電期貨          	XIF    	C         	43	41783.0000	118	114821.0000	-75	-73038.0000	181	175686.0000	319	309759.0000	-138	-134073.0000
20100120	電子期貨            	EXF    	A         	1969	2684810.0000	1970	2687286.0000	-1	-2476.0000	1489	2029831.0000	832	1133419.0000	657	896412.0000
20100120	電子期貨            	EXF    	B         	167	227363.0000	113	153866.0000	54	73497.0000	225	307035.0000	202	275649.0000	23	31386.0000
20100120	電子期貨            	EXF    	C         	1136	1549051.0000	1317	1792991.0000	-181	-243940.0000	2128	2903869.0000	3264	4454054.0000	-1136	-1550185.0000
20100120	金融期貨            	FXF    	A         	2070	1848800.0000	1881	1684935.0000	189	163865.0000	953	844595.0000	331	291502.0000	622	553093.0000
20100120	金融期貨            	FXF    	B         	77	68442.0000	202	179984.0000	-125	-111542.0000	289	256632.0000	0	.0000	289	256632.0000
20100120	金融期貨            	FXF    	C         	2206	1978805.0000	2890	2580203.0000	-684	-601398.0000	1195	1061160.0000	6194	5500272.0000	-4999	-4439112.0000
20100120	櫃買期貨            	GTF    	A         	179	106398.0000	191	113507.0000	-12	-7109.0000	60	35572.0000	22	12952.0000	38	22620.0000
20100120	櫃買期貨            	GTF    	B         	0	.0000	0	.0000	0	.0000	0	.0000	0	.0000	0	.0000
20100120	櫃買期貨            	GTF    	C         	0	.0000	0	.0000	0	.0000	0	.0000	0	.0000	0	.0000
20100120	摩臺期              	MSF    	A         	2	1887.0000	2	1928.0000	0	-41.0000	0	.0000	1	943.0000	-1	-943.0000
20100120	摩臺期              	MSF    	B         	0	.0000	0	.0000	0	.0000	0	.0000	0	.0000	0	.0000
20100120	摩臺期              	MSF    	C         	0	.0000	0	.0000	0	.0000	0	.0000	0	.0000	0	.0000
20100120	小型臺指            	MXF    	A         	12977	5343533.0000	14881	6122967.0000	-1904	-779434.0000	1925	788489.0000	2561	1042911.0000	-636	-254422.0000
20100120	小型臺指            	MXF    	B         	0	.0000	0	.0000	0	.0000	0	.0000	0	.0000	0	.0000
20100120	小型臺指            	MXF    	C         	1194	491817.0000	1149	471910.0000	45	19908.0000	510	209303.0000	663	272360.0000	-153	-63057.0000
20100120	臺灣50期貨          	T5F    	A         	1	560.0000	1	565.0000	0	-5.0000	0	.0000	0	.0000	0	.0000
20100120	臺灣50期貨          	T5F    	B         	0	.0000	0	.0000	0	.0000	0	.0000	0	.0000	0	.0000
20100120	臺灣50期貨          	T5F    	C         	0	.0000	0	.0000	0	.0000	0	.0000	0	.0000	0	.0000
20100120	臺股期貨            	TXF    	A         	29054	47826598.0000	31267	51465928.0000	-2213	-3639329.0000	10026	16419970.0000	6054	9931971.0000	3972	6487999.0000
20100120	臺股期貨            	TXF    	B         	1038	1708929.0000	1413	2325556.0000	-375	-616628.0000	1305	2144376.0000	992	1630054.0000	313	514322.0000
20100120	臺股期貨            	TXF    	C         	11203	18429957.0000	13616	22385632.0000	-2413	-3955676.0000	18160	29811619.0000	24081	39492829.0000	-5921	-9681210.0000
20100120	非金電期貨          	XIF    	A         	641	620076.0000	682	659729.0000	-41	-39653.0000	93	89717.0000	71	68477.0000	22	21240.0000
20100120	非金電期貨          	XIF    	B         	16	15458.0000	16	15486.0000	0	-27.0000	21	20265.0000	0	.0000	21	20265.0000
20100120	非金電期貨          	XIF    	C         	85	82174.0000	56	54078.0000	29	28096.0000	75	72375.0000	43	41495.0000	32	30880.0000
20100121	電子期貨            	EXF    	A         	701	945916.0000	738	996856.0000	-37	-50941.0000	1489	2001455.0000	869	1167282.0000	620	834173.0000
20100121	電子期貨            	EXF    	B         	0	.0000	0	.0000	0	.0000	225	302760.0000	202	271811.0000	23	30949.0000
20100121	電子期貨            	EXF    	C         	610	823478.0000	1081	1457648.0000	-471	-634170.0000	1788	2405933.0000	3393	4565621.0000	-1605	-2159688.0000
20100121	金融期貨            	FXF    	A         	784	696920.0000	648	575769.0000	136	121151.0000	1090	964293.0000	332	291902.0000	758	672391.0000
20100121	金融期貨            	FXF    	B         	25	22207.0000	0	.0000	25	22207.0000	314	278267.0000	0	.0000	314	278267.0000
20100121	金融期貨            	FXF    	C         	273	242722.0000	736	653806.0000	-463	-411083.0000	1230	1090026.0000	6692	5930450.0000	-5462	-4840424.0000
20100121	櫃買期貨            	GTF    	A         	112	65550.0000	91	53183.0000	21	12367.0000	83	48049.0000	24	13807.0000	59	34242.0000
20100121	櫃買期貨            	GTF    	B         	0	.0000	0	.0000	0	.0000	0	.0000	0	.0000	0	.0000
20100121	櫃買期貨            	GTF    	C         	0	.0000	0	.0000	0	.0000	0	.0000	0	.0000	0	.0000
20100121	摩臺期              	MSF    	A         	0	.0000	0	.0000	0	.0000	0	.0000	1	934.0000	-1	-934.0000
20100121	摩臺期              	MSF    	B         	0	.0000	0	.0000	0	.0000	0	.0000	0	.0000	0	.0000
20100121	摩臺期              	MSF    	C         	0	.0000	0	.0000	0	.0000	0	.0000	0	.0000	0	.0000
20100121	小型臺指            	MXF    	A         	12409	5060054.0000	17151	6990763.0000	-4742	-1930709.0000	1848	749388.0000	5098	2063317.0000	-3250	-1313929.0000
20100121	小型臺指            	MXF    	B         	0	.0000	0	.0000	0	.0000	0	.0000	0	.0000	0	.0000
20100121	小型臺指            	MXF    	C         	1015	414479.0000	809	329828.0000	206	84651.0000	368	149457.0000	379	154121.0000	-11	-4664.0000
20100121	臺灣50期貨          	T5F    	A         	0	.0000	0	.0000	0	.0000	0	.0000	0	.0000	0	.0000
20100121	臺灣50期貨          	T5F    	B         	0	.0000	0	.0000	0	.0000	0	.0000	0	.0000	0	.0000
20100121	臺灣50期貨          	T5F    	C         	0	.0000	0	.0000	0	.0000	0	.0000	0	.0000	0	.0000
20100121	臺股期貨            	TXF    	A         	22932	37392258.0000	23310	38003725.0000	-378	-611467.0000	9610	15580385.0000	6548	10637300.0000	3062	4943085.0000
20100121	臺股期貨            	TXF    	B         	727	1184832.0000	888	1447416.0000	-161	-262584.0000	1450	2358860.0000	1322	2150630.0000	128	208230.0000
20100121	臺股期貨            	TXF    	C         	7441	12147489.0000	14770	24096423.0000	-7329	-11948934.0000	16087	26140114.0000	29321	47623790.0000	-13234	-21483676.0000
20100121	非金電期貨          	XIF    	A         	375	360678.0000	358	344503.0000	17	16175.0000	106	101699.0000	67	64255.0000	39	37444.0000
20100121	非金電期貨          	XIF    	B         	0	.0000	0	.0000	0	.0000	21	20160.0000	0	.0000	21	20160.0000
20100121	非金電期貨          	XIF    	C         	72	69325.0000	52	50008.0000	20	19318.0000	63	60480.0000	11	10560.0000	52	49920.0000
20100122	電子期貨            	EXF    	A         	748	981306.0000	789	1036258.0000	-41	-54952.0000	1480	1927042.0000	901	1172521.0000	579	754521.0000
20100122	電子期貨            	EXF    	B         	15	19575.0000	0	.0000	15	19575.0000	240	312816.0000	202	263287.0000	38	49529.0000
20100122	電子期貨            	EXF    	C         	598	782886.0000	737	965868.0000	-139	-182982.0000	1849	2409987.0000	3593	4683116.0000	-1744	-2273129.0000
20100122	金融期貨            	FXF    	A         	725	626462.0000	738	639005.0000	-13	-12543.0000	1062	908806.0000	317	269159.0000	745	639647.0000
20100122	金融期貨            	FXF    	B         	5	4348.0000	0	.0000	5	4348.0000	319	273574.0000	0	.0000	319	273574.0000
20100122	金融期貨            	FXF    	C         	327	282946.0000	434	375284.0000	-107	-92339.0000	1123	963085.0000	6692	5739059.0000	-5569	-4775974.0000
20100122	櫃買期貨            	GTF    	A         	82	46556.0000	89	50508.0000	-7	-3952.0000	93	52544.0000	41	23068.0000	52	29476.0000
20100122	櫃買期貨            	GTF    	B         	0	.0000	0	.0000	0	.0000	0	.0000	0	.0000	0	.0000
20100122	櫃買期貨            	GTF    	C         	0	.0000	0	.0000	0	.0000	0	.0000	0	.0000	0	.0000
20100122	摩臺期              	MSF    	A         	0	.0000	0	.0000	0	.0000	0	.0000	1	907.0000	-1	-907.0000
20100122	摩臺期              	MSF    	B         	0	.0000	0	.0000	0	.0000	0	.0000	0	.0000	0	.0000
20100122	摩臺期              	MSF    	C         	0	.0000	0	.0000	0	.0000	0	.0000	0	.0000	0	.0000
20100122	小型臺指            	MXF    	A         	15358	6098394.0000	18489	7347870.0000	-3131	-1249476.0000	2562	1009483.0000	4563	1790726.0000	-2001	-781243.0000
20100122	小型臺指            	MXF    	B         	0	.0000	0	.0000	0	.0000	0	.0000	0	.0000	0	.0000
20100122	小型臺指            	MXF    	C         	853	338396.0000	1293	513866.0000	-440	-175470.0000	221	87046.0000	404	159465.0000	-183	-72419.0000
20100122	臺灣50期貨          	T5F    	A         	0	.0000	0	.0000	0	.0000	0	.0000	0	.0000	0	.0000
20100122	臺灣50期貨          	T5F    	B         	0	.0000	0	.0000	0	.0000	0	.0000	0	.0000	0	.0000
20100122	臺灣50期貨          	T5F    	C         	0	.0000	0	.0000	0	.0000	0	.0000	0	.0000	0	.0000
20100122	臺股期貨            	TXF    	A         	26230	41655364.0000	26171	41579478.0000	59	75886.0000	9441	14858153.0000	7415	11694971.0000	2026	3163182.0000
20100122	臺股期貨            	TXF    	B         	1182	1876642.0000	1037	1649038.0000	145	227604.0000	1483	2342250.0000	1234	1948980.0000	249	393270.0000
20100122	臺股期貨            	TXF    	C         	11050	17546031.0000	16161	25659874.0000	-5111	-8113842.0000	17883	28216460.0000	36295	57250075.0000	-18412	-29033615.0000
20100122	非金電期貨          	XIF    	A         	199	186621.0000	214	200821.0000	-15	-14201.0000	91	85139.0000	67	62644.0000	24	22495.0000
20100122	非金電期貨          	XIF    	B         	0	.0000	0	.0000	0	.0000	21	19679.0000	0	.0000	21	19679.0000
20100122	非金電期貨          	XIF    	C         	15	14036.0000	19	17860.0000	-4	-3825.0000	61	57163.0000	13	12182.0000	48	44981.0000
20100125	電子期貨            	EXF    	A         	709	922285.0000	749	975164.0000	-40	-52879.0000	1384	1799684.0000	845	1098086.0000	539	701598.0000
20100125	電子期貨            	EXF    	B         	0	.0000	30	38939.0000	-30	-38939.0000	240	312480.0000	232	302064.0000	8	10416.0000
20100125	電子期貨            	EXF    	C         	690	897086.0000	592	770034.0000	98	127053.0000	2104	2739408.0000	3761	4896822.0000	-1657	-2157414.0000
20100125	金融期貨            	FXF    	A         	709	604132.0000	763	650262.0000	-54	-46130.0000	1014	858721.0000	323	271554.0000	691	587167.0000
20100125	金融期貨            	FXF    	B         	0	.0000	10	8489.0000	-10	-8489.0000	309	262279.0000	0	.0000	309	262279.0000
20100125	金融期貨            	FXF    	C         	700	595759.0000	412	350235.0000	288	245524.0000	948	804662.0000	6229	5287175.0000	-5281	-4482513.0000
20100125	櫃買期貨            	GTF    	A         	182	101696.0000	178	99335.0000	4	2361.0000	106	58195.0000	50	27343.0000	56	30852.0000
20100125	櫃買期貨            	GTF    	B         	0	.0000	0	.0000	0	.0000	0	.0000	0	.0000	0	.0000
20100125	櫃買期貨            	GTF    	C         	0	.0000	0	.0000	0	.0000	0	.0000	0	.0000	0	.0000
20100125	摩臺期              	MSF    	A         	1	903.0000	1	903.0000	0	.0000	0	.0000	1	902.0000	-1	-902.0000
20100125	摩臺期              	MSF    	B         	0	.0000	0	.0000	0	.0000	0	.0000	0	.0000	0	.0000
20100125	摩臺期              	MSF    	C         	0	.0000	0	.0000	0	.0000	0	.0000	0	.0000	0	.0000
20100125	小型臺指            	MXF    	A         	10761	4226495.0000	11158	4383172.0000	-397	-156676.0000	3109	1218539.0000	4731	1846952.0000	-1622	-628413.0000
20100125	小型臺指            	MXF    	B         	0	.0000	0	.0000	0	.0000	0	.0000	0	.0000	0	.0000
20100125	小型臺指            	MXF    	C         	1535	603351.0000	658	258254.0000	877	345097.0000	1056	414365.0000	454	178176.0000	602	236189.0000
20100125	股票期貨            	STF    	A         	697	29526.0000	810	35680.0000	-113	-6155.0000	27	3186.0000	140	9339.0000	-113	-6153.0000
20100125	股票期貨            	STF    	B         	0	.0000	0	.0000	0	.0000	0	.0000	0	.0000	0	.0000
20100125	股票期貨            	STF    	C         	1	122.0000	91	5771.0000	-90	-5649.0000	1	121.0000	91	5707.0000	-90	-5586.0000
20100125	臺灣50期貨          	T5F    	A         	0	.0000	0	.0000	0	.0000	0	.0000	0	.0000	0	.0000
20100125	臺灣50期貨          	T5F    	B         	0	.0000	0	.0000	0	.0000	0	.0000	0	.0000	0	.0000
20100125	臺灣50期貨          	T5F    	C         	0	.0000	0	.0000	0	.0000	0	.0000	0	.0000	0	.0000
20100125	臺股期貨            	TXF    	A         	19895	31271858.0000	17200	27028972.0000	2695	4242886.0000	10485	16412213.0000	5958	9339571.0000	4527	7072642.0000
20100125	臺股期貨            	TXF    	B         	768	1208001.0000	606	951958.0000	162	256043.0000	1537	2413705.0000	1126	1768270.0000	411	645435.0000
20100125	臺股期貨            	TXF    	C         	6641	10435575.0000	9192	14457898.0000	-2551	-4022324.0000	18592	29167208.0000	39532	62004901.0000	-20940	-32837693.0000
20100125	非金電期貨          	XIF    	A         	181	167880.0000	200	185635.0000	-19	-17755.0000	109	100899.0000	104	96270.0000	5	4629.0000
20100125	非金電期貨          	XIF    	B         	0	.0000	0	.0000	0	.0000	21	19471.0000	0	.0000	21	19471.0000
20100125	非金電期貨          	XIF    	C         	48	44541.0000	16	14853.0000	32	29688.0000	86	79739.0000	6	5563.0000	80	74176.0000
20100126	電子期貨            	EXF    	A         	999	1271216.0000	1705	2176406.0000	-706	-905189.0000	769	962988.0000	936	1172907.0000	-167	-209919.0000
20100126	電子期貨            	EXF    	B         	0	.0000	0	.0000	0	.0000	240	301200.0000	232	291160.0000	8	10040.0000
20100126	電子期貨            	EXF    	C         	1127	1438558.0000	519	658893.0000	608	779665.0000	2729	3424895.0000	3778	4741390.0000	-1049	-1316495.0000
20100126	金融期貨            	FXF    	A         	952	793949.0000	1075	898981.0000	-123	-105032.0000	901	732771.0000	333	268633.0000	568	464138.0000
20100126	金融期貨            	FXF    	B         	0	.0000	95	79565.0000	-95	-79565.0000	214	174581.0000	0	.0000	214	174581.0000
20100126	金融期貨            	FXF    	C         	1825	1521754.0000	796	664643.0000	1029	857111.0000	1147	935723.0000	5399	4404504.0000	-4252	-3468781.0000
20100126	櫃買期貨            	GTF    	A         	331	177726.0000	337	180923.0000	-6	-3198.0000	105	54344.0000	55	28419.0000	50	25925.0000
20100126	櫃買期貨            	GTF    	B         	0	.0000	0	.0000	0	.0000	0	.0000	0	.0000	0	.0000
20100126	櫃買期貨            	GTF    	C         	0	.0000	0	.0000	0	.0000	0	.0000	0	.0000	0	.0000
20100126	摩臺期              	MSF    	A         	3	2662.0000	3	2658.0000	0	4.0000	0	.0000	1	878.0000	-1	-878.0000
20100126	摩臺期              	MSF    	B         	0	.0000	0	.0000	0	.0000	0	.0000	0	.0000	0	.0000
20100126	摩臺期              	MSF    	C         	0	.0000	0	.0000	0	.0000	0	.0000	0	.0000	0	.0000
20100126	小型臺指            	MXF    	A         	30325	11643660.0000	28079	10805643.0000	2246	838018.0000	3580	1350906.0000	3452	1294543.0000	128	56363.0000
20100126	小型臺指            	MXF    	B         	0	.0000	0	.0000	0	.0000	0	.0000	0	.0000	0	.0000
20100126	小型臺指            	MXF    	C         	1597	613037.0000	2906	1114737.0000	-1309	-501701.0000	175	65872.0000	234	88268.0000	-59	-22396.0000
20100126	股票期貨            	STF    	A         	62	4976.0000	159	10885.0000	-97	-5909.0000	42	4593.0000	252	16269.0000	-210	-11676.0000
20100126	股票期貨            	STF    	B         	0	.0000	0	.0000	0	.0000	0	.0000	0	.0000	0	.0000
20100126	股票期貨            	STF    	C         	13	827.0000	173	12595.0000	-160	-11768.0000	5	466.0000	255	17569.0000	-250	-17103.0000
20100126	臺灣50期貨          	T5F    	A         	0	.0000	0	.0000	0	.0000	0	.0000	0	.0000	0	.0000
20100126	臺灣50期貨          	T5F    	B         	0	.0000	0	.0000	0	.0000	0	.0000	0	.0000	0	.0000
20100126	臺灣50期貨          	T5F    	C         	0	.0000	0	.0000	0	.0000	0	.0000	0	.0000	0	.0000
20100126	臺股期貨            	TXF    	A         	43740	67227333.0000	45323	69718659.0000	-1583	-2491326.0000	8738	13155347.0000	5670	8552749.0000	3068	4602598.0000
20100126	臺股期貨            	TXF    	B         	956	1469209.0000	1940	2989702.0000	-984	-1520493.0000	1426	2155542.0000	1999	3021688.0000	-573	-866146.0000
20100126	臺股期貨            	TXF    	C         	20692	31779580.0000	15004	23089025.0000	5688	8690555.0000	19874	30010259.0000	35288	53261824.0000	-15414	-23251565.0000
20100126	非金電期貨          	XIF    	A         	304	273775.0000	322	290038.0000	-18	-16264.0000	144	127890.0000	157	139497.0000	-13	-11607.0000
20100126	非金電期貨          	XIF    	B         	0	.0000	0	.0000	0	.0000	21	18707.0000	0	.0000	21	18707.0000
20100126	非金電期貨          	XIF    	C         	20	17763.0000	21	19082.0000	-1	-1318.0000	85	75718.0000	6	5345.0000	79	70373.0000
20100127	電子期貨            	EXF    	A         	746	935340.0000	911	1142967.0000	-165	-207627.0000	654	813236.0000	986	1227478.0000	-332	-414242.0000
20100127	電子期貨            	EXF    	B         	0	.0000	0	.0000	0	.0000	240	299232.0000	232	289258.0000	8	9974.0000
20100127	電子期貨            	EXF    	C         	537	675344.0000	239	299949.0000	298	375395.0000	2779	3464857.0000	3530	4401204.0000	-751	-936347.0000
20100127	金融期貨            	FXF    	A         	563	462647.0000	512	420210.0000	51	42437.0000	975	794670.0000	356	287706.0000	619	506964.0000
20100127	金融期貨            	FXF    	B         	0	.0000	0	.0000	0	.0000	214	174924.0000	0	.0000	214	174924.0000
20100127	金融期貨            	FXF    	C         	778	638502.0000	629	516233.0000	149	122269.0000	1238	1011941.0000	5341	4365733.0000	-4103	-3353792.0000
20100127	櫃買期貨            	GTF    	A         	162	83964.0000	158	81810.0000	4	2155.0000	119	60496.0000	65	33022.0000	54	27474.0000
20100127	櫃買期貨            	GTF    	B         	0	.0000	0	.0000	0	.0000	0	.0000	0	.0000	0	.0000
20100127	櫃買期貨            	GTF    	C         	0	.0000	0	.0000	0	.0000	0	.0000	0	.0000	0	.0000
20100127	摩臺期              	MSF    	A         	1	878.0000	1	878.0000	0	.0000	0	.0000	1	880.0000	-1	-880.0000
20100127	摩臺期              	MSF    	B         	0	.0000	0	.0000	0	.0000	0	.0000	0	.0000	0	.0000
20100127	摩臺期              	MSF    	C         	0	.0000	0	.0000	0	.0000	0	.0000	0	.0000	0	.0000
20100127	小型臺指            	MXF    	A         	19399	7343128.0000	18184	6882188.0000	1215	460940.0000	3409	1282804.0000	2766	1032618.0000	643	250186.0000
20100127	小型臺指            	MXF    	B         	0	.0000	0	.0000	0	.0000	0	.0000	0	.0000	0	.0000
20100127	小型臺指            	MXF    	C         	904	342074.0000	1507	570112.0000	-603	-228038.0000	170	63817.0000	312	117361.0000	-142	-53544.0000
20100127	股票期貨            	STF    	A         	69	6570.0000	157	10279.0000	-88	-3709.0000	57	6229.0000	355	21560.0000	-298	-15331.0000
20100127	股票期貨            	STF    	B         	0	.0000	0	.0000	0	.0000	0	.0000	0	.0000	0	.0000
20100127	股票期貨            	STF    	C         	17	1984.0000	103	10381.0000	-86	-8397.0000	19	2299.0000	355	27561.0000	-336	-25262.0000
20100127	臺灣50期貨          	T5F    	A         	0	.0000	0	.0000	0	.0000	0	.0000	0	.0000	0	.0000
20100127	臺灣50期貨          	T5F    	B         	0	.0000	0	.0000	0	.0000	0	.0000	0	.0000	0	.0000
20100127	臺灣50期貨          	T5F    	C         	0	.0000	0	.0000	0	.0000	0	.0000	0	.0000	0	.0000
20100127	臺股期貨            	TXF    	A         	22567	34169130.0000	24831	37596821.0000	-2264	-3427692.0000	7437	11157856.0000	6458	9715227.0000	979	1442629.0000
20100127	臺股期貨            	TXF    	B         	1115	1690566.0000	619	937192.0000	496	753374.0000	1456	2194192.0000	1561	2352427.0000	-105	-158235.0000
20100127	臺股期貨            	TXF    	C         	12582	19044363.0000	12994	19670585.0000	-412	-626222.0000	20519	30890845.0000	36478	54893952.0000	-15959	-24003107.0000
20100127	非金電期貨          	XIF    	A         	239	213159.0000	216	192422.0000	23	20737.0000	166	147597.0000	156	138506.0000	10	9091.0000
20100127	非金電期貨          	XIF    	B         	0	.0000	0	.0000	0	.0000	21	18713.0000	0	.0000	21	18713.0000
20100127	非金電期貨          	XIF    	C         	5	4463.0000	19	16959.0000	-14	-12496.0000	71	63268.0000	6	5347.0000	65	57921.0000
20100128	電子期貨            	EXF    	A         	914	1160318.0000	1025	1300921.0000	-111	-140604.0000	556	709625.0000	999	1277088.0000	-443	-567463.0000
20100128	電子期貨            	EXF    	B         	0	.0000	9	11504.0000	-9	-11504.0000	231	295726.0000	232	297006.0000	-1	-1280.0000
20100128	電子期貨            	EXF    	C         	894	1132850.0000	294	372085.0000	600	760765.0000	2731	3496226.0000	2882	3689536.0000	-151	-193310.0000
20100128	金融期貨            	FXF    	A         	730	608248.0000	760	632802.0000	-30	-24554.0000	932	775875.0000	343	282856.0000	589	493019.0000
20100128	金融期貨            	FXF    	B         	0	.0000	0	.0000	0	.0000	214	178776.0000	0	.0000	214	178776.0000
20100128	金融期貨            	FXF    	C         	447	371997.0000	437	363663.0000	10	8334.0000	1232	1029213.0000	5325	4448505.0000	-4093	-3419292.0000
20100128	櫃買期貨            	GTF    	A         	141	74422.0000	182	96161.0000	-41	-21739.0000	70	37379.0000	57	30439.0000	13	6940.0000
20100128	櫃買期貨            	GTF    	B         	0	.0000	0	.0000	0	.0000	0	.0000	0	.0000	0	.0000
20100128	櫃買期貨            	GTF    	C         	0	.0000	0	.0000	0	.0000	0	.0000	0	.0000	0	.0000
20100128	摩臺期              	MSF    	A         	0	.0000	0	.0000	0	.0000	0	.0000	1	891.0000	-1	-891.0000
20100128	摩臺期              	MSF    	B         	0	.0000	0	.0000	0	.0000	0	.0000	0	.0000	0	.0000
20100128	摩臺期              	MSF    	C         	0	.0000	0	.0000	0	.0000	0	.0000	0	.0000	0	.0000
20100128	小型臺指            	MXF    	A         	16577	6339794.0000	14624	5596432.0000	1953	743361.0000	3574	1373792.0000	2418	921534.0000	1156	452258.0000
20100128	小型臺指            	MXF    	B         	0	.0000	10	3843.0000	-10	-3843.0000	0	.0000	10	3849.0000	-10	-3849.0000
20100128	小型臺指            	MXF    	C         	1743	667197.0000	787	301931.0000	956	365266.0000	1058	406919.0000	244	93768.0000	814	313151.0000
20100128	股票期貨            	STF    	A         	117	10338.0000	112	8465.0000	5	1874.0000	116	11064.0000	409	24754.0000	-293	-13690.0000
20100128	股票期貨            	STF    	B         	0	.0000	0	.0000	0	.0000	0	.0000	0	.0000	0	.0000
20100128	股票期貨            	STF    	C         	19	1268.0000	126	7139.0000	-107	-5871.0000	31	3345.0000	474	35062.0000	-443	-31717.0000
20100128	臺灣50期貨          	T5F    	A         	0	.0000	0	.0000	0	.0000	0	.0000	0	.0000	0	.0000
20100128	臺灣50期貨          	T5F    	B         	0	.0000	0	.0000	0	.0000	0	.0000	0	.0000	0	.0000
20100128	臺灣50期貨          	T5F    	C         	0	.0000	0	.0000	0	.0000	0	.0000	0	.0000	0	.0000
20100128	臺股期貨            	TXF    	A         	27265	41732955.0000	26156	40064094.0000	1109	1668861.0000	7592	11638612.0000	5144	7903061.0000	2448	3735551.0000
20100128	臺股期貨            	TXF    	B         	374	573968.0000	583	893706.0000	-209	-319738.0000	1439	2215197.0000	1753	2698148.0000	-314	-482951.0000
20100128	臺股期貨            	TXF    	C         	9538	14586386.0000	7442	11387195.0000	2096	3199191.0000	21078	32412735.0000	34941	53708012.0000	-13863	-21295277.0000
20100128	非金電期貨          	XIF    	A         	323	289954.0000	338	303399.0000	-15	-13445.0000	129	115919.0000	134	120087.0000	-5	-4168.0000
20100128	非金電期貨          	XIF    	B         	0	.0000	0	.0000	0	.0000	21	18934.0000	0	.0000	21	18934.0000
20100128	非金電期貨          	XIF    	C         	10	9001.0000	20	17985.0000	-10	-8984.0000	61	54998.0000	6	5410.0000	55	49588.0000
20100129	電子期貨            	EXF    	A         	1211	1514822.0000	1192	1489740.0000	19	25082.0000	463	579526.0000	887	1110969.0000	-424	-531443.0000
20100129	電子期貨            	EXF    	B         	10	12556.0000	0	.0000	10	12556.0000	241	302503.0000	232	291206.0000	9	11297.0000
20100129	電子期貨            	EXF    	C         	582	728681.0000	1170	1462759.0000	-588	-734078.0000	2786	3496987.0000	3525	4424580.0000	-739	-927593.0000
20100129	金融期貨            	FXF    	A         	768	629765.0000	795	651483.0000	-27	-21718.0000	950	779878.0000	388	315827.0000	562	464051.0000
20100129	金融期貨            	FXF    	B         	0	.0000	0	.0000	0	.0000	214	176293.0000	0	.0000	214	176293.0000
20100129	金融期貨            	FXF    	C         	571	466992.0000	523	428100.0000	48	38892.0000	1238	1019864.0000	5283	4352135.0000	-4045	-3332271.0000
20100129	櫃買期貨            	GTF    	A         	77	40367.0000	83	43339.0000	-6	-2972.0000	69	36298.0000	62	32639.0000	7	3659.0000
20100129	櫃買期貨            	GTF    	B         	0	.0000	0	.0000	0	.0000	0	.0000	0	.0000	0	.0000
20100129	櫃買期貨            	GTF    	C         	0	.0000	0	.0000	0	.0000	0	.0000	0	.0000	0	.0000
20100129	摩臺期              	MSF    	A         	0	.0000	0	.0000	0	.0000	0	.0000	1	877.0000	-1	-877.0000
20100129	摩臺期              	MSF    	B         	0	.0000	0	.0000	0	.0000	0	.0000	0	.0000	0	.0000
20100129	摩臺期              	MSF    	C         	0	.0000	0	.0000	0	.0000	0	.0000	0	.0000	0	.0000
20100129	小型臺指            	MXF    	A         	26044	9820245.0000	27602	10406298.0000	-1558	-586052.0000	3363	1273247.0000	3149	1183626.0000	214	89621.0000
20100129	小型臺指            	MXF    	B         	0	.0000	10	3755.0000	-10	-3755.0000	0	.0000	20	7581.0000	-20	-7581.0000
20100129	小型臺指            	MXF    	C         	1259	475240.0000	1886	710607.0000	-627	-235367.0000	630	238550.0000	211	79866.0000	419	158684.0000
20100129	股票期貨            	STF    	A         	83	6735.0000	160	11591.0000	-77	-4855.0000	134	12204.0000	504	30754.0000	-370	-18550.0000
20100129	股票期貨            	STF    	B         	0	.0000	0	.0000	0	.0000	0	.0000	0	.0000	0	.0000
20100129	股票期貨            	STF    	C         	18	1349.0000	20	1685.0000	-2	-337.0000	38	3896.0000	483	35561.0000	-445	-31665.0000
20100129	臺灣50期貨          	T5F    	A         	0	.0000	0	.0000	0	.0000	0	.0000	0	.0000	0	.0000
20100129	臺灣50期貨          	T5F    	B         	0	.0000	0	.0000	0	.0000	0	.0000	0	.0000	0	.0000
20100129	臺灣50期貨          	T5F    	C         	0	.0000	0	.0000	0	.0000	0	.0000	0	.0000	0	.0000
20100129	臺股期貨            	TXF    	A         	35350	53365034.0000	36358	54850472.0000	-1008	-1485438.0000	7318	11049636.0000	6032	9127818.0000	1286	1921818.0000
20100129	臺股期貨            	TXF    	B         	612	927323.0000	739	1113514.0000	-127	-186192.0000	1462	2216684.0000	1898	2877328.0000	-436	-660644.0000
20100129	臺股期貨            	TXF    	C         	12388	18681731.0000	11221	16950066.0000	1167	1731665.0000	21634	32765450.0000	34388	52062061.0000	-12754	-19296611.0000
20100129	非金電期貨          	XIF    	A         	543	482510.0000	576	511483.0000	-33	-28973.0000	134	119216.0000	172	152843.0000	-38	-33627.0000
20100129	非金電期貨          	XIF    	B         	0	.0000	0	.0000	0	.0000	21	18755.0000	0	.0000	21	18755.0000
20100129	非金電期貨          	XIF    	C         	83	73525.0000	69	61406.0000	14	12119.0000	91	81272.0000	22	19648.0000	69	61624.0000
