20081001	電子期貨            	EXF    	A         	709	661321.0000	835	778985.0000	-126	-117664.0000	1416	1323750.0000	719	672242.0000	697	651508.0000
20081001	電子期貨            	EXF    	B         	0	.0000	40	37535.0000	-40	-37535.0000	233	217855.0000	768	718080.0000	-535	-500225.0000
20081001	電子期貨            	EXF    	C         	400	374119.0000	78	72788.0000	322	301331.0000	4467	4176595.0000	3851	3600685.0000	616	575910.0000
20081001	金融期貨            	FXF    	A         	850	567105.0000	717	477598.0000	133	89508.0000	612	407355.0000	534	355480.0000	78	51875.0000
20081001	金融期貨            	FXF    	B         	169	113184.0000	724	483648.0000	-555	-370464.0000	130	86554.0000	1507	1003361.0000	-1377	-916807.0000
20081001	金融期貨            	FXF    	C         	697	466257.0000	183	122141.0000	514	344116.0000	4542	3024064.0000	1647	1096573.0000	2895	1927491.0000
20081001	櫃買期貨            	GTF    	A         	916	304133.0000	935	310469.0000	-19	-6336.0000	121	40570.0000	88	29478.0000	33	11092.0000
20081001	櫃買期貨            	GTF    	B         	0	.0000	0	.0000	0	.0000	0	.0000	43	14422.0000	-43	-14422.0000
20081001	櫃買期貨            	GTF    	C         	0	.0000	0	.0000	0	.0000	0	.0000	0	.0000	0	.0000
20081001	摩臺期              	MSF    	A         	1	718.0000	1	718.0000	0	.0000	20	14365.0000	23	16519.0000	-3	-2154.0000
20081001	摩臺期              	MSF    	B         	0	.0000	0	.0000	0	.0000	0	.0000	0	.0000	0	.0000
20081001	摩臺期              	MSF    	C         	0	.0000	0	.0000	0	.0000	0	.0000	0	.0000	0	.0000
20081001	小型臺指            	MXF    	A         	4401	1246484.0000	4291	1215445.0000	110	31039.0000	5259	1490609.0000	8042	2280060.0000	-2783	-789451.0000
20081001	小型臺指            	MXF    	B         	0	.0000	0	.0000	0	.0000	0	.0000	3	851.0000	-3	-851.0000
20081001	小型臺指            	MXF    	C         	412	116891.0000	12	3384.0000	400	113507.0000	11	3101.0000	483	137075.0000	-472	-133974.0000
20081001	臺灣50期貨          	T5F    	A         	0	.0000	0	.0000	0	.0000	0	.0000	0	.0000	0	.0000
20081001	臺灣50期貨          	T5F    	B         	0	.0000	0	.0000	0	.0000	0	.0000	0	.0000	0	.0000
20081001	臺灣50期貨          	T5F    	C         	0	.0000	0	.0000	0	.0000	0	.0000	0	.0000	0	.0000
20081001	臺股期貨            	TXF    	A         	14613	16558932.0000	13779	15609098.0000	834	949833.0000	7166	8130784.0000	9833	11151760.0000	-2667	-3020976.0000
20081001	臺股期貨            	TXF    	B         	456	516934.0000	1611	1826197.0000	-1155	-1309263.0000	2137	2425922.0000	14357	16297850.0000	-12220	-13871928.0000
20081001	臺股期貨            	TXF    	C         	9401	10657658.0000	5734	6500538.0000	3667	4157120.0000	34279	38902929.0000	18692	21213102.0000	15587	17689827.0000
20081001	非金電期貨          	XIF    	A         	926	604048.0000	1013	661393.0000	-87	-57345.0000	174	114197.0000	265	173991.0000	-91	-59794.0000
20081001	非金電期貨          	XIF    	B         	0	.0000	0	.0000	0	.0000	45	29547.0000	0	.0000	45	29547.0000
20081001	非金電期貨          	XIF    	C         	126	83013.0000	0	.0000	126	83013.0000	228	149703.0000	155	101773.0000	73	47930.0000
20081002	電子期貨            	EXF    	A         	797	731801.0000	833	767007.0000	-36	-35206.0000	1489	1364399.0000	828	758782.0000	661	605617.0000
20081002	電子期貨            	EXF    	B         	0	.0000	266	244006.0000	-266	-244006.0000	233	213521.0000	1034	947558.0000	-801	-734037.0000
20081002	電子期貨            	EXF    	C         	841	775826.0000	239	218250.0000	602	557576.0000	4954	4539820.0000	3736	3423670.0000	1218	1116150.0000
20081002	金融期貨            	FXF    	A         	542	365321.0000	878	591669.0000	-336	-226348.0000	660	443275.0000	918	616660.0000	-258	-173385.0000
20081002	金融期貨            	FXF    	B         	0	.0000	139	94014.0000	-139	-94014.0000	130	87334.0000	1646	1105783.0000	-1516	-1018449.0000
20081002	金融期貨            	FXF    	C         	522	350881.0000	652	439077.0000	-130	-88196.0000	4253	2857165.0000	1488	999638.0000	2765	1857527.0000
20081002	櫃買期貨            	GTF    	A         	511	170929.0000	499	167082.0000	12	3847.0000	126	41960.0000	81	26956.0000	45	15004.0000
20081002	櫃買期貨            	GTF    	B         	0	.0000	0	.0000	0	.0000	0	.0000	43	14319.0000	-43	-14319.0000
20081002	櫃買期貨            	GTF    	C         	0	.0000	0	.0000	0	.0000	0	.0000	0	.0000	0	.0000
20081002	摩臺期              	MSF    	A         	0	.0000	0	.0000	0	.0000	20	14206.0000	23	16337.0000	-3	-2131.0000
20081002	摩臺期              	MSF    	B         	0	.0000	0	.0000	0	.0000	0	.0000	0	.0000	0	.0000
20081002	摩臺期              	MSF    	C         	0	.0000	0	.0000	0	.0000	0	.0000	0	.0000	0	.0000
20081002	小型臺指            	MXF    	A         	6074	1709541.0000	6526	1838177.0000	-452	-128636.0000	5513	1546961.0000	8792	2467804.0000	-3279	-920843.0000
20081002	小型臺指            	MXF    	B         	0	.0000	0	.0000	0	.0000	0	.0000	3	843.0000	-3	-843.0000
20081002	小型臺指            	MXF    	C         	89	24923.0000	462	130234.0000	-373	-105311.0000	11	3054.0000	856	240536.0000	-845	-237482.0000
20081002	臺灣50期貨          	T5F    	A         	0	.0000	0	.0000	0	.0000	0	.0000	0	.0000	0	.0000
20081002	臺灣50期貨          	T5F    	B         	0	.0000	0	.0000	0	.0000	0	.0000	0	.0000	0	.0000
20081002	臺灣50期貨          	T5F    	C         	0	.0000	0	.0000	0	.0000	0	.0000	0	.0000	0	.0000
20081002	臺股期貨            	TXF    	A         	13821	15574899.0000	13693	15429532.0000	128	145367.0000	7484	8407929.0000	10012	11241911.0000	-2528	-2833982.0000
20081002	臺股期貨            	TXF    	B         	205	231797.0000	3124	3533539.0000	-2919	-3301743.0000	2060	2315440.0000	17199	19331444.0000	-15139	-17016004.0000
20081002	臺股期貨            	TXF    	C         	8869	9991669.0000	7166	8066140.0000	1703	1925529.0000	35729	40147782.0000	18439	20720162.0000	17290	19427620.0000
20081002	非金電期貨          	XIF    	A         	357	233895.0000	375	245616.0000	-18	-11721.0000	234	153530.0000	343	225277.0000	-109	-71747.0000
20081002	非金電期貨          	XIF    	B         	0	.0000	0	.0000	0	.0000	45	29556.0000	0	.0000	45	29556.0000
20081002	非金電期貨          	XIF    	C         	0	.0000	18	11830.0000	-18	-11830.0000	228	149745.0000	173	113626.0000	55	36119.0000
20081003	電子期貨            	EXF    	A         	582	530636.0000	936	854503.0000	-354	-323867.0000	1429	1327282.0000	1122	1042277.0000	307	285005.0000
20081003	電子期貨            	EXF    	B         	93	84883.0000	390	351993.0000	-297	-267110.0000	233	216457.0000	1331	1236419.0000	-1098	-1019962.0000
20081003	電子期貨            	EXF    	C         	1106	1006439.0000	157	142688.0000	949	863750.0000	5428	5042572.0000	3261	3029469.0000	2167	2013103.0000
20081003	金融期貨            	FXF    	A         	617	406976.0000	593	391255.0000	24	15721.0000	491	325822.0000	725	481310.0000	-234	-155488.0000
20081003	金融期貨            	FXF    	B         	123	80877.0000	63	41473.0000	60	39404.0000	96	63744.0000	1552	1030528.0000	-1456	-966784.0000
20081003	金融期貨            	FXF    	C         	236	156258.0000	632	416468.0000	-396	-260211.0000	4068	2701152.0000	1699	1128136.0000	2369	1573016.0000
20081003	櫃買期貨            	GTF    	A         	346	112674.0000	390	126995.0000	-44	-14321.0000	118	39782.0000	117	39418.0000	1	364.0000
20081003	櫃買期貨            	GTF    	B         	0	.0000	0	.0000	0	.0000	0	.0000	43	14500.0000	-43	-14500.0000
20081003	櫃買期貨            	GTF    	C         	0	.0000	0	.0000	0	.0000	0	.0000	0	.0000	0	.0000
20081003	摩臺期              	MSF    	A         	15	10601.0000	15	10601.0000	0	.0000	29	20742.0000	32	22888.0000	-3	-2146.0000
20081003	摩臺期              	MSF    	B         	0	.0000	0	.0000	0	.0000	0	.0000	0	.0000	0	.0000
20081003	摩臺期              	MSF    	C         	0	.0000	0	.0000	0	.0000	0	.0000	0	.0000	0	.0000
20081003	小型臺指            	MXF    	A         	4980	1389549.0000	5193	1451078.0000	-213	-61529.0000	6866	1935240.0000	10326	2910995.0000	-3460	-975755.0000
20081003	小型臺指            	MXF    	B         	0	.0000	0	.0000	0	.0000	0	.0000	3	846.0000	-3	-846.0000
20081003	小型臺指            	MXF    	C         	529	147962.0000	171	48239.0000	358	99724.0000	11	3075.0000	498	140511.0000	-487	-137436.0000
20081003	臺灣50期貨          	T5F    	A         	0	.0000	0	.0000	0	.0000	0	.0000	0	.0000	0	.0000
20081003	臺灣50期貨          	T5F    	B         	0	.0000	0	.0000	0	.0000	0	.0000	0	.0000	0	.0000
20081003	臺灣50期貨          	T5F    	C         	0	.0000	0	.0000	0	.0000	0	.0000	0	.0000	0	.0000
20081003	臺股期貨            	TXF    	A         	14426	16109278.0000	12207	13629651.0000	2219	2479626.0000	7988	9010962.0000	8305	9361088.0000	-317	-350126.0000
20081003	臺股期貨            	TXF    	B         	1177	1318097.0000	1704	1896300.0000	-527	-578203.0000	2265	2556279.0000	17931	20236525.0000	-15666	-17680246.0000
20081003	臺股期貨            	TXF    	C         	5231	5848172.0000	7977	8935859.0000	-2746	-3087687.0000	33969	38325683.0000	19425	21916910.0000	14544	16408773.0000
20081003	非金電期貨          	XIF    	A         	502	328093.0000	478	312052.0000	24	16041.0000	311	203512.0000	396	259256.0000	-85	-55744.0000
20081003	非金電期貨          	XIF    	B         	0	.0000	0	.0000	0	.0000	45	29466.0000	0	.0000	45	29466.0000
20081003	非金電期貨          	XIF    	C         	128	83752.0000	194	126234.0000	-66	-42482.0000	146	95598.0000	157	102804.0000	-11	-7206.0000
20081006	電子期貨            	EXF    	A         	649	580620.0000	822	736856.0000	-173	-156236.0000	1293	1147406.0000	1159	1028663.0000	134	118743.0000
20081006	電子期貨            	EXF    	B         	0	.0000	408	366105.0000	-408	-366105.0000	230	204148.0000	1736	1540778.0000	-1506	-1336630.0000
20081006	電子期貨            	EXF    	C         	449	401920.0000	143	127233.0000	306	274687.0000	5719	5076136.0000	3246	2881150.0000	2473	2194986.0000
20081006	金融期貨            	FXF    	A         	768	478881.0000	464	289315.0000	304	189566.0000	613	378402.0000	543	335284.0000	70	43118.0000
20081006	金融期貨            	FXF    	B         	5	3088.0000	0	.0000	5	3088.0000	96	59290.0000	1547	955427.0000	-1451	-896137.0000
20081006	金融期貨            	FXF    	C         	342	212094.0000	311	196218.0000	31	15876.0000	4145	2559952.0000	1745	1077712.0000	2400	1482240.0000
20081006	櫃買期貨            	GTF    	A         	860	280821.0000	839	273939.0000	21	6882.0000	127	40997.0000	105	33882.0000	22	7115.0000
20081006	櫃買期貨            	GTF    	B         	0	.0000	0	.0000	0	.0000	0	.0000	43	13880.0000	-43	-13880.0000
20081006	櫃買期貨            	GTF    	C         	0	.0000	0	.0000	0	.0000	0	.0000	0	.0000	0	.0000
20081006	摩臺期              	MSF    	A         	7	4808.0000	7	4808.0000	0	.0000	32	21871.0000	35	23921.0000	-3	-2050.0000
20081006	摩臺期              	MSF    	B         	0	.0000	0	.0000	0	.0000	0	.0000	0	.0000	0	.0000
20081006	摩臺期              	MSF    	C         	0	.0000	0	.0000	0	.0000	0	.0000	0	.0000	0	.0000
20081006	小型臺指            	MXF    	A         	5808	1578672.0000	5514	1499068.0000	294	79603.0000	7329	1972899.0000	10563	2843327.0000	-3234	-870428.0000
20081006	小型臺指            	MXF    	B         	0	.0000	0	.0000	0	.0000	0	.0000	3	808.0000	-3	-808.0000
20081006	小型臺指            	MXF    	C         	44	12018.0000	577	157155.0000	-533	-145136.0000	11	2940.0000	1031	277803.0000	-1020	-274863.0000
20081006	臺灣50期貨          	T5F    	A         	0	.0000	0	.0000	0	.0000	0	.0000	0	.0000	0	.0000
20081006	臺灣50期貨          	T5F    	B         	0	.0000	0	.0000	0	.0000	0	.0000	0	.0000	0	.0000
20081006	臺灣50期貨          	T5F    	C         	0	.0000	0	.0000	0	.0000	0	.0000	0	.0000	0	.0000
20081006	臺股期貨            	TXF    	A         	13602	14790335.0000	15241	16571862.0000	-1639	-1781527.0000	7223	7780987.0000	9162	9862398.0000	-1939	-2081411.0000
20081006	臺股期貨            	TXF    	B         	1242	1349897.0000	1042	1131351.0000	200	218546.0000	2257	2432595.0000	17724	19101619.0000	-15467	-16669024.0000
20081006	臺股期貨            	TXF    	C         	7482	8130109.0000	5371	5842309.0000	2111	2287799.0000	36464	39288109.0000	19809	21343168.0000	16655	17944941.0000
20081006	非金電期貨          	XIF    	A         	1380	869288.0000	1370	862848.0000	10	6440.0000	301	191005.0000	376	238691.0000	-75	-47686.0000
20081006	非金電期貨          	XIF    	B         	0	.0000	0	.0000	0	.0000	45	28571.0000	0	.0000	45	28571.0000
20081006	非金電期貨          	XIF    	C         	29	18433.0000	0	.0000	29	18433.0000	149	94598.0000	131	83172.0000	18	11426.0000
20081007	電子期貨            	EXF    	A         	549	489290.0000	811	724640.0000	-262	-235350.0000	1207	1084569.0000	1335	1199787.0000	-128	-115218.0000
20081007	電子期貨            	EXF    	B         	3	2700.0000	120	106472.0000	-117	-103772.0000	228	204926.0000	1851	1663128.0000	-1623	-1458202.0000
20081007	電子期貨            	EXF    	C         	372	330938.0000	373	334004.0000	-1	-3066.0000	5821	5231847.0000	3349	3010081.0000	2472	2221766.0000
20081007	金融期貨            	FXF    	A         	519	313030.0000	1094	665406.0000	-575	-352377.0000	405	249903.0000	910	561634.0000	-505	-311731.0000
20081007	金融期貨            	FXF    	B         	0	.0000	0	.0000	0	.0000	96	59270.0000	1547	955118.0000	-1451	-895848.0000
20081007	金融期貨            	FXF    	C         	978	594952.0000	120	72950.0000	858	522002.0000	4654	2873380.0000	1396	861890.0000	3258	2011490.0000
20081007	櫃買期貨            	GTF    	A         	181	57853.0000	168	53639.0000	13	4214.0000	132	43141.0000	97	31728.0000	35	11413.0000
20081007	櫃買期貨            	GTF    	B         	13	4244.0000	0	.0000	13	4244.0000	0	.0000	30	9816.0000	-30	-9816.0000
20081007	櫃買期貨            	GTF    	C         	0	.0000	0	.0000	0	.0000	0	.0000	0	.0000	0	.0000
20081007	摩臺期              	MSF    	A         	6	4073.0000	6	4073.0000	0	.0000	32	21881.0000	35	23932.0000	-3	-2051.0000
20081007	摩臺期              	MSF    	B         	0	.0000	0	.0000	0	.0000	0	.0000	0	.0000	0	.0000
20081007	摩臺期              	MSF    	C         	0	.0000	0	.0000	0	.0000	0	.0000	0	.0000	0	.0000
20081007	小型臺指            	MXF    	A         	7618	2050076.0000	6902	1862461.0000	716	187615.0000	7485	2034228.0000	10007	2719526.0000	-2522	-685298.0000
20081007	小型臺指            	MXF    	B         	0	.0000	0	.0000	0	.0000	0	.0000	3	816.0000	-3	-816.0000
20081007	小型臺指            	MXF    	C         	37	9839.0000	8	2186.0000	29	7653.0000	11	2963.0000	1002	272644.0000	-991	-269681.0000
20081007	臺灣50期貨          	T5F    	A         	0	.0000	0	.0000	0	.0000	0	.0000	0	.0000	0	.0000
20081007	臺灣50期貨          	T5F    	B         	0	.0000	0	.0000	0	.0000	0	.0000	0	.0000	0	.0000
20081007	臺灣50期貨          	T5F    	C         	0	.0000	0	.0000	0	.0000	0	.0000	0	.0000	0	.0000
20081007	臺股期貨            	TXF    	A         	16730	18035366.0000	16920	18241395.0000	-190	-206029.0000	6849	7449591.0000	8977	9754205.0000	-2128	-2304614.0000
20081007	臺股期貨            	TXF    	B         	1759	1896764.0000	1584	1697970.0000	175	198793.0000	2304	2507674.0000	17591	19140563.0000	-15287	-16632889.0000
20081007	臺股期貨            	TXF    	C         	8026	8647386.0000	8160	8824674.0000	-134	-177287.0000	37080	40337625.0000	20559	22369681.0000	16521	17967944.0000
20081007	非金電期貨          	XIF    	A         	424	268163.0000	413	261137.0000	11	7026.0000	311	197978.0000	375	238777.0000	-64	-40799.0000
20081007	非金電期貨          	XIF    	B         	0	.0000	0	.0000	0	.0000	45	28656.0000	0	.0000	45	28656.0000
20081007	非金電期貨          	XIF    	C         	4	2512.0000	74	46548.0000	-70	-44035.0000	153	97429.0000	205	130544.0000	-52	-33115.0000
20081008	電子期貨            	EXF    	A         	769	663804.0000	1299	1126685.0000	-530	-462881.0000	1034	875330.0000	1692	1432629.0000	-658	-557299.0000
20081008	電子期貨            	EXF    	B         	0	.0000	92	79215.0000	-92	-79215.0000	204	172747.0000	1919	1624539.0000	-1715	-1451792.0000
20081008	電子期貨            	EXF    	C         	206	178725.0000	123	106633.0000	83	72091.0000	5975	5059582.0000	3422	2897750.0000	2553	2161832.0000
20081008	金融期貨            	FXF    	A         	887	518734.0000	907	533282.0000	-20	-14548.0000	383	219747.0000	908	521175.0000	-525	-301428.0000
20081008	金融期貨            	FXF    	B         	260	150366.0000	11	6443.0000	249	143923.0000	93	53401.0000	1295	743557.0000	-1202	-690156.0000
20081008	金融期貨            	FXF    	C         	238	138826.0000	509	300784.0000	-271	-161958.0000	4495	2581029.0000	1508	865894.0000	2987	1715135.0000
20081008	櫃買期貨            	GTF    	A         	231	72379.0000	260	81439.0000	-29	-9060.0000	124	38704.0000	118	36805.0000	6	1899.0000
20081008	櫃買期貨            	GTF    	B         	12	3771.0000	0	.0000	12	3771.0000	0	.0000	18	5605.0000	-18	-5605.0000
20081008	櫃買期貨            	GTF    	C         	0	.0000	0	.0000	0	.0000	0	.0000	0	.0000	0	.0000
20081008	摩臺期              	MSF    	A         	7	4580.0000	7	4580.0000	0	.0000	36	23128.0000	39	25055.0000	-3	-1927.0000
20081008	摩臺期              	MSF    	B         	0	.0000	0	.0000	0	.0000	0	.0000	0	.0000	0	.0000
20081008	摩臺期              	MSF    	C         	0	.0000	0	.0000	0	.0000	0	.0000	0	.0000	0	.0000
20081008	小型臺指            	MXF    	A         	11376	2961846.0000	11343	2963034.0000	33	-1188.0000	7097	1813899.0000	10490	2679078.0000	-3393	-865179.0000
20081008	小型臺指            	MXF    	B         	0	.0000	0	.0000	0	.0000	0	.0000	3	767.0000	-3	-767.0000
20081008	小型臺指            	MXF    	C         	340	90190.0000	159	41292.0000	181	48898.0000	11	2785.0000	821	210012.0000	-810	-207227.0000
20081008	臺灣50期貨          	T5F    	A         	0	.0000	0	.0000	0	.0000	0	.0000	0	.0000	0	.0000
20081008	臺灣50期貨          	T5F    	B         	0	.0000	0	.0000	0	.0000	0	.0000	0	.0000	0	.0000
20081008	臺灣50期貨          	T5F    	C         	0	.0000	0	.0000	0	.0000	0	.0000	0	.0000	0	.0000
20081008	臺股期貨            	TXF    	A         	22185	23106405.0000	23583	24604874.0000	-1398	-1498469.0000	6854	7008387.0000	10154	10369367.0000	-3300	-3360980.0000
20081008	臺股期貨            	TXF    	B         	518	539627.0000	1279	1335010.0000	-761	-795383.0000	2303	2356430.0000	18351	18768810.0000	-16048	-16412380.0000
20081008	臺股期貨            	TXF    	C         	11191	11659449.0000	9716	10120395.0000	1475	1539054.0000	38621	39487761.0000	20625	21091146.0000	17996	18396615.0000
20081008	非金電期貨          	XIF    	A         	398	243426.0000	491	300816.0000	-93	-57390.0000	352	210521.0000	509	304549.0000	-157	-94028.0000
20081008	非金電期貨          	XIF    	B         	0	.0000	0	.0000	0	.0000	45	26928.0000	0	.0000	45	26928.0000
20081008	非金電期貨          	XIF    	C         	60	37515.0000	0	.0000	60	37515.0000	213	127458.0000	205	122672.0000	8	4786.0000
20081009	電子期貨            	EXF    	A         	689	590260.0000	917	784679.0000	-228	-194419.0000	1054	876482.0000	1940	1613861.0000	-886	-737379.0000
20081009	電子期貨            	EXF    	B         	627	538829.0000	52	44316.0000	575	494513.0000	204	169769.0000	1344	1117547.0000	-1140	-947778.0000
20081009	電子期貨            	EXF    	C         	487	419540.0000	567	488082.0000	-80	-68542.0000	6058	5041356.0000	3585	2983387.0000	2473	2057969.0000
20081009	金融期貨            	FXF    	A         	692	397133.0000	975	562661.0000	-283	-165529.0000	285	161526.0000	1093	620358.0000	-808	-458832.0000
20081009	金融期貨            	FXF    	B         	151	87538.0000	27	15820.0000	124	71718.0000	95	54017.0000	1173	666893.0000	-1078	-612876.0000
20081009	金融期貨            	FXF    	C         	468	265676.0000	1250	723372.0000	-782	-457696.0000	4024	2287229.0000	1819	1034283.0000	2205	1252946.0000
20081009	櫃買期貨            	GTF    	A         	240	74016.0000	252	77764.0000	-12	-3748.0000	110	33288.0000	116	35094.0000	-6	-1806.0000
20081009	櫃買期貨            	GTF    	B         	0	.0000	0	.0000	0	.0000	0	.0000	18	5447.0000	-18	-5447.0000
20081009	櫃買期貨            	GTF    	C         	0	.0000	0	.0000	0	.0000	0	.0000	0	.0000	0	.0000
20081009	摩臺期              	MSF    	A         	4	2583.0000	5	3230.0000	-1	-647.0000	40	25817.0000	44	28398.0000	-4	-2581.0000
20081009	摩臺期              	MSF    	B         	0	.0000	0	.0000	0	.0000	0	.0000	0	.0000	0	.0000
20081009	摩臺期              	MSF    	C         	0	.0000	0	.0000	0	.0000	0	.0000	0	.0000	0	.0000
20081009	小型臺指            	MXF    	A         	12368	3188998.0000	12302	3167819.0000	66	21179.0000	6873	1736746.0000	9892	2496125.0000	-3019	-759379.0000
20081009	小型臺指            	MXF    	B         	0	.0000	0	.0000	0	.0000	0	.0000	3	759.0000	-3	-759.0000
20081009	小型臺指            	MXF    	C         	8	2092.0000	191	49237.0000	-183	-47145.0000	11	2744.0000	1004	254112.0000	-993	-251368.0000
20081009	臺灣50期貨          	T5F    	A         	0	.0000	0	.0000	0	.0000	0	.0000	0	.0000	0	.0000
20081009	臺灣50期貨          	T5F    	B         	0	.0000	0	.0000	0	.0000	0	.0000	0	.0000	0	.0000
20081009	臺灣50期貨          	T5F    	C         	0	.0000	0	.0000	0	.0000	0	.0000	0	.0000	0	.0000
20081009	臺股期貨            	TXF    	A         	25063	25878538.0000	23591	24346418.0000	1472	1532120.0000	6099	6163337.0000	8004	8079132.0000	-1905	-1915795.0000
20081009	臺股期貨            	TXF    	B         	4714	4882818.0000	4591	4713243.0000	123	169575.0000	2291	2319408.0000	18215	18395445.0000	-15924	-16076037.0000
20081009	臺股期貨            	TXF    	C         	12213	12557105.0000	12206	12612955.0000	7	-55850.0000	39844	40256152.0000	21840	22100437.0000	18004	18155715.0000
20081009	非金電期貨          	XIF    	A         	477	288511.0000	452	273220.0000	25	15291.0000	414	247028.0000	546	325875.0000	-132	-78847.0000
20081009	非金電期貨          	XIF    	B         	0	.0000	0	.0000	0	.0000	45	26861.0000	0	.0000	45	26861.0000
20081009	非金電期貨          	XIF    	C         	0	.0000	0	.0000	0	.0000	213	127138.0000	205	122365.0000	8	4773.0000
20081013	電子期貨            	EXF    	A         	1335	1075874.0000	1479	1208979.0000	-144	-133105.0000	1492	1235993.0000	2522	2098598.0000	-1030	-862605.0000
20081013	電子期貨            	EXF    	B         	80	64625.0000	432	347065.0000	-352	-282440.0000	204	169490.0000	1696	1408268.0000	-1492	-1238778.0000
20081013	電子期貨            	EXF    	C         	3177	2584949.0000	2929	2366749.0000	248	218200.0000	6517	5418301.0000	3796	3148795.0000	2721	2269506.0000
20081013	金融期貨            	FXF    	A         	834	453994.0000	856	468728.0000	-22	-14734.0000	435	245143.0000	1265	717941.0000	-830	-472798.0000
20081013	金融期貨            	FXF    	B         	34	18353.0000	99	53906.0000	-65	-35553.0000	95	53697.0000	1238	703241.0000	-1143	-649544.0000
20081013	金融期貨            	FXF    	C         	1216	665825.0000	1219	664172.0000	-3	1652.0000	3965	2250664.0000	1763	996896.0000	2202	1253768.0000
20081013	櫃買期貨            	GTF    	A         	131	38475.0000	136	39967.0000	-5	-1492.0000	109	32975.0000	120	36310.0000	-11	-3335.0000
20081013	櫃買期貨            	GTF    	B         	18	5300.0000	10	2925.0000	8	2375.0000	0	.0000	10	3000.0000	-10	-3000.0000
20081013	櫃買期貨            	GTF    	C         	0	.0000	0	.0000	0	.0000	0	.0000	0	.0000	0	.0000
20081013	摩臺期              	MSF    	A         	5	3116.0000	5	3116.0000	0	.0000	43	27732.0000	47	30312.0000	-4	-2580.0000
20081013	摩臺期              	MSF    	B         	0	.0000	0	.0000	0	.0000	0	.0000	0	.0000	0	.0000
20081013	摩臺期              	MSF    	C         	0	.0000	0	.0000	0	.0000	0	.0000	0	.0000	0	.0000
20081013	小型臺指            	MXF    	A         	8343	2052302.0000	8091	1984334.0000	252	67968.0000	10385	2625809.0000	13172	3324176.0000	-2787	-698367.0000
20081013	小型臺指            	MXF    	B         	0	.0000	0	.0000	0	.0000	0	.0000	3	759.0000	-3	-759.0000
20081013	小型臺指            	MXF    	C         	153	37818.0000	50	12213.0000	103	25606.0000	11	2744.0000	901	228043.0000	-890	-225299.0000
20081013	臺灣50期貨          	T5F    	A         	0	.0000	0	.0000	0	.0000	0	.0000	0	.0000	0	.0000
20081013	臺灣50期貨          	T5F    	B         	0	.0000	0	.0000	0	.0000	0	.0000	0	.0000	0	.0000
20081013	臺灣50期貨          	T5F    	C         	0	.0000	0	.0000	0	.0000	0	.0000	0	.0000	0	.0000
20081013	臺股期貨            	TXF    	A         	15647	15396544.0000	14576	14324675.0000	1071	1071868.0000	7867	7952098.0000	8696	8773873.0000	-829	-821775.0000
20081013	臺股期貨            	TXF    	B         	3574	3503309.0000	4463	4354469.0000	-889	-851160.0000	2409	2430762.0000	19219	19388591.0000	-16810	-16957829.0000
20081013	臺股期貨            	TXF    	C         	19707	19313246.0000	18467	18171031.0000	1240	1142215.0000	43786	44174876.0000	24542	24822058.0000	19244	19352818.0000
20081013	非金電期貨          	XIF    	A         	451	260606.0000	428	247291.0000	23	13315.0000	469	279804.0000	578	344959.0000	-109	-65155.0000
20081013	非金電期貨          	XIF    	B         	14	8083.0000	14	8092.0000	0	-9.0000	45	26838.0000	0	.0000	45	26838.0000
20081013	非金電期貨          	XIF    	C         	20	11594.0000	65	37632.0000	-45	-26038.0000	213	127138.0000	250	149209.0000	-37	-22071.0000
20081014	電子期貨            	EXF    	A         	1257	1097179.0000	1219	1055992.0000	38	41186.0000	1203	1047530.0000	2195	1924544.0000	-992	-877014.0000
20081014	電子期貨            	EXF    	B         	468	408865.0000	228	197100.0000	240	211765.0000	204	177377.0000	1456	1268443.0000	-1252	-1091066.0000
20081014	電子期貨            	EXF    	C         	2344	2031802.0000	2711	2358536.0000	-367	-326735.0000	6149	5368244.0000	3795	3294360.0000	2354	2073884.0000
20081014	金融期貨            	FXF    	A         	290	169221.0000	342	198383.0000	-52	-29162.0000	322	187675.0000	1204	704331.0000	-882	-516656.0000
20081014	金融期貨            	FXF    	B         	103	60067.0000	99	57293.0000	4	2774.0000	95	55137.0000	1234	723233.0000	-1139	-668096.0000
20081014	金融期貨            	FXF    	C         	1044	607959.0000	954	556063.0000	90	51896.0000	4196	2455581.0000	1904	1109581.0000	2292	1346000.0000
20081014	櫃買期貨            	GTF    	A         	234	72584.0000	255	79146.0000	-21	-6562.0000	108	34285.0000	140	44406.0000	-32	-10121.0000
20081014	櫃買期貨            	GTF    	B         	0	.0000	0	.0000	0	.0000	0	.0000	10	3154.0000	-10	-3154.0000
20081014	櫃買期貨            	GTF    	C         	0	.0000	0	.0000	0	.0000	0	.0000	0	.0000	0	.0000
20081014	摩臺期              	MSF    	A         	10	6552.0000	10	6548.0000	0	4.0000	44	29222.0000	48	31879.0000	-4	-2657.0000
20081014	摩臺期              	MSF    	B         	0	.0000	0	.0000	0	.0000	0	.0000	0	.0000	0	.0000
20081014	摩臺期              	MSF    	C         	0	.0000	0	.0000	0	.0000	0	.0000	0	.0000	0	.0000
20081014	小型臺指            	MXF    	A         	7906	2080669.0000	4870	1276829.0000	3036	803840.0000	14774	3901905.0000	13873	3654727.0000	901	247178.0000
20081014	小型臺指            	MXF    	B         	0	.0000	3	785.0000	-3	-785.0000	0	.0000	6	1578.0000	-6	-1578.0000
20081014	小型臺指            	MXF    	C         	50	13199.0000	192	50491.0000	-142	-37292.0000	11	2855.0000	1043	275717.0000	-1032	-272862.0000
20081014	臺灣50期貨          	T5F    	A         	0	.0000	0	.0000	0	.0000	0	.0000	0	.0000	0	.0000
20081014	臺灣50期貨          	T5F    	B         	0	.0000	0	.0000	0	.0000	0	.0000	0	.0000	0	.0000
20081014	臺灣50期貨          	T5F    	C         	0	.0000	0	.0000	0	.0000	0	.0000	0	.0000	0	.0000
20081014	臺股期貨            	TXF    	A         	15815	16627049.0000	10906	11469605.0000	4909	5157444.0000	13112	13831556.0000	9195	9687116.0000	3917	4144440.0000
20081014	臺股期貨            	TXF    	B         	6929	7290877.0000	5166	5404750.0000	1763	1886127.0000	2780	2916234.0000	17827	18723286.0000	-15047	-15807052.0000
20081014	臺股期貨            	TXF    	C         	19026	19997704.0000	22715	23857532.0000	-3689	-3859829.0000	41912	44053265.0000	26357	27754837.0000	15555	16298428.0000
20081014	非金電期貨          	XIF    	A         	399	246372.0000	529	327070.0000	-130	-80698.0000	369	229467.0000	608	378194.0000	-239	-148727.0000
20081014	非金電期貨          	XIF    	B         	29	17912.0000	29	17930.0000	0	-18.0000	45	27939.0000	0	.0000	45	27939.0000
20081014	非金電期貨          	XIF    	C         	193	119482.0000	104	64084.0000	89	55398.0000	373	232032.0000	321	199666.0000	52	32366.0000
20081015	電子期貨            	EXF    	A         	1352	1151896.0000	1163	988523.0000	189	163373.0000	1046	887530.0000	1849	1583788.0000	-803	-696258.0000
20081015	電子期貨            	EXF    	B         	340	289781.0000	400	337261.0000	-60	-47480.0000	195	164869.0000	1507	1282498.0000	-1312	-1117629.0000
20081015	電子期貨            	EXF    	C         	844	713255.0000	1604	1366883.0000	-760	-653627.0000	5946	5079644.0000	4352	3704221.0000	1594	1375423.0000
20081015	金融期貨            	FXF    	A         	907	520544.0000	627	362049.0000	280	158495.0000	460	262741.0000	1062	613705.0000	-602	-350964.0000
20081015	金融期貨            	FXF    	B         	956	553484.0000	407	230920.0000	549	322564.0000	95	54187.0000	685	392127.0000	-590	-337940.0000
20081015	金融期貨            	FXF    	C         	1214	693756.0000	1830	1055600.0000	-616	-361844.0000	3986	2298428.0000	2310	1329544.0000	1676	968884.0000
20081015	櫃買期貨            	GTF    	A         	161	49688.0000	161	49664.0000	0	24.0000	108	33571.0000	140	43464.0000	-32	-9893.0000
20081015	櫃買期貨            	GTF    	B         	0	.0000	0	.0000	0	.0000	0	.0000	10	3092.0000	-10	-3092.0000
20081015	櫃買期貨            	GTF    	C         	0	.0000	0	.0000	0	.0000	0	.0000	0	.0000	0	.0000
20081015	摩臺期              	MSF    	A         	7	4549.0000	3	1957.0000	4	2592.0000	46	30219.0000	46	30219.0000	0	.0000
20081015	摩臺期              	MSF    	B         	0	.0000	0	.0000	0	.0000	0	.0000	0	.0000	0	.0000
20081015	摩臺期              	MSF    	C         	0	.0000	0	.0000	0	.0000	0	.0000	0	.0000	0	.0000
20081015	小型臺指            	MXF    	A         	11249	2911195.0000	11514	2979241.0000	-265	-68045.0000	7626	1993961.0000	7174	1857610.0000	452	136351.0000
20081015	小型臺指            	MXF    	B         	3	787.0000	0	.0000	3	787.0000	0	.0000	3	774.0000	-3	-774.0000
20081015	小型臺指            	MXF    	C         	362	94306.0000	249	64038.0000	113	30268.0000	11	2801.0000	930	243205.0000	-919	-240404.0000
20081015	臺灣50期貨          	T5F    	A         	0	.0000	0	.0000	0	.0000	0	.0000	0	.0000	0	.0000
20081015	臺灣50期貨          	T5F    	B         	0	.0000	0	.0000	0	.0000	0	.0000	0	.0000	0	.0000
20081015	臺灣50期貨          	T5F    	C         	0	.0000	0	.0000	0	.0000	0	.0000	0	.0000	0	.0000
20081015	臺股期貨            	TXF    	A         	16812	17417235.0000	20766	21530919.0000	-3954	-4113684.0000	6428	6681706.0000	6419	6657680.0000	9	24026.0000
20081015	臺股期貨            	TXF    	B         	4959	5136356.0000	4253	4356497.0000	706	779859.0000	3010	3110075.0000	17351	17943679.0000	-14341	-14833604.0000
20081015	臺股期貨            	TXF    	C         	21578	22306393.0000	22640	23402828.0000	-1062	-1096435.0000	41676	43188037.0000	27178	28208767.0000	14498	14979270.0000
20081015	非金電期貨          	XIF    	A         	776	475932.0000	741	454506.0000	35	21426.0000	411	255143.0000	615	382775.0000	-204	-127632.0000
20081015	非金電期貨          	XIF    	B         	0	.0000	0	.0000	0	.0000	45	27850.0000	0	.0000	45	27850.0000
20081015	非金電期貨          	XIF    	C         	263	161443.0000	131	80230.0000	132	81213.0000	458	285243.0000	274	170228.0000	184	115015.0000
20081016	電子期貨            	EXF    	A         	10	8161.0000	55	44710.0000	-45	-36549.0000	819	668245.0000	584	476386.0000	235	191859.0000
20081016	電子期貨            	EXF    	B         	10	8160.0000	0	.0000	10	8160.0000	204	166464.0000	977	797232.0000	-773	-630768.0000
20081016	電子期貨            	EXF    	C         	7	5712.0000	0	.0000	7	5712.0000	2647	2159952.0000	2787	2274192.0000	-140	-114240.0000
20081016	金融期貨            	FXF    	A         	1	550.0000	7	3840.0000	-6	-3290.0000	395	217204.0000	296	162768.0000	99	54436.0000
20081016	金融期貨            	FXF    	B         	18	9900.0000	12	6600.0000	6	3300.0000	90	49500.0000	517	284350.0000	-427	-234850.0000
20081016	金融期貨            	FXF    	C         	0	.0000	29	15950.0000	-29	-15950.0000	1528	840400.0000	1122	617100.0000	406	223300.0000
20081016	櫃買期貨            	GTF    	A         	1	298.0000	0	.0000	1	298.0000	38	11404.0000	60	17953.0000	-22	-6549.0000
20081016	櫃買期貨            	GTF    	B         	0	.0000	0	.0000	0	.0000	0	.0000	10	2984.0000	-10	-2984.0000
20081016	櫃買期貨            	GTF    	C         	0	.0000	0	.0000	0	.0000	0	.0000	0	.0000	0	.0000
20081016	摩臺期              	MSF    	A         	0	.0000	0	.0000	0	.0000	5	3156.0000	5	3156.0000	0	.0000
20081016	摩臺期              	MSF    	B         	0	.0000	0	.0000	0	.0000	0	.0000	0	.0000	0	.0000
20081016	摩臺期              	MSF    	C         	0	.0000	0	.0000	0	.0000	0	.0000	0	.0000	0	.0000
20081016	小型臺指            	MXF    	A         	3326	817226.0000	4535	1118612.0000	-1209	-301386.0000	1123	276616.0000	6141	1526850.0000	-5018	-1250234.0000
20081016	小型臺指            	MXF    	B         	0	.0000	0	.0000	0	.0000	0	.0000	3	747.0000	-3	-747.0000
20081016	小型臺指            	MXF    	C         	0	.0000	0	.0000	0	.0000	11	2703.0000	158	39326.0000	-147	-36623.0000
20081016	臺灣50期貨          	T5F    	A         	0	.0000	0	.0000	0	.0000	0	.0000	0	.0000	0	.0000
20081016	臺灣50期貨          	T5F    	B         	0	.0000	0	.0000	0	.0000	0	.0000	0	.0000	0	.0000
20081016	臺灣50期貨          	T5F    	C         	0	.0000	0	.0000	0	.0000	0	.0000	0	.0000	0	.0000
20081016	臺股期貨            	TXF    	A         	2863	2822235.0000	3992	3946456.0000	-1129	-1124221.0000	3335	3308419.0000	5194	5155624.0000	-1859	-1847205.0000
20081016	臺股期貨            	TXF    	B         	129	128432.0000	212	211067.0000	-83	-82635.0000	2854	2841442.0000	15012	14945947.0000	-12158	-12104505.0000
20081016	臺股期貨            	TXF    	C         	44	43752.0000	338	335388.0000	-294	-291636.0000	29720	29580913.0000	17059	16978202.0000	12661	12602711.0000
20081016	非金電期貨          	XIF    	A         	0	.0000	7	4180.0000	-7	-4180.0000	208	124192.0000	98	58516.0000	110	65676.0000
20081016	非金電期貨          	XIF    	B         	1	597.0000	0	.0000	1	597.0000	44	26272.0000	0	.0000	44	26272.0000
20081016	非金電期貨          	XIF    	C         	0	.0000	0	.0000	0	.0000	31	18510.0000	114	68069.0000	-83	-49559.0000
20081017	電子期貨            	EXF    	A         	575	458186.0000	365	291915.0000	210	166271.0000	994	782824.0000	549	432196.0000	445	350628.0000
20081017	電子期貨            	EXF    	B         	3	2381.0000	307	244520.0000	-304	-242139.0000	207	163033.0000	1284	1011278.0000	-1077	-848245.0000
20081017	電子期貨            	EXF    	C         	329	261689.0000	274	218986.0000	55	42703.0000	2640	2079264.0000	2725	2146210.0000	-85	-66946.0000
20081017	金融期貨            	FXF    	A         	122	65196.0000	92	49279.0000	30	15917.0000	439	232978.0000	310	164515.0000	129	68463.0000
20081017	金融期貨            	FXF    	B         	0	.0000	17	9081.0000	-17	-9081.0000	90	47772.0000	534	283447.0000	-444	-235675.0000
20081017	金融期貨            	FXF    	C         	132	70946.0000	126	67462.0000	6	3484.0000	1556	825925.0000	1144	607235.0000	412	218690.0000
20081017	櫃買期貨            	GTF    	A         	177	51790.0000	165	48257.0000	12	3532.0000	41	11955.0000	51	14839.0000	-10	-2884.0000
20081017	櫃買期貨            	GTF    	B         	0	.0000	0	.0000	0	.0000	0	.0000	10	2900.0000	-10	-2900.0000
20081017	櫃買期貨            	GTF    	C         	0	.0000	0	.0000	0	.0000	0	.0000	0	.0000	0	.0000
20081017	摩臺期              	MSF    	A         	7	4346.0000	7	4346.0000	0	.0000	4	2527.0000	4	2527.0000	0	.0000
20081017	摩臺期              	MSF    	B         	0	.0000	0	.0000	0	.0000	0	.0000	0	.0000	0	.0000
20081017	摩臺期              	MSF    	C         	0	.0000	0	.0000	0	.0000	0	.0000	0	.0000	0	.0000
20081017	小型臺指            	MXF    	A         	4634	1123873.0000	7048	1712831.0000	-2414	-588959.0000	2053	490322.0000	9485	2276386.0000	-7432	-1786064.0000
20081017	小型臺指            	MXF    	B         	0	.0000	0	.0000	0	.0000	0	.0000	3	721.0000	-3	-721.0000
20081017	小型臺指            	MXF    	C         	1	247.0000	165	40303.0000	-164	-40056.0000	11	2609.0000	322	77344.0000	-311	-74735.0000
20081017	臺灣50期貨          	T5F    	A         	0	.0000	0	.0000	0	.0000	0	.0000	0	.0000	0	.0000
20081017	臺灣50期貨          	T5F    	B         	0	.0000	0	.0000	0	.0000	0	.0000	0	.0000	0	.0000
20081017	臺灣50期貨          	T5F    	C         	0	.0000	0	.0000	0	.0000	0	.0000	0	.0000	0	.0000
20081017	臺股期貨            	TXF    	A         	12643	12279958.0000	13267	12899272.0000	-624	-619313.0000	3778	3619865.0000	6261	6001879.0000	-2483	-2382014.0000
20081017	臺股期貨            	TXF    	B         	89	86041.0000	6355	6174728.0000	-6266	-6088686.0000	2237	2149310.0000	20657	19847162.0000	-18420	-17697852.0000
20081017	臺股期貨            	TXF    	C         	5962	5796638.0000	3010	2926962.0000	2952	2869676.0000	32513	31230207.0000	16900	16231933.0000	15613	14998274.0000
20081017	非金電期貨          	XIF    	A         	138	80586.0000	155	90809.0000	-17	-10223.0000	241	140004.0000	148	85980.0000	93	54024.0000
20081017	非金電期貨          	XIF    	B         	1	582.0000	0	.0000	1	582.0000	45	26141.0000	0	.0000	45	26141.0000
20081017	非金電期貨          	XIF    	C         	0	.0000	10	5859.0000	-10	-5859.0000	31	18008.0000	124	72032.0000	-93	-54024.0000
20081020	電子期貨            	EXF    	A         	506	390072.0000	530	411582.0000	-24	-21511.0000	981	780630.0000	560	445435.0000	421	335195.0000
20081020	電子期貨            	EXF    	B         	67	52426.0000	100	77570.0000	-33	-25144.0000	207	164731.0000	1317	1048069.0000	-1110	-883338.0000
20081020	電子期貨            	EXF    	C         	430	337046.0000	198	153637.0000	232	183409.0000	2889	2299066.0000	2742	2182084.0000	147	116982.0000
20081020	金融期貨            	FXF    	A         	412	211306.0000	315	161634.0000	97	49672.0000	496	255775.0000	270	139231.0000	226	116544.0000
20081020	金融期貨            	FXF    	B         	21	10760.0000	424	217346.0000	-403	-206586.0000	91	46938.0000	938	483820.0000	-847	-436882.0000
20081020	金融期貨            	FXF    	C         	1071	548882.0000	868	444968.0000	203	103914.0000	1777	916577.0000	1162	599360.0000	615	317217.0000
20081020	櫃買期貨            	GTF    	A         	168	47473.0000	178	50395.0000	-10	-2922.0000	37	10875.0000	57	16718.0000	-20	-5843.0000
20081020	櫃買期貨            	GTF    	B         	0	.0000	0	.0000	0	.0000	0	.0000	10	2934.0000	-10	-2934.0000
20081020	櫃買期貨            	GTF    	C         	0	.0000	0	.0000	0	.0000	0	.0000	0	.0000	0	.0000
20081020	摩臺期              	MSF    	A         	2	1221.0000	2	1221.0000	0	.0000	6	3663.0000	6	3663.0000	0	.0000
20081020	摩臺期              	MSF    	B         	0	.0000	0	.0000	0	.0000	0	.0000	0	.0000	0	.0000
20081020	摩臺期              	MSF    	C         	0	.0000	0	.0000	0	.0000	0	.0000	0	.0000	0	.0000
20081020	小型臺指            	MXF    	A         	8186	1937980.0000	6442	1521998.0000	1744	415982.0000	2910	699630.0000	9106	2193371.0000	-6196	-1493741.0000
20081020	小型臺指            	MXF    	B         	0	.0000	0	.0000	0	.0000	0	.0000	3	723.0000	-3	-723.0000
20081020	小型臺指            	MXF    	C         	238	56852.0000	65	15127.0000	173	41725.0000	11	2604.0000	149	35916.0000	-138	-33312.0000
20081020	臺灣50期貨          	T5F    	A         	0	.0000	0	.0000	0	.0000	0	.0000	0	.0000	0	.0000
20081020	臺灣50期貨          	T5F    	B         	0	.0000	0	.0000	0	.0000	0	.0000	0	.0000	0	.0000
20081020	臺灣50期貨          	T5F    	C         	0	.0000	0	.0000	0	.0000	0	.0000	0	.0000	0	.0000
20081020	臺股期貨            	TXF    	A         	16149	15231399.0000	15199	14362029.0000	950	869370.0000	4362	4175830.0000	5768	5541505.0000	-1406	-1365675.0000
20081020	臺股期貨            	TXF    	B         	628	593887.0000	2937	2762238.0000	-2309	-2168351.0000	2328	2244658.0000	23054	22228293.0000	-20726	-19983635.0000
20081020	臺股期貨            	TXF    	C         	10573	9995370.0000	5236	4942361.0000	5337	5053009.0000	38777	37377039.0000	17827	17166228.0000	20950	20210811.0000
20081020	非金電期貨          	XIF    	A         	307	176114.0000	357	204859.0000	-50	-28745.0000	264	152778.0000	221	127883.0000	43	24895.0000
20081020	非金電期貨          	XIF    	B         	0	.0000	0	.0000	0	.0000	45	26046.0000	0	.0000	45	26046.0000
20081020	非金電期貨          	XIF    	C         	36	20660.0000	35	20064.0000	1	596.0000	31	17943.0000	123	71192.0000	-92	-53249.0000
20081021	電子期貨            	EXF    	A         	907	718170.0000	681	538966.0000	226	179204.0000	1198	942536.0000	551	433387.0000	647	509149.0000
20081021	電子期貨            	EXF    	B         	0	.0000	23	18191.0000	-23	-18191.0000	204	160507.0000	1337	1051952.0000	-1133	-891445.0000
20081021	電子期貨            	EXF    	C         	676	537385.0000	454	360318.0000	222	177067.0000	2794	2198319.0000	2425	1907990.0000	369	290329.0000
20081021	金融期貨            	FXF    	A         	626	327185.0000	415	216589.0000	211	110595.0000	607	315309.0000	170	88289.0000	437	227020.0000
20081021	金融期貨            	FXF    	B         	2	1034.0000	73	38258.0000	-71	-37224.0000	93	48323.0000	1011	525316.0000	-918	-476993.0000
20081021	金融期貨            	FXF    	C         	275	143338.0000	386	201561.0000	-111	-58223.0000	1842	957103.0000	1338	695225.0000	504	261878.0000
20081021	櫃買期貨            	GTF    	A         	182	53853.0000	171	50579.0000	11	3274.0000	41	12139.0000	50	14777.0000	-9	-2638.0000
20081021	櫃買期貨            	GTF    	B         	0	.0000	0	.0000	0	.0000	0	.0000	10	2958.0000	-10	-2958.0000
20081021	櫃買期貨            	GTF    	C         	0	.0000	0	.0000	0	.0000	0	.0000	0	.0000	0	.0000
20081021	摩臺期              	MSF    	A         	3	1835.0000	3	1845.0000	0	-9.0000	8	4853.0000	8	4853.0000	0	.0000
20081021	摩臺期              	MSF    	B         	0	.0000	0	.0000	0	.0000	0	.0000	0	.0000	0	.0000
20081021	摩臺期              	MSF    	C         	0	.0000	0	.0000	0	.0000	0	.0000	0	.0000	0	.0000
20081021	小型臺指            	MXF    	A         	10546	2551361.0000	8488	2051746.0000	2058	499615.0000	3188	766106.0000	8102	1950024.0000	-4914	-1183918.0000
20081021	小型臺指            	MXF    	B         	0	.0000	0	.0000	0	.0000	0	.0000	3	723.0000	-3	-723.0000
20081021	小型臺指            	MXF    	C         	0	.0000	310	75742.0000	-310	-75742.0000	11	2604.0000	459	110573.0000	-448	-107969.0000
20081021	臺灣50期貨          	T5F    	A         	0	.0000	0	.0000	0	.0000	0	.0000	0	.0000	0	.0000
20081021	臺灣50期貨          	T5F    	B         	0	.0000	0	.0000	0	.0000	0	.0000	0	.0000	0	.0000
20081021	臺灣50期貨          	T5F    	C         	0	.0000	0	.0000	0	.0000	0	.0000	0	.0000	0	.0000
20081021	臺股期貨            	TXF    	A         	20765	20103229.0000	21134	20442332.0000	-369	-339103.0000	4480	4286595.0000	6061	5818223.0000	-1581	-1531628.0000
20081021	臺股期貨            	TXF    	B         	867	841077.0000	485	468397.0000	382	372681.0000	2334	2249042.0000	22678	21852048.0000	-20344	-19603006.0000
20081021	臺股期貨            	TXF    	C         	8076	7824749.0000	4474	4335445.0000	3602	3489304.0000	42869	41293413.0000	18317	17625396.0000	24552	23668017.0000
20081021	非金電期貨          	XIF    	A         	572	333887.0000	572	334167.0000	0	-280.0000	299	174828.0000	256	149665.0000	43	25163.0000
20081021	非金電期貨          	XIF    	B         	0	.0000	0	.0000	0	.0000	45	26330.0000	0	.0000	45	26330.0000
20081021	非金電期貨          	XIF    	C         	30	17610.0000	78	45687.0000	-48	-28078.0000	31	18138.0000	171	100052.0000	-140	-81914.0000
20081022	電子期貨            	EXF    	A         	442	341234.0000	538	416378.0000	-96	-75144.0000	1114	845924.0000	563	427317.0000	551	418607.0000
20081022	電子期貨            	EXF    	B         	63	48512.0000	36	27837.0000	27	20675.0000	237	179978.0000	1343	1019874.0000	-1106	-839896.0000
20081022	電子期貨            	EXF    	C         	314	244641.0000	189	145335.0000	125	99306.0000	2895	2198463.0000	2401	1823319.0000	494	375144.0000
20081022	金融期貨            	FXF    	A         	349	179599.0000	606	312558.0000	-257	-132959.0000	703	352535.0000	523	262275.0000	180	90260.0000
20081022	金融期貨            	FXF    	B         	83	42527.0000	20	10132.0000	63	32395.0000	93	46649.0000	948	475517.0000	-855	-428868.0000
20081022	金融期貨            	FXF    	C         	159	82180.0000	170	87978.0000	-11	-5799.0000	1918	962069.0000	1425	714780.0000	493	247289.0000
20081022	櫃買期貨            	GTF    	A         	268	78195.0000	254	74150.0000	14	4045.0000	43	12377.0000	38	10915.0000	5	1462.0000
20081022	櫃買期貨            	GTF    	B         	0	.0000	0	.0000	0	.0000	0	.0000	10	2876.0000	-10	-2876.0000
20081022	櫃買期貨            	GTF    	C         	0	.0000	0	.0000	0	.0000	0	.0000	0	.0000	0	.0000
20081022	摩臺期              	MSF    	A         	3	1793.0000	4	2384.0000	-1	-591.0000	8	4726.0000	9	5317.0000	-1	-591.0000
20081022	摩臺期              	MSF    	B         	0	.0000	0	.0000	0	.0000	0	.0000	0	.0000	0	.0000
20081022	摩臺期              	MSF    	C         	0	.0000	0	.0000	0	.0000	0	.0000	0	.0000	0	.0000
20081022	小型臺指            	MXF    	A         	7789	1852319.0000	8020	1902914.0000	-231	-50596.0000	3493	811180.0000	9278	2157676.0000	-5785	-1346496.0000
20081022	小型臺指            	MXF    	B         	0	.0000	0	.0000	0	.0000	0	.0000	3	698.0000	-3	-698.0000
20081022	小型臺指            	MXF    	C         	194	46108.0000	204	48286.0000	-10	-2178.0000	11	2514.0000	469	109183.0000	-458	-106669.0000
20081022	臺灣50期貨          	T5F    	A         	0	.0000	0	.0000	0	.0000	0	.0000	0	.0000	0	.0000
20081022	臺灣50期貨          	T5F    	B         	0	.0000	0	.0000	0	.0000	0	.0000	0	.0000	0	.0000
20081022	臺灣50期貨          	T5F    	C         	0	.0000	0	.0000	0	.0000	0	.0000	0	.0000	0	.0000
20081022	臺股期貨            	TXF    	A         	21291	20212877.0000	21755	20673190.0000	-464	-460313.0000	4302	3976124.0000	6187	5737822.0000	-1885	-1761698.0000
20081022	臺股期貨            	TXF    	B         	119	111846.0000	1748	1638054.0000	-1629	-1526208.0000	2188	2037466.0000	24159	22496366.0000	-21971	-20458900.0000
20081022	臺股期貨            	TXF    	C         	4490	4256983.0000	4284	4070862.0000	206	186121.0000	43427	40422476.0000	18669	17359289.0000	24758	23063187.0000
20081022	非金電期貨          	XIF    	A         	403	232366.0000	356	204860.0000	47	27506.0000	333	189233.0000	243	138080.0000	90	51153.0000
20081022	非金電期貨          	XIF    	B         	0	.0000	0	.0000	0	.0000	45	25587.0000	0	.0000	45	25587.0000
20081022	非金電期貨          	XIF    	C         	44	25522.0000	20	11508.0000	24	14014.0000	31	17627.0000	147	83584.0000	-116	-65957.0000
20081023	電子期貨            	EXF    	A         	128	93791.0000	81	59305.0000	47	34486.0000	1094	801830.0000	496	363300.0000	598	438530.0000
20081023	電子期貨            	EXF    	B         	0	.0000	15	10996.0000	-15	-10996.0000	222	162726.0000	1343	984419.0000	-1121	-821693.0000
20081023	電子期貨            	EXF    	C         	105	76965.0000	192	140736.0000	-87	-63771.0000	2931	2148423.0000	2524	1850092.0000	407	298331.0000
20081023	金融期貨            	FXF    	A         	128	61990.0000	100	48411.0000	28	13579.0000	713	345154.0000	505	244427.0000	208	100727.0000
20081023	金融期貨            	FXF    	B         	0	.0000	0	.0000	0	.0000	93	45031.0000	948	459022.0000	-855	-413991.0000
20081023	金融期貨            	FXF    	C         	107	51814.0000	260	125921.0000	-153	-74107.0000	1973	955327.0000	1633	790699.0000	340	164628.0000
20081023	櫃買期貨            	GTF    	A         	253	70617.0000	242	67541.0000	11	3076.0000	58	16181.0000	42	11693.0000	16	4488.0000
20081023	櫃買期貨            	GTF    	B         	0	.0000	0	.0000	0	.0000	0	.0000	10	2790.0000	-10	-2790.0000
20081023	櫃買期貨            	GTF    	C         	0	.0000	0	.0000	0	.0000	0	.0000	0	.0000	0	.0000
20081023	摩臺期              	MSF    	A         	1	578.0000	1	578.0000	0	.0000	8	4626.0000	9	5204.0000	-1	-578.0000
20081023	摩臺期              	MSF    	B         	0	.0000	0	.0000	0	.0000	0	.0000	0	.0000	0	.0000
20081023	摩臺期              	MSF    	C         	0	.0000	0	.0000	0	.0000	0	.0000	0	.0000	0	.0000
20081023	小型臺指            	MXF    	A         	2269	509752.0000	2885	647560.0000	-616	-137808.0000	3906	875727.0000	10603	2379951.0000	-6697	-1504224.0000
20081023	小型臺指            	MXF    	B         	0	.0000	0	.0000	0	.0000	0	.0000	3	674.0000	-3	-674.0000
20081023	小型臺指            	MXF    	C         	0	.0000	89	20022.0000	-89	-20022.0000	11	2426.0000	558	125383.0000	-547	-122957.0000
20081023	臺灣50期貨          	T5F    	A         	0	.0000	0	.0000	0	.0000	0	.0000	0	.0000	0	.0000
20081023	臺灣50期貨          	T5F    	B         	0	.0000	0	.0000	0	.0000	0	.0000	0	.0000	0	.0000
20081023	臺灣50期貨          	T5F    	C         	0	.0000	0	.0000	0	.0000	0	.0000	0	.0000	0	.0000
20081023	臺股期貨            	TXF    	A         	6124	5508098.0000	6946	6243404.0000	-822	-735306.0000	3963	3534511.0000	6596	5903489.0000	-2633	-2368978.0000
20081023	臺股期貨            	TXF    	B         	101	90797.0000	2397	2155051.0000	-2296	-2064254.0000	711	638976.0000	24976	22447945.0000	-24265	-21808969.0000
20081023	臺股期貨            	TXF    	C         	4420	3973611.0000	2035	1829968.0000	2385	2143643.0000	45226	40631996.0000	18083	16228356.0000	27143	24403640.0000
20081023	非金電期貨          	XIF    	A         	133	73009.0000	115	63047.0000	18	9962.0000	336	185020.0000	228	125536.0000	108	59484.0000
20081023	非金電期貨          	XIF    	B         	0	.0000	0	.0000	0	.0000	45	24795.0000	0	.0000	45	24795.0000
20081023	非金電期貨          	XIF    	C         	0	.0000	2	1103.0000	-2	-1103.0000	31	17081.0000	149	82099.0000	-118	-65018.0000
20081024	電子期貨            	EXF    	A         	145	102798.0000	83	58819.0000	62	43979.0000	1120	792219.0000	460	325143.0000	660	467076.0000
20081024	電子期貨            	EXF    	B         	20	14148.0000	63	44669.0000	-43	-30521.0000	207	146432.0000	1371	969845.0000	-1164	-823413.0000
20081024	電子期貨            	EXF    	C         	21	14915.0000	84	59580.0000	-63	-44664.0000	2934	2075512.0000	2590	1832166.0000	344	243346.0000
20081024	金融期貨            	FXF    	A         	145	68002.0000	90	42182.0000	55	25820.0000	723	337854.0000	460	214889.0000	263	122965.0000
20081024	金融期貨            	FXF    	B         	0	.0000	0	.0000	0	.0000	93	43468.0000	948	443095.0000	-855	-399627.0000
20081024	金融期貨            	FXF    	C         	6	2834.0000	85	39778.0000	-79	-36944.0000	1959	915637.0000	1698	793645.0000	261	121992.0000
20081024	櫃買期貨            	GTF    	A         	20	5403.0000	9	2419.0000	11	2984.0000	68	18317.0000	41	11013.0000	27	7304.0000
20081024	櫃買期貨            	GTF    	B         	0	.0000	0	.0000	0	.0000	0	.0000	10	2694.0000	-10	-2694.0000
20081024	櫃買期貨            	GTF    	C         	0	.0000	0	.0000	0	.0000	0	.0000	0	.0000	0	.0000
20081024	摩臺期              	MSF    	A         	1	559.0000	1	559.0000	0	.0000	7	3911.0000	8	4470.0000	-1	-559.0000
20081024	摩臺期              	MSF    	B         	0	.0000	0	.0000	0	.0000	0	.0000	0	.0000	0	.0000
20081024	摩臺期              	MSF    	C         	0	.0000	0	.0000	0	.0000	0	.0000	0	.0000	0	.0000
20081024	小型臺指            	MXF    	A         	2189	478550.0000	2539	553590.0000	-350	-75040.0000	5098	1103119.0000	12193	2641305.0000	-7095	-1538186.0000
20081024	小型臺指            	MXF    	B         	0	.0000	0	.0000	0	.0000	0	.0000	3	651.0000	-3	-651.0000
20081024	小型臺指            	MXF    	C         	6	1325.0000	86	18713.0000	-80	-17388.0000	11	2341.0000	638	138350.0000	-627	-136009.0000
20081024	臺灣50期貨          	T5F    	A         	0	.0000	0	.0000	0	.0000	0	.0000	0	.0000	0	.0000
20081024	臺灣50期貨          	T5F    	B         	0	.0000	0	.0000	0	.0000	0	.0000	0	.0000	0	.0000
20081024	臺灣50期貨          	T5F    	C         	0	.0000	0	.0000	0	.0000	0	.0000	0	.0000	0	.0000
20081024	臺股期貨            	TXF    	A         	7078	6192366.0000	7996	6988304.0000	-918	-795937.0000	3947	3397387.0000	7486	6468411.0000	-3539	-3071024.0000
20081024	臺股期貨            	TXF    	B         	177	153955.0000	2144	1870669.0000	-1967	-1716714.0000	752	652218.0000	26984	23405434.0000	-26232	-22753216.0000
20081024	臺股期貨            	TXF    	C         	2606	2283489.0000	1424	1245124.0000	1182	1038365.0000	46781	40561322.0000	18456	15984247.0000	28325	24577075.0000
20081024	非金電期貨          	XIF    	A         	154	83195.0000	151	81119.0000	3	2076.0000	296	157293.0000	185	98264.0000	111	59029.0000
20081024	非金電期貨          	XIF    	B         	0	.0000	0	.0000	0	.0000	45	23931.0000	0	.0000	45	23931.0000
20081024	非金電期貨          	XIF    	C         	12	6551.0000	10	5376.0000	2	1175.0000	31	16486.0000	147	78175.0000	-116	-61689.0000
20081027	電子期貨            	EXF    	A         	402	267245.0000	637	422085.0000	-235	-154839.0000	907	596741.0000	482	316856.0000	425	279885.0000
20081027	電子期貨            	EXF    	B         	50	32919.0000	103	68469.0000	-53	-35549.0000	204	134232.0000	1421	935018.0000	-1217	-800786.0000
20081027	電子期貨            	EXF    	C         	624	415664.0000	216	143805.0000	408	271859.0000	3249	2137842.0000	2497	1643026.0000	752	494816.0000
20081027	金融期貨            	FXF    	A         	240	104398.0000	113	49161.0000	127	55237.0000	694	301681.0000	304	132034.0000	390	169647.0000
20081027	金融期貨            	FXF    	B         	0	.0000	0	.0000	0	.0000	93	40436.0000	948	412190.0000	-855	-371754.0000
20081027	金融期貨            	FXF    	C         	226	98327.0000	338	147048.0000	-112	-48721.0000	1647	716116.0000	1498	651330.0000	149	64786.0000
20081027	櫃買期貨            	GTF    	A         	16	4092.0000	14	3587.0000	2	505.0000	73	18296.0000	44	10998.0000	29	7298.0000
20081027	櫃買期貨            	GTF    	B         	0	.0000	2	510.0000	-2	-510.0000	0	.0000	12	3007.0000	-12	-3007.0000
20081027	櫃買期貨            	GTF    	C         	0	.0000	0	.0000	0	.0000	0	.0000	0	.0000	0	.0000
20081027	摩臺期              	MSF    	A         	0	.0000	0	.0000	0	.0000	7	3647.0000	8	4168.0000	-1	-521.0000
20081027	摩臺期              	MSF    	B         	0	.0000	0	.0000	0	.0000	0	.0000	0	.0000	0	.0000
20081027	摩臺期              	MSF    	C         	0	.0000	0	.0000	0	.0000	0	.0000	0	.0000	0	.0000
20081027	小型臺指            	MXF    	A         	7530	1549958.0000	7313	1500965.0000	217	48994.0000	5175	1041460.0000	12029	2423523.0000	-6854	-1382063.0000
20081027	小型臺指            	MXF    	B         	0	.0000	0	.0000	0	.0000	0	.0000	3	605.0000	-3	-605.0000
20081027	小型臺指            	MXF    	C         	30	6234.0000	24	4952.0000	6	1282.0000	11	2178.0000	632	127474.0000	-621	-125296.0000
20081027	臺灣50期貨          	T5F    	A         	0	.0000	0	.0000	0	.0000	0	.0000	0	.0000	0	.0000
20081027	臺灣50期貨          	T5F    	B         	0	.0000	0	.0000	0	.0000	0	.0000	0	.0000	0	.0000
20081027	臺灣50期貨          	T5F    	C         	0	.0000	0	.0000	0	.0000	0	.0000	0	.0000	0	.0000
20081027	臺股期貨            	TXF    	A         	18257	15000605.0000	20413	16764203.0000	-2156	-1763598.0000	3098	2482606.0000	8799	7074636.0000	-5701	-4592030.0000
20081027	臺股期貨            	TXF    	B         	1642	1336546.0000	1807	1474727.0000	-165	-138181.0000	886	714684.0000	27283	22010879.0000	-26397	-21296195.0000
20081027	臺股期貨            	TXF    	C         	9091	7452274.0000	4439	3625720.0000	4652	3826555.0000	50756	40918953.0000	17779	14314176.0000	32977	26604777.0000
20081027	非金電期貨          	XIF    	A         	326	164029.0000	368	185244.0000	-42	-21216.0000	260	128540.0000	191	94395.0000	69	34145.0000
20081027	非金電期貨          	XIF    	B         	0	.0000	0	.0000	0	.0000	45	22257.0000	0	.0000	45	22257.0000
20081027	非金電期貨          	XIF    	C         	36	18721.0000	10	5052.0000	26	13669.0000	31	15333.0000	121	59847.0000	-90	-44514.0000
20081028	電子期貨            	EXF    	A         	899	597315.0000	1554	1034544.0000	-655	-437229.0000	498	350474.0000	728	511928.0000	-230	-161454.0000
20081028	電子期貨            	EXF    	B         	519	329289.0000	60	40664.0000	459	288625.0000	204	143616.0000	962	677248.0000	-758	-533632.0000
20081028	電子期貨            	EXF    	C         	163	109262.0000	214	143514.0000	-51	-34251.0000	3136	2207744.0000	2435	1714240.0000	701	493504.0000
20081028	金融期貨            	FXF    	A         	1144	489266.0000	1654	701219.0000	-510	-211953.0000	587	264734.0000	707	318817.0000	-120	-54083.0000
20081028	金融期貨            	FXF    	B         	48	19470.0000	0	.0000	48	19470.0000	93	41943.0000	900	405900.0000	-807	-363957.0000
20081028	金融期貨            	FXF    	C         	225	97799.0000	411	178338.0000	-186	-80540.0000	1742	785638.0000	1779	802329.0000	-37	-16691.0000
20081028	櫃買期貨            	GTF    	A         	932	230015.0000	961	237302.0000	-29	-7287.0000	64	16759.0000	64	16707.0000	0	52.0000
20081028	櫃買期貨            	GTF    	B         	4	990.0000	0	.0000	4	990.0000	0	.0000	8	2106.0000	-8	-2106.0000
20081028	櫃買期貨            	GTF    	C         	0	.0000	0	.0000	0	.0000	0	.0000	0	.0000	0	.0000
20081028	摩臺期              	MSF    	A         	0	.0000	1	502.0000	-1	-502.0000	6	3296.0000	8	4394.0000	-2	-1098.0000
20081028	摩臺期              	MSF    	B         	0	.0000	0	.0000	0	.0000	0	.0000	0	.0000	0	.0000
20081028	摩臺期              	MSF    	C         	0	.0000	0	.0000	0	.0000	0	.0000	0	.0000	0	.0000
20081028	小型臺指            	MXF    	A         	15524	3135154.0000	13849	2818896.0000	1675	316258.0000	4891	1052309.0000	9742	2098609.0000	-4851	-1046300.0000
20081028	小型臺指            	MXF    	B         	0	.0000	0	.0000	0	.0000	0	.0000	3	647.0000	-3	-647.0000
20081028	小型臺指            	MXF    	C         	106	20783.0000	29	5587.0000	77	15195.0000	11	2325.0000	555	119769.0000	-544	-117444.0000
20081028	臺灣50期貨          	T5F    	A         	0	.0000	0	.0000	0	.0000	0	.0000	0	.0000	0	.0000
20081028	臺灣50期貨          	T5F    	B         	0	.0000	0	.0000	0	.0000	0	.0000	0	.0000	0	.0000
20081028	臺灣50期貨          	T5F    	C         	0	.0000	0	.0000	0	.0000	0	.0000	0	.0000	0	.0000
20081028	臺股期貨            	TXF    	A         	39347	31994590.0000	39724	32265393.0000	-377	-270802.0000	3593	3092509.0000	9753	8382397.0000	-6160	-5289888.0000
20081028	臺股期貨            	TXF    	B         	8127	6595913.0000	1863	1495877.0000	6264	5100036.0000	1141	984713.0000	21254	18343769.0000	-20113	-17359056.0000
20081028	臺股期貨            	TXF    	C         	11168	9032979.0000	11625	9559715.0000	-457	-526736.0000	51159	44102747.0000	18639	16054309.0000	32520	28048438.0000
20081028	非金電期貨          	XIF    	A         	677	338734.0000	688	343270.0000	-11	-4536.0000	324	169973.0000	266	139544.0000	58	30429.0000
20081028	非金電期貨          	XIF    	B         	0	.0000	0	.0000	0	.0000	45	23634.0000	0	.0000	45	23634.0000
20081028	非金電期貨          	XIF    	C         	14	7340.0000	0	.0000	14	7340.0000	45	23634.0000	121	63549.0000	-76	-39915.0000
20081029	電子期貨            	EXF    	A         	1111	797226.0000	976	705144.0000	135	92082.0000	473	329290.0000	568	394984.0000	-95	-65694.0000
20081029	電子期貨            	EXF    	B         	112	82555.0000	229	163798.0000	-117	-81243.0000	204	142066.0000	1079	751416.0000	-875	-609350.0000
20081029	電子期貨            	EXF    	C         	410	295972.0000	359	258364.0000	51	37608.0000	3062	2132377.0000	2310	1608684.0000	752	523693.0000
20081029	金融期貨            	FXF    	A         	979	459755.0000	870	413554.0000	109	46201.0000	181	82985.0000	192	87918.0000	-11	-4933.0000
20081029	金融期貨            	FXF    	B         	387	186671.0000	343	161427.0000	44	25244.0000	94	43146.0000	857	393363.0000	-763	-350217.0000
20081029	金融期貨            	FXF    	C         	216	102274.0000	271	127752.0000	-55	-25478.0000	1618	742644.0000	1710	784890.0000	-92	-42246.0000
20081029	櫃買期貨            	GTF    	A         	212	55564.0000	188	49291.0000	24	6273.0000	76	19505.0000	52	13321.0000	24	6184.0000
20081029	櫃買期貨            	GTF    	B         	0	.0000	0	.0000	0	.0000	0	.0000	8	2051.0000	-8	-2051.0000
20081029	櫃買期貨            	GTF    	C         	0	.0000	0	.0000	0	.0000	0	.0000	0	.0000	0	.0000
20081029	摩臺期              	MSF    	A         	3	1644.0000	7	3844.0000	-4	-2200.0000	7	3754.0000	13	6971.0000	-6	-3217.0000
20081029	摩臺期              	MSF    	B         	0	.0000	0	.0000	0	.0000	0	.0000	0	.0000	0	.0000
20081029	摩臺期              	MSF    	C         	0	.0000	0	.0000	0	.0000	0	.0000	0	.0000	0	.0000
20081029	小型臺指            	MXF    	A         	18058	3955365.0000	16197	3554556.0000	1861	400809.0000	4932	1055242.0000	7842	1679755.0000	-2910	-624513.0000
20081029	小型臺指            	MXF    	B         	0	.0000	0	.0000	0	.0000	0	.0000	3	644.0000	-3	-644.0000
20081029	小型臺指            	MXF    	C         	43	9370.0000	390	87561.0000	-347	-78191.0000	11	2305.0000	902	193659.0000	-891	-191354.0000
20081029	臺灣50期貨          	T5F    	A         	0	.0000	0	.0000	0	.0000	0	.0000	0	.0000	0	.0000
20081029	臺灣50期貨          	T5F    	B         	0	.0000	0	.0000	0	.0000	0	.0000	0	.0000	0	.0000
20081029	臺灣50期貨          	T5F    	C         	0	.0000	0	.0000	0	.0000	0	.0000	0	.0000	0	.0000
20081029	臺股期貨            	TXF    	A         	38646	33980108.0000	40434	35517788.0000	-1788	-1537680.0000	2652	2266362.0000	10620	9072184.0000	-7968	-6805822.0000
20081029	臺股期貨            	TXF    	B         	3375	3039492.0000	2532	2269368.0000	843	770124.0000	1254	1076723.0000	20524	17623014.0000	-19270	-16546291.0000
20081029	臺股期貨            	TXF    	C         	9912	8647673.0000	9772	8565449.0000	140	82224.0000	51738	44357949.0000	19078	16345838.0000	32660	28012111.0000
20081029	非金電期貨          	XIF    	A         	1083	567828.0000	1104	579422.0000	-21	-11594.0000	317	166131.0000	280	146760.0000	37	19371.0000
20081029	非金電期貨          	XIF    	B         	0	.0000	0	.0000	0	.0000	45	23625.0000	0	.0000	45	23625.0000
20081029	非金電期貨          	XIF    	C         	22	11615.0000	31	16432.0000	-9	-4817.0000	45	23625.0000	130	68250.0000	-85	-44625.0000
20081030	電子期貨            	EXF    	A         	310	226840.0000	395	288789.0000	-85	-61948.0000	504	375352.0000	684	508891.0000	-180	-133539.0000
20081030	電子期貨            	EXF    	B         	456	332929.0000	36	26474.0000	420	306455.0000	204	151980.0000	659	490955.0000	-455	-338975.0000
20081030	電子期貨            	EXF    	C         	83	60613.0000	113	83144.0000	-30	-22531.0000	3084	2297533.0000	2362	1759690.0000	722	537843.0000
20081030	金融期貨            	FXF    	A         	197	95965.0000	368	178182.0000	-171	-82218.0000	218	106756.0000	400	196396.0000	-182	-89640.0000
20081030	金融期貨            	FXF    	B         	539	261596.0000	0	.0000	539	261596.0000	117	57447.0000	341	167431.0000	-224	-109984.0000
20081030	金融期貨            	FXF    	C         	72	34768.0000	368	178228.0000	-296	-143460.0000	1568	769859.0000	1956	960396.0000	-388	-190537.0000
20081030	櫃買期貨            	GTF    	A         	116	31506.0000	131	35560.0000	-15	-4054.0000	71	19487.0000	62	16988.0000	9	2499.0000
20081030	櫃買期貨            	GTF    	B         	0	.0000	20	5354.0000	-20	-5354.0000	0	.0000	28	7678.0000	-28	-7678.0000
20081030	櫃買期貨            	GTF    	C         	0	.0000	0	.0000	0	.0000	0	.0000	0	.0000	0	.0000
20081030	摩臺期              	MSF    	A         	1	567.0000	1	567.0000	0	.0000	7	3967.0000	13	7367.0000	-6	-3400.0000
20081030	摩臺期              	MSF    	B         	0	.0000	0	.0000	0	.0000	0	.0000	0	.0000	0	.0000
20081030	摩臺期              	MSF    	C         	0	.0000	0	.0000	0	.0000	0	.0000	0	.0000	0	.0000
20081030	小型臺指            	MXF    	A         	6960	1571407.0000	4844	1090255.0000	2116	481153.0000	5082	1162944.0000	5368	1230949.0000	-286	-68005.0000
20081030	小型臺指            	MXF    	B         	0	.0000	0	.0000	0	.0000	0	.0000	3	689.0000	-3	-689.0000
20081030	小型臺指            	MXF    	C         	410	92548.0000	0	.0000	410	92548.0000	11	2466.0000	492	113012.0000	-481	-110546.0000
20081030	臺灣50期貨          	T5F    	A         	0	.0000	0	.0000	0	.0000	0	.0000	0	.0000	0	.0000
20081030	臺灣50期貨          	T5F    	B         	0	.0000	0	.0000	0	.0000	0	.0000	0	.0000	0	.0000
20081030	臺灣50期貨          	T5F    	C         	0	.0000	0	.0000	0	.0000	0	.0000	0	.0000	0	.0000
20081030	臺股期貨            	TXF    	A         	14734	13322009.0000	13993	12650566.0000	741	671443.0000	2842	2598168.0000	10196	9314150.0000	-7354	-6715982.0000
20081030	臺股期貨            	TXF    	B         	9038	8134785.0000	1140	1041340.0000	7898	7093445.0000	2446	2247158.0000	13798	12671655.0000	-11352	-10424497.0000
20081030	臺股期貨            	TXF    	C         	7502	6783922.0000	9878	8928968.0000	-2376	-2145046.0000	48944	44874633.0000	18660	17104046.0000	30284	27770587.0000
20081030	非金電期貨          	XIF    	A         	174	96180.0000	148	81658.0000	26	14523.0000	337	188960.0000	274	153647.0000	63	35313.0000
20081030	非金電期貨          	XIF    	B         	0	.0000	0	.0000	0	.0000	45	25277.0000	0	.0000	45	25277.0000
20081030	非金電期貨          	XIF    	C         	27	14823.0000	29	16042.0000	-2	-1219.0000	49	27511.0000	136	76391.0000	-87	-48880.0000
20081031	電子期貨            	EXF    	A         	998	760287.0000	1094	831592.0000	-96	-71306.0000	489	376280.0000	765	588300.0000	-276	-212020.0000
20081031	電子期貨            	EXF    	B         	196	148687.0000	67	50332.0000	129	98355.0000	224	172480.0000	550	423500.0000	-326	-251020.0000
20081031	電子期貨            	EXF    	C         	294	221940.0000	537	411937.0000	-243	-189997.0000	2801	2156698.0000	2322	1787940.0000	479	368758.0000
20081031	金融期貨            	FXF    	A         	828	428569.0000	455	233807.0000	373	194762.0000	373	195336.0000	182	95476.0000	191	99860.0000
20081031	金融期貨            	FXF    	B         	245	125447.0000	0	.0000	245	125447.0000	169	88759.0000	148	77730.0000	21	11029.0000
20081031	金融期貨            	FXF    	C         	95	49103.0000	776	399080.0000	-681	-349976.0000	1111	583467.0000	2180	1144936.0000	-1069	-561469.0000
20081031	櫃買期貨            	GTF    	A         	932	253100.0000	960	261057.0000	-28	-7957.0000	48	13624.0000	67	18971.0000	-19	-5347.0000
20081031	櫃買期貨            	GTF    	B         	0	.0000	0	.0000	0	.0000	0	.0000	28	7941.0000	-28	-7941.0000
20081031	櫃買期貨            	GTF    	C         	0	.0000	0	.0000	0	.0000	0	.0000	0	.0000	0	.0000
20081031	摩臺期              	MSF    	A         	9	5300.0000	11	6459.0000	-2	-1159.0000	5	2996.0000	13	7790.0000	-8	-4794.0000
20081031	摩臺期              	MSF    	B         	0	.0000	0	.0000	0	.0000	0	.0000	0	.0000	0	.0000
20081031	摩臺期              	MSF    	C         	0	.0000	0	.0000	0	.0000	0	.0000	0	.0000	0	.0000
20081031	小型臺指            	MXF    	A         	16554	3906478.0000	17434	4116307.0000	-880	-209829.0000	5169	1246086.0000	6059	1463756.0000	-890	-217670.0000
20081031	小型臺指            	MXF    	B         	0	.0000	0	.0000	0	.0000	0	.0000	3	726.0000	-3	-726.0000
20081031	小型臺指            	MXF    	C         	543	129717.0000	825	195822.0000	-282	-66104.0000	11	2601.0000	774	187231.0000	-763	-184630.0000
20081031	臺灣50期貨          	T5F    	A         	0	.0000	0	.0000	0	.0000	0	.0000	0	.0000	0	.0000
20081031	臺灣50期貨          	T5F    	B         	0	.0000	0	.0000	0	.0000	0	.0000	0	.0000	0	.0000
20081031	臺灣50期貨          	T5F    	C         	0	.0000	0	.0000	0	.0000	0	.0000	0	.0000	0	.0000
20081031	臺股期貨            	TXF    	A         	39852	37665300.0000	40580	38385708.0000	-728	-720408.0000	3300	3182569.0000	11451	11009172.0000	-8151	-7826603.0000
20081031	臺股期貨            	TXF    	B         	3261	3072143.0000	842	793565.0000	2419	2278578.0000	2752	2662527.0000	11692	11307195.0000	-8940	-8644668.0000
20081031	臺股期貨            	TXF    	C         	16027	15169329.0000	17418	16458769.0000	-1391	-1289439.0000	48061	46390040.0000	19168	18509115.0000	28893	27880925.0000
20081031	非金電期貨          	XIF    	A         	987	579533.0000	1000	586814.0000	-13	-7281.0000	323	193397.0000	273	163505.0000	50	29892.0000
20081031	非金電期貨          	XIF    	B         	0	.0000	0	.0000	0	.0000	45	27000.0000	0	.0000	45	27000.0000
20081031	非金電期貨          	XIF    	C         	26	15092.0000	12	6930.0000	14	8162.0000	49	29386.0000	122	73200.0000	-73	-43814.0000
