20091001	電子期貨            	EXF    	A         	778	947268.0000	815	992281.0000	-37	-45013.0000	829	1011863.0000	257	313548.0000	572	698315.0000
20091001	電子期貨            	EXF    	B         	0	.0000	0	.0000	0	.0000	298	363798.0000	2	2442.0000	296	361356.0000
20091001	電子期貨            	EXF    	C         	110	133775.0000	221	268762.0000	-111	-134986.0000	3514	4289888.0000	3683	4496206.0000	-169	-206318.0000
20091001	金融期貨            	FXF    	A         	1192	1072230.0000	1162	1045474.0000	30	26757.0000	1688	1515657.0000	155	138863.0000	1533	1376794.0000
20091001	金融期貨            	FXF    	B         	0	.0000	0	.0000	0	.0000	126	113148.0000	0	.0000	126	113148.0000
20091001	金融期貨            	FXF    	C         	577	519242.0000	556	499351.0000	21	19891.0000	1924	1727752.0000	5895	5293658.0000	-3971	-3565906.0000
20091001	櫃買期貨            	GTF    	A         	29	14515.0000	30	15040.0000	-1	-525.0000	34	17031.0000	51	25526.0000	-17	-8495.0000
20091001	櫃買期貨            	GTF    	B         	0	.0000	0	.0000	0	.0000	0	.0000	0	.0000	0	.0000
20091001	櫃買期貨            	GTF    	C         	0	.0000	0	.0000	0	.0000	0	.0000	0	.0000	0	.0000
20091001	摩臺期              	MSF    	A         	0	.0000	0	.0000	0	.0000	5	4437.0000	2	1762.0000	3	2675.0000
20091001	摩臺期              	MSF    	B         	0	.0000	0	.0000	0	.0000	0	.0000	0	.0000	0	.0000
20091001	摩臺期              	MSF    	C         	0	.0000	0	.0000	0	.0000	0	.0000	0	.0000	0	.0000
20091001	小型臺指            	MXF    	A         	16324	6149381.0000	15538	5852793.0000	786	296588.0000	4496	1691932.0000	2284	860370.0000	2212	831562.0000
20091001	小型臺指            	MXF    	B         	0	.0000	0	.0000	0	.0000	0	.0000	3	1131.0000	-3	-1131.0000
20091001	小型臺指            	MXF    	C         	648	243714.0000	889	333924.0000	-241	-90210.0000	868	327149.0000	311	117187.0000	557	209962.0000
20091001	臺灣50期貨          	T5F    	A         	0	.0000	0	.0000	0	.0000	0	.0000	0	.0000	0	.0000
20091001	臺灣50期貨          	T5F    	B         	0	.0000	0	.0000	0	.0000	0	.0000	0	.0000	0	.0000
20091001	臺灣50期貨          	T5F    	C         	0	.0000	0	.0000	0	.0000	0	.0000	0	.0000	0	.0000
20091001	臺股期貨            	TXF    	A         	18920	28488592.0000	19344	29117290.0000	-424	-628698.0000	10408	15674821.0000	5202	7837105.0000	5206	7837716.0000
20091001	臺股期貨            	TXF    	B         	189	284396.0000	350	525425.0000	-161	-241030.0000	2330	3512708.0000	2632	3968003.0000	-302	-455295.0000
20091001	臺股期貨            	TXF    	C         	4610	6938529.0000	5496	8269914.0000	-886	-1331385.0000	21454	32335087.0000	21398	32242694.0000	56	92393.0000
20091001	非金電期貨          	XIF    	A         	127	112640.0000	108	95830.0000	19	16810.0000	209	185897.0000	68	60472.0000	141	125425.0000
20091001	非金電期貨          	XIF    	B         	0	.0000	0	.0000	0	.0000	26	23143.0000	0	.0000	26	23143.0000
20091001	非金電期貨          	XIF    	C         	20	17814.0000	50	44336.0000	-30	-26522.0000	102	90790.0000	163	145086.0000	-61	-54296.0000
20091002	電子期貨            	EXF    	A         	539	645866.0000	698	837562.0000	-159	-191696.0000	676	806556.0000	263	313654.0000	413	492902.0000
20091002	電子期貨            	EXF    	B         	0	.0000	0	.0000	0	.0000	298	355633.0000	2	2387.0000	296	353246.0000
20091002	電子期貨            	EXF    	C         	498	597412.0000	603	722222.0000	-105	-124810.0000	3200	3818877.0000	3474	4145872.0000	-274	-326995.0000
20091002	金融期貨            	FXF    	A         	840	744479.0000	776	687118.0000	64	57361.0000	1781	1569997.0000	184	161929.0000	1597	1408068.0000
20091002	金融期貨            	FXF    	B         	0	.0000	0	.0000	0	.0000	126	111082.0000	0	.0000	126	111082.0000
20091002	金融期貨            	FXF    	C         	230	203726.0000	544	482132.0000	-314	-278405.0000	1967	1734107.0000	6252	5511649.0000	-4285	-3777542.0000
20091002	櫃買期貨            	GTF    	A         	148	73498.0000	142	70548.0000	6	2950.0000	36	17741.0000	47	23172.0000	-11	-5431.0000
20091002	櫃買期貨            	GTF    	B         	0	.0000	0	.0000	0	.0000	0	.0000	0	.0000	0	.0000
20091002	櫃買期貨            	GTF    	C         	0	.0000	0	.0000	0	.0000	0	.0000	0	.0000	0	.0000
20091002	摩臺期              	MSF    	A         	0	.0000	0	.0000	0	.0000	5	4348.0000	2	1726.0000	3	2622.0000
20091002	摩臺期              	MSF    	B         	0	.0000	0	.0000	0	.0000	0	.0000	0	.0000	0	.0000
20091002	摩臺期              	MSF    	C         	0	.0000	0	.0000	0	.0000	0	.0000	0	.0000	0	.0000
20091002	小型臺指            	MXF    	A         	10798	3995421.0000	15977	5913763.0000	-5179	-1918342.0000	3838	1409439.0000	3001	1103098.0000	837	306341.0000
20091002	小型臺指            	MXF    	B         	0	.0000	0	.0000	0	.0000	0	.0000	3	1104.0000	-3	-1104.0000
20091002	小型臺指            	MXF    	C         	381	140906.0000	1030	381334.0000	-649	-240427.0000	241	88664.0000	333	122485.0000	-92	-33821.0000
20091002	臺灣50期貨          	T5F    	A         	0	.0000	0	.0000	0	.0000	0	.0000	0	.0000	0	.0000
20091002	臺灣50期貨          	T5F    	B         	0	.0000	0	.0000	0	.0000	0	.0000	0	.0000	0	.0000
20091002	臺灣50期貨          	T5F    	C         	0	.0000	0	.0000	0	.0000	0	.0000	0	.0000	0	.0000
20091002	臺股期貨            	TXF    	A         	16592	24554156.0000	16704	24722011.0000	-112	-167855.0000	9135	13420453.0000	4992	7341115.0000	4143	6079338.0000
20091002	臺股期貨            	TXF    	B         	73	108423.0000	375	555109.0000	-302	-446686.0000	2336	3437658.0000	2940	4326504.0000	-604	-888846.0000
20091002	臺股期貨            	TXF    	C         	5695	8435215.0000	10190	15089011.0000	-4495	-6653796.0000	19616	28857268.0000	24055	35370867.0000	-4439	-6513599.0000
20091002	非金電期貨          	XIF    	A         	199	173534.0000	158	137870.0000	41	35664.0000	221	191227.0000	39	33702.0000	182	157525.0000
20091002	非金電期貨          	XIF    	B         	0	.0000	0	.0000	0	.0000	26	22516.0000	0	.0000	26	22516.0000
20091002	非金電期貨          	XIF    	C         	7	6099.0000	95	82991.0000	-88	-76892.0000	50	43300.0000	199	172334.0000	-149	-129034.0000
20091005	電子期貨            	EXF    	A         	589	701734.0000	651	775408.0000	-62	-73674.0000	638	762989.0000	287	342981.0000	351	420008.0000
20091005	電子期貨            	EXF    	B         	0	.0000	123	146324.0000	-123	-146324.0000	298	356527.0000	125	149550.0000	173	206977.0000
20091005	電子期貨            	EXF    	C         	613	730291.0000	237	282252.0000	376	448039.0000	3482	4165862.0000	3380	4043832.0000	102	122030.0000
20091005	金融期貨            	FXF    	A         	633	559293.0000	594	524122.0000	39	35171.0000	1771	1572111.0000	135	119566.0000	1636	1452545.0000
20091005	金融期貨            	FXF    	B         	0	.0000	0	.0000	0	.0000	126	111863.0000	0	.0000	126	111863.0000
20091005	金融期貨            	FXF    	C         	128	112726.0000	194	171313.0000	-66	-58586.0000	1864	1654859.0000	6215	5517519.0000	-4351	-3862660.0000
20091005	櫃買期貨            	GTF    	A         	16	7982.0000	29	14477.0000	-13	-6495.0000	31	15496.0000	55	27508.0000	-24	-12012.0000
20091005	櫃買期貨            	GTF    	B         	0	.0000	0	.0000	0	.0000	0	.0000	0	.0000	0	.0000
20091005	櫃買期貨            	GTF    	C         	0	.0000	0	.0000	0	.0000	0	.0000	0	.0000	0	.0000
20091005	摩臺期              	MSF    	A         	0	.0000	0	.0000	0	.0000	5	4334.0000	2	1721.0000	3	2613.0000
20091005	摩臺期              	MSF    	B         	0	.0000	0	.0000	0	.0000	0	.0000	0	.0000	0	.0000
20091005	摩臺期              	MSF    	C         	0	.0000	0	.0000	0	.0000	0	.0000	0	.0000	0	.0000
20091005	小型臺指            	MXF    	A         	8571	3153971.0000	7222	2657128.0000	1349	496843.0000	3989	1471679.0000	2435	898998.0000	1554	572681.0000
20091005	小型臺指            	MXF    	B         	0	.0000	0	.0000	0	.0000	0	.0000	3	1109.0000	-3	-1109.0000
20091005	小型臺指            	MXF    	C         	839	308890.0000	539	198282.0000	300	110608.0000	510	188496.0000	302	111590.0000	208	76906.0000
20091005	臺灣50期貨          	T5F    	A         	0	.0000	0	.0000	0	.0000	0	.0000	0	.0000	0	.0000
20091005	臺灣50期貨          	T5F    	B         	0	.0000	0	.0000	0	.0000	0	.0000	0	.0000	0	.0000
20091005	臺灣50期貨          	T5F    	C         	0	.0000	0	.0000	0	.0000	0	.0000	0	.0000	0	.0000
20091005	臺股期貨            	TXF    	A         	11134	16395331.0000	11671	17182748.0000	-537	-787417.0000	8917	13158850.0000	5153	7612796.0000	3764	5546054.0000
20091005	臺股期貨            	TXF    	B         	279	410579.0000	260	384027.0000	19	26552.0000	2336	3453542.0000	2921	4318406.0000	-585	-864864.0000
20091005	臺股期貨            	TXF    	C         	5567	8194770.0000	2938	4325066.0000	2629	3869704.0000	19784	29239053.0000	21594	31895250.0000	-1810	-2656197.0000
20091005	非金電期貨          	XIF    	A         	204	176979.0000	251	217783.0000	-47	-40804.0000	174	151150.0000	39	33850.0000	135	117300.0000
20091005	非金電期貨          	XIF    	B         	0	.0000	0	.0000	0	.0000	26	22604.0000	0	.0000	26	22604.0000
20091005	非金電期貨          	XIF    	C         	59	51239.0000	24	20811.0000	35	30428.0000	50	43470.0000	164	142582.0000	-114	-99112.0000
20091006	電子期貨            	EXF    	A         	912	1105668.0000	801	971346.0000	111	134322.0000	675	820713.0000	213	258671.0000	462	562042.0000
20091006	電子期貨            	EXF    	B         	0	.0000	0	.0000	0	.0000	298	362428.0000	125	152025.0000	173	210403.0000
20091006	電子期貨            	EXF    	C         	658	799100.0000	251	303588.0000	407	495512.0000	3853	4686014.0000	3344	4066913.0000	509	619101.0000
20091006	金融期貨            	FXF    	A         	1284	1148332.0000	1333	1192902.0000	-49	-44570.0000	1735	1567573.0000	148	133400.0000	1587	1434173.0000
20091006	金融期貨            	FXF    	B         	0	.0000	0	.0000	0	.0000	126	113854.0000	0	.0000	126	113854.0000
20091006	金融期貨            	FXF    	C         	658	587816.0000	598	535084.0000	60	52733.0000	1863	1683407.0000	6154	5560520.0000	-4291	-3877113.0000
20091006	櫃買期貨            	GTF    	A         	30	15167.0000	28	14160.0000	2	1007.0000	32	16117.0000	54	27183.0000	-22	-11066.0000
20091006	櫃買期貨            	GTF    	B         	0	.0000	0	.0000	0	.0000	0	.0000	0	.0000	0	.0000
20091006	櫃買期貨            	GTF    	C         	0	.0000	1	506.0000	-1	-506.0000	0	.0000	1	504.0000	-1	-504.0000
20091006	摩臺期              	MSF    	A         	0	.0000	0	.0000	0	.0000	5	4403.0000	2	1748.0000	3	2655.0000
20091006	摩臺期              	MSF    	B         	0	.0000	0	.0000	0	.0000	0	.0000	0	.0000	0	.0000
20091006	摩臺期              	MSF    	C         	0	.0000	0	.0000	0	.0000	0	.0000	0	.0000	0	.0000
20091006	小型臺指            	MXF    	A         	15034	5619307.0000	12504	4673320.0000	2530	945986.0000	4570	1711855.0000	1286	482058.0000	3284	1229797.0000
20091006	小型臺指            	MXF    	B         	0	.0000	0	.0000	0	.0000	0	.0000	3	1126.0000	-3	-1126.0000
20091006	小型臺指            	MXF    	C         	1204	451208.0000	1075	401898.0000	129	49310.0000	644	241725.0000	291	109197.0000	353	132528.0000
20091006	臺灣50期貨          	T5F    	A         	0	.0000	0	.0000	0	.0000	0	.0000	0	.0000	0	.0000
20091006	臺灣50期貨          	T5F    	B         	0	.0000	0	.0000	0	.0000	0	.0000	0	.0000	0	.0000
20091006	臺灣50期貨          	T5F    	C         	0	.0000	0	.0000	0	.0000	0	.0000	0	.0000	0	.0000
20091006	臺股期貨            	TXF    	A         	22768	34077758.0000	21469	32153833.0000	1299	1923925.0000	10293	15424473.0000	5030	7545595.0000	5263	7878878.0000
20091006	臺股期貨            	TXF    	B         	380	569389.0000	134	200537.0000	246	368851.0000	2365	3550811.0000	2704	4059786.0000	-339	-508975.0000
20091006	臺股期貨            	TXF    	C         	8387	12540642.0000	7463	11140455.0000	924	1400187.0000	19866	29815034.0000	20756	31122380.0000	-890	-1307346.0000
20091006	非金電期貨          	XIF    	A         	302	265488.0000	291	255729.0000	11	9759.0000	193	170075.0000	47	41399.0000	146	128676.0000
20091006	非金電期貨          	XIF    	B         	0	.0000	0	.0000	0	.0000	26	22935.0000	0	.0000	26	22935.0000
20091006	非金電期貨          	XIF    	C         	30	26321.0000	28	24646.0000	2	1674.0000	50	44105.0000	162	142900.0000	-112	-98795.0000
20091007	電子期貨            	EXF    	A         	668	814625.0000	884	1077377.0000	-216	-262752.0000	544	663357.0000	298	363160.0000	246	300197.0000
20091007	電子期貨            	EXF    	B         	0	.0000	44	53573.0000	-44	-53573.0000	298	363500.0000	169	206146.0000	129	157354.0000
20091007	電子期貨            	EXF    	C         	413	503650.0000	299	364508.0000	114	139142.0000	3939	4804789.0000	3316	4044810.0000	623	759979.0000
20091007	金融期貨            	FXF    	A         	1090	1001511.0000	989	909965.0000	101	91546.0000	1822	1683342.0000	134	123452.0000	1688	1559890.0000
20091007	金融期貨            	FXF    	B         	0	.0000	0	.0000	0	.0000	126	116424.0000	0	.0000	126	116424.0000
20091007	金融期貨            	FXF    	C         	1127	1035714.0000	155	142162.0000	972	893552.0000	2084	1925616.0000	5403	4992188.0000	-3319	-3066572.0000
20091007	櫃買期貨            	GTF    	A         	221	111882.0000	220	111372.0000	1	510.0000	29	14732.0000	50	25390.0000	-21	-10658.0000
20091007	櫃買期貨            	GTF    	B         	0	.0000	0	.0000	0	.0000	0	.0000	0	.0000	0	.0000
20091007	櫃買期貨            	GTF    	C         	0	.0000	0	.0000	0	.0000	0	.0000	1	509.0000	-1	-509.0000
20091007	摩臺期              	MSF    	A         	0	.0000	0	.0000	0	.0000	5	4456.0000	2	1769.0000	3	2687.0000
20091007	摩臺期              	MSF    	B         	0	.0000	0	.0000	0	.0000	0	.0000	0	.0000	0	.0000
20091007	摩臺期              	MSF    	C         	0	.0000	0	.0000	0	.0000	0	.0000	0	.0000	0	.0000
20091007	小型臺指            	MXF    	A         	11223	4244858.0000	10179	3848509.0000	1044	396349.0000	4002	1515125.0000	1034	391741.0000	2968	1123384.0000
20091007	小型臺指            	MXF    	B         	0	.0000	0	.0000	0	.0000	0	.0000	3	1139.0000	-3	-1139.0000
20091007	小型臺指            	MXF    	C         	563	212970.0000	1002	378949.0000	-439	-165980.0000	215	81593.0000	297	112677.0000	-82	-31084.0000
20091007	臺灣50期貨          	T5F    	A         	0	.0000	0	.0000	0	.0000	0	.0000	0	.0000	0	.0000
20091007	臺灣50期貨          	T5F    	B         	0	.0000	0	.0000	0	.0000	0	.0000	0	.0000	0	.0000
20091007	臺灣50期貨          	T5F    	C         	0	.0000	0	.0000	0	.0000	0	.0000	0	.0000	0	.0000
20091007	臺股期貨            	TXF    	A         	14805	22403112.0000	14991	22676043.0000	-186	-272931.0000	10122	15335519.0000	4705	7134979.0000	5417	8200540.0000
20091007	臺股期貨            	TXF    	B         	479	725609.0000	32	48308.0000	447	677301.0000	2370	3597637.0000	2266	3439788.0000	104	157849.0000
20091007	臺股期貨            	TXF    	C         	5294	8006487.0000	4792	7249520.0000	502	756967.0000	19476	29552047.0000	19865	30114506.0000	-389	-562459.0000
20091007	非金電期貨          	XIF    	A         	233	207819.0000	258	230116.0000	-25	-22297.0000	172	154456.0000	51	45777.0000	121	108679.0000
20091007	非金電期貨          	XIF    	B         	0	.0000	0	.0000	0	.0000	26	23371.0000	0	.0000	26	23371.0000
20091007	非金電期貨          	XIF    	C         	37	33008.0000	66	58935.0000	-29	-25927.0000	50	44945.0000	191	171690.0000	-141	-126745.0000
20091008	電子期貨            	EXF    	A         	953	1149277.0000	1105	1334817.0000	-152	-185540.0000	505	602676.0000	411	490260.0000	94	112416.0000
20091008	電子期貨            	EXF    	B         	0	.0000	0	.0000	0	.0000	298	355752.0000	169	201752.0000	129	154000.0000
20091008	電子期貨            	EXF    	C         	521	630204.0000	877	1056945.0000	-356	-426741.0000	3789	4523304.0000	3522	4204488.0000	267	318816.0000
20091008	金融期貨            	FXF    	A         	876	808031.0000	1001	921182.0000	-125	-113151.0000	1710	1562740.0000	147	133938.0000	1563	1428802.0000
20091008	金融期貨            	FXF    	B         	0	.0000	0	.0000	0	.0000	126	115164.0000	0	.0000	126	115164.0000
20091008	金融期貨            	FXF    	C         	408	377089.0000	297	274080.0000	111	103008.0000	2052	1875528.0000	5260	4807336.0000	-3208	-2931808.0000
20091008	櫃買期貨            	GTF    	A         	228	115402.0000	216	109397.0000	12	6005.0000	42	20850.0000	51	25292.0000	-9	-4442.0000
20091008	櫃買期貨            	GTF    	B         	0	.0000	0	.0000	0	.0000	0	.0000	0	.0000	0	.0000
20091008	櫃買期貨            	GTF    	C         	0	.0000	0	.0000	0	.0000	0	.0000	1	497.0000	-1	-497.0000
20091008	摩臺期              	MSF    	A         	0	.0000	0	.0000	0	.0000	5	4368.0000	2	1734.0000	3	2634.0000
20091008	摩臺期              	MSF    	B         	0	.0000	0	.0000	0	.0000	0	.0000	0	.0000	0	.0000
20091008	摩臺期              	MSF    	C         	0	.0000	0	.0000	0	.0000	0	.0000	0	.0000	0	.0000
20091008	小型臺指            	MXF    	A         	13859	5235181.0000	17796	6719691.0000	-3937	-1484510.0000	3708	1384165.0000	1745	651757.0000	1963	732408.0000
20091008	小型臺指            	MXF    	B         	0	.0000	0	.0000	0	.0000	0	.0000	3	1122.0000	-3	-1122.0000
20091008	小型臺指            	MXF    	C         	772	291711.0000	1582	596345.0000	-810	-304634.0000	46	17190.0000	458	171329.0000	-412	-154139.0000
20091008	臺灣50期貨          	T5F    	A         	0	.0000	0	.0000	0	.0000	0	.0000	0	.0000	0	.0000
20091008	臺灣50期貨          	T5F    	B         	0	.0000	0	.0000	0	.0000	0	.0000	0	.0000	0	.0000
20091008	臺灣50期貨          	T5F    	C         	0	.0000	0	.0000	0	.0000	0	.0000	0	.0000	0	.0000
20091008	臺股期貨            	TXF    	A         	20147	30405788.0000	20334	30697534.0000	-187	-291746.0000	8975	13404070.0000	4478	6695059.0000	4497	6709011.0000
20091008	臺股期貨            	TXF    	B         	15	22684.0000	492	741134.0000	-477	-718449.0000	2371	3548417.0000	2744	4106670.0000	-373	-558253.0000
20091008	臺股期貨            	TXF    	C         	6690	10088212.0000	7875	11900125.0000	-1185	-1811913.0000	18726	28012020.0000	20420	30518792.0000	-1694	-2506772.0000
20091008	非金電期貨          	XIF    	A         	318	286916.0000	336	302848.0000	-18	-15932.0000	149	133084.0000	46	41073.0000	103	92011.0000
20091008	非金電期貨          	XIF    	B         	0	.0000	0	.0000	0	.0000	26	23249.0000	0	.0000	26	23249.0000
20091008	非金電期貨          	XIF    	C         	81	72897.0000	64	57617.0000	17	15280.0000	50	44710.0000	174	155591.0000	-124	-110881.0000
20091009	電子期貨            	EXF    	A         	914	1092317.0000	956	1142612.0000	-42	-50295.0000	436	524148.0000	384	461331.0000	52	62817.0000
20091009	電子期貨            	EXF    	B         	0	.0000	256	304530.0000	-256	-304530.0000	298	358375.0000	425	511105.0000	-127	-152730.0000
20091009	電子期貨            	EXF    	C         	538	643166.0000	284	339535.0000	254	303632.0000	3971	4775520.0000	3450	4148882.0000	521	626638.0000
20091009	金融期貨            	FXF    	A         	1007	934444.0000	836	776156.0000	171	158288.0000	1844	1716590.0000	110	102063.0000	1734	1614527.0000
20091009	金融期貨            	FXF    	B         	0	.0000	0	.0000	0	.0000	126	117306.0000	0	.0000	126	117306.0000
20091009	金融期貨            	FXF    	C         	462	428742.0000	531	492516.0000	-69	-63774.0000	2118	1971858.0000	5395	5022481.0000	-3277	-3050623.0000
20091009	櫃買期貨            	GTF    	A         	216	107607.0000	229	114088.0000	-13	-6482.0000	31	15525.0000	53	26514.0000	-22	-10989.0000
20091009	櫃買期貨            	GTF    	B         	0	.0000	0	.0000	0	.0000	0	.0000	0	.0000	0	.0000
20091009	櫃買期貨            	GTF    	C         	0	.0000	0	.0000	0	.0000	0	.0000	1	503.0000	-1	-503.0000
20091009	摩臺期              	MSF    	A         	0	.0000	0	.0000	0	.0000	5	4426.0000	2	1758.0000	3	2668.0000
20091009	摩臺期              	MSF    	B         	0	.0000	0	.0000	0	.0000	0	.0000	0	.0000	0	.0000
20091009	摩臺期              	MSF    	C         	0	.0000	0	.0000	0	.0000	0	.0000	0	.0000	0	.0000
20091009	小型臺指            	MXF    	A         	12400	4663054.0000	11080	4163929.0000	1320	499125.0000	4136	1558683.0000	929	349984.0000	3207	1208699.0000
20091009	小型臺指            	MXF    	B         	0	.0000	0	.0000	0	.0000	0	.0000	3	1133.0000	-3	-1133.0000
20091009	小型臺指            	MXF    	C         	1168	440044.0000	628	235817.0000	540	204227.0000	572	216028.0000	404	152549.0000	168	63479.0000
20091009	臺灣50期貨          	T5F    	A         	0	.0000	0	.0000	0	.0000	0	.0000	0	.0000	0	.0000
20091009	臺灣50期貨          	T5F    	B         	0	.0000	0	.0000	0	.0000	0	.0000	0	.0000	0	.0000
20091009	臺灣50期貨          	T5F    	C         	0	.0000	0	.0000	0	.0000	0	.0000	0	.0000	0	.0000
20091009	臺股期貨            	TXF    	A         	17456	26266240.0000	16567	24913797.0000	889	1352443.0000	10530	15879162.0000	5125	7736127.0000	5405	8143035.0000
20091009	臺股期貨            	TXF    	B         	686	1034524.0000	35	52525.0000	651	981998.0000	2628	3970874.0000	2350	3550850.0000	278	420024.0000
20091009	臺股期貨            	TXF    	C         	5022	7558961.0000	3679	5533785.0000	1343	2025176.0000	18790	28376860.0000	19149	28887281.0000	-359	-510421.0000
20091009	非金電期貨          	XIF    	A         	289	260890.0000	306	276176.0000	-17	-15286.0000	138	124609.0000	52	46950.0000	86	77659.0000
20091009	非金電期貨          	XIF    	B         	0	.0000	0	.0000	0	.0000	26	23517.0000	0	.0000	26	23517.0000
20091009	非金電期貨          	XIF    	C         	87	78510.0000	28	25252.0000	59	53258.0000	50	45225.0000	115	104018.0000	-65	-58793.0000
20091012	電子期貨            	EXF    	A         	663	798322.0000	648	780392.0000	15	17930.0000	427	515545.0000	360	434408.0000	67	81137.0000
20091012	電子期貨            	EXF    	B         	17	20425.0000	8	9625.0000	9	10800.0000	307	370795.0000	425	513315.0000	-118	-142520.0000
20091012	電子期貨            	EXF    	C         	290	349319.0000	293	353152.0000	-3	-3833.0000	3942	4761144.0000	3424	4135408.0000	518	625736.0000
20091012	金融期貨            	FXF    	A         	883	817153.0000	1055	976390.0000	-172	-159237.0000	1687	1569763.0000	125	115959.0000	1562	1453804.0000
20091012	金融期貨            	FXF    	B         	0	.0000	0	.0000	0	.0000	126	117256.0000	0	.0000	126	117256.0000
20091012	金融期貨            	FXF    	C         	147	136098.0000	618	571063.0000	-471	-434965.0000	1983	1845380.0000	5731	5333057.0000	-3748	-3487677.0000
20091012	櫃買期貨            	GTF    	A         	218	109580.0000	224	112634.0000	-6	-3053.0000	29	14684.0000	57	28837.0000	-28	-14153.0000
20091012	櫃買期貨            	GTF    	B         	0	.0000	0	.0000	0	.0000	0	.0000	0	.0000	0	.0000
20091012	櫃買期貨            	GTF    	C         	0	.0000	0	.0000	0	.0000	0	.0000	1	506.0000	-1	-506.0000
20091012	摩臺期              	MSF    	A         	0	.0000	0	.0000	0	.0000	5	4441.0000	2	1764.0000	3	2677.0000
20091012	摩臺期              	MSF    	B         	0	.0000	0	.0000	0	.0000	0	.0000	0	.0000	0	.0000
20091012	摩臺期              	MSF    	C         	0	.0000	0	.0000	0	.0000	0	.0000	0	.0000	0	.0000
20091012	小型臺指            	MXF    	A         	12306	4644738.0000	11682	4407294.0000	624	237444.0000	4776	1806052.0000	941	355693.0000	3835	1450359.0000
20091012	小型臺指            	MXF    	B         	0	.0000	0	.0000	0	.0000	0	.0000	3	1136.0000	-3	-1136.0000
20091012	小型臺指            	MXF    	C         	706	266899.0000	1130	426365.0000	-424	-159465.0000	213	80638.0000	501	189726.0000	-288	-109088.0000
20091012	臺灣50期貨          	T5F    	A         	0	.0000	0	.0000	0	.0000	0	.0000	0	.0000	0	.0000
20091012	臺灣50期貨          	T5F    	B         	0	.0000	0	.0000	0	.0000	0	.0000	0	.0000	0	.0000
20091012	臺灣50期貨          	T5F    	C         	0	.0000	0	.0000	0	.0000	0	.0000	0	.0000	0	.0000
20091012	臺股期貨            	TXF    	A         	17959	27119277.0000	16872	25464164.0000	1087	1655112.0000	11628	17590455.0000	5137	7777050.0000	6491	9813405.0000
20091012	臺股期貨            	TXF    	B         	296	447324.0000	270	407524.0000	26	39800.0000	2560	3878881.0000	2256	3418291.0000	304	460590.0000
20091012	臺股期貨            	TXF    	C         	6270	9469413.0000	6910	10435226.0000	-640	-965813.0000	19308	29241345.0000	20299	30713855.0000	-991	-1472510.0000
20091012	非金電期貨          	XIF    	A         	194	175196.0000	213	192335.0000	-19	-17138.0000	136	123139.0000	69	62480.0000	67	60659.0000
20091012	非金電期貨          	XIF    	B         	0	.0000	0	.0000	0	.0000	26	23569.0000	0	.0000	26	23569.0000
20091012	非金電期貨          	XIF    	C         	67	60505.0000	66	59650.0000	1	855.0000	50	45325.0000	114	103341.0000	-64	-58016.0000
20091013	電子期貨            	EXF    	A         	972	1164867.0000	741	889610.0000	231	275256.0000	532	643952.0000	234	282993.0000	298	360959.0000
20091013	電子期貨            	EXF    	B         	50	60295.0000	30	35753.0000	20	24543.0000	277	335392.0000	375	454050.0000	-98	-118658.0000
20091013	電子期貨            	EXF    	C         	1471	1760452.0000	1644	1969089.0000	-173	-208638.0000	3801	4602249.0000	3456	4184463.0000	345	417786.0000
20091013	金融期貨            	FXF    	A         	1199	1094620.0000	1479	1346702.0000	-280	-252081.0000	1584	1453990.0000	302	276826.0000	1282	1177164.0000
20091013	金融期貨            	FXF    	B         	0	.0000	0	.0000	0	.0000	126	115668.0000	0	.0000	126	115668.0000
20091013	金融期貨            	FXF    	C         	484	439011.0000	601	549676.0000	-117	-110665.0000	1987	1824066.0000	5852	5371912.0000	-3865	-3547846.0000
20091013	櫃買期貨            	GTF    	A         	419	211716.0000	414	209185.0000	5	2532.0000	33	16771.0000	56	28422.0000	-23	-11651.0000
20091013	櫃買期貨            	GTF    	B         	0	.0000	0	.0000	0	.0000	0	.0000	0	.0000	0	.0000
20091013	櫃買期貨            	GTF    	C         	0	.0000	0	.0000	0	.0000	0	.0000	1	509.0000	-1	-509.0000
20091013	摩臺期              	MSF    	A         	0	.0000	0	.0000	0	.0000	5	4433.0000	2	1760.0000	3	2673.0000
20091013	摩臺期              	MSF    	B         	0	.0000	0	.0000	0	.0000	0	.0000	0	.0000	0	.0000
20091013	摩臺期              	MSF    	C         	0	.0000	0	.0000	0	.0000	0	.0000	0	.0000	0	.0000
20091013	小型臺指            	MXF    	A         	24211	9052560.0000	23493	8775209.0000	718	277351.0000	4211	1589431.0000	1186	447648.0000	3025	1141783.0000
20091013	小型臺指            	MXF    	B         	0	.0000	0	.0000	0	.0000	0	.0000	3	1134.0000	-3	-1134.0000
20091013	小型臺指            	MXF    	C         	1108	417124.0000	843	315856.0000	265	101268.0000	568	214717.0000	475	179569.0000	93	35148.0000
20091013	臺灣50期貨          	T5F    	A         	0	.0000	0	.0000	0	.0000	0	.0000	0	.0000	0	.0000
20091013	臺灣50期貨          	T5F    	B         	0	.0000	0	.0000	0	.0000	0	.0000	0	.0000	0	.0000
20091013	臺灣50期貨          	T5F    	C         	0	.0000	0	.0000	0	.0000	0	.0000	0	.0000	0	.0000
20091013	臺股期貨            	TXF    	A         	26555	39840424.0000	26278	39400052.0000	277	440372.0000	12086	18252065.0000	4936	7459458.0000	7150	10792607.0000
20091013	臺股期貨            	TXF    	B         	362	545127.0000	196	293612.0000	166	251515.0000	2681	4055248.0000	2211	3344359.0000	470	710889.0000
20091013	臺股期貨            	TXF    	C         	9375	14062136.0000	7383	11075258.0000	1992	2986878.0000	20166	30488163.0000	19184	28973872.0000	982	1514291.0000
20091013	非金電期貨          	XIF    	A         	269	242171.0000	273	245927.0000	-4	-3757.0000	141	127135.0000	78	70339.0000	63	56796.0000
20091013	非金電期貨          	XIF    	B         	0	.0000	0	.0000	0	.0000	26	23468.0000	0	.0000	26	23468.0000
20091013	非金電期貨          	XIF    	C         	64	57640.0000	35	31483.0000	29	26157.0000	50	45130.0000	85	76721.0000	-35	-31591.0000
20091014	電子期貨            	EXF    	A         	812	996034.0000	539	662672.0000	273	333362.0000	823	1018507.0000	252	311504.0000	571	707003.0000
20091014	電子期貨            	EXF    	B         	163	200456.0000	4	4947.0000	159	195508.0000	275	340395.0000	214	264889.0000	61	75506.0000
20091014	電子期貨            	EXF    	C         	362	443673.0000	274	337795.0000	88	105877.0000	3868	4787805.0000	3435	4251681.0000	433	536124.0000
20091014	金融期貨            	FXF    	A         	988	912583.0000	853	787580.0000	135	125003.0000	1693	1575327.0000	276	256388.0000	1417	1318939.0000
20091014	金融期貨            	FXF    	B         	0	.0000	0	.0000	0	.0000	126	117256.0000	0	.0000	126	117256.0000
20091014	金融期貨            	FXF    	C         	340	314208.0000	349	322342.0000	-9	-8135.0000	1949	1813739.0000	5823	5418466.0000	-3874	-3604727.0000
20091014	櫃買期貨            	GTF    	A         	23	11837.0000	20	10304.0000	3	1533.0000	33	17011.0000	53	27301.0000	-20	-10290.0000
20091014	櫃買期貨            	GTF    	B         	0	.0000	0	.0000	0	.0000	0	.0000	0	.0000	0	.0000
20091014	櫃買期貨            	GTF    	C         	0	.0000	0	.0000	0	.0000	0	.0000	1	516.0000	-1	-516.0000
20091014	摩臺期              	MSF    	A         	0	.0000	0	.0000	0	.0000	5	4509.0000	2	1791.0000	3	2718.0000
20091014	摩臺期              	MSF    	B         	0	.0000	0	.0000	0	.0000	0	.0000	0	.0000	0	.0000
20091014	摩臺期              	MSF    	C         	0	.0000	0	.0000	0	.0000	0	.0000	0	.0000	0	.0000
20091014	小型臺指            	MXF    	A         	11273	4303595.0000	8432	3222447.0000	2841	1081148.0000	6394	2456378.0000	1532	588616.0000	4862	1867762.0000
20091014	小型臺指            	MXF    	B         	0	.0000	0	.0000	0	.0000	0	.0000	3	1155.0000	-3	-1155.0000
20091014	小型臺指            	MXF    	C         	830	317305.0000	361	138129.0000	469	179176.0000	923	355176.0000	361	138887.0000	562	216289.0000
20091014	臺灣50期貨          	T5F    	A         	0	.0000	0	.0000	0	.0000	0	.0000	0	.0000	0	.0000
20091014	臺灣50期貨          	T5F    	B         	0	.0000	0	.0000	0	.0000	0	.0000	0	.0000	0	.0000
20091014	臺灣50期貨          	T5F    	C         	0	.0000	0	.0000	0	.0000	0	.0000	0	.0000	0	.0000
20091014	臺股期貨            	TXF    	A         	18487	28268388.0000	17937	27450270.0000	550	818118.0000	13932	21409095.0000	5981	9202008.0000	7951	12207087.0000
20091014	臺股期貨            	TXF    	B         	289	442159.0000	127	195186.0000	162	246973.0000	2605	4010622.0000	1973	3037631.0000	632	972991.0000
20091014	臺股期貨            	TXF    	C         	6678	10219679.0000	4836	7401600.0000	1842	2818079.0000	20994	32304493.0000	18170	27918095.0000	2824	4386398.0000
20091014	非金電期貨          	XIF    	A         	154	139926.0000	195	177318.0000	-41	-37392.0000	118	107700.0000	96	87680.0000	22	20020.0000
20091014	非金電期貨          	XIF    	B         	0	.0000	0	.0000	0	.0000	26	23767.0000	0	.0000	26	23767.0000
20091014	非金電期貨          	XIF    	C         	98	89225.0000	81	73708.0000	17	15517.0000	114	104207.0000	132	120661.0000	-18	-16454.0000
20091015	電子期貨            	EXF    	A         	819	1017465.0000	1010	1253540.0000	-191	-236075.0000	558	691541.0000	178	220211.0000	380	471330.0000
20091015	電子期貨            	EXF    	B         	0	.0000	4	4960.0000	-4	-4960.0000	271	335986.0000	214	265317.0000	57	70669.0000
20091015	電子期貨            	EXF    	C         	157	194816.0000	399	496476.0000	-242	-301660.0000	3716	4607083.0000	3525	4370088.0000	191	236995.0000
20091015	金融期貨            	FXF    	A         	1102	1034509.0000	964	905976.0000	138	128532.0000	1792	1670289.0000	237	220444.0000	1555	1449845.0000
20091015	金融期貨            	FXF    	B         	0	.0000	6	5638.0000	-6	-5638.0000	125	116525.0000	5	4640.0000	120	111885.0000
20091015	金融期貨            	FXF    	C         	276	259657.0000	605	568966.0000	-329	-309309.0000	1976	1842027.0000	6179	5759312.0000	-4203	-3917285.0000
20091015	櫃買期貨            	GTF    	A         	29	14926.0000	22	11342.0000	7	3584.0000	37	18944.0000	50	25570.0000	-13	-6626.0000
20091015	櫃買期貨            	GTF    	B         	0	.0000	0	.0000	0	.0000	0	.0000	0	.0000	0	.0000
20091015	櫃買期貨            	GTF    	C         	0	.0000	0	.0000	0	.0000	0	.0000	1	513.0000	-1	-513.0000
20091015	摩臺期              	MSF    	A         	0	.0000	0	.0000	0	.0000	5	4521.0000	2	1795.0000	3	2726.0000
20091015	摩臺期              	MSF    	B         	0	.0000	0	.0000	0	.0000	0	.0000	0	.0000	0	.0000
20091015	摩臺期              	MSF    	C         	0	.0000	0	.0000	0	.0000	0	.0000	0	.0000	0	.0000
20091015	小型臺指            	MXF    	A         	12561	4859944.0000	15035	5812953.0000	-2474	-953010.0000	5146	1978156.0000	1926	740858.0000	3220	1237298.0000
20091015	小型臺指            	MXF    	B         	0	.0000	0	.0000	0	.0000	0	.0000	3	1156.0000	-3	-1156.0000
20091015	小型臺指            	MXF    	C         	721	278714.0000	1049	405353.0000	-328	-126640.0000	641	246867.0000	351	135165.0000	290	111702.0000
20091015	臺灣50期貨          	T5F    	A         	0	.0000	0	.0000	0	.0000	0	.0000	0	.0000	0	.0000
20091015	臺灣50期貨          	T5F    	B         	0	.0000	0	.0000	0	.0000	0	.0000	0	.0000	0	.0000
20091015	臺灣50期貨          	T5F    	C         	0	.0000	0	.0000	0	.0000	0	.0000	0	.0000	0	.0000
20091015	臺股期貨            	TXF    	A         	24249	37519187.0000	21874	33845670.0000	2375	3673517.0000	16649	25607349.0000	6531	10058443.0000	10118	15548906.0000
20091015	臺股期貨            	TXF    	B         	669	1037316.0000	349	538796.0000	320	498520.0000	2863	4411513.0000	1911	2944851.0000	952	1466662.0000
20091015	臺股期貨            	TXF    	C         	6283	9725086.0000	12094	18695030.0000	-5811	-8969944.0000	20269	31217524.0000	23270	35793353.0000	-3001	-4575829.0000
20091015	非金電期貨          	XIF    	A         	308	282050.0000	281	257276.0000	27	24773.0000	147	134072.0000	98	89439.0000	49	44633.0000
20091015	非金電期貨          	XIF    	B         	0	.0000	0	.0000	0	.0000	26	23746.0000	0	.0000	26	23746.0000
20091015	非金電期貨          	XIF    	C         	36	33067.0000	41	37684.0000	-5	-4617.0000	114	104116.0000	137	125122.0000	-23	-21006.0000
20091016	電子期貨            	EXF    	A         	520	642554.0000	670	828050.0000	-150	-185496.0000	462	572405.0000	232	287160.0000	230	285245.0000
20091016	電子期貨            	EXF    	B         	15	18497.0000	2	2473.0000	13	16024.0000	284	352103.0000	214	265317.0000	70	86786.0000
20091016	電子期貨            	EXF    	C         	294	363565.0000	268	330920.0000	26	32645.0000	3792	4701308.0000	3575	4431889.0000	217	269419.0000
20091016	金融期貨            	FXF    	A         	971	911947.0000	905	849333.0000	66	62614.0000	1822	1698209.0000	201	186861.0000	1621	1511348.0000
20091016	金融期貨            	FXF    	B         	0	.0000	0	.0000	0	.0000	125	116525.0000	5	4640.0000	120	111885.0000
20091016	金融期貨            	FXF    	C         	464	435870.0000	226	211737.0000	238	224133.0000	2101	1958552.0000	6066	5653751.0000	-3965	-3695199.0000
20091016	櫃買期貨            	GTF    	A         	30	15414.0000	38	19546.0000	-8	-4132.0000	27	13821.0000	48	24556.0000	-21	-10735.0000
20091016	櫃買期貨            	GTF    	B         	0	.0000	0	.0000	0	.0000	0	.0000	0	.0000	0	.0000
20091016	櫃買期貨            	GTF    	C         	0	.0000	0	.0000	0	.0000	0	.0000	1	513.0000	-1	-513.0000
20091016	摩臺期              	MSF    	A         	5	4504.0000	5	4529.0000	0	-25.0000	5	4528.0000	2	1798.0000	3	2730.0000
20091016	摩臺期              	MSF    	B         	0	.0000	0	.0000	0	.0000	0	.0000	0	.0000	0	.0000
20091016	摩臺期              	MSF    	C         	0	.0000	0	.0000	0	.0000	0	.0000	0	.0000	0	.0000
20091016	小型臺指            	MXF    	A         	9512	3661711.0000	10602	4080236.0000	-1090	-418525.0000	4880	1876031.0000	1866	717549.0000	3014	1158482.0000
20091016	小型臺指            	MXF    	B         	0	.0000	0	.0000	0	.0000	0	.0000	3	1156.0000	-3	-1156.0000
20091016	小型臺指            	MXF    	C         	1094	421639.0000	802	308824.0000	292	112815.0000	987	380153.0000	337	129771.0000	650	250382.0000
20091016	臺灣50期貨          	T5F    	A         	0	.0000	0	.0000	0	.0000	0	.0000	0	.0000	0	.0000
20091016	臺灣50期貨          	T5F    	B         	0	.0000	0	.0000	0	.0000	0	.0000	0	.0000	0	.0000
20091016	臺灣50期貨          	T5F    	C         	0	.0000	0	.0000	0	.0000	0	.0000	0	.0000	0	.0000
20091016	臺股期貨            	TXF    	A         	14485	22310590.0000	14182	21836808.0000	303	473783.0000	16481	25348201.0000	6281	9673046.0000	10200	15675155.0000
20091016	臺股期貨            	TXF    	B         	291	448242.0000	238	366161.0000	53	82081.0000	2737	4217331.0000	1731	2667471.0000	1006	1549860.0000
20091016	臺股期貨            	TXF    	C         	7599	11703322.0000	9322	14353566.0000	-1723	-2650244.0000	19357	29807451.0000	24088	37048892.0000	-4731	-7241441.0000
20091016	非金電期貨          	XIF    	A         	297	270994.0000	317	289263.0000	-20	-18269.0000	198	180454.0000	169	154153.0000	29	26301.0000
20091016	非金電期貨          	XIF    	B         	0	.0000	0	.0000	0	.0000	26	23746.0000	0	.0000	26	23746.0000
20091016	非金電期貨          	XIF    	C         	32	29228.0000	29	26515.0000	3	2713.0000	118	107769.0000	138	126035.0000	-20	-18266.0000
20091019	電子期貨            	EXF    	A         	584	723989.0000	551	682433.0000	33	41556.0000	464	572578.0000	201	247620.0000	263	324958.0000
20091019	電子期貨            	EXF    	B         	286	354688.0000	191	236530.0000	95	118158.0000	284	350242.0000	119	146309.0000	165	203933.0000
20091019	電子期貨            	EXF    	C         	2018	2498140.0000	2207	2734266.0000	-189	-236126.0000	3838	4733455.0000	3810	4699489.0000	28	33966.0000
20091019	金融期貨            	FXF    	A         	582	547054.0000	666	625320.0000	-84	-78266.0000	1847	1739144.0000	310	291178.0000	1537	1447966.0000
20091019	金融期貨            	FXF    	B         	0	.0000	4	3720.0000	-4	-3720.0000	125	117725.0000	9	8437.0000	116	109288.0000
20091019	金融期貨            	FXF    	C         	2080	1953678.0000	2058	1932360.0000	22	21318.0000	2284	2147732.0000	6227	5859260.0000	-3943	-3711528.0000
20091019	櫃買期貨            	GTF    	A         	12	6207.0000	12	6212.0000	0	-5.0000	24	12302.0000	45	23062.0000	-21	-10760.0000
20091019	櫃買期貨            	GTF    	B         	0	.0000	0	.0000	0	.0000	0	.0000	0	.0000	0	.0000
20091019	櫃買期貨            	GTF    	C         	0	.0000	0	.0000	0	.0000	0	.0000	1	514.0000	-1	-514.0000
20091019	摩臺期              	MSF    	A         	0	.0000	0	.0000	0	.0000	5	4525.0000	2	1793.0000	3	2732.0000
20091019	摩臺期              	MSF    	B         	0	.0000	0	.0000	0	.0000	0	.0000	0	.0000	0	.0000
20091019	摩臺期              	MSF    	C         	0	.0000	0	.0000	0	.0000	0	.0000	0	.0000	0	.0000
20091019	小型臺指            	MXF    	A         	11346	4368759.0000	9231	3554525.0000	2115	814235.0000	5006	1922410.0000	1269	487367.0000	3737	1435043.0000
20091019	小型臺指            	MXF    	B         	0	.0000	11	4205.0000	-11	-4205.0000	0	.0000	14	5372.0000	-14	-5372.0000
20091019	小型臺指            	MXF    	C         	1517	585059.0000	725	279587.0000	792	305472.0000	1827	702744.0000	409	157296.0000	1418	545448.0000
20091019	臺灣50期貨          	T5F    	A         	0	.0000	0	.0000	0	.0000	0	.0000	0	.0000	0	.0000
20091019	臺灣50期貨          	T5F    	B         	0	.0000	0	.0000	0	.0000	0	.0000	0	.0000	0	.0000
20091019	臺灣50期貨          	T5F    	C         	0	.0000	0	.0000	0	.0000	0	.0000	0	.0000	0	.0000
20091019	臺股期貨            	TXF    	A         	18156	28003142.0000	17210	26542775.0000	946	1460367.0000	17404	26739457.0000	5910	9087430.0000	11494	17652027.0000
20091019	臺股期貨            	TXF    	B         	1222	1885441.0000	1181	1825698.0000	41	59744.0000	2731	4198041.0000	1687	2594835.0000	1044	1603206.0000
20091019	臺股期貨            	TXF    	C         	13044	20102594.0000	11111	17145048.0000	1933	2957546.0000	21176	32547555.0000	23968	36815698.0000	-2792	-4268143.0000
20091019	非金電期貨          	XIF    	A         	417	380216.0000	435	396485.0000	-18	-16269.0000	209	190279.0000	198	180307.0000	11	9972.0000
20091019	非金電期貨          	XIF    	B         	0	.0000	0	.0000	0	.0000	26	23686.0000	0	.0000	26	23686.0000
20091019	非金電期貨          	XIF    	C         	58	53042.0000	52	47495.0000	6	5547.0000	125	113856.0000	139	126629.0000	-14	-12773.0000
20091020	電子期貨            	EXF    	A         	626	780854.0000	677	845742.0000	-51	-64888.0000	574	713830.0000	362	450429.0000	212	263401.0000
20091020	電子期貨            	EXF    	B         	87	108158.0000	87	108737.0000	0	-579.0000	284	352985.0000	119	147688.0000	165	205297.0000
20091020	電子期貨            	EXF    	C         	3634	4534394.0000	3786	4719678.0000	-152	-185284.0000	3638	4522960.0000	3762	4674815.0000	-124	-151855.0000
20091020	金融期貨            	FXF    	A         	1031	969720.0000	984	927724.0000	47	41996.0000	1856	1748012.0000	272	256132.0000	1584	1491880.0000
20091020	金融期貨            	FXF    	B         	60	56348.0000	60	56601.0000	0	-253.0000	125	117658.0000	9	8456.0000	116	109202.0000
20091020	金融期貨            	FXF    	C         	3086	2906726.0000	3327	3128022.0000	-241	-221296.0000	2682	2523998.0000	6866	6462599.0000	-4184	-3938601.0000
20091020	櫃買期貨            	GTF    	A         	116	60003.0000	110	56890.0000	6	3112.0000	28	14522.0000	43	22292.0000	-15	-7770.0000
20091020	櫃買期貨            	GTF    	B         	0	.0000	0	.0000	0	.0000	0	.0000	0	.0000	0	.0000
20091020	櫃買期貨            	GTF    	C         	0	.0000	0	.0000	0	.0000	0	.0000	1	520.0000	-1	-520.0000
20091020	摩臺期              	MSF    	A         	0	.0000	0	.0000	0	.0000	5	4538.0000	2	1798.0000	3	2740.0000
20091020	摩臺期              	MSF    	B         	0	.0000	0	.0000	0	.0000	0	.0000	0	.0000	0	.0000
20091020	摩臺期              	MSF    	C         	0	.0000	0	.0000	0	.0000	0	.0000	0	.0000	0	.0000
20091020	小型臺指            	MXF    	A         	7183	2784670.0000	8645	3349768.0000	-1462	-565097.0000	4233	1637502.0000	974	376212.0000	3259	1261290.0000
20091020	小型臺指            	MXF    	B         	0	.0000	0	.0000	0	.0000	0	.0000	14	5410.0000	-14	-5410.0000
20091020	小型臺指            	MXF    	C         	731	283094.0000	1574	610534.0000	-843	-327440.0000	976	378124.0000	313	121228.0000	663	256896.0000
20091020	臺灣50期貨          	T5F    	A         	0	.0000	0	.0000	0	.0000	0	.0000	0	.0000	0	.0000
20091020	臺灣50期貨          	T5F    	B         	0	.0000	0	.0000	0	.0000	0	.0000	0	.0000	0	.0000
20091020	臺灣50期貨          	T5F    	C         	0	.0000	0	.0000	0	.0000	0	.0000	0	.0000	0	.0000
20091020	臺股期貨            	TXF    	A         	17347	26900983.0000	19438	30147160.0000	-2091	-3246177.0000	16038	24808929.0000	6881	10655171.0000	9157	14153758.0000
20091020	臺股期貨            	TXF    	B         	1322	2045343.0000	1284	1989307.0000	38	56036.0000	2734	4228458.0000	1652	2557206.0000	1082	1671252.0000
20091020	臺股期貨            	TXF    	C         	16285	25236391.0000	17979	27856184.0000	-1694	-2619793.0000	21917	33912131.0000	26427	40862285.0000	-4510	-6950154.0000
20091020	非金電期貨          	XIF    	A         	202	184731.0000	209	191048.0000	-7	-6317.0000	222	203561.0000	218	199932.0000	4	3629.0000
20091020	非金電期貨          	XIF    	B         	25	22829.0000	26	23802.0000	-1	-972.0000	25	22888.0000	0	.0000	25	22888.0000
20091020	非金電期貨          	XIF    	C         	93	85092.0000	87	79453.0000	6	5639.0000	194	178039.0000	202	185331.0000	-8	-7292.0000
20091021	電子期貨            	EXF    	A         	1029	1274992.0000	972	1203895.0000	57	71097.0000	175	217376.0000	83	103086.0000	92	114290.0000
20091021	電子期貨            	EXF    	B         	226	278418.0000	125	155237.0000	101	123182.0000	268	332963.0000	2	2485.0000	266	330478.0000
20091021	電子期貨            	EXF    	C         	1723	2132447.0000	2096	2593332.0000	-373	-460884.0000	2333	2898519.0000	2933	3643959.0000	-600	-745440.0000
20091021	金融期貨            	FXF    	A         	1101	1027630.0000	1069	999439.0000	32	28191.0000	894	837788.0000	58	54232.0000	836	783556.0000
20091021	金融期貨            	FXF    	B         	65	60567.0000	65	60830.0000	0	-263.0000	125	117150.0000	9	8435.0000	116	108715.0000
20091021	金融期貨            	FXF    	C         	1522	1423120.0000	1937	1804236.0000	-415	-381117.0000	1656	1552003.0000	4790	4489188.0000	-3134	-2937185.0000
20091021	櫃買期貨            	GTF    	A         	41	21220.0000	38	19689.0000	3	1531.0000	22	11399.0000	19	9824.0000	3	1575.0000
20091021	櫃買期貨            	GTF    	B         	0	.0000	0	.0000	0	.0000	0	.0000	0	.0000	0	.0000
20091021	櫃買期貨            	GTF    	C         	0	.0000	0	.0000	0	.0000	0	.0000	0	.0000	0	.0000
20091021	摩臺期              	MSF    	A         	0	.0000	0	.0000	0	.0000	0	.0000	2	1804.0000	-2	-1804.0000
20091021	摩臺期              	MSF    	B         	0	.0000	0	.0000	0	.0000	0	.0000	0	.0000	0	.0000
20091021	摩臺期              	MSF    	C         	0	.0000	0	.0000	0	.0000	0	.0000	0	.0000	0	.0000
20091021	小型臺指            	MXF    	A         	13268	5105113.0000	15808	6078533.0000	-2540	-973420.0000	1274	489880.0000	1257	484434.0000	17	5446.0000
20091021	小型臺指            	MXF    	B         	3	1161.0000	3	1157.0000	0	5.0000	0	.0000	14	5404.0000	-14	-5404.0000
20091021	小型臺指            	MXF    	C         	1165	448428.0000	1478	567598.0000	-313	-119169.0000	420	162048.0000	424	163639.0000	-4	-1591.0000
20091021	臺灣50期貨          	T5F    	A         	0	.0000	0	.0000	0	.0000	0	.0000	0	.0000	0	.0000
20091021	臺灣50期貨          	T5F    	B         	0	.0000	0	.0000	0	.0000	0	.0000	0	.0000	0	.0000
20091021	臺灣50期貨          	T5F    	C         	0	.0000	0	.0000	0	.0000	0	.0000	0	.0000	0	.0000
20091021	臺股期貨            	TXF    	A         	25898	39869692.0000	29442	45326494.0000	-3544	-5456802.0000	5435	8373596.0000	2798	4314533.0000	2637	4059063.0000
20091021	臺股期貨            	TXF    	B         	2005	3088258.0000	2115	3256356.0000	-110	-168098.0000	2680	4137920.0000	1688	2606272.0000	992	1531648.0000
20091021	臺股期貨            	TXF    	C         	13925	21432635.0000	13367	20576954.0000	558	855681.0000	14565	22479890.0000	15920	24557816.0000	-1355	-2077926.0000
20091021	非金電期貨          	XIF    	A         	464	422056.0000	384	349048.0000	80	73008.0000	121	110221.0000	102	92953.0000	19	17268.0000
20091021	非金電期貨          	XIF    	B         	0	.0000	0	.0000	0	.0000	25	22790.0000	0	.0000	25	22790.0000
20091021	非金電期貨          	XIF    	C         	200	181853.0000	220	200303.0000	-20	-18450.0000	108	98453.0000	71	64724.0000	37	33729.0000
20091022	電子期貨            	EXF    	A         	678	826769.0000	715	871390.0000	-37	-44621.0000	153	188532.0000	98	120675.0000	55	67857.0000
20091022	電子期貨            	EXF    	B         	4	4880.0000	124	150659.0000	-120	-145779.0000	272	335322.0000	126	155333.0000	146	179989.0000
20091022	電子期貨            	EXF    	C         	602	734480.0000	402	490136.0000	200	244344.0000	2462	3035154.0000	2859	3524575.0000	-397	-489421.0000
20091022	金融期貨            	FXF    	A         	891	812435.0000	868	793133.0000	23	19302.0000	1057	978727.0000	198	183240.0000	859	795487.0000
20091022	金融期貨            	FXF    	B         	9	8271.0000	0	.0000	9	8271.0000	125	115750.0000	0	.0000	125	115750.0000
20091022	金融期貨            	FXF    	C         	357	327360.0000	791	722477.0000	-434	-395117.0000	1618	1498268.0000	5186	4802233.0000	-3568	-3303965.0000
20091022	櫃買期貨            	GTF    	A         	135	67981.0000	136	68496.0000	-1	-515.0000	22	11352.0000	20	10309.0000	2	1043.0000
20091022	櫃買期貨            	GTF    	B         	0	.0000	0	.0000	0	.0000	0	.0000	0	.0000	0	.0000
20091022	櫃買期貨            	GTF    	C         	0	.0000	0	.0000	0	.0000	0	.0000	0	.0000	0	.0000
20091022	摩臺期              	MSF    	A         	0	.0000	0	.0000	0	.0000	0	.0000	2	1793.0000	-2	-1793.0000
20091022	摩臺期              	MSF    	B         	0	.0000	0	.0000	0	.0000	0	.0000	0	.0000	0	.0000
20091022	摩臺期              	MSF    	C         	0	.0000	0	.0000	0	.0000	0	.0000	0	.0000	0	.0000
20091022	小型臺指            	MXF    	A         	14271	5412908.0000	16649	6311541.0000	-2378	-898634.0000	1924	734317.0000	2642	1009871.0000	-718	-275554.0000
20091022	小型臺指            	MXF    	B         	0	.0000	0	.0000	0	.0000	0	.0000	14	5357.0000	-14	-5357.0000
20091022	小型臺指            	MXF    	C         	1398	531284.0000	2157	816674.0000	-759	-285390.0000	41	15615.0000	776	296910.0000	-735	-281295.0000
20091022	臺灣50期貨          	T5F    	A         	0	.0000	0	.0000	0	.0000	0	.0000	0	.0000	0	.0000
20091022	臺灣50期貨          	T5F    	B         	0	.0000	0	.0000	0	.0000	0	.0000	0	.0000	0	.0000
20091022	臺灣50期貨          	T5F    	C         	0	.0000	0	.0000	0	.0000	0	.0000	0	.0000	0	.0000
20091022	臺股期貨            	TXF    	A         	21655	32841778.0000	21082	31971828.0000	573	869949.0000	6268	9574637.0000	3388	5178675.0000	2880	4395962.0000
20091022	臺股期貨            	TXF    	B         	331	502221.0000	1498	2268978.0000	-1167	-1766757.0000	1869	2860691.0000	2044	3128546.0000	-175	-267855.0000
20091022	臺股期貨            	TXF    	C         	8434	12798967.0000	8845	13404581.0000	-411	-605614.0000	14636	22393964.0000	16398	25076193.0000	-1762	-2682229.0000
20091022	非金電期貨          	XIF    	A         	210	188900.0000	187	168254.0000	23	20646.0000	171	154905.0000	129	116877.0000	42	38028.0000
20091022	非金電期貨          	XIF    	B         	0	.0000	0	.0000	0	.0000	25	22655.0000	0	.0000	25	22655.0000
20091022	非金電期貨          	XIF    	C         	19	17040.0000	58	52190.0000	-39	-35150.0000	118	106932.0000	120	108744.0000	-2	-1812.0000
20091023	電子期貨            	EXF    	A         	599	734042.0000	566	693524.0000	33	40518.0000	204	248723.0000	116	141191.0000	88	107532.0000
20091023	電子期貨            	EXF    	B         	0	.0000	0	.0000	0	.0000	272	331949.0000	126	153770.0000	146	178179.0000
20091023	電子期貨            	EXF    	C         	248	303922.0000	221	270643.0000	27	33279.0000	2585	3154709.0000	2955	3606282.0000	-370	-451573.0000
20091023	金融期貨            	FXF    	A         	493	451220.0000	500	457526.0000	-7	-6307.0000	1079	982664.0000	227	206595.0000	852	776069.0000
20091023	金融期貨            	FXF    	B         	0	.0000	0	.0000	0	.0000	125	113850.0000	0	.0000	125	113850.0000
20091023	金融期貨            	FXF    	C         	164	150064.0000	135	123497.0000	29	26567.0000	1664	1515571.0000	5203	4738889.0000	-3539	-3223318.0000
20091023	櫃買期貨            	GTF    	A         	219	110964.0000	223	113007.0000	-4	-2043.0000	23	11672.0000	25	12664.0000	-2	-992.0000
20091023	櫃買期貨            	GTF    	B         	0	.0000	0	.0000	0	.0000	0	.0000	0	.0000	0	.0000
20091023	櫃買期貨            	GTF    	C         	0	.0000	0	.0000	0	.0000	0	.0000	0	.0000	0	.0000
20091023	摩臺期              	MSF    	A         	0	.0000	0	.0000	0	.0000	0	.0000	2	1768.0000	-2	-1768.0000
20091023	摩臺期              	MSF    	B         	0	.0000	0	.0000	0	.0000	0	.0000	0	.0000	0	.0000
20091023	摩臺期              	MSF    	C         	0	.0000	0	.0000	0	.0000	0	.0000	0	.0000	0	.0000
20091023	小型臺指            	MXF    	A         	9126	3469908.0000	6894	2621154.0000	2232	848754.0000	2323	877243.0000	1656	624278.0000	667	252965.0000
20091023	小型臺指            	MXF    	B         	0	.0000	0	.0000	0	.0000	0	.0000	14	5299.0000	-14	-5299.0000
20091023	小型臺指            	MXF    	C         	888	337933.0000	310	117803.0000	578	220130.0000	122	46102.0000	371	140394.0000	-249	-94292.0000
20091023	臺灣50期貨          	T5F    	A         	0	.0000	0	.0000	0	.0000	0	.0000	0	.0000	0	.0000
20091023	臺灣50期貨          	T5F    	B         	0	.0000	0	.0000	0	.0000	0	.0000	0	.0000	0	.0000
20091023	臺灣50期貨          	T5F    	C         	0	.0000	0	.0000	0	.0000	0	.0000	0	.0000	0	.0000
20091023	臺股期貨            	TXF    	A         	10027	15258739.0000	10882	16549863.0000	-855	-1291124.0000	6062	9156533.0000	3906	5901115.0000	2156	3255418.0000
20091023	臺股期貨            	TXF    	B         	238	362331.0000	173	263033.0000	65	99299.0000	1861	2817554.0000	1971	2984094.0000	-110	-166540.0000
20091023	臺股期貨            	TXF    	C         	4386	6673055.0000	2801	4262297.0000	1585	2410758.0000	15663	23704937.0000	15825	23933702.0000	-162	-228765.0000
20091023	非金電期貨          	XIF    	A         	532	474094.0000	559	498447.0000	-27	-24354.0000	157	140916.0000	142	127478.0000	15	13438.0000
20091023	非金電期貨          	XIF    	B         	0	.0000	0	.0000	0	.0000	25	22453.0000	0	.0000	25	22453.0000
20091023	非金電期貨          	XIF    	C         	24	21628.0000	10	9023.0000	14	12606.0000	131	117651.0000	119	106874.0000	12	10777.0000
20091026	電子期貨            	EXF    	A         	613	754639.0000	617	759596.0000	-4	-4958.0000	244	297649.0000	160	195223.0000	84	102426.0000
20091026	電子期貨            	EXF    	B         	0	.0000	0	.0000	0	.0000	272	332058.0000	126	153821.0000	146	178237.0000
20091026	電子期貨            	EXF    	C         	500	616614.0000	244	300307.0000	256	316307.0000	2724	3325447.0000	2838	3464630.0000	-114	-139183.0000
20091026	金融期貨            	FXF    	A         	957	890927.0000	762	709383.0000	195	181544.0000	1252	1147992.0000	205	187826.0000	1047	960166.0000
20091026	金融期貨            	FXF    	B         	0	.0000	191	176517.0000	-191	-176517.0000	125	114625.0000	191	175147.0000	-66	-60522.0000
20091026	金融期貨            	FXF    	C         	275	256565.0000	202	187743.0000	73	68822.0000	1708	1566236.0000	5174	4744555.0000	-3466	-3178319.0000
20091026	櫃買期貨            	GTF    	A         	313	159339.0000	314	159843.0000	-1	-505.0000	24	12229.0000	27	13742.0000	-3	-1513.0000
20091026	櫃買期貨            	GTF    	B         	0	.0000	0	.0000	0	.0000	0	.0000	0	.0000	0	.0000
20091026	櫃買期貨            	GTF    	C         	0	.0000	0	.0000	0	.0000	0	.0000	0	.0000	0	.0000
20091026	摩臺期              	MSF    	A         	0	.0000	0	.0000	0	.0000	0	.0000	2	1773.0000	-2	-1773.0000
20091026	摩臺期              	MSF    	B         	0	.0000	0	.0000	0	.0000	0	.0000	0	.0000	0	.0000
20091026	摩臺期              	MSF    	C         	0	.0000	0	.0000	0	.0000	0	.0000	0	.0000	0	.0000
20091026	小型臺指            	MXF    	A         	16387	6300390.0000	15255	5862827.0000	1132	437562.0000	2385	904103.0000	1006	379579.0000	1379	524524.0000
20091026	小型臺指            	MXF    	B         	0	.0000	0	.0000	0	.0000	0	.0000	14	5319.0000	-14	-5319.0000
20091026	小型臺指            	MXF    	C         	1406	540992.0000	847	325323.0000	559	215669.0000	454	172395.0000	152	57725.0000	302	114670.0000
20091026	臺灣50期貨          	T5F    	A         	0	.0000	0	.0000	0	.0000	0	.0000	0	.0000	0	.0000
20091026	臺灣50期貨          	T5F    	B         	0	.0000	0	.0000	0	.0000	0	.0000	0	.0000	0	.0000
20091026	臺灣50期貨          	T5F    	C         	0	.0000	0	.0000	0	.0000	0	.0000	0	.0000	0	.0000
20091026	臺股期貨            	TXF    	A         	16390	25189760.0000	16759	25750735.0000	-369	-560975.0000	5643	8556196.0000	3751	5688641.0000	1892	2867555.0000
20091026	臺股期貨            	TXF    	B         	89	137208.0000	95	145944.0000	-6	-8736.0000	1867	2837467.0000	1983	3013763.0000	-116	-176296.0000
20091026	臺股期貨            	TXF    	C         	6646	10223168.0000	4543	6978394.0000	2103	3244774.0000	16975	25790173.0000	15032	22822030.0000	1943	2968143.0000
20091026	非金電期貨          	XIF    	A         	255	232710.0000	259	236289.0000	-4	-3580.0000	151	136350.0000	140	126425.0000	11	9925.0000
20091026	非金電期貨          	XIF    	B         	0	.0000	0	.0000	0	.0000	25	22593.0000	0	.0000	25	22593.0000
20091026	非金電期貨          	XIF    	C         	20	18296.0000	46	42173.0000	-26	-23877.0000	116	104829.0000	130	117481.0000	-14	-12652.0000
20091027	電子期貨            	EXF    	A         	632	772673.0000	688	841017.0000	-56	-68345.0000	189	231359.0000	161	197149.0000	28	34210.0000
20091027	電子期貨            	EXF    	B         	15	18248.0000	0	.0000	15	18248.0000	287	351690.0000	126	154400.0000	161	197290.0000
20091027	電子期貨            	EXF    	C         	752	920369.0000	750	916270.0000	2	4099.0000	2428	2975257.0000	2540	3112516.0000	-112	-137259.0000
20091027	金融期貨            	FXF    	A         	757	692519.0000	926	845337.0000	-169	-152818.0000	1194	1101007.0000	316	291239.0000	878	809768.0000
20091027	金融期貨            	FXF    	B         	0	.0000	67	60845.0000	-67	-60845.0000	125	115275.0000	258	237928.0000	-133	-122653.0000
20091027	金融期貨            	FXF    	C         	447	408079.0000	297	271196.0000	150	136883.0000	1704	1571429.0000	5020	4629442.0000	-3316	-3058013.0000
20091027	櫃買期貨            	GTF    	A         	416	208744.0000	420	210792.0000	-4	-2048.0000	25	12726.0000	32	16271.0000	-7	-3545.0000
20091027	櫃買期貨            	GTF    	B         	0	.0000	0	.0000	0	.0000	0	.0000	0	.0000	0	.0000
20091027	櫃買期貨            	GTF    	C         	0	.0000	0	.0000	0	.0000	0	.0000	0	.0000	0	.0000
20091027	摩臺期              	MSF    	A         	1	894.0000	1	895.0000	0	-2.0000	0	.0000	2	1790.0000	-2	-1790.0000
20091027	摩臺期              	MSF    	B         	0	.0000	0	.0000	0	.0000	0	.0000	0	.0000	0	.0000
20091027	摩臺期              	MSF    	C         	0	.0000	0	.0000	0	.0000	0	.0000	0	.0000	0	.0000
20091027	小型臺指            	MXF    	A         	12202	4633070.0000	12900	4893937.0000	-698	-260867.0000	2485	946798.0000	2028	771447.0000	457	175351.0000
20091027	小型臺指            	MXF    	B         	0	.0000	0	.0000	0	.0000	0	.0000	14	5349.0000	-14	-5349.0000
20091027	小型臺指            	MXF    	C         	1030	391411.0000	1219	461929.0000	-189	-70518.0000	123	46908.0000	126	48109.0000	-3	-1201.0000
20091027	臺灣50期貨          	T5F    	A         	0	.0000	0	.0000	0	.0000	0	.0000	0	.0000	0	.0000
20091027	臺灣50期貨          	T5F    	B         	0	.0000	0	.0000	0	.0000	0	.0000	0	.0000	0	.0000
20091027	臺灣50期貨          	T5F    	C         	0	.0000	0	.0000	0	.0000	0	.0000	0	.0000	0	.0000
20091027	臺股期貨            	TXF    	A         	17788	27030456.0000	17321	26307487.0000	467	722969.0000	5803	8845115.0000	3388	5163446.0000	2415	3681669.0000
20091027	臺股期貨            	TXF    	B         	260	395775.0000	290	439958.0000	-30	-44183.0000	1866	2851994.0000	2012	3075141.0000	-146	-223147.0000
20091027	臺股期貨            	TXF    	C         	5055	7681478.0000	6664	10120470.0000	-1609	-2438992.0000	15315	23397658.0000	14952	22825656.0000	363	572002.0000
20091027	非金電期貨          	XIF    	A         	303	272238.0000	358	321773.0000	-55	-49535.0000	145	132137.0000	189	172293.0000	-44	-40156.0000
20091027	非金電期貨          	XIF    	B         	0	.0000	0	.0000	0	.0000	25	22800.0000	0	.0000	25	22800.0000
20091027	非金電期貨          	XIF    	C         	94	84780.0000	51	46121.0000	43	38659.0000	164	149568.0000	135	123120.0000	29	26448.0000
20091028	電子期貨            	EXF    	A         	677	823967.0000	767	933272.0000	-90	-109305.0000	189	231974.0000	251	308219.0000	-62	-76245.0000
20091028	電子期貨            	EXF    	B         	0	.0000	0	.0000	0	.0000	287	352608.0000	126	154804.0000	161	197804.0000
20091028	電子期貨            	EXF    	C         	222	269955.0000	523	635629.0000	-301	-365674.0000	2246	2759423.0000	2659	3266847.0000	-413	-507424.0000
20091028	金融期貨            	FXF    	A         	883	808625.0000	1061	972340.0000	-178	-163715.0000	1214	1125218.0000	514	476227.0000	700	648991.0000
20091028	金融期貨            	FXF    	B         	50	45795.0000	6	5516.0000	44	40279.0000	125	115875.0000	214	198378.0000	-89	-82503.0000
20091028	金融期貨            	FXF    	C         	201	184433.0000	494	452241.0000	-293	-267807.0000	1650	1529550.0000	5259	4875088.0000	-3609	-3345538.0000
20091028	櫃買期貨            	GTF    	A         	175	87742.0000	162	81201.0000	13	6540.0000	31	15734.0000	25	12652.0000	6	3082.0000
20091028	櫃買期貨            	GTF    	B         	0	.0000	0	.0000	0	.0000	0	.0000	0	.0000	0	.0000
20091028	櫃買期貨            	GTF    	C         	0	.0000	0	.0000	0	.0000	0	.0000	0	.0000	0	.0000
20091028	摩臺期              	MSF    	A         	0	.0000	0	.0000	0	.0000	0	.0000	2	1783.0000	-2	-1783.0000
20091028	摩臺期              	MSF    	B         	0	.0000	0	.0000	0	.0000	0	.0000	0	.0000	0	.0000
20091028	摩臺期              	MSF    	C         	0	.0000	0	.0000	0	.0000	0	.0000	0	.0000	0	.0000
20091028	小型臺指            	MXF    	A         	14060	5328498.0000	18149	6876054.0000	-4089	-1547556.0000	3017	1150154.0000	2773	1055215.0000	244	94939.0000
20091028	小型臺指            	MXF    	B         	0	.0000	0	.0000	0	.0000	0	.0000	14	5351.0000	-14	-5351.0000
20091028	小型臺指            	MXF    	C         	893	338877.0000	2082	787637.0000	-1189	-448760.0000	36	13679.0000	1036	395932.0000	-1000	-382253.0000
20091028	臺灣50期貨          	T5F    	A         	0	.0000	0	.0000	0	.0000	0	.0000	0	.0000	0	.0000
20091028	臺灣50期貨          	T5F    	B         	0	.0000	0	.0000	0	.0000	0	.0000	0	.0000	0	.0000
20091028	臺灣50期貨          	T5F    	C         	0	.0000	0	.0000	0	.0000	0	.0000	0	.0000	0	.0000
20091028	臺股期貨            	TXF    	A         	22499	34082555.0000	22632	34279535.0000	-133	-196979.0000	5258	8012666.0000	3945	6013807.0000	1313	1998859.0000
20091028	臺股期貨            	TXF    	B         	146	222082.0000	962	1460913.0000	-816	-1238831.0000	1583	2420090.0000	2545	3890796.0000	-962	-1470706.0000
20091028	臺股期貨            	TXF    	C         	5999	9079526.0000	12273	18558963.0000	-6274	-9479437.0000	12374	18906117.0000	18333	27998623.0000	-5959	-9092506.0000
20091028	非金電期貨          	XIF    	A         	164	147990.0000	184	166173.0000	-20	-18182.0000	164	148505.0000	228	206525.0000	-64	-58020.0000
20091028	非金電期貨          	XIF    	B         	0	.0000	0	.0000	0	.0000	25	22655.0000	0	.0000	25	22655.0000
20091028	非金電期貨          	XIF    	C         	45	40632.0000	17	15368.0000	28	25264.0000	171	154960.0000	114	103307.0000	57	51653.0000
20091029	電子期貨            	EXF    	A         	1215	1431501.0000	1327	1561789.0000	-112	-130288.0000	227	273437.0000	401	483146.0000	-174	-209709.0000
20091029	電子期貨            	EXF    	B         	0	.0000	15	17820.0000	-15	-17820.0000	272	327760.0000	126	151830.0000	146	175930.0000
20091029	電子期貨            	EXF    	C         	504	593036.0000	563	663853.0000	-59	-70816.0000	2144	2583516.0000	2615	3151075.0000	-471	-567559.0000
20091029	金融期貨            	FXF    	A         	1655	1431472.0000	1765	1529198.0000	-110	-97726.0000	1048	947696.0000	458	413975.0000	590	533721.0000
20091029	金融期貨            	FXF    	B         	201	174279.0000	1	884.0000	200	173395.0000	124	112146.0000	13	11757.0000	111	100389.0000
20091029	金融期貨            	FXF    	C         	905	780813.0000	627	543058.0000	278	237755.0000	1565	1415386.0000	4896	4427888.0000	-3331	-3012502.0000
20091029	櫃買期貨            	GTF    	A         	15	7242.0000	18	8697.0000	-3	-1455.0000	27	13522.0000	24	12020.0000	3	1502.0000
20091029	櫃買期貨            	GTF    	B         	0	.0000	0	.0000	0	.0000	0	.0000	0	.0000	0	.0000
20091029	櫃買期貨            	GTF    	C         	0	.0000	0	.0000	0	.0000	0	.0000	0	.0000	0	.0000
20091029	摩臺期              	MSF    	A         	0	.0000	0	.0000	0	.0000	0	.0000	2	1765.0000	-2	-1765.0000
20091029	摩臺期              	MSF    	B         	0	.0000	0	.0000	0	.0000	0	.0000	0	.0000	0	.0000
20091029	摩臺期              	MSF    	C         	0	.0000	0	.0000	0	.0000	0	.0000	0	.0000	0	.0000
20091029	小型臺指            	MXF    	A         	18812	6875511.0000	21166	7741432.0000	-2354	-865921.0000	3540	1325805.0000	3694	1380099.0000	-154	-54294.0000
20091029	小型臺指            	MXF    	B         	2	730.0000	2	730.0000	0	.0000	0	.0000	14	5254.0000	-14	-5254.0000
20091029	小型臺指            	MXF    	C         	1732	632701.0000	2266	827042.0000	-534	-194340.0000	102	38194.0000	1476	553846.0000	-1374	-515652.0000
20091029	臺灣50期貨          	T5F    	A         	0	.0000	0	.0000	0	.0000	0	.0000	0	.0000	0	.0000
20091029	臺灣50期貨          	T5F    	B         	0	.0000	0	.0000	0	.0000	0	.0000	0	.0000	0	.0000
20091029	臺灣50期貨          	T5F    	C         	0	.0000	0	.0000	0	.0000	0	.0000	0	.0000	0	.0000
20091029	臺股期貨            	TXF    	A         	26436	38654354.0000	26500	38769483.0000	-64	-115129.0000	4741	7092569.0000	3981	5957881.0000	760	1134688.0000
20091029	臺股期貨            	TXF    	B         	1052	1530227.0000	633	931161.0000	419	599066.0000	1569	2355069.0000	2110	3167110.0000	-541	-812041.0000
20091029	臺股期貨            	TXF    	C         	10589	15486726.0000	14248	20840779.0000	-3659	-5354053.0000	11408	17110389.0000	21066	31591568.0000	-9658	-14481179.0000
20091029	非金電期貨          	XIF    	A         	364	314146.0000	454	392871.0000	-90	-78725.0000	140	125080.0000	294	262775.0000	-154	-137695.0000
20091029	非金電期貨          	XIF    	B         	0	.0000	0	.0000	0	.0000	25	22350.0000	0	.0000	25	22350.0000
20091029	非金電期貨          	XIF    	C         	120	105041.0000	35	30603.0000	85	74438.0000	166	148404.0000	24	21456.0000	142	126948.0000
20091030	電子期貨            	EXF    	A         	813	967094.0000	757	900418.0000	56	66676.0000	180	212281.0000	298	351586.0000	-118	-139305.0000
20091030	電子期貨            	EXF    	B         	0	.0000	0	.0000	0	.0000	272	321014.0000	126	148705.0000	146	172309.0000
20091030	電子期貨            	EXF    	C         	681	810213.0000	447	531044.0000	234	279169.0000	2389	2819489.0000	2626	3099205.0000	-237	-279716.0000
20091030	金融期貨            	FXF    	A         	944	821638.0000	579	504469.0000	365	317169.0000	1404	1208725.0000	449	386345.0000	955	822380.0000
20091030	金融期貨            	FXF    	B         	0	.0000	2	1737.0000	-2	-1737.0000	122	105042.0000	13	11193.0000	109	93849.0000
20091030	金融期貨            	FXF    	C         	250	218336.0000	742	646101.0000	-492	-427765.0000	1341	1154601.0000	5164	4446135.0000	-3823	-3291534.0000
20091030	櫃買期貨            	GTF    	A         	107	51599.0000	101	48699.0000	6	2900.0000	33	15861.0000	24	11537.0000	9	4324.0000
20091030	櫃買期貨            	GTF    	B         	0	.0000	0	.0000	0	.0000	0	.0000	0	.0000	0	.0000
20091030	櫃買期貨            	GTF    	C         	0	.0000	0	.0000	0	.0000	0	.0000	0	.0000	0	.0000
20091030	摩臺期              	MSF    	A         	0	.0000	0	.0000	0	.0000	0	.0000	2	1711.0000	-2	-1711.0000
20091030	摩臺期              	MSF    	B         	0	.0000	0	.0000	0	.0000	0	.0000	0	.0000	0	.0000
20091030	摩臺期              	MSF    	C         	0	.0000	0	.0000	0	.0000	0	.0000	0	.0000	0	.0000
20091030	小型臺指            	MXF    	A         	12387	4553914.0000	10721	3937631.0000	1666	616283.0000	3843	1397122.0000	2967	1074445.0000	876	322677.0000
20091030	小型臺指            	MXF    	B         	0	.0000	0	.0000	0	.0000	0	.0000	14	5098.0000	-14	-5098.0000
20091030	小型臺指            	MXF    	C         	847	311280.0000	1082	397252.0000	-235	-85972.0000	78	28331.0000	1647	599734.0000	-1569	-571403.0000
20091030	臺灣50期貨          	T5F    	A         	0	.0000	0	.0000	0	.0000	0	.0000	0	.0000	0	.0000
20091030	臺灣50期貨          	T5F    	B         	0	.0000	0	.0000	0	.0000	0	.0000	0	.0000	0	.0000
20091030	臺灣50期貨          	T5F    	C         	0	.0000	0	.0000	0	.0000	0	.0000	0	.0000	0	.0000
20091030	臺股期貨            	TXF    	A         	13951	20507863.0000	14980	22022411.0000	-1029	-1514548.0000	4395	6380878.0000	4505	6545438.0000	-110	-164560.0000
20091030	臺股期貨            	TXF    	B         	314	461860.0000	388	568377.0000	-74	-106517.0000	1609	2343669.0000	2224	3239478.0000	-615	-895809.0000
20091030	臺股期貨            	TXF    	C         	9929	14604669.0000	7007	10295956.0000	2922	4308713.0000	13740	19999858.0000	20486	29812511.0000	-6746	-9812653.0000
20091030	非金電期貨          	XIF    	A         	324	281088.0000	281	243642.0000	43	37446.0000	158	136207.0000	269	231912.0000	-111	-95705.0000
20091030	非金電期貨          	XIF    	B         	0	.0000	0	.0000	0	.0000	25	21550.0000	0	.0000	25	21550.0000
20091030	非金電期貨          	XIF    	C         	74	64427.0000	81	70396.0000	-7	-5969.0000	170	146540.0000	35	30180.0000	135	116360.0000
