20101201	電子期貨            	EXF    	A         	792	1039819.0000	620	813379.0000	172	226440.0000	1263	1666258.0000	166	218506.0000	1097	1447752.0000
20101201	電子期貨            	EXF    	B         	0	.0000	0	.0000	0	.0000	187	246765.0000	59	77856.0000	128	168909.0000
20101201	電子期貨            	EXF    	C         	702	921568.0000	817	1072620.0000	-115	-151052.0000	2096	2765882.0000	3944	5204502.0000	-1848	-2438620.0000
20101201	金融期貨            	FXF    	A         	1984	1796553.0000	1212	1097981.0000	772	698572.0000	893	824591.0000	426	393088.0000	467	431503.0000
20101201	金融期貨            	FXF    	B         	0	.0000	0	.0000	0	.0000	52	48017.0000	0	.0000	52	48017.0000
20101201	金融期貨            	FXF    	C         	1790	1623556.0000	895	811450.0000	895	812107.0000	983	907701.0000	5577	5149698.0000	-4594	-4241997.0000
20101201	櫃買期貨            	GTF    	A         	114	63023.0000	138	76347.0000	-24	-13324.0000	43	23938.0000	208	115675.0000	-165	-91737.0000
20101201	櫃買期貨            	GTF    	B         	0	.0000	0	.0000	0	.0000	0	.0000	0	.0000	0	.0000
20101201	櫃買期貨            	GTF    	C         	0	.0000	0	.0000	0	.0000	0	.0000	0	.0000	0	.0000
20101201	摩臺期              	MSF    	A         	14	12851.0000	13	11921.0000	1	930.0000	18	16585.0000	21	19429.0000	-3	-2844.0000
20101201	摩臺期              	MSF    	B         	0	.0000	0	.0000	0	.0000	0	.0000	0	.0000	0	.0000
20101201	摩臺期              	MSF    	C         	0	.0000	0	.0000	0	.0000	0	.0000	0	.0000	0	.0000
20101201	小型臺指            	MXF    	A         	8683	3678008.0000	4312	1829128.0000	4371	1848881.0000	4173	1780590.0000	5392	2293315.0000	-1219	-512725.0000
20101201	小型臺指            	MXF    	B         	0	.0000	0	.0000	0	.0000	0	.0000	0	.0000	0	.0000
20101201	小型臺指            	MXF    	C         	7300	3088325.0000	5825	2469325.0000	1475	619000.0000	5432	2317099.0000	493	207891.0000	4939	2109208.0000
20101201	股票期貨            	STF    	A         	2786	189234.0000	2415	188923.0000	371	311.0000	3894	317769.0000	6963	587883.0000	-3069	-270114.0000
20101201	股票期貨            	STF    	B         	0	.0000	0	.0000	0	.0000	0	.0000	0	.0000	0	.0000
20101201	股票期貨            	STF    	C         	0	.0000	0	.0000	0	.0000	170	14481.0000	2172	190396.0000	-2002	-175915.0000
20101201	臺灣50期貨          	T5F    	A         	0	.0000	0	.0000	0	.0000	0	.0000	4	2305.0000	-4	-2305.0000
20101201	臺灣50期貨          	T5F    	B         	0	.0000	0	.0000	0	.0000	0	.0000	0	.0000	0	.0000
20101201	臺灣50期貨          	T5F    	C         	0	.0000	0	.0000	0	.0000	0	.0000	0	.0000	0	.0000
20101201	臺股期貨            	TXF    	A         	26235	44506676.0000	22646	38455625.0000	3589	6051051.0000	10535	18002142.0000	5203	8861342.0000	5332	9140800.0000
20101201	臺股期貨            	TXF    	B         	80	135448.0000	3	5077.0000	77	130371.0000	1507	2576066.0000	789	1348023.0000	718	1228043.0000
20101201	臺股期貨            	TXF    	C         	14410	24422894.0000	12336	20921334.0000	2074	3501559.0000	33142	56609056.0000	33290	56839034.0000	-148	-229978.0000
20101201	非金電期貨          	XIF    	A         	305	341598.0000	336	376383.0000	-31	-34785.0000	348	393242.0000	147	166079.0000	201	227163.0000
20101201	非金電期貨          	XIF    	B         	0	.0000	0	.0000	0	.0000	18	20349.0000	0	.0000	18	20349.0000
20101201	非金電期貨          	XIF    	C         	80	89575.0000	13	14541.0000	67	75034.0000	337	380979.0000	332	375312.0000	5	5667.0000
20101202	電子期貨            	EXF    	A         	659	877778.0000	614	817813.0000	45	59965.0000	1377	1836102.0000	235	312769.0000	1142	1523333.0000
20101202	電子期貨            	EXF    	B         	12	15994.0000	30	39968.0000	-18	-23974.0000	169	225378.0000	59	78682.0000	110	146696.0000
20101202	電子期貨            	EXF    	C         	843	1122775.0000	1385	1844173.0000	-542	-721398.0000	2114	2819230.0000	4504	6006534.0000	-2390	-3187304.0000
20101202	金融期貨            	FXF    	A         	790	737559.0000	834	778388.0000	-44	-40829.0000	1021	950741.0000	598	556315.0000	423	394426.0000
20101202	金融期貨            	FXF    	B         	12	11194.0000	0	.0000	12	11194.0000	64	59597.0000	0	.0000	64	59597.0000
20101202	金融期貨            	FXF    	C         	612	571446.0000	756	706223.0000	-144	-134778.0000	761	708641.0000	5499	5120526.0000	-4738	-4411885.0000
20101202	櫃買期貨            	GTF    	A         	384	213987.0000	262	146144.0000	122	67843.0000	76	42504.0000	119	66595.0000	-43	-24091.0000
20101202	櫃買期貨            	GTF    	B         	0	.0000	0	.0000	0	.0000	0	.0000	0	.0000	0	.0000
20101202	櫃買期貨            	GTF    	C         	8	4483.0000	20	11118.0000	-12	-6636.0000	0	.0000	12	6730.0000	-12	-6730.0000
20101202	摩臺期              	MSF    	A         	13	12111.0000	5	4661.0000	8	7451.0000	20	18587.0000	15	13992.0000	5	4595.0000
20101202	摩臺期              	MSF    	B         	0	.0000	0	.0000	0	.0000	0	.0000	0	.0000	0	.0000
20101202	摩臺期              	MSF    	C         	0	.0000	0	.0000	0	.0000	0	.0000	0	.0000	0	.0000
20101202	小型臺指            	MXF    	A         	3046	1310288.0000	3832	1647820.0000	-786	-337531.0000	4193	1803880.0000	5354	2294963.0000	-1161	-491083.0000
20101202	小型臺指            	MXF    	B         	0	.0000	0	.0000	0	.0000	0	.0000	0	.0000	0	.0000
20101202	小型臺指            	MXF    	C         	5480	2357838.0000	6733	2897171.0000	-1253	-539333.0000	4655	2002384.0000	993	424797.0000	3662	1577587.0000
20101202	股票期貨            	STF    	A         	2782	229536.0000	2757	235616.0000	25	-6079.0000	4076	329039.0000	7120	606876.0000	-3044	-277837.0000
20101202	股票期貨            	STF    	B         	0	.0000	0	.0000	0	.0000	0	.0000	0	.0000	0	.0000
20101202	股票期貨            	STF    	C         	1	31.0000	5	429.0000	-4	-398.0000	170	14634.0000	2176	192044.0000	-2006	-177410.0000
20101202	臺灣50期貨          	T5F    	A         	0	.0000	0	.0000	0	.0000	0	.0000	4	2322.0000	-4	-2322.0000
20101202	臺灣50期貨          	T5F    	B         	0	.0000	0	.0000	0	.0000	0	.0000	0	.0000	0	.0000
20101202	臺灣50期貨          	T5F    	C         	0	.0000	0	.0000	0	.0000	0	.0000	0	.0000	0	.0000
20101202	臺股期貨            	TXF    	A         	17005	29288920.0000	15642	26936154.0000	1363	2352766.0000	11774	20287100.0000	5290	9082696.0000	6484	11204404.0000
20101202	臺股期貨            	TXF    	B         	32	55124.0000	77	132577.0000	-45	-77453.0000	1506	2595742.0000	833	1435075.0000	673	1160667.0000
20101202	臺股期貨            	TXF    	C         	12416	21382339.0000	16543	28485950.0000	-4127	-7103611.0000	34489	59401539.0000	38758	66735072.0000	-4269	-7333533.0000
20101202	非金電期貨          	XIF    	A         	194	219973.0000	251	284443.0000	-57	-64470.0000	401	455195.0000	257	291620.0000	144	163575.0000
20101202	非金電期貨          	XIF    	B         	0	.0000	0	.0000	0	.0000	18	20439.0000	0	.0000	18	20439.0000
20101202	非金電期貨          	XIF    	C         	10	11344.0000	30	34027.0000	-20	-22682.0000	309	350870.0000	324	367892.0000	-15	-17022.0000
20101203	電子期貨            	EXF    	A         	746	1000741.0000	729	977755.0000	17	22986.0000	1355	1819791.0000	196	262823.0000	1159	1556968.0000
20101203	電子期貨            	EXF    	B         	6	8036.0000	0	.0000	6	8036.0000	175	235060.0000	59	79249.0000	116	155811.0000
20101203	電子期貨            	EXF    	C         	908	1216919.0000	537	719702.0000	371	497217.0000	2420	3250518.0000	4439	5962465.0000	-2019	-2711947.0000
20101203	金融期貨            	FXF    	A         	571	529938.0000	736	682862.0000	-165	-152923.0000	956	886017.0000	698	646628.0000	258	239389.0000
20101203	金融期貨            	FXF    	B         	6	5579.0000	0	.0000	6	5579.0000	70	64876.0000	0	.0000	70	64876.0000
20101203	金融期貨            	FXF    	C         	352	326858.0000	608	564430.0000	-256	-237572.0000	637	590371.0000	5631	5218768.0000	-4994	-4628397.0000
20101203	櫃買期貨            	GTF    	A         	82	46138.0000	91	51201.0000	-9	-5063.0000	67	37753.0000	119	67058.0000	-52	-29305.0000
20101203	櫃買期貨            	GTF    	B         	0	.0000	0	.0000	0	.0000	0	.0000	0	.0000	0	.0000
20101203	櫃買期貨            	GTF    	C         	0	.0000	0	.0000	0	.0000	0	.0000	12	6763.0000	-12	-6763.0000
20101203	摩臺期              	MSF    	A         	0	.0000	0	.0000	0	.0000	20	18612.0000	15	14011.0000	5	4601.0000
20101203	摩臺期              	MSF    	B         	0	.0000	0	.0000	0	.0000	0	.0000	0	.0000	0	.0000
20101203	摩臺期              	MSF    	C         	0	.0000	0	.0000	0	.0000	0	.0000	0	.0000	0	.0000
20101203	小型臺指            	MXF    	A         	3911	1685599.0000	2840	1223491.0000	1071	462108.0000	4856	2092066.0000	4954	2125022.0000	-98	-32956.0000
20101203	小型臺指            	MXF    	B         	0	.0000	0	.0000	0	.0000	0	.0000	0	.0000	0	.0000
20101203	小型臺指            	MXF    	C         	3722	1604033.0000	3165	1364442.0000	557	239592.0000	5058	2178268.0000	735	314134.0000	4323	1864134.0000
20101203	股票期貨            	STF    	A         	2114	234280.0000	2410	216019.0000	-296	18261.0000	4095	370234.0000	7435	632516.0000	-3340	-262282.0000
20101203	股票期貨            	STF    	B         	0	.0000	0	.0000	0	.0000	0	.0000	0	.0000	0	.0000
20101203	股票期貨            	STF    	C         	27	1633.0000	10	583.0000	17	1050.0000	170	14561.0000	2159	193080.0000	-1989	-178519.0000
20101203	臺灣50期貨          	T5F    	A         	0	.0000	0	.0000	0	.0000	0	.0000	4	2341.0000	-4	-2341.0000
20101203	臺灣50期貨          	T5F    	B         	0	.0000	0	.0000	0	.0000	0	.0000	0	.0000	0	.0000
20101203	臺灣50期貨          	T5F    	C         	0	.0000	0	.0000	0	.0000	0	.0000	0	.0000	0	.0000
20101203	臺股期貨            	TXF    	A         	12647	21817084.0000	12802	22082070.0000	-155	-264986.0000	11484	19809882.0000	5153	8856917.0000	6331	10952965.0000
20101203	臺股期貨            	TXF    	B         	72	124243.0000	15	25851.0000	57	98391.0000	1511	2607361.0000	781	1347010.0000	730	1260351.0000
20101203	臺股期貨            	TXF    	C         	10191	17578972.0000	8042	13870632.0000	2149	3708339.0000	35046	60431225.0000	37192	64110307.0000	-2146	-3679082.0000
20101203	非金電期貨          	XIF    	A         	320	361030.0000	258	291324.0000	62	69706.0000	439	495009.0000	233	262703.0000	206	232306.0000
20101203	非金電期貨          	XIF    	B         	0	.0000	0	.0000	0	.0000	18	20304.0000	0	.0000	18	20304.0000
20101203	非金電期貨          	XIF    	C         	102	115322.0000	99	111971.0000	3	3351.0000	227	256056.0000	239	269583.0000	-12	-13527.0000
20101206	電子期貨            	EXF    	A         	455	612695.0000	507	682379.0000	-52	-69684.0000	1439	1939802.0000	332	447034.0000	1107	1492768.0000
20101206	電子期貨            	EXF    	B         	10	13459.0000	0	.0000	10	13459.0000	185	249417.0000	59	79544.0000	126	169873.0000
20101206	電子期貨            	EXF    	C         	872	1173614.0000	536	721478.0000	336	452136.0000	2751	3708796.0000	4434	5977919.0000	-1683	-2269123.0000
20101206	金融期貨            	FXF    	A         	764	720161.0000	784	738276.0000	-20	-18115.0000	1006	949660.0000	768	724831.0000	238	224829.0000
20101206	金融期貨            	FXF    	B         	110	103710.0000	0	.0000	110	103710.0000	180	169920.0000	0	.0000	180	169920.0000
20101206	金融期貨            	FXF    	C         	841	791645.0000	716	673811.0000	125	117834.0000	689	650416.0000	5558	5246752.0000	-4869	-4596336.0000
20101206	櫃買期貨            	GTF    	A         	156	88242.0000	154	87115.0000	2	1127.0000	75	42482.0000	125	70821.0000	-50	-28339.0000
20101206	櫃買期貨            	GTF    	B         	0	.0000	0	.0000	0	.0000	0	.0000	0	.0000	0	.0000
20101206	櫃買期貨            	GTF    	C         	0	.0000	0	.0000	0	.0000	0	.0000	12	6804.0000	-12	-6804.0000
20101206	摩臺期              	MSF    	A         	6	5601.0000	7	6535.0000	-1	-934.0000	17	15833.0000	13	12160.0000	4	3673.0000
20101206	摩臺期              	MSF    	B         	0	.0000	0	.0000	0	.0000	0	.0000	0	.0000	0	.0000
20101206	摩臺期              	MSF    	C         	0	.0000	0	.0000	0	.0000	0	.0000	0	.0000	0	.0000
20101206	小型臺指            	MXF    	A         	4884	2118599.0000	4484	1945766.0000	400	172833.0000	5545	2407740.0000	4555	1967942.0000	990	439798.0000
20101206	小型臺指            	MXF    	B         	0	.0000	0	.0000	0	.0000	0	.0000	0	.0000	0	.0000
20101206	小型臺指            	MXF    	C         	5772	2504156.0000	6139	2663894.0000	-367	-159739.0000	4811	2087723.0000	855	368174.0000	3956	1719549.0000
20101206	股票期貨            	STF    	A         	1340	90941.0000	1493	118185.0000	-153	-27244.0000	4051	360047.0000	7544	652445.0000	-3493	-292398.0000
20101206	股票期貨            	STF    	B         	0	.0000	0	.0000	0	.0000	0	.0000	0	.0000	0	.0000
20101206	股票期貨            	STF    	C         	35	3069.0000	50	7527.0000	-15	-4458.0000	195	16921.0000	2199	201795.0000	-2004	-184874.0000
20101206	臺灣50期貨          	T5F    	A         	0	.0000	0	.0000	0	.0000	0	.0000	4	2359.0000	-4	-2359.0000
20101206	臺灣50期貨          	T5F    	B         	0	.0000	0	.0000	0	.0000	0	.0000	0	.0000	0	.0000
20101206	臺灣50期貨          	T5F    	C         	0	.0000	0	.0000	0	.0000	0	.0000	0	.0000	0	.0000
20101206	臺股期貨            	TXF    	A         	18661	32413424.0000	16577	28795266.0000	2084	3618157.0000	13122	22812217.0000	4879	8448076.0000	8243	14364141.0000
20101206	臺股期貨            	TXF    	B         	139	241648.0000	96	166788.0000	43	74860.0000	1464	2545877.0000	691	1201017.0000	773	1344860.0000
20101206	臺股期貨            	TXF    	C         	9104	15809462.0000	10276	17845873.0000	-1172	-2036410.0000	34625	60168994.0000	37943	65915337.0000	-3318	-5746343.0000
20101206	非金電期貨          	XIF    	A         	201	229149.0000	243	276807.0000	-42	-47658.0000	466	531713.0000	302	344607.0000	164	187106.0000
20101206	非金電期貨          	XIF    	B         	0	.0000	0	.0000	0	.0000	18	20543.0000	0	.0000	18	20543.0000
20101206	非金電期貨          	XIF    	C         	139	158251.0000	83	94605.0000	56	63645.0000	344	392607.0000	300	342386.0000	44	50221.0000
20101207	電子期貨            	EXF    	A         	432	580268.0000	682	916974.0000	-250	-336706.0000	1296	1746232.0000	439	590999.0000	857	1155233.0000
20101207	電子期貨            	EXF    	B         	0	.0000	0	.0000	0	.0000	185	249306.0000	59	79508.0000	126	169798.0000
20101207	電子期貨            	EXF    	C         	375	504030.0000	439	590308.0000	-64	-86278.0000	2713	3655944.0000	4460	6010296.0000	-1747	-2354352.0000
20101207	金融期貨            	FXF    	A         	510	481175.0000	573	540873.0000	-63	-59698.0000	951	903058.0000	776	736693.0000	175	166365.0000
20101207	金融期貨            	FXF    	B         	0	.0000	0	.0000	0	.0000	180	170928.0000	0	.0000	180	170928.0000
20101207	金融期貨            	FXF    	C         	614	579035.0000	584	550454.0000	30	28581.0000	800	759678.0000	5639	5354758.0000	-4839	-4595080.0000
20101207	櫃買期貨            	GTF    	A         	161	91325.0000	151	85636.0000	10	5689.0000	96	54464.0000	136	77169.0000	-40	-22705.0000
20101207	櫃買期貨            	GTF    	B         	0	.0000	0	.0000	0	.0000	0	.0000	0	.0000	0	.0000
20101207	櫃買期貨            	GTF    	C         	0	.0000	0	.0000	0	.0000	0	.0000	12	6816.0000	-12	-6816.0000
20101207	摩臺期              	MSF    	A         	0	.0000	2	1847.0000	-2	-1847.0000	17	15728.0000	15	13938.0000	2	1790.0000
20101207	摩臺期              	MSF    	B         	0	.0000	0	.0000	0	.0000	0	.0000	0	.0000	0	.0000
20101207	摩臺期              	MSF    	C         	0	.0000	0	.0000	0	.0000	0	.0000	0	.0000	0	.0000
20101207	小型臺指            	MXF    	A         	2657	1150467.0000	3087	1337378.0000	-430	-186912.0000	5366	2334603.0000	4726	2047420.0000	640	287183.0000
20101207	小型臺指            	MXF    	B         	0	.0000	0	.0000	0	.0000	0	.0000	0	.0000	0	.0000
20101207	小型臺指            	MXF    	C         	4240	1839600.0000	4971	2156416.0000	-731	-316816.0000	4321	1878570.0000	960	414642.0000	3361	1463928.0000
20101207	股票期貨            	STF    	A         	1180	89459.0000	1217	93911.0000	-37	-4452.0000	4049	352131.0000	7579	648773.0000	-3530	-296642.0000
20101207	股票期貨            	STF    	B         	0	.0000	0	.0000	0	.0000	0	.0000	0	.0000	0	.0000
20101207	股票期貨            	STF    	C         	219	20102.0000	223	22850.0000	-4	-2748.0000	195	17203.0000	2203	204685.0000	-2008	-187482.0000
20101207	臺灣50期貨          	T5F    	A         	0	.0000	0	.0000	0	.0000	0	.0000	4	2355.0000	-4	-2355.0000
20101207	臺灣50期貨          	T5F    	B         	0	.0000	0	.0000	0	.0000	0	.0000	0	.0000	0	.0000
20101207	臺灣50期貨          	T5F    	C         	0	.0000	0	.0000	0	.0000	0	.0000	0	.0000	0	.0000
20101207	臺股期貨            	TXF    	A         	11517	19997137.0000	10758	18672007.0000	759	1325129.0000	13701	23868530.0000	4719	8186479.0000	8982	15682051.0000
20101207	臺股期貨            	TXF    	B         	230	399651.0000	155	268876.0000	75	130775.0000	1464	2551081.0000	616	1072785.0000	848	1478296.0000
20101207	臺股期貨            	TXF    	C         	10304	17883735.0000	11647	20217619.0000	-1343	-2333885.0000	35387	61620672.0000	40082	69776271.0000	-4695	-8155599.0000
20101207	非金電期貨          	XIF    	A         	110	125568.0000	176	200845.0000	-66	-75277.0000	417	477139.0000	319	364988.0000	98	112151.0000
20101207	非金電期貨          	XIF    	B         	0	.0000	0	.0000	0	.0000	18	20606.0000	0	.0000	18	20606.0000
20101207	非金電期貨          	XIF    	C         	31	35424.0000	20	22829.0000	11	12595.0000	355	406404.0000	300	343426.0000	55	62978.0000
20101208	電子期貨            	EXF    	A         	522	703736.0000	782	1054321.0000	-260	-350584.0000	957	1288630.0000	360	484269.0000	597	804361.0000
20101208	電子期貨            	EXF    	B         	0	.0000	0	.0000	0	.0000	185	249158.0000	59	79461.0000	126	169697.0000
20101208	電子期貨            	EXF    	C         	480	647098.0000	336	452931.0000	144	194167.0000	2791	3758818.0000	4394	5917839.0000	-1603	-2159021.0000
20101208	金融期貨            	FXF    	A         	554	522115.0000	651	613723.0000	-97	-91608.0000	788	742738.0000	710	668937.0000	78	73801.0000
20101208	金融期貨            	FXF    	B         	0	.0000	0	.0000	0	.0000	180	169668.0000	0	.0000	180	169668.0000
20101208	金融期貨            	FXF    	C         	419	395081.0000	823	775480.0000	-404	-380399.0000	774	729560.0000	6017	5671285.0000	-5243	-4941725.0000
20101208	櫃買期貨            	GTF    	A         	67	38062.0000	57	32378.0000	10	5684.0000	97	55090.0000	127	72134.0000	-30	-17044.0000
20101208	櫃買期貨            	GTF    	B         	0	.0000	0	.0000	0	.0000	0	.0000	0	.0000	0	.0000
20101208	櫃買期貨            	GTF    	C         	0	.0000	0	.0000	0	.0000	0	.0000	12	6826.0000	-12	-6826.0000
20101208	摩臺期              	MSF    	A         	1	934.0000	1	934.0000	0	.0000	17	15816.0000	15	14016.0000	2	1800.0000
20101208	摩臺期              	MSF    	B         	0	.0000	0	.0000	0	.0000	0	.0000	0	.0000	0	.0000
20101208	摩臺期              	MSF    	C         	0	.0000	0	.0000	0	.0000	0	.0000	0	.0000	0	.0000
20101208	小型臺指            	MXF    	A         	2355	1023028.0000	1874	812819.0000	481	210209.0000	5844	2538716.0000	4727	2043613.0000	1117	495103.0000
20101208	小型臺指            	MXF    	B         	0	.0000	0	.0000	0	.0000	0	.0000	0	.0000	0	.0000
20101208	小型臺指            	MXF    	C         	4090	1777266.0000	4115	1788054.0000	-25	-10789.0000	4453	1932991.0000	869	374456.0000	3584	1558535.0000
20101208	股票期貨            	STF    	A         	930	67637.0000	1298	93451.0000	-368	-25814.0000	4003	343323.0000	7901	665058.0000	-3898	-321735.0000
20101208	股票期貨            	STF    	B         	0	.0000	0	.0000	0	.0000	0	.0000	0	.0000	0	.0000
20101208	股票期貨            	STF    	C         	100	6085.0000	148	8362.0000	-48	-2278.0000	200	17897.0000	2256	207379.0000	-2056	-189482.0000
20101208	臺灣50期貨          	T5F    	A         	0	.0000	0	.0000	0	.0000	0	.0000	4	2370.0000	-4	-2370.0000
20101208	臺灣50期貨          	T5F    	B         	0	.0000	0	.0000	0	.0000	0	.0000	0	.0000	0	.0000
20101208	臺灣50期貨          	T5F    	C         	0	.0000	0	.0000	0	.0000	0	.0000	0	.0000	0	.0000
20101208	臺股期貨            	TXF    	A         	9856	17135062.0000	10101	17557300.0000	-245	-422239.0000	12793	22251246.0000	4055	7014347.0000	8738	15236899.0000
20101208	臺股期貨            	TXF    	B         	144	250404.0000	75	130326.0000	69	120078.0000	1464	2547265.0000	547	951021.0000	917	1596244.0000
20101208	臺股期貨            	TXF    	C         	8995	15634123.0000	8223	14290024.0000	772	1344100.0000	35586	61869387.0000	39571	68775527.0000	-3985	-6906140.0000
20101208	非金電期貨          	XIF    	A         	166	189324.0000	133	151687.0000	33	37637.0000	443	506242.0000	312	356551.0000	131	149691.0000
20101208	非金電期貨          	XIF    	B         	0	.0000	0	.0000	0	.0000	18	20581.0000	0	.0000	18	20581.0000
20101208	非金電期貨          	XIF    	C         	13	14846.0000	17	19403.0000	-4	-4557.0000	351	401333.0000	300	343005.0000	51	58328.0000
20101209	電子期貨            	EXF    	A         	884	1202502.0000	729	992761.0000	155	209740.0000	1080	1477399.0000	328	448305.0000	752	1029094.0000
20101209	電子期貨            	EXF    	B         	0	.0000	0	.0000	0	.0000	185	253117.0000	59	80724.0000	126	172393.0000
20101209	電子期貨            	EXF    	C         	1171	1592723.0000	944	1286419.0000	227	306304.0000	2609	3569442.0000	3985	5452277.0000	-1376	-1882835.0000
20101209	金融期貨            	FXF    	A         	1012	959378.0000	1044	990406.0000	-32	-31028.0000	769	729409.0000	723	685599.0000	46	43810.0000
20101209	金融期貨            	FXF    	B         	0	.0000	0	.0000	0	.0000	180	170748.0000	0	.0000	180	170748.0000
20101209	金融期貨            	FXF    	C         	1107	1050922.0000	1538	1459317.0000	-431	-408396.0000	788	747487.0000	6462	6129316.0000	-5674	-5381829.0000
20101209	櫃買期貨            	GTF    	A         	225	128730.0000	206	117885.0000	19	10845.0000	106	60944.0000	117	67261.0000	-11	-6317.0000
20101209	櫃買期貨            	GTF    	B         	0	.0000	0	.0000	0	.0000	0	.0000	0	.0000	0	.0000
20101209	櫃買期貨            	GTF    	C         	0	.0000	0	.0000	0	.0000	0	.0000	12	6905.0000	-12	-6905.0000
20101209	摩臺期              	MSF    	A         	1	942.0000	1	942.0000	0	.0000	17	15950.0000	15	14134.0000	2	1816.0000
20101209	摩臺期              	MSF    	B         	0	.0000	0	.0000	0	.0000	0	.0000	0	.0000	0	.0000
20101209	摩臺期              	MSF    	C         	0	.0000	0	.0000	0	.0000	0	.0000	0	.0000	0	.0000
20101209	小型臺指            	MXF    	A         	5396	2364143.0000	5124	2244508.0000	272	119636.0000	6607	2899658.0000	5106	2230503.0000	1501	669155.0000
20101209	小型臺指            	MXF    	B         	0	.0000	0	.0000	0	.0000	0	.0000	0	.0000	0	.0000
20101209	小型臺指            	MXF    	C         	6363	2788246.0000	7779	3410656.0000	-1416	-622410.0000	3539	1550920.0000	1123	490119.0000	2416	1060801.0000
20101209	股票期貨            	STF    	A         	1645	122051.0000	1616	146064.0000	29	-24013.0000	4046	343872.0000	7915	691377.0000	-3869	-347505.0000
20101209	股票期貨            	STF    	B         	0	.0000	0	.0000	0	.0000	0	.0000	0	.0000	0	.0000
20101209	股票期貨            	STF    	C         	244	33288.0000	289	37863.0000	-45	-4575.0000	194	17524.0000	2295	211885.0000	-2101	-194361.0000
20101209	臺灣50期貨          	T5F    	A         	0	.0000	0	.0000	0	.0000	0	.0000	4	2394.0000	-4	-2394.0000
20101209	臺灣50期貨          	T5F    	B         	0	.0000	0	.0000	0	.0000	0	.0000	0	.0000	0	.0000
20101209	臺灣50期貨          	T5F    	C         	0	.0000	0	.0000	0	.0000	0	.0000	0	.0000	0	.0000
20101209	臺股期貨            	TXF    	A         	22198	38937845.0000	19802	34727120.0000	2396	4210725.0000	15682	27547544.0000	4576	7992249.0000	11106	19555295.0000
20101209	臺股期貨            	TXF    	B         	131	229835.0000	83	145644.0000	48	84192.0000	1448	2544925.0000	483	848227.0000	965	1696698.0000
20101209	臺股期貨            	TXF    	C         	12082	21186297.0000	16038	28130000.0000	-3956	-6943703.0000	37273	65462010.0000	45276	79503735.0000	-8003	-14041725.0000
20101209	非金電期貨          	XIF    	A         	531	610268.0000	504	579014.0000	27	31254.0000	499	573118.0000	341	391603.0000	158	181515.0000
20101209	非金電期貨          	XIF    	B         	0	.0000	0	.0000	0	.0000	18	20686.0000	0	.0000	18	20686.0000
20101209	非金電期貨          	XIF    	C         	60	69034.0000	64	73702.0000	-4	-4668.0000	372	427486.0000	325	373474.0000	47	54012.0000
20101210	電子期貨            	EXF    	A         	633	862934.0000	660	900433.0000	-27	-37499.0000	995	1361093.0000	270	368921.0000	725	992172.0000
20101210	電子期貨            	EXF    	B         	0	.0000	0	.0000	0	.0000	185	253117.0000	59	80724.0000	126	172393.0000
20101210	電子期貨            	EXF    	C         	709	966719.0000	862	1175277.0000	-153	-208558.0000	2553	3492724.0000	4082	5584530.0000	-1529	-2091806.0000
20101210	金融期貨            	FXF    	A         	723	676814.0000	649	608234.0000	74	68580.0000	892	837366.0000	772	724560.0000	120	112806.0000
20101210	金融期貨            	FXF    	B         	0	.0000	0	.0000	0	.0000	180	168984.0000	0	.0000	180	168984.0000
20101210	金融期貨            	FXF    	C         	957	896529.0000	1144	1071679.0000	-187	-175149.0000	855	802669.0000	6716	6304544.0000	-5861	-5501875.0000
20101210	櫃買期貨            	GTF    	A         	250	143844.0000	248	142703.0000	2	1141.0000	125	71897.0000	134	77060.0000	-9	-5163.0000
20101210	櫃買期貨            	GTF    	B         	0	.0000	0	.0000	0	.0000	0	.0000	0	.0000	0	.0000
20101210	櫃買期貨            	GTF    	C         	0	.0000	0	.0000	0	.0000	0	.0000	12	6907.0000	-12	-6907.0000
20101210	摩臺期              	MSF    	A         	1	935.0000	1	935.0000	0	.0000	17	15826.0000	15	14024.0000	2	1802.0000
20101210	摩臺期              	MSF    	B         	0	.0000	0	.0000	0	.0000	0	.0000	0	.0000	0	.0000
20101210	摩臺期              	MSF    	C         	0	.0000	0	.0000	0	.0000	0	.0000	0	.0000	0	.0000
20101210	小型臺指            	MXF    	A         	3465	1511861.0000	4562	1989214.0000	-1097	-477352.0000	6077	2653162.0000	5565	2419125.0000	512	234037.0000
20101210	小型臺指            	MXF    	B         	0	.0000	0	.0000	0	.0000	0	.0000	0	.0000	0	.0000
20101210	小型臺指            	MXF    	C         	6018	2624721.0000	7621	3323250.0000	-1603	-698529.0000	3529	1538567.0000	1424	618694.0000	2105	919873.0000
20101210	股票期貨            	STF    	A         	1330	111194.0000	1424	133770.0000	-94	-22576.0000	4013	342745.0000	7976	711420.0000	-3963	-368675.0000
20101210	股票期貨            	STF    	B         	0	.0000	0	.0000	0	.0000	0	.0000	0	.0000	0	.0000
20101210	股票期貨            	STF    	C         	24	2603.0000	64	6660.0000	-40	-4056.0000	184	16514.0000	2325	213632.0000	-2141	-197118.0000
20101210	臺灣50期貨          	T5F    	A         	0	.0000	0	.0000	0	.0000	0	.0000	4	2365.0000	-4	-2365.0000
20101210	臺灣50期貨          	T5F    	B         	0	.0000	0	.0000	0	.0000	0	.0000	0	.0000	0	.0000
20101210	臺灣50期貨          	T5F    	C         	0	.0000	0	.0000	0	.0000	0	.0000	0	.0000	0	.0000
20101210	臺股期貨            	TXF    	A         	17221	30060728.0000	17998	31409547.0000	-777	-1348819.0000	14722	25724562.0000	4420	7674195.0000	10302	18050367.0000
20101210	臺股期貨            	TXF    	B         	182	317552.0000	100	174534.0000	82	143018.0000	1431	2502103.0000	384	670746.0000	1047	1831357.0000
20101210	臺股期貨            	TXF    	C         	13672	23857018.0000	16932	29550595.0000	-3260	-5693577.0000	33711	58898356.0000	45297	79134057.0000	-11586	-20235701.0000
20101210	非金電期貨          	XIF    	A         	220	249980.0000	223	253449.0000	-3	-3469.0000	466	528962.0000	311	352957.0000	155	176005.0000
20101210	非金電期貨          	XIF    	B         	0	.0000	0	.0000	0	.0000	18	20439.0000	0	.0000	18	20439.0000
20101210	非金電期貨          	XIF    	C         	28	31882.0000	46	52286.0000	-18	-20404.0000	354	401927.0000	325	369027.0000	29	32900.0000
20101213	電子期貨            	EXF    	A         	559	764298.0000	493	673650.0000	66	90648.0000	1066	1455873.0000	275	375232.0000	791	1080641.0000
20101213	電子期貨            	EXF    	B         	59	80664.0000	59	80563.0000	0	101.0000	185	252710.0000	59	80488.0000	126	172222.0000
20101213	電子期貨            	EXF    	C         	2179	2975944.0000	2022	2761465.0000	157	214479.0000	3598	4913064.0000	4970	6787179.0000	-1372	-1874115.0000
20101213	金融期貨            	FXF    	A         	720	677267.0000	669	629560.0000	51	47707.0000	780	731766.0000	609	571379.0000	171	160387.0000
20101213	金融期貨            	FXF    	B         	0	.0000	0	.0000	0	.0000	180	168948.0000	0	.0000	180	168948.0000
20101213	金融期貨            	FXF    	C         	2265	2131444.0000	2274	2138564.0000	-9	-7120.0000	1144	1073126.0000	7014	6579612.0000	-5870	-5506486.0000
20101213	櫃買期貨            	GTF    	A         	231	133893.0000	223	129258.0000	8	4635.0000	142	82404.0000	143	82981.0000	-1	-577.0000
20101213	櫃買期貨            	GTF    	B         	0	.0000	0	.0000	0	.0000	0	.0000	0	.0000	0	.0000
20101213	櫃買期貨            	GTF    	C         	0	.0000	0	.0000	0	.0000	0	.0000	12	6965.0000	-12	-6965.0000
20101213	摩臺期              	MSF    	A         	1	934.0000	1	934.0000	0	.0000	17	15820.0000	15	14019.0000	2	1801.0000
20101213	摩臺期              	MSF    	B         	0	.0000	0	.0000	0	.0000	0	.0000	0	.0000	0	.0000
20101213	摩臺期              	MSF    	C         	0	.0000	0	.0000	0	.0000	0	.0000	0	.0000	0	.0000
20101213	小型臺指            	MXF    	A         	2142	936432.0000	1551	676718.0000	591	259714.0000	6190	2700726.0000	5191	2253401.0000	999	447325.0000
20101213	小型臺指            	MXF    	B         	0	.0000	0	.0000	0	.0000	0	.0000	0	.0000	0	.0000
20101213	小型臺指            	MXF    	C         	5132	2243394.0000	4629	2023513.0000	503	219880.0000	3920	1708021.0000	1260	546492.0000	2660	1161529.0000
20101213	股票期貨            	STF    	A         	782	70664.0000	883	94330.0000	-101	-23667.0000	3841	319828.0000	7905	714339.0000	-4064	-394511.0000
20101213	股票期貨            	STF    	B         	0	.0000	0	.0000	0	.0000	0	.0000	0	.0000	0	.0000
20101213	股票期貨            	STF    	C         	63	8883.0000	240	21400.0000	-177	-12517.0000	151	12402.0000	2469	223471.0000	-2318	-211069.0000
20101213	臺灣50期貨          	T5F    	A         	0	.0000	0	.0000	0	.0000	0	.0000	4	2359.0000	-4	-2359.0000
20101213	臺灣50期貨          	T5F    	B         	0	.0000	0	.0000	0	.0000	0	.0000	0	.0000	0	.0000
20101213	臺灣50期貨          	T5F    	C         	0	.0000	0	.0000	0	.0000	0	.0000	0	.0000	0	.0000
20101213	臺股期貨            	TXF    	A         	9907	17326949.0000	10382	18157913.0000	-475	-830964.0000	14244	24870425.0000	4391	7617291.0000	9853	17253134.0000
20101213	臺股期貨            	TXF    	B         	177	309323.0000	155	271093.0000	22	38231.0000	1430	2498309.0000	361	630027.0000	1069	1868282.0000
20101213	臺股期貨            	TXF    	C         	23219	40602114.0000	22045	38547664.0000	1174	2054450.0000	39744	69381349.0000	50169	87575323.0000	-10425	-18193974.0000
20101213	非金電期貨          	XIF    	A         	220	250203.0000	229	260423.0000	-9	-10221.0000	477	541352.0000	331	375517.0000	146	165835.0000
20101213	非金電期貨          	XIF    	B         	0	.0000	0	.0000	0	.0000	18	20439.0000	0	.0000	18	20439.0000
20101213	非金電期貨          	XIF    	C         	9	10235.0000	13	14777.0000	-4	-4543.0000	350	397375.0000	325	369024.0000	25	28351.0000
20101214	電子期貨            	EXF    	A         	1733	2355733.0000	1776	2418384.0000	-43	-62651.0000	1222	1661611.0000	474	645479.0000	748	1016132.0000
20101214	電子期貨            	EXF    	B         	89	120675.0000	96	130631.0000	-7	-9956.0000	186	253181.0000	67	91053.0000	119	162128.0000
20101214	電子期貨            	EXF    	C         	5077	6912203.0000	4882	6640719.0000	195	271484.0000	2834	3856790.0000	4012	5457109.0000	-1178	-1600319.0000
20101214	金融期貨            	FXF    	A         	1091	1021046.0000	1092	1022359.0000	-1	-1313.0000	872	813568.0000	702	655706.0000	170	157862.0000
20101214	金融期貨            	FXF    	B         	50	46596.0000	50	46690.0000	0	-94.0000	180	168092.0000	0	.0000	180	168092.0000
20101214	金融期貨            	FXF    	C         	3265	3056171.0000	3460	3232011.0000	-195	-175840.0000	1220	1139108.0000	7285	6797986.0000	-6065	-5658878.0000
20101214	櫃買期貨            	GTF    	A         	134	77587.0000	125	72409.0000	9	5178.0000	106	61127.0000	98	56498.0000	8	4629.0000
20101214	櫃買期貨            	GTF    	B         	0	.0000	0	.0000	0	.0000	0	.0000	0	.0000	0	.0000
20101214	櫃買期貨            	GTF    	C         	0	.0000	0	.0000	0	.0000	0	.0000	12	6924.0000	-12	-6924.0000
20101214	摩臺期              	MSF    	A         	2	1802.0000	2	1919.0000	0	-118.0000	17	15759.0000	15	13965.0000	2	1794.0000
20101214	摩臺期              	MSF    	B         	0	.0000	0	.0000	0	.0000	0	.0000	0	.0000	0	.0000
20101214	摩臺期              	MSF    	C         	0	.0000	0	.0000	0	.0000	0	.0000	0	.0000	0	.0000
20101214	小型臺指            	MXF    	A         	5194	2270273.0000	5953	2599853.0000	-759	-329581.0000	6474	2824480.0000	6202	2694076.0000	272	130404.0000
20101214	小型臺指            	MXF    	B         	0	.0000	0	.0000	0	.0000	0	.0000	0	.0000	0	.0000
20101214	小型臺指            	MXF    	C         	8158	3565419.0000	8973	3921205.0000	-815	-355786.0000	3629	1580161.0000	1084	469266.0000	2545	1110895.0000
20101214	股票期貨            	STF    	A         	1199	120230.0000	1608	136771.0000	-409	-16541.0000	3456	294619.0000	7929	705448.0000	-4473	-410829.0000
20101214	股票期貨            	STF    	B         	0	.0000	0	.0000	0	.0000	0	.0000	0	.0000	0	.0000
20101214	股票期貨            	STF    	C         	89	8626.0000	232	17666.0000	-143	-9040.0000	133	10289.0000	2594	230499.0000	-2461	-220210.0000
20101214	臺灣50期貨          	T5F    	A         	0	.0000	0	.0000	0	.0000	0	.0000	4	2361.0000	-4	-2361.0000
20101214	臺灣50期貨          	T5F    	B         	0	.0000	0	.0000	0	.0000	0	.0000	0	.0000	0	.0000
20101214	臺灣50期貨          	T5F    	C         	0	.0000	0	.0000	0	.0000	0	.0000	0	.0000	0	.0000
20101214	臺股期貨            	TXF    	A         	24062	42071563.0000	23286	40710348.0000	776	1361215.0000	15595	27226448.0000	4974	8631906.0000	10621	18594542.0000
20101214	臺股期貨            	TXF    	B         	778	1358635.0000	875	1529033.0000	-97	-170398.0000	1335	2330343.0000	363	633135.0000	972	1697208.0000
20101214	臺股期貨            	TXF    	C         	36863	64433471.0000	41019	71669082.0000	-4156	-7235612.0000	43765	76376705.0000	58520	102125545.0000	-14755	-25748840.0000
20101214	非金電期貨          	XIF    	A         	1033	1180352.0000	891	1018211.0000	142	162141.0000	686	783277.0000	398	454478.0000	288	328799.0000
20101214	非金電期貨          	XIF    	B         	18	20555.0000	18	20570.0000	0	-15.0000	18	20556.0000	0	.0000	18	20556.0000
20101214	非金電期貨          	XIF    	C         	346	395511.0000	557	636474.0000	-211	-240962.0000	261	298007.0000	447	510426.0000	-186	-212419.0000
20101215	電子期貨            	EXF    	A         	1181	1598487.0000	1405	1900913.0000	-224	-302426.0000	1151	1565100.0000	302	410571.0000	849	1154529.0000
20101215	電子期貨            	EXF    	B         	67	90435.0000	77	104245.0000	-10	-13810.0000	156	212129.0000	75	101985.0000	81	110144.0000
20101215	電子期貨            	EXF    	C         	1355	1832813.0000	1122	1516917.0000	233	315895.0000	1552	2110410.0000	2934	3989675.0000	-1382	-1879265.0000
20101215	金融期貨            	FXF    	A         	1381	1291442.0000	1217	1137095.0000	164	154347.0000	915	859366.0000	301	282597.0000	614	576769.0000
20101215	金融期貨            	FXF    	B         	102	95397.0000	102	95517.0000	0	-120.0000	152	142758.0000	0	.0000	152	142758.0000
20101215	金融期貨            	FXF    	C         	2335	2182972.0000	2922	2729885.0000	-587	-546912.0000	672	631142.0000	6448	6055962.0000	-5776	-5424820.0000
20101215	櫃買期貨            	GTF    	A         	324	186004.0000	319	183213.0000	5	2790.0000	45	25902.0000	54	31082.0000	-9	-5180.0000
20101215	櫃買期貨            	GTF    	B         	0	.0000	0	.0000	0	.0000	0	.0000	0	.0000	0	.0000
20101215	櫃買期貨            	GTF    	C         	0	.0000	0	.0000	0	.0000	0	.0000	0	.0000	0	.0000
20101215	摩臺期              	MSF    	A         	0	.0000	0	.0000	0	.0000	8	7389.0000	3	2799.0000	5	4590.0000
20101215	摩臺期              	MSF    	B         	0	.0000	0	.0000	0	.0000	0	.0000	0	.0000	0	.0000
20101215	摩臺期              	MSF    	C         	0	.0000	0	.0000	0	.0000	0	.0000	0	.0000	0	.0000
20101215	小型臺指            	MXF    	A         	4444	1937993.0000	3968	1730004.0000	476	207989.0000	2785	1219203.0000	4066	1771910.0000	-1281	-552707.0000
20101215	小型臺指            	MXF    	B         	0	.0000	0	.0000	0	.0000	0	.0000	0	.0000	0	.0000
20101215	小型臺指            	MXF    	C         	6291	2744106.0000	6182	2696152.0000	109	47954.0000	3620	1585227.0000	825	358049.0000	2795	1227178.0000
20101215	股票期貨            	STF    	A         	1635	168142.0000	1408	129702.0000	227	38440.0000	1260	113902.0000	4445	404629.0000	-3185	-290727.0000
20101215	股票期貨            	STF    	B         	0	.0000	0	.0000	0	.0000	0	.0000	0	.0000	0	.0000
20101215	股票期貨            	STF    	C         	172	32740.0000	305	33600.0000	-133	-860.0000	11	1182.0000	1830	168465.0000	-1819	-167283.0000
20101215	臺灣50期貨          	T5F    	A         	0	.0000	0	.0000	0	.0000	0	.0000	1	591.0000	-1	-591.0000
20101215	臺灣50期貨          	T5F    	B         	0	.0000	0	.0000	0	.0000	0	.0000	0	.0000	0	.0000
20101215	臺灣50期貨          	T5F    	C         	0	.0000	0	.0000	0	.0000	0	.0000	0	.0000	0	.0000
20101215	臺股期貨            	TXF    	A         	20487	35768780.0000	19588	34194604.0000	899	1574175.0000	6138	10758323.0000	4416	7699096.0000	1722	3059227.0000
20101215	臺股期貨            	TXF    	B         	602	1049345.0000	779	1358807.0000	-177	-309462.0000	1178	2067154.0000	340	596250.0000	838	1470904.0000
20101215	臺股期貨            	TXF    	C         	25363	44260325.0000	22263	38839249.0000	3100	5421075.0000	31491	55231312.0000	34803	61029652.0000	-3312	-5798340.0000
20101215	非金電期貨          	XIF    	A         	529	607291.0000	595	683393.0000	-66	-76102.0000	637	738468.0000	348	403467.0000	289	335001.0000
20101215	非金電期貨          	XIF    	B         	0	.0000	0	.0000	0	.0000	18	20869.0000	0	.0000	18	20869.0000
20101215	非金電期貨          	XIF    	C         	375	430326.0000	254	291659.0000	121	138667.0000	225	260865.0000	467	541440.0000	-242	-280575.0000
20101216	電子期貨            	EXF    	A         	612	831394.0000	478	648921.0000	134	182473.0000	1152	1566460.0000	169	229713.0000	983	1336747.0000
20101216	電子期貨            	EXF    	B         	0	.0000	8	10884.0000	-8	-10884.0000	156	212129.0000	83	112863.0000	73	99266.0000
20101216	電子期貨            	EXF    	C         	630	855847.0000	784	1065373.0000	-154	-209526.0000	1467	1994827.0000	3003	4083501.0000	-1536	-2088674.0000
20101216	金融期貨            	FXF    	A         	362	340923.0000	622	585648.0000	-260	-244725.0000	756	710032.0000	402	377473.0000	354	332559.0000
20101216	金融期貨            	FXF    	B         	0	.0000	0	.0000	0	.0000	152	142758.0000	0	.0000	152	142758.0000
20101216	金融期貨            	FXF    	C         	408	384240.0000	772	726788.0000	-364	-342548.0000	796	747603.0000	6936	6514277.0000	-6140	-5766674.0000
20101216	櫃買期貨            	GTF    	A         	65	37397.0000	82	47176.0000	-17	-9779.0000	14	8050.0000	40	23000.0000	-26	-14950.0000
20101216	櫃買期貨            	GTF    	B         	0	.0000	0	.0000	0	.0000	0	.0000	0	.0000	0	.0000
20101216	櫃買期貨            	GTF    	C         	0	.0000	0	.0000	0	.0000	0	.0000	0	.0000	0	.0000
20101216	摩臺期              	MSF    	A         	1	930.0000	1	930.0000	0	.0000	8	7369.0000	3	2791.0000	5	4578.0000
20101216	摩臺期              	MSF    	B         	0	.0000	0	.0000	0	.0000	0	.0000	0	.0000	0	.0000
20101216	摩臺期              	MSF    	C         	0	.0000	0	.0000	0	.0000	0	.0000	0	.0000	0	.0000
20101216	小型臺指            	MXF    	A         	2487	1090877.0000	2736	1199521.0000	-249	-108644.0000	2485	1087372.0000	4031	1756016.0000	-1546	-668644.0000
20101216	小型臺指            	MXF    	B         	0	.0000	0	.0000	0	.0000	0	.0000	0	.0000	0	.0000
20101216	小型臺指            	MXF    	C         	4531	1987048.0000	5093	2233421.0000	-562	-246373.0000	3290	1440267.0000	1049	456133.0000	2241	984134.0000
20101216	股票期貨            	STF    	A         	1131	92377.0000	1519	116511.0000	-388	-24134.0000	1385	117261.0000	4958	433057.0000	-3573	-315796.0000
20101216	股票期貨            	STF    	B         	0	.0000	0	.0000	0	.0000	0	.0000	0	.0000	0	.0000
20101216	股票期貨            	STF    	C         	65	4548.0000	411	25665.0000	-346	-21117.0000	19	2006.0000	2184	191303.0000	-2165	-189297.0000
20101216	臺灣50期貨          	T5F    	A         	0	.0000	0	.0000	0	.0000	0	.0000	1	590.0000	-1	-590.0000
20101216	臺灣50期貨          	T5F    	B         	0	.0000	0	.0000	0	.0000	0	.0000	0	.0000	0	.0000
20101216	臺灣50期貨          	T5F    	C         	0	.0000	0	.0000	0	.0000	0	.0000	0	.0000	0	.0000
20101216	臺股期貨            	TXF    	A         	10103	17728612.0000	10186	17870154.0000	-83	-141543.0000	6252	10955253.0000	4609	8032595.0000	1643	2922658.0000
20101216	臺股期貨            	TXF    	B         	55	96547.0000	0	.0000	55	96547.0000	1194	2094992.0000	301	527743.0000	893	1567249.0000
20101216	臺股期貨            	TXF    	C         	6713	11778029.0000	9518	16698964.0000	-2805	-4920935.0000	31022	54402880.0000	37142	65127984.0000	-6120	-10725104.0000
20101216	非金電期貨          	XIF    	A         	255	295293.0000	271	313988.0000	-16	-18695.0000	549	635335.0000	276	319436.0000	273	315899.0000
20101216	非金電期貨          	XIF    	B         	0	.0000	0	.0000	0	.0000	18	20833.0000	0	.0000	18	20833.0000
20101216	非金電期貨          	XIF    	C         	21	24322.0000	78	90385.0000	-57	-66064.0000	183	211804.0000	482	557867.0000	-299	-346063.0000
20101217	電子期貨            	EXF    	A         	549	751261.0000	488	667395.0000	61	83866.0000	1200	1638139.0000	156	212855.0000	1044	1425284.0000
20101217	電子期貨            	EXF    	B         	0	.0000	0	.0000	0	.0000	156	212971.0000	83	113312.0000	73	99659.0000
20101217	電子期貨            	EXF    	C         	611	836155.0000	465	636373.0000	146	199781.0000	1658	2263502.0000	3048	4161129.0000	-1390	-1897627.0000
20101217	金融期貨            	FXF    	A         	848	803534.0000	848	803087.0000	0	446.0000	721	684946.0000	367	348553.0000	354	336393.0000
20101217	金融期貨            	FXF    	B         	0	.0000	0	.0000	0	.0000	152	144400.0000	0	.0000	152	144400.0000
20101217	金融期貨            	FXF    	C         	695	658371.0000	479	453620.0000	216	204750.0000	895	850250.0000	6819	6478022.0000	-5924	-5627772.0000
20101217	櫃買期貨            	GTF    	A         	39	22537.0000	25	14467.0000	14	8070.0000	24	13866.0000	36	20786.0000	-12	-6920.0000
20101217	櫃買期貨            	GTF    	B         	0	.0000	0	.0000	0	.0000	0	.0000	0	.0000	0	.0000
20101217	櫃買期貨            	GTF    	C         	0	.0000	0	.0000	0	.0000	0	.0000	0	.0000	0	.0000
20101217	摩臺期              	MSF    	A         	2	1876.0000	2	1873.0000	0	4.0000	8	7432.0000	3	2815.0000	5	4617.0000
20101217	摩臺期              	MSF    	B         	0	.0000	0	.0000	0	.0000	0	.0000	0	.0000	0	.0000
20101217	摩臺期              	MSF    	C         	0	.0000	0	.0000	0	.0000	0	.0000	0	.0000	0	.0000
20101217	小型臺指            	MXF    	A         	3510	1546734.0000	2872	1264960.0000	638	281775.0000	3231	1420242.0000	4211	1841946.0000	-980	-421704.0000
20101217	小型臺指            	MXF    	B         	0	.0000	0	.0000	0	.0000	0	.0000	0	.0000	0	.0000
20101217	小型臺指            	MXF    	C         	5873	2587847.0000	5567	2453504.0000	306	134343.0000	3840	1688250.0000	1293	565682.0000	2547	1122568.0000
20101217	股票期貨            	STF    	A         	1895	162566.0000	1876	149960.0000	19	12606.0000	1662	171408.0000	5216	475124.0000	-3554	-303716.0000
20101217	股票期貨            	STF    	B         	0	.0000	0	.0000	0	.0000	0	.0000	0	.0000	0	.0000
20101217	股票期貨            	STF    	C         	6	797.0000	418	52603.0000	-412	-51807.0000	8	759.0000	2585	242521.0000	-2577	-241762.0000
20101217	臺灣50期貨          	T5F    	A         	0	.0000	0	.0000	0	.0000	0	.0000	1	590.0000	-1	-590.0000
20101217	臺灣50期貨          	T5F    	B         	0	.0000	0	.0000	0	.0000	0	.0000	0	.0000	0	.0000
20101217	臺灣50期貨          	T5F    	C         	0	.0000	0	.0000	0	.0000	0	.0000	0	.0000	0	.0000
20101217	臺股期貨            	TXF    	A         	13932	24565287.0000	12806	22579289.0000	1126	1985998.0000	7756	13647891.0000	4969	8695469.0000	2787	4952422.0000
20101217	臺股期貨            	TXF    	B         	171	301857.0000	29	51164.0000	142	250693.0000	1341	2362306.0000	306	538687.0000	1035	1823619.0000
20101217	臺股期貨            	TXF    	C         	10838	19115206.0000	9410	16595723.0000	1428	2519482.0000	31222	54973382.0000	35914	63226287.0000	-4692	-8252905.0000
20101217	非金電期貨          	XIF    	A         	239	277123.0000	160	185419.0000	79	91705.0000	607	702481.0000	255	295145.0000	352	407336.0000
20101217	非金電期貨          	XIF    	B         	0	.0000	0	.0000	0	.0000	18	20833.0000	0	.0000	18	20833.0000
20101217	非金電期貨          	XIF    	C         	106	122967.0000	73	84664.0000	33	38303.0000	256	296294.0000	522	604163.0000	-266	-307869.0000
20101220	電子期貨            	EXF    	A         	479	651514.0000	989	1345247.0000	-510	-693733.0000	903	1225636.0000	369	500729.0000	534	724907.0000
20101220	電子期貨            	EXF    	B         	0	.0000	146	198306.0000	-146	-198306.0000	156	211754.0000	229	310845.0000	-73	-99091.0000
20101220	電子期貨            	EXF    	C         	1777	2416919.0000	785	1067320.0000	992	1349599.0000	2702	3667679.0000	3100	4207939.0000	-398	-540260.0000
20101220	金融期貨            	FXF    	A         	533	509001.0000	679	648247.0000	-146	-139246.0000	737	701475.0000	529	503420.0000	208	198055.0000
20101220	金融期貨            	FXF    	B         	0	.0000	0	.0000	0	.0000	152	144674.0000	0	.0000	152	144674.0000
20101220	金融期貨            	FXF    	C         	892	851970.0000	861	821928.0000	31	30042.0000	846	805223.0000	6739	6414115.0000	-5893	-5608892.0000
20101220	櫃買期貨            	GTF    	A         	53	30498.0000	46	26487.0000	7	4011.0000	26	14950.0000	31	17812.0000	-5	-2862.0000
20101220	櫃買期貨            	GTF    	B         	0	.0000	0	.0000	0	.0000	0	.0000	0	.0000	0	.0000
20101220	櫃買期貨            	GTF    	C         	0	.0000	0	.0000	0	.0000	0	.0000	0	.0000	0	.0000
20101220	摩臺期              	MSF    	A         	9	8439.0000	13	12190.0000	-4	-3751.0000	13	12054.0000	12	11195.0000	1	859.0000
20101220	摩臺期              	MSF    	B         	0	.0000	0	.0000	0	.0000	0	.0000	0	.0000	0	.0000
20101220	摩臺期              	MSF    	C         	0	.0000	0	.0000	0	.0000	0	.0000	0	.0000	0	.0000
20101220	小型臺指            	MXF    	A         	3896	1709573.0000	5563	2437654.0000	-1667	-728081.0000	2370	1035828.0000	4617	2008466.0000	-2247	-972638.0000
20101220	小型臺指            	MXF    	B         	0	.0000	0	.0000	0	.0000	0	.0000	0	.0000	0	.0000
20101220	小型臺指            	MXF    	C         	6784	2977071.0000	8597	3771048.0000	-1813	-793977.0000	3063	1339318.0000	1513	658338.0000	1550	680980.0000
20101220	股票期貨            	STF    	A         	2144	174772.0000	2916	247719.0000	-772	-72947.0000	1267	127586.0000	5593	502556.0000	-4326	-374970.0000
20101220	股票期貨            	STF    	B         	0	.0000	0	.0000	0	.0000	0	.0000	0	.0000	0	.0000
20101220	股票期貨            	STF    	C         	121	19754.0000	173	11086.0000	-52	8668.0000	9	942.0000	2638	231048.0000	-2629	-230106.0000
20101220	臺灣50期貨          	T5F    	A         	0	.0000	0	.0000	0	.0000	0	.0000	1	585.0000	-1	-585.0000
20101220	臺灣50期貨          	T5F    	B         	0	.0000	0	.0000	0	.0000	0	.0000	0	.0000	0	.0000
20101220	臺灣50期貨          	T5F    	C         	0	.0000	0	.0000	0	.0000	0	.0000	0	.0000	0	.0000
20101220	臺股期貨            	TXF    	A         	18999	33329207.0000	19548	34292329.0000	-549	-963122.0000	7326	12821860.0000	5188	9031316.0000	2138	3790544.0000
20101220	臺股期貨            	TXF    	B         	45	78889.0000	495	869301.0000	-450	-790412.0000	1284	2250338.0000	699	1224724.0000	585	1025614.0000
20101220	臺股期貨            	TXF    	C         	12352	21670881.0000	13190	23140361.0000	-838	-1469480.0000	30848	54036715.0000	36582	64073255.0000	-5734	-10036540.0000
20101220	非金電期貨          	XIF    	A         	247	284655.0000	379	437129.0000	-132	-152474.0000	535	616294.0000	315	362863.0000	220	253431.0000
20101220	非金電期貨          	XIF    	B         	0	.0000	0	.0000	0	.0000	18	20741.0000	0	.0000	18	20741.0000
20101220	非金電期貨          	XIF    	C         	105	121117.0000	91	104887.0000	14	16230.0000	270	311121.0000	522	601501.0000	-252	-290380.0000
20101221	電子期貨            	EXF    	A         	219	298382.0000	425	578892.0000	-206	-280510.0000	758	1038970.0000	430	589277.0000	328	449693.0000
20101221	電子期貨            	EXF    	B         	0	.0000	0	.0000	0	.0000	156	213845.0000	229	313913.0000	-73	-100068.0000
20101221	電子期貨            	EXF    	C         	1173	1598116.0000	1040	1416774.0000	133	181343.0000	2946	4038130.0000	3211	4401431.0000	-265	-363301.0000
20101221	金融期貨            	FXF    	A         	492	469077.0000	561	534121.0000	-69	-65044.0000	802	770868.0000	663	637104.0000	139	133764.0000
20101221	金融期貨            	FXF    	B         	0	.0000	0	.0000	0	.0000	152	146102.0000	0	.0000	152	146102.0000
20101221	金融期貨            	FXF    	C         	889	847289.0000	569	542216.0000	320	305073.0000	894	859313.0000	6467	6216005.0000	-5573	-5356692.0000
20101221	櫃買期貨            	GTF    	A         	17	9793.0000	37	21372.0000	-20	-11580.0000	16	9280.0000	41	23761.0000	-25	-14481.0000
20101221	櫃買期貨            	GTF    	B         	0	.0000	0	.0000	0	.0000	0	.0000	0	.0000	0	.0000
20101221	櫃買期貨            	GTF    	C         	0	.0000	0	.0000	0	.0000	0	.0000	0	.0000	0	.0000
20101221	摩臺期              	MSF    	A         	12	11257.0000	13	12196.0000	-1	-939.0000	25	23360.0000	25	23434.0000	0	-74.0000
20101221	摩臺期              	MSF    	B         	0	.0000	0	.0000	0	.0000	0	.0000	0	.0000	0	.0000
20101221	摩臺期              	MSF    	C         	0	.0000	0	.0000	0	.0000	0	.0000	0	.0000	0	.0000
20101221	小型臺指            	MXF    	A         	3390	1490310.0000	1867	821870.0000	1523	668440.0000	3500	1544783.0000	4128	1811501.0000	-628	-266718.0000
20101221	小型臺指            	MXF    	B         	0	.0000	0	.0000	0	.0000	0	.0000	0	.0000	0	.0000
20101221	小型臺指            	MXF    	C         	5670	2491395.0000	3920	1723705.0000	1750	767690.0000	3598	1588112.0000	946	414244.0000	2652	1173868.0000
20101221	股票期貨            	STF    	A         	1834	136031.0000	1983	164843.0000	-149	-28812.0000	1278	108752.0000	5753	517132.0000	-4475	-408380.0000
20101221	股票期貨            	STF    	B         	0	.0000	0	.0000	0	.0000	0	.0000	0	.0000	0	.0000
20101221	股票期貨            	STF    	C         	120	20612.0000	33	2044.0000	87	18568.0000	13	1708.0000	2555	214120.0000	-2542	-212412.0000
20101221	臺灣50期貨          	T5F    	A         	0	.0000	0	.0000	0	.0000	0	.0000	1	592.0000	-1	-592.0000
20101221	臺灣50期貨          	T5F    	B         	0	.0000	0	.0000	0	.0000	0	.0000	0	.0000	0	.0000
20101221	臺灣50期貨          	T5F    	C         	0	.0000	0	.0000	0	.0000	0	.0000	0	.0000	0	.0000
20101221	臺股期貨            	TXF    	A         	14356	25270692.0000	11642	20502881.0000	2714	4767811.0000	9514	16808040.0000	4686	8227982.0000	4828	8580058.0000
20101221	臺股期貨            	TXF    	B         	39	68543.0000	13	22861.0000	26	45682.0000	1283	2269627.0000	672	1188366.0000	611	1081261.0000
20101221	臺股期貨            	TXF    	C         	10341	18188244.0000	9054	15935068.0000	1287	2253175.0000	31487	55669200.0000	35772	63235629.0000	-4285	-7566429.0000
20101221	非金電期貨          	XIF    	A         	134	154898.0000	170	196420.0000	-36	-41522.0000	482	559836.0000	298	346145.0000	184	213691.0000
20101221	非金電期貨          	XIF    	B         	0	.0000	0	.0000	0	.0000	18	20912.0000	0	.0000	18	20912.0000
20101221	非金電期貨          	XIF    	C         	129	149176.0000	91	105174.0000	38	44002.0000	273	317171.0000	487	565797.0000	-214	-248626.0000
20101222	電子期貨            	EXF    	A         	411	564956.0000	516	709119.0000	-105	-144163.0000	618	850761.0000	395	543656.0000	223	307105.0000
20101222	電子期貨            	EXF    	B         	0	.0000	0	.0000	0	.0000	156	214781.0000	229	315287.0000	-73	-100506.0000
20101222	電子期貨            	EXF    	C         	736	1011909.0000	767	1054811.0000	-31	-42902.0000	2793	3845101.0000	3089	4252699.0000	-296	-407598.0000
20101222	金融期貨            	FXF    	A         	379	364431.0000	575	552226.0000	-196	-187794.0000	760	728686.0000	817	783197.0000	-57	-54511.0000
20101222	金融期貨            	FXF    	B         	0	.0000	0	.0000	0	.0000	152	145738.0000	0	.0000	152	145738.0000
20101222	金融期貨            	FXF    	C         	492	472833.0000	781	750580.0000	-289	-277747.0000	839	804433.0000	6701	6424868.0000	-5862	-5620435.0000
20101222	櫃買期貨            	GTF    	A         	81	47267.0000	119	69565.0000	-38	-22298.0000	15	8769.0000	78	45584.0000	-63	-36815.0000
20101222	櫃買期貨            	GTF    	B         	0	.0000	0	.0000	0	.0000	0	.0000	0	.0000	0	.0000
20101222	櫃買期貨            	GTF    	C         	0	.0000	0	.0000	0	.0000	0	.0000	0	.0000	0	.0000
20101222	摩臺期              	MSF    	A         	2	1884.0000	2	1884.0000	0	.0000	26	24401.0000	26	24476.0000	0	-75.0000
20101222	摩臺期              	MSF    	B         	0	.0000	0	.0000	0	.0000	0	.0000	0	.0000	0	.0000
20101222	摩臺期              	MSF    	C         	0	.0000	0	.0000	0	.0000	0	.0000	0	.0000	0	.0000
20101222	小型臺指            	MXF    	A         	2715	1200440.0000	2946	1302051.0000	-231	-101611.0000	3406	1504692.0000	4249	1865704.0000	-843	-361012.0000
20101222	小型臺指            	MXF    	B         	0	.0000	0	.0000	0	.0000	0	.0000	0	.0000	0	.0000
20101222	小型臺指            	MXF    	C         	6946	3073089.0000	6608	2925064.0000	338	148025.0000	4028	1779834.0000	902	395473.0000	3126	1384361.0000
20101222	股票期貨            	STF    	A         	970	76689.0000	1268	124893.0000	-298	-48203.0000	1216	99295.0000	5989	554795.0000	-4773	-455500.0000
20101222	股票期貨            	STF    	B         	0	.0000	0	.0000	0	.0000	0	.0000	0	.0000	0	.0000
20101222	股票期貨            	STF    	C         	47	3286.0000	52	4560.0000	-5	-1273.0000	20	2003.0000	2567	215142.0000	-2547	-213139.0000
20101222	臺灣50期貨          	T5F    	A         	0	.0000	0	.0000	0	.0000	0	.0000	1	590.0000	-1	-590.0000
20101222	臺灣50期貨          	T5F    	B         	0	.0000	0	.0000	0	.0000	0	.0000	0	.0000	0	.0000
20101222	臺灣50期貨          	T5F    	C         	0	.0000	0	.0000	0	.0000	0	.0000	0	.0000	0	.0000
20101222	臺股期貨            	TXF    	A         	11365	20124989.0000	9639	17056804.0000	1726	3068185.0000	10815	19125908.0000	4265	7482763.0000	6550	11643145.0000
20101222	臺股期貨            	TXF    	B         	95	168025.0000	13	22981.0000	82	145044.0000	1343	2377647.0000	650	1150459.0000	693	1227188.0000
20101222	臺股期貨            	TXF    	C         	6058	10722896.0000	7160	12672101.0000	-1102	-1949205.0000	30938	54743624.0000	36359	64325579.0000	-5421	-9581955.0000
20101222	非金電期貨          	XIF    	A         	168	194760.0000	163	188990.0000	5	5771.0000	457	528871.0000	268	310192.0000	189	218679.0000
20101222	非金電期貨          	XIF    	B         	0	.0000	0	.0000	0	.0000	18	20833.0000	0	.0000	18	20833.0000
20101222	非金電期貨          	XIF    	C         	48	55630.0000	91	105512.0000	-43	-49882.0000	230	266202.0000	487	563654.0000	-257	-297452.0000
20101223	電子期貨            	EXF    	A         	563	776701.0000	397	547575.0000	166	229127.0000	725	1000625.0000	336	463602.0000	389	537023.0000
20101223	電子期貨            	EXF    	B         	0	.0000	0	.0000	0	.0000	156	215342.0000	229	316112.0000	-73	-100770.0000
20101223	電子期貨            	EXF    	C         	358	493731.0000	419	577943.0000	-61	-84212.0000	2708	3737698.0000	3065	4230558.0000	-357	-492860.0000
20101223	金融期貨            	FXF    	A         	537	517806.0000	542	521892.0000	-5	-4086.0000	815	784829.0000	877	844308.0000	-62	-59479.0000
20101223	金融期貨            	FXF    	B         	0	.0000	0	.0000	0	.0000	152	146376.0000	0	.0000	152	146376.0000
20101223	金融期貨            	FXF    	C         	512	493153.0000	641	617550.0000	-129	-124398.0000	868	835884.0000	6859	6605104.0000	-5991	-5769220.0000
20101223	櫃買期貨            	GTF    	A         	65	38165.0000	64	37567.0000	1	598.0000	34	19950.0000	96	56309.0000	-62	-36359.0000
20101223	櫃買期貨            	GTF    	B         	0	.0000	0	.0000	0	.0000	0	.0000	0	.0000	0	.0000
20101223	櫃買期貨            	GTF    	C         	0	.0000	0	.0000	0	.0000	0	.0000	0	.0000	0	.0000
20101223	摩臺期              	MSF    	A         	16	15074.0000	16	15057.0000	0	16.0000	21	19714.0000	21	19788.0000	0	-74.0000
20101223	摩臺期              	MSF    	B         	0	.0000	0	.0000	0	.0000	0	.0000	0	.0000	0	.0000
20101223	摩臺期              	MSF    	C         	0	.0000	0	.0000	0	.0000	0	.0000	0	.0000	0	.0000
20101223	小型臺指            	MXF    	A         	2712	1203590.0000	2008	891034.0000	704	312556.0000	4165	1849979.0000	2700	1186340.0000	1465	663639.0000
20101223	小型臺指            	MXF    	B         	0	.0000	0	.0000	0	.0000	0	.0000	0	.0000	0	.0000
20101223	小型臺指            	MXF    	C         	5413	2403146.0000	4321	1919667.0000	1092	483480.0000	4675	2076639.0000	789	347444.0000	3886	1729195.0000
20101223	股票期貨            	STF    	A         	1166	85582.0000	1376	83327.0000	-210	2255.0000	1276	109796.0000	6259	563741.0000	-4983	-453945.0000
20101223	股票期貨            	STF    	B         	0	.0000	0	.0000	0	.0000	0	.0000	0	.0000	0	.0000
20101223	股票期貨            	STF    	C         	19	1110.0000	109	9184.0000	-90	-8074.0000	24	2140.0000	2661	223801.0000	-2637	-221661.0000
20101223	臺灣50期貨          	T5F    	A         	0	.0000	0	.0000	0	.0000	0	.0000	1	592.0000	-1	-592.0000
20101223	臺灣50期貨          	T5F    	B         	0	.0000	0	.0000	0	.0000	0	.0000	0	.0000	0	.0000
20101223	臺灣50期貨          	T5F    	C         	0	.0000	0	.0000	0	.0000	0	.0000	0	.0000	0	.0000
20101223	臺股期貨            	TXF    	A         	12340	21924698.0000	11048	19635302.0000	1292	2289396.0000	11818	21008376.0000	4377	7718943.0000	7441	13289433.0000
20101223	臺股期貨            	TXF    	B         	31	55113.0000	21	37355.0000	10	17758.0000	1343	2390003.0000	640	1138643.0000	703	1251360.0000
20101223	臺股期貨            	TXF    	C         	8781	15602812.0000	8060	14325032.0000	721	1277780.0000	31371	55796774.0000	35988	64000079.0000	-4617	-8203305.0000
20101223	非金電期貨          	XIF    	A         	137	159554.0000	155	180623.0000	-18	-21069.0000	469	547227.0000	298	347741.0000	171	199486.0000
20101223	非金電期貨          	XIF    	B         	0	.0000	0	.0000	0	.0000	18	21008.0000	0	.0000	18	21008.0000
20101223	非金電期貨          	XIF    	C         	7	8115.0000	14	16320.0000	-7	-8206.0000	223	260263.0000	487	568375.0000	-264	-308112.0000
20101224	電子期貨            	EXF    	A         	236	324805.0000	308	423815.0000	-72	-99011.0000	739	1016370.0000	422	580250.0000	317	436120.0000
20101224	電子期貨            	EXF    	B         	0	.0000	0	.0000	0	.0000	156	214594.0000	229	315012.0000	-73	-100418.0000
20101224	電子期貨            	EXF    	C         	177	243538.0000	490	673950.0000	-313	-430412.0000	2703	3717841.0000	3373	4639496.0000	-670	-921655.0000
20101224	金融期貨            	FXF    	A         	491	473906.0000	503	484678.0000	-12	-10772.0000	817	787089.0000	891	858215.0000	-74	-71126.0000
20101224	金融期貨            	FXF    	B         	0	.0000	0	.0000	0	.0000	152	146437.0000	0	.0000	152	146437.0000
20101224	金融期貨            	FXF    	C         	326	314585.0000	925	892134.0000	-599	-577549.0000	891	858389.0000	7481	7207030.0000	-6590	-6348641.0000
20101224	櫃買期貨            	GTF    	A         	76	44566.0000	79	46322.0000	-3	-1756.0000	27	15795.0000	92	53794.0000	-65	-37999.0000
20101224	櫃買期貨            	GTF    	B         	0	.0000	0	.0000	0	.0000	0	.0000	0	.0000	0	.0000
20101224	櫃買期貨            	GTF    	C         	0	.0000	0	.0000	0	.0000	0	.0000	0	.0000	0	.0000
20101224	摩臺期              	MSF    	A         	2	1880.0000	2	1880.0000	0	.0000	22	20571.0000	22	20645.0000	0	-74.0000
20101224	摩臺期              	MSF    	B         	0	.0000	0	.0000	0	.0000	0	.0000	0	.0000	0	.0000
20101224	摩臺期              	MSF    	C         	0	.0000	0	.0000	0	.0000	0	.0000	0	.0000	0	.0000
20101224	小型臺指            	MXF    	A         	715	317194.0000	1423	630767.0000	-708	-313573.0000	3309	1465865.0000	3032	1330544.0000	277	135321.0000
20101224	小型臺指            	MXF    	B         	0	.0000	0	.0000	0	.0000	0	.0000	0	.0000	0	.0000
20101224	小型臺指            	MXF    	C         	2464	1093911.0000	4052	1798261.0000	-1588	-704350.0000	3657	1620419.0000	1287	567449.0000	2370	1052970.0000
20101224	股票期貨            	STF    	A         	905	74366.0000	1252	101196.0000	-347	-26830.0000	1267	111774.0000	6597	589749.0000	-5330	-477975.0000
20101224	股票期貨            	STF    	B         	0	.0000	0	.0000	0	.0000	0	.0000	0	.0000	0	.0000
20101224	股票期貨            	STF    	C         	65	4438.0000	99	6903.0000	-34	-2465.0000	29	3170.0000	2700	227066.0000	-2671	-223896.0000
20101224	臺灣50期貨          	T5F    	A         	0	.0000	0	.0000	0	.0000	0	.0000	1	591.0000	-1	-591.0000
20101224	臺灣50期貨          	T5F    	B         	0	.0000	0	.0000	0	.0000	0	.0000	0	.0000	0	.0000
20101224	臺灣50期貨          	T5F    	C         	0	.0000	0	.0000	0	.0000	0	.0000	0	.0000	0	.0000
20101224	臺股期貨            	TXF    	A         	6100	10831210.0000	6436	11423579.0000	-336	-592369.0000	11630	20627316.0000	4405	7746914.0000	7225	12880402.0000
20101224	臺股期貨            	TXF    	B         	20	35513.0000	192	340634.0000	-172	-305121.0000	1183	2100771.0000	652	1157521.0000	531	943250.0000
20101224	臺股期貨            	TXF    	C         	3446	6119348.0000	5922	10514510.0000	-2476	-4395162.0000	30008	53257548.0000	37119	65871274.0000	-7111	-12613726.0000
20101224	非金電期貨          	XIF    	A         	207	240966.0000	192	223534.0000	15	17432.0000	472	549799.0000	286	333159.0000	186	216640.0000
20101224	非金電期貨          	XIF    	B         	0	.0000	0	.0000	0	.0000	18	20974.0000	0	.0000	18	20974.0000
20101224	非金電期貨          	XIF    	C         	35	40759.0000	10	11649.0000	25	29110.0000	258	300622.0000	497	579100.0000	-239	-278478.0000
20101227	電子期貨            	EXF    	A         	533	729066.0000	534	730691.0000	-1	-1625.0000	877	1199662.0000	561	767323.0000	316	432339.0000
20101227	電子期貨            	EXF    	B         	0	.0000	0	.0000	0	.0000	156	213439.0000	229	313318.0000	-73	-99879.0000
20101227	電子期貨            	EXF    	C         	628	859290.0000	633	866057.0000	-5	-6767.0000	2785	3810123.0000	3460	4733538.0000	-675	-923415.0000
20101227	金融期貨            	FXF    	A         	1540	1507524.0000	760	744817.0000	780	762707.0000	1346	1331957.0000	640	633147.0000	706	698810.0000
20101227	金融期貨            	FXF    	B         	35	34239.0000	0	.0000	35	34239.0000	187	185055.0000	0	.0000	187	185055.0000
20101227	金融期貨            	FXF    	C         	1768	1725538.0000	1343	1321382.0000	425	404156.0000	922	912411.0000	7087	7013125.0000	-6165	-6100714.0000
20101227	櫃買期貨            	GTF    	A         	198	115575.0000	171	99867.0000	27	15709.0000	57	33176.0000	95	55279.0000	-38	-22103.0000
20101227	櫃買期貨            	GTF    	B         	0	.0000	0	.0000	0	.0000	0	.0000	0	.0000	0	.0000
20101227	櫃買期貨            	GTF    	C         	0	.0000	0	.0000	0	.0000	0	.0000	0	.0000	0	.0000
20101227	摩臺期              	MSF    	A         	1	930.0000	1	930.0000	0	.0000	22	20392.0000	22	20465.0000	0	-73.0000
20101227	摩臺期              	MSF    	B         	0	.0000	0	.0000	0	.0000	0	.0000	0	.0000	0	.0000
20101227	摩臺期              	MSF    	C         	0	.0000	0	.0000	0	.0000	0	.0000	0	.0000	0	.0000
20101227	小型臺指            	MXF    	A         	3701	1642034.0000	3722	1650227.0000	-21	-8193.0000	3573	1583840.0000	3317	1458065.0000	256	125775.0000
20101227	小型臺指            	MXF    	B         	0	.0000	0	.0000	0	.0000	0	.0000	0	.0000	0	.0000
20101227	小型臺指            	MXF    	C         	5107	2265654.0000	5692	2524783.0000	-585	-259129.0000	3405	1509676.0000	1452	641106.0000	1953	868570.0000
20101227	股票期貨            	STF    	A         	1643	117595.0000	1422	129314.0000	221	-11719.0000	1415	103665.0000	6524	594495.0000	-5109	-490830.0000
20101227	股票期貨            	STF    	B         	0	.0000	0	.0000	0	.0000	0	.0000	0	.0000	0	.0000
20101227	股票期貨            	STF    	C         	135	9370.0000	170	11138.0000	-35	-1768.0000	29	3153.0000	2735	229946.0000	-2706	-226793.0000
20101227	臺灣50期貨          	T5F    	A         	0	.0000	0	.0000	0	.0000	0	.0000	1	594.0000	-1	-594.0000
20101227	臺灣50期貨          	T5F    	B         	0	.0000	0	.0000	0	.0000	0	.0000	0	.0000	0	.0000
20101227	臺灣50期貨          	T5F    	C         	0	.0000	0	.0000	0	.0000	0	.0000	0	.0000	0	.0000
20101227	臺股期貨            	TXF    	A         	16726	29696024.0000	16186	28726971.0000	540	969053.0000	12298	21825369.0000	4533	7978427.0000	7765	13846942.0000
20101227	臺股期貨            	TXF    	B         	93	165243.0000	63	111703.0000	30	53541.0000	1172	2082410.0000	611	1085333.0000	561	997077.0000
20101227	臺股期貨            	TXF    	C         	8503	15082893.0000	10042	17814225.0000	-1539	-2731332.0000	28507	50621493.0000	37213	66074742.0000	-8706	-15453249.0000
20101227	非金電期貨          	XIF    	A         	364	423973.0000	341	397409.0000	23	26564.0000	564	658356.0000	355	414419.0000	209	243937.0000
20101227	非金電期貨          	XIF    	B         	0	.0000	0	.0000	0	.0000	18	21015.0000	0	.0000	18	21015.0000
20101227	非金電期貨          	XIF    	C         	64	74330.0000	26	30340.0000	38	43990.0000	310	361925.0000	511	596591.0000	-201	-234666.0000
20101228	電子期貨            	EXF    	A         	439	599930.0000	682	933257.0000	-243	-333327.0000	800	1092941.0000	727	993232.0000	73	99709.0000
20101228	電子期貨            	EXF    	B         	0	.0000	58	78883.0000	-58	-78883.0000	156	213190.0000	287	392214.0000	-131	-179024.0000
20101228	電子期貨            	EXF    	C         	382	522301.0000	899	1228894.0000	-517	-706593.0000	2668	3645460.0000	3811	5207249.0000	-1143	-1561789.0000
20101228	金融期貨            	FXF    	A         	904	893208.0000	798	787200.0000	106	106008.0000	1473	1452934.0000	661	651842.0000	812	801092.0000
20101228	金融期貨            	FXF    	B         	0	.0000	0	.0000	0	.0000	187	184457.0000	0	.0000	187	184457.0000
20101228	金融期貨            	FXF    	C         	599	591390.0000	1016	1002892.0000	-417	-411502.0000	865	853236.0000	7447	7345433.0000	-6582	-6492197.0000
20101228	櫃買期貨            	GTF    	A         	145	84006.0000	75	43472.0000	70	40534.0000	112	64638.0000	80	46146.0000	32	18492.0000
20101228	櫃買期貨            	GTF    	B         	0	.0000	0	.0000	0	.0000	0	.0000	0	.0000	0	.0000
20101228	櫃買期貨            	GTF    	C         	0	.0000	0	.0000	0	.0000	0	.0000	0	.0000	0	.0000
20101228	摩臺期              	MSF    	A         	1	925.0000	1	925.0000	0	.0000	22	20279.0000	22	20352.0000	0	-73.0000
20101228	摩臺期              	MSF    	B         	0	.0000	0	.0000	0	.0000	0	.0000	0	.0000	0	.0000
20101228	摩臺期              	MSF    	C         	0	.0000	0	.0000	0	.0000	0	.0000	0	.0000	0	.0000
20101228	小型臺指            	MXF    	A         	3192	1414791.0000	3737	1655569.0000	-545	-240779.0000	3425	1516691.0000	3314	1455152.0000	111	61539.0000
20101228	小型臺指            	MXF    	B         	0	.0000	0	.0000	0	.0000	0	.0000	0	.0000	0	.0000
20101228	小型臺指            	MXF    	C         	5884	2608989.0000	6997	3100736.0000	-1113	-491746.0000	3411	1511095.0000	1931	852264.0000	1480	658831.0000
20101228	股票期貨            	STF    	A         	1011	59635.0000	1187	81292.0000	-176	-21657.0000	1358	94564.0000	6643	606295.0000	-5285	-511731.0000
20101228	股票期貨            	STF    	B         	0	.0000	0	.0000	0	.0000	0	.0000	0	.0000	0	.0000
20101228	股票期貨            	STF    	C         	148	10834.0000	249	15859.0000	-101	-5025.0000	31	4361.0000	2838	235207.0000	-2807	-230846.0000
20101228	臺灣50期貨          	T5F    	A         	2	1191.0000	2	1196.0000	0	-5.0000	0	.0000	1	603.0000	-1	-603.0000
20101228	臺灣50期貨          	T5F    	B         	0	.0000	0	.0000	0	.0000	0	.0000	0	.0000	0	.0000
20101228	臺灣50期貨          	T5F    	C         	0	.0000	0	.0000	0	.0000	0	.0000	0	.0000	0	.0000
20101228	臺股期貨            	TXF    	A         	12835	22761010.0000	14087	24974859.0000	-1252	-2213849.0000	11782	20890726.0000	5369	9455138.0000	6413	11435588.0000
20101228	臺股期貨            	TXF    	B         	32	56772.0000	25	44335.0000	7	12437.0000	1162	2063015.0000	594	1054309.0000	568	1008706.0000
20101228	臺股期貨            	TXF    	C         	9262	16428422.0000	10240	18159012.0000	-978	-1730590.0000	27719	49181526.0000	37562	66633425.0000	-9843	-17451899.0000
20101228	非金電期貨          	XIF    	A         	155	180373.0000	140	162935.0000	15	17438.0000	554	646283.0000	330	384924.0000	224	261359.0000
20101228	非金電期貨          	XIF    	B         	0	.0000	0	.0000	0	.0000	18	21006.0000	0	.0000	18	21006.0000
20101228	非金電期貨          	XIF    	C         	22	25625.0000	35	40755.0000	-13	-15130.0000	298	347766.0000	512	597498.0000	-214	-249732.0000
20101229	電子期貨            	EXF    	A         	815	1104980.0000	700	949608.0000	115	155372.0000	826	1116700.0000	638	862475.0000	188	254225.0000
20101229	電子期貨            	EXF    	B         	30	40689.0000	63	85198.0000	-33	-44509.0000	186	251546.0000	350	473340.0000	-164	-221794.0000
20101229	電子期貨            	EXF    	C         	664	900853.0000	1249	1693571.0000	-585	-792717.0000	2575	3481796.0000	4303	5818447.0000	-1728	-2336651.0000
20101229	金融期貨            	FXF    	A         	1863	1874115.0000	1766	1781426.0000	97	92689.0000	1282	1305195.0000	373	379578.0000	909	925617.0000
20101229	金融期貨            	FXF    	B         	10	10077.0000	61	61769.0000	-51	-51692.0000	197	200585.0000	61	62110.0000	136	138475.0000
20101229	金融期貨            	FXF    	C         	3403	3434771.0000	1629	1642632.0000	1774	1792139.0000	1146	1166857.0000	5954	6061904.0000	-4808	-4895047.0000
20101229	櫃買期貨            	GTF    	A         	198	113423.0000	157	89950.0000	41	23473.0000	152	86637.0000	79	45022.0000	73	41615.0000
20101229	櫃買期貨            	GTF    	B         	0	.0000	0	.0000	0	.0000	0	.0000	0	.0000	0	.0000
20101229	櫃買期貨            	GTF    	C         	0	.0000	0	.0000	0	.0000	0	.0000	0	.0000	0	.0000
20101229	摩臺期              	MSF    	A         	7	6469.0000	7	6469.0000	0	.0000	23	21208.0000	23	21281.0000	0	-73.0000
20101229	摩臺期              	MSF    	B         	0	.0000	0	.0000	0	.0000	0	.0000	0	.0000	0	.0000
20101229	摩臺期              	MSF    	C         	0	.0000	0	.0000	0	.0000	0	.0000	0	.0000	0	.0000
20101229	小型臺指            	MXF    	A         	2597	1151240.0000	2921	1293657.0000	-324	-142417.0000	3444	1524320.0000	3673	1613191.0000	-229	-88871.0000
20101229	小型臺指            	MXF    	B         	0	.0000	0	.0000	0	.0000	0	.0000	0	.0000	0	.0000
20101229	小型臺指            	MXF    	C         	5896	2613338.0000	5689	2520400.0000	207	92938.0000	3803	1684262.0000	2056	906510.0000	1747	777752.0000
20101229	股票期貨            	STF    	A         	1825	108696.0000	1667	115925.0000	158	-7229.0000	1364	92809.0000	6491	612368.0000	-5127	-519559.0000
20101229	股票期貨            	STF    	B         	0	.0000	0	.0000	0	.0000	0	.0000	0	.0000	0	.0000
20101229	股票期貨            	STF    	C         	151	7426.0000	226	16606.0000	-75	-9180.0000	40	4787.0000	2922	246673.0000	-2882	-241886.0000
20101229	臺灣50期貨          	T5F    	A         	0	.0000	0	.0000	0	.0000	0	.0000	1	604.0000	-1	-604.0000
20101229	臺灣50期貨          	T5F    	B         	0	.0000	0	.0000	0	.0000	0	.0000	0	.0000	0	.0000
20101229	臺灣50期貨          	T5F    	C         	0	.0000	0	.0000	0	.0000	0	.0000	0	.0000	0	.0000
20101229	臺股期貨            	TXF    	A         	13348	23671126.0000	12229	21679009.0000	1119	1992117.0000	12562	22262075.0000	5026	8838851.0000	7536	13423224.0000
20101229	臺股期貨            	TXF    	B         	89	157735.0000	45	79703.0000	44	78032.0000	1201	2130934.0000	589	1045010.0000	612	1085924.0000
20101229	臺股期貨            	TXF    	C         	9386	16642812.0000	9704	17206793.0000	-318	-563981.0000	27857	49398488.0000	38033	67429460.0000	-10176	-18030972.0000
20101229	非金電期貨          	XIF    	A         	155	180770.0000	263	306643.0000	-108	-125873.0000	530	619122.0000	414	483628.0000	116	135494.0000
20101229	非金電期貨          	XIF    	B         	0	.0000	0	.0000	0	.0000	18	21035.0000	0	.0000	18	21035.0000
20101229	非金電期貨          	XIF    	C         	69	80445.0000	15	17498.0000	54	62947.0000	325	379795.0000	485	566764.0000	-160	-186969.0000
20101230	電子期貨            	EXF    	A         	485	659119.0000	572	776967.0000	-87	-117848.0000	798	1084318.0000	697	947058.0000	101	137260.0000
20101230	電子期貨            	EXF    	B         	0	.0000	0	.0000	0	.0000	186	252811.0000	350	475720.0000	-164	-222909.0000
20101230	電子期貨            	EXF    	C         	433	588274.0000	714	969769.0000	-281	-381494.0000	2551	3466757.0000	4560	6197139.0000	-2009	-2730382.0000
20101230	金融期貨            	FXF    	A         	736	749694.0000	1065	1083745.0000	-329	-334051.0000	1080	1100008.0000	500	508989.0000	580	591019.0000
20101230	金融期貨            	FXF    	B         	36	36654.0000	0	.0000	36	36654.0000	207	210850.0000	35	35651.0000	172	175199.0000
20101230	金融期貨            	FXF    	C         	666	678438.0000	1776	1806843.0000	-1110	-1128405.0000	855	870903.0000	6773	6898417.0000	-5918	-6027514.0000
20101230	櫃買期貨            	GTF    	A         	113	64432.0000	112	63875.0000	1	557.0000	173	98728.0000	99	56471.0000	74	42257.0000
20101230	櫃買期貨            	GTF    	B         	0	.0000	0	.0000	0	.0000	0	.0000	0	.0000	0	.0000
20101230	櫃買期貨            	GTF    	C         	0	.0000	0	.0000	0	.0000	0	.0000	0	.0000	0	.0000
20101230	摩臺期              	MSF    	A         	15	13831.0000	15	13831.0000	0	.0000	29	26712.0000	29	26785.0000	0	-73.0000
20101230	摩臺期              	MSF    	B         	0	.0000	0	.0000	0	.0000	0	.0000	0	.0000	0	.0000
20101230	摩臺期              	MSF    	C         	0	.0000	0	.0000	0	.0000	0	.0000	0	.0000	0	.0000
20101230	小型臺指            	MXF    	A         	4219	1875713.0000	3428	1522910.0000	791	352803.0000	3827	1700147.0000	3269	1439455.0000	558	260692.0000
20101230	小型臺指            	MXF    	B         	0	.0000	0	.0000	0	.0000	0	.0000	0	.0000	0	.0000
20101230	小型臺指            	MXF    	C         	5565	2473003.0000	5409	2402350.0000	156	70653.0000	3936	1749610.0000	1921	849083.0000	2015	900527.0000
20101230	股票期貨            	STF    	A         	1700	127461.0000	1964	150004.0000	-264	-22543.0000	1207	82726.0000	6598	626506.0000	-5391	-543780.0000
20101230	股票期貨            	STF    	B         	0	.0000	0	.0000	0	.0000	0	.0000	0	.0000	0	.0000
20101230	股票期貨            	STF    	C         	103	10272.0000	201	18040.0000	-98	-7768.0000	46	5078.0000	3026	255344.0000	-2980	-250266.0000
20101230	臺灣50期貨          	T5F    	A         	0	.0000	0	.0000	0	.0000	0	.0000	1	608.0000	-1	-608.0000
20101230	臺灣50期貨          	T5F    	B         	0	.0000	0	.0000	0	.0000	0	.0000	0	.0000	0	.0000
20101230	臺灣50期貨          	T5F    	C         	0	.0000	0	.0000	0	.0000	0	.0000	0	.0000	0	.0000
20101230	臺股期貨            	TXF    	A         	14989	26658644.0000	14690	26123962.0000	299	534682.0000	12677	22547059.0000	4841	8540410.0000	7836	14006649.0000
20101230	臺股期貨            	TXF    	B         	40	71092.0000	31	55115.0000	9	15978.0000	1199	2135291.0000	578	1029301.0000	621	1105990.0000
20101230	臺股期貨            	TXF    	C         	9490	16870931.0000	10037	17836959.0000	-547	-966028.0000	27728	49350535.0000	38479	68468535.0000	-10751	-19118000.0000
20101230	非金電期貨          	XIF    	A         	133	155577.0000	157	183595.0000	-24	-28018.0000	540	633683.0000	448	525763.0000	92	107920.0000
20101230	非金電期貨          	XIF    	B         	0	.0000	0	.0000	0	.0000	18	21127.0000	0	.0000	18	21127.0000
20101230	非金電期貨          	XIF    	C         	50	58471.0000	42	49131.0000	8	9340.0000	300	352110.0000	452	530510.0000	-152	-178400.0000
20101231	電子期貨            	EXF    	A         	730	994804.0000	629	855679.0000	101	139125.0000	861	1176537.0000	659	900440.0000	202	276097.0000
20101231	電子期貨            	EXF    	B         	267	364592.0000	30	40922.0000	237	323670.0000	156	213221.0000	83	113444.0000	73	99777.0000
20101231	電子期貨            	EXF    	C         	413	563892.0000	630	859538.0000	-217	-295646.0000	2567	3508033.0000	4793	6550359.0000	-2226	-3042326.0000
20101231	金融期貨            	FXF    	A         	1603	1663027.0000	1338	1387393.0000	265	275633.0000	1280	1333679.0000	435	452914.0000	845	880765.0000
20101231	金融期貨            	FXF    	B         	2	2037.0000	26	27089.0000	-24	-25052.0000	209	217778.0000	61	63562.0000	148	154216.0000
20101231	金融期貨            	FXF    	C         	1027	1065578.0000	1333	1385060.0000	-306	-319482.0000	880	916960.0000	7104	7401684.0000	-6224	-6484724.0000
20101231	櫃買期貨            	GTF    	A         	100	57558.0000	221	127216.0000	-121	-69658.0000	114	65875.0000	161	93038.0000	-47	-27163.0000
20101231	櫃買期貨            	GTF    	B         	0	.0000	0	.0000	0	.0000	0	.0000	0	.0000	0	.0000
20101231	櫃買期貨            	GTF    	C         	0	.0000	0	.0000	0	.0000	0	.0000	0	.0000	0	.0000
20101231	摩臺期              	MSF    	A         	0	.0000	0	.0000	0	.0000	29	26964.0000	29	27036.0000	0	-72.0000
20101231	摩臺期              	MSF    	B         	0	.0000	0	.0000	0	.0000	0	.0000	0	.0000	0	.0000
20101231	摩臺期              	MSF    	C         	0	.0000	0	.0000	0	.0000	0	.0000	0	.0000	0	.0000
20101231	小型臺指            	MXF    	A         	3485	1559504.0000	2563	1148579.0000	922	410926.0000	4220	1892275.0000	3140	1394899.0000	1080	497376.0000
20101231	小型臺指            	MXF    	B         	7	3136.0000	7	3144.0000	0	-8.0000	0	.0000	0	.0000	0	.0000
20101231	小型臺指            	MXF    	C         	5965	2668177.0000	5488	2458011.0000	477	210166.0000	4142	1858277.0000	1610	718920.0000	2532	1139357.0000
20101231	股票期貨            	STF    	A         	2714	214992.0000	2628	207175.0000	86	7817.0000	1687	119762.0000	6992	662378.0000	-5305	-542616.0000
20101231	股票期貨            	STF    	B         	0	.0000	0	.0000	0	.0000	0	.0000	0	.0000	0	.0000
20101231	股票期貨            	STF    	C         	107	5880.0000	190	11739.0000	-83	-5859.0000	39	4836.0000	3102	263398.0000	-3063	-258562.0000
20101231	臺灣50期貨          	T5F    	A         	0	.0000	0	.0000	0	.0000	0	.0000	1	612.0000	-1	-612.0000
20101231	臺灣50期貨          	T5F    	B         	0	.0000	0	.0000	0	.0000	0	.0000	0	.0000	0	.0000
20101231	臺灣50期貨          	T5F    	C         	0	.0000	0	.0000	0	.0000	0	.0000	0	.0000	0	.0000
20101231	臺股期貨            	TXF    	A         	17377	31123907.0000	13752	24652832.0000	3625	6471075.0000	16214	29110408.0000	4653	8283268.0000	11561	20827140.0000
20101231	臺股期貨            	TXF    	B         	128	229571.0000	0	.0000	128	229571.0000	1215	2183713.0000	466	837477.0000	749	1346236.0000
20101231	臺股期貨            	TXF    	C         	9285	16636894.0000	9951	17833773.0000	-666	-1196879.0000	28602	51372811.0000	40028	71880414.0000	-11426	-20507603.0000
20101231	非金電期貨          	XIF    	A         	192	226312.0000	145	170810.0000	47	55502.0000	573	678402.0000	434	513857.0000	139	164545.0000
20101231	非金電期貨          	XIF    	B         	0	.0000	0	.0000	0	.0000	18	21319.0000	0	.0000	18	21319.0000
20101231	非金電期貨          	XIF    	C         	88	103862.0000	42	49440.0000	46	54422.0000	341	403880.0000	447	529419.0000	-106	-125539.0000
