20100802	電子期貨            	EXF    	A         	599	755423.0000	441	556150.0000	158	199273.0000	951	1201446.0000	312	393875.0000	639	807571.0000
20100802	電子期貨            	EXF    	B         	0	.0000	0	.0000	0	.0000	207	261855.0000	69	87285.0000	138	174570.0000
20100802	電子期貨            	EXF    	C         	1032	1299855.0000	933	1178479.0000	99	121376.0000	2457	3107989.0000	2734	3458487.0000	-277	-350498.0000
20100802	金融期貨            	FXF    	A         	1174	1020988.0000	987	859734.0000	187	161254.0000	1211	1062514.0000	829	727545.0000	382	334969.0000
20100802	金融期貨            	FXF    	B         	0	.0000	0	.0000	0	.0000	125	109850.0000	0	.0000	125	109850.0000
20100802	金融期貨            	FXF    	C         	880	763102.0000	729	634233.0000	151	128869.0000	1555	1366467.0000	5353	4704108.0000	-3798	-3337641.0000
20100802	櫃買期貨            	GTF    	A         	29	16186.0000	43	24037.0000	-14	-7852.0000	97	54303.0000	54	30212.0000	43	24091.0000
20100802	櫃買期貨            	GTF    	B         	0	.0000	0	.0000	0	.0000	0	.0000	20	11204.0000	-20	-11204.0000
20100802	櫃買期貨            	GTF    	C         	0	.0000	0	.0000	0	.0000	0	.0000	0	.0000	0	.0000
20100802	摩臺期              	MSF    	A         	3	2667.0000	1	889.0000	2	1778.0000	0	.0000	11	9875.0000	-11	-9875.0000
20100802	摩臺期              	MSF    	B         	0	.0000	0	.0000	0	.0000	0	.0000	0	.0000	0	.0000
20100802	摩臺期              	MSF    	C         	0	.0000	0	.0000	0	.0000	0	.0000	0	.0000	0	.0000
20100802	小型臺指            	MXF    	A         	6208	2425095.0000	5751	2252156.0000	457	172940.0000	1984	779009.0000	3026	1187521.0000	-1042	-408512.0000
20100802	小型臺指            	MXF    	B         	0	.0000	0	.0000	0	.0000	2	787.0000	0	.0000	2	787.0000
20100802	小型臺指            	MXF    	C         	7407	2896409.0000	6235	2442630.0000	1172	453778.0000	3550	1391177.0000	321	126249.0000	3229	1264928.0000
20100802	股票期貨            	STF    	A         	3986	287574.0000	3828	309752.0000	158	-22179.0000	4843	398418.0000	7120	620024.0000	-2277	-221606.0000
20100802	股票期貨            	STF    	B         	0	.0000	0	.0000	0	.0000	0	.0000	0	.0000	0	.0000
20100802	股票期貨            	STF    	C         	14	725.0000	14	725.0000	0	.0000	9	302.0000	822	67306.0000	-813	-67004.0000
20100802	臺灣50期貨          	T5F    	A         	0	.0000	0	.0000	0	.0000	0	.0000	0	.0000	0	.0000
20100802	臺灣50期貨          	T5F    	B         	0	.0000	0	.0000	0	.0000	0	.0000	0	.0000	0	.0000
20100802	臺灣50期貨          	T5F    	C         	0	.0000	0	.0000	0	.0000	0	.0000	0	.0000	0	.0000
20100802	臺股期貨            	TXF    	A         	22563	35333742.0000	20532	32185851.0000	2031	3147891.0000	5983	9403743.0000	5472	8584837.0000	511	818906.0000
20100802	臺股期貨            	TXF    	B         	745	1167559.0000	92	144362.0000	653	1023197.0000	2550	4011495.0000	1912	3007100.0000	638	1004395.0000
20100802	臺股期貨            	TXF    	C         	14020	21943698.0000	14177	22231009.0000	-157	-287310.0000	28919	45409597.0000	20792	32698004.0000	8127	12711593.0000
20100802	非金電期貨          	XIF    	A         	269	257743.0000	175	167348.0000	94	90395.0000	364	350666.0000	122	117467.0000	242	233199.0000
20100802	非金電期貨          	XIF    	B         	0	.0000	0	.0000	0	.0000	28	26986.0000	0	.0000	28	26986.0000
20100802	非金電期貨          	XIF    	C         	48	45781.0000	121	116191.0000	-73	-70409.0000	279	268884.0000	526	506959.0000	-247	-238075.0000
20100803	電子期貨            	EXF    	A         	218	276780.0000	293	372155.0000	-75	-95375.0000	881	1119245.0000	317	402470.0000	564	716775.0000
20100803	電子期貨            	EXF    	B         	0	.0000	0	.0000	0	.0000	207	263345.0000	69	87782.0000	138	175563.0000
20100803	電子期貨            	EXF    	C         	658	835850.0000	558	708820.0000	100	127031.0000	2486	3162562.0000	2663	3387857.0000	-177	-225295.0000
20100803	金融期貨            	FXF    	A         	502	441510.0000	516	453743.0000	-14	-12233.0000	1285	1131720.0000	917	807759.0000	368	323961.0000
20100803	金融期貨            	FXF    	B         	1	881.0000	0	.0000	1	881.0000	126	111132.0000	0	.0000	126	111132.0000
20100803	金融期貨            	FXF    	C         	540	474743.0000	381	335010.0000	159	139734.0000	1449	1277877.0000	5088	4487514.0000	-3639	-3209637.0000
20100803	櫃買期貨            	GTF    	A         	18	10084.0000	29	16279.0000	-11	-6194.0000	84	47084.0000	52	29132.0000	32	17952.0000
20100803	櫃買期貨            	GTF    	B         	0	.0000	0	.0000	0	.0000	0	.0000	20	11220.0000	-20	-11220.0000
20100803	櫃買期貨            	GTF    	C         	0	.0000	0	.0000	0	.0000	0	.0000	0	.0000	0	.0000
20100803	摩臺期              	MSF    	A         	0	.0000	0	.0000	0	.0000	0	.0000	11	9818.0000	-11	-9818.0000
20100803	摩臺期              	MSF    	B         	0	.0000	0	.0000	0	.0000	0	.0000	0	.0000	0	.0000
20100803	摩臺期              	MSF    	C         	0	.0000	0	.0000	0	.0000	0	.0000	0	.0000	0	.0000
20100803	小型臺指            	MXF    	A         	2523	995303.0000	2649	1044665.0000	-126	-49361.0000	2171	857342.0000	3299	1302215.0000	-1128	-444873.0000
20100803	小型臺指            	MXF    	B         	0	.0000	0	.0000	0	.0000	2	791.0000	0	.0000	2	791.0000
20100803	小型臺指            	MXF    	C         	3333	1315191.0000	4224	1666610.0000	-891	-351418.0000	3319	1308238.0000	953	377007.0000	2366	931231.0000
20100803	股票期貨            	STF    	A         	4397	349262.0000	4609	356874.0000	-212	-7611.0000	4693	413592.0000	7182	644932.0000	-2489	-231340.0000
20100803	股票期貨            	STF    	B         	0	.0000	0	.0000	0	.0000	0	.0000	0	.0000	0	.0000
20100803	股票期貨            	STF    	C         	14	940.0000	14	940.0000	0	.0000	9	304.0000	822	68185.0000	-813	-67881.0000
20100803	臺灣50期貨          	T5F    	A         	0	.0000	0	.0000	0	.0000	0	.0000	0	.0000	0	.0000
20100803	臺灣50期貨          	T5F    	B         	0	.0000	0	.0000	0	.0000	0	.0000	0	.0000	0	.0000
20100803	臺灣50期貨          	T5F    	C         	0	.0000	0	.0000	0	.0000	0	.0000	0	.0000	0	.0000
20100803	臺股期貨            	TXF    	A         	11333	17893700.0000	10396	16411193.0000	937	1482508.0000	6510	10293211.0000	5072	8002735.0000	1438	2290476.0000
20100803	臺股期貨            	TXF    	B         	311	491209.0000	108	170390.0000	203	320819.0000	2559	4049202.0000	1718	2717744.0000	841	1331458.0000
20100803	臺股期貨            	TXF    	C         	8275	13062354.0000	9371	14792394.0000	-1096	-1730040.0000	29160	46060231.0000	22136	35016161.0000	7024	11044070.0000
20100803	非金電期貨          	XIF    	A         	109	105539.0000	80	77462.0000	29	28077.0000	396	384399.0000	125	121271.0000	271	263128.0000
20100803	非金電期貨          	XIF    	B         	0	.0000	0	.0000	0	.0000	28	27191.0000	0	.0000	28	27191.0000
20100803	非金電期貨          	XIF    	C         	11	10640.0000	55	53235.0000	-44	-42595.0000	239	232077.0000	530	514683.0000	-291	-282606.0000
20100804	電子期貨            	EXF    	A         	263	333353.0000	437	553471.0000	-174	-220119.0000	716	905548.0000	326	412123.0000	390	493425.0000
20100804	電子期貨            	EXF    	B         	2	2534.0000	0	.0000	2	2534.0000	209	264761.0000	69	87409.0000	140	177352.0000
20100804	電子期貨            	EXF    	C         	724	917690.0000	756	958279.0000	-32	-40589.0000	2438	3088324.0000	2647	3353208.0000	-209	-264884.0000
20100804	金融期貨            	FXF    	A         	442	390427.0000	541	478036.0000	-99	-87609.0000	1192	1053366.0000	923	815897.0000	269	237469.0000
20100804	金融期貨            	FXF    	B         	16	14141.0000	0	.0000	16	14141.0000	142	125670.0000	0	.0000	142	125670.0000
20100804	金融期貨            	FXF    	C         	591	522412.0000	324	286156.0000	267	236256.0000	1466	1297246.0000	4838	4281542.0000	-3372	-2984296.0000
20100804	櫃買期貨            	GTF    	A         	41	22894.0000	35	19547.0000	6	3347.0000	94	52475.0000	56	31243.0000	38	21232.0000
20100804	櫃買期貨            	GTF    	B         	0	.0000	0	.0000	0	.0000	0	.0000	20	11176.0000	-20	-11176.0000
20100804	櫃買期貨            	GTF    	C         	0	.0000	0	.0000	0	.0000	0	.0000	0	.0000	0	.0000
20100804	摩臺期              	MSF    	A         	0	.0000	0	.0000	0	.0000	0	.0000	11	9806.0000	-11	-9806.0000
20100804	摩臺期              	MSF    	B         	0	.0000	0	.0000	0	.0000	0	.0000	0	.0000	0	.0000
20100804	摩臺期              	MSF    	C         	0	.0000	0	.0000	0	.0000	0	.0000	0	.0000	0	.0000
20100804	小型臺指            	MXF    	A         	4555	1798876.0000	4382	1729511.0000	173	69366.0000	2264	893951.0000	3131	1235515.0000	-867	-341564.0000
20100804	小型臺指            	MXF    	B         	0	.0000	0	.0000	0	.0000	2	791.0000	0	.0000	2	791.0000
20100804	小型臺指            	MXF    	C         	5465	2158593.0000	6052	2389895.0000	-587	-231302.0000	3302	1301453.0000	1027	406312.0000	2275	895141.0000
20100804	股票期貨            	STF    	A         	5334	398443.0000	5643	396138.0000	-309	2305.0000	4938	443876.0000	7736	671834.0000	-2798	-227958.0000
20100804	股票期貨            	STF    	B         	0	.0000	0	.0000	0	.0000	0	.0000	0	.0000	0	.0000
20100804	股票期貨            	STF    	C         	8	1142.0000	8	1142.0000	0	.0000	9	304.0000	822	67889.0000	-813	-67585.0000
20100804	臺灣50期貨          	T5F    	A         	0	.0000	0	.0000	0	.0000	0	.0000	0	.0000	0	.0000
20100804	臺灣50期貨          	T5F    	B         	0	.0000	0	.0000	0	.0000	0	.0000	0	.0000	0	.0000
20100804	臺灣50期貨          	T5F    	C         	0	.0000	0	.0000	0	.0000	0	.0000	0	.0000	0	.0000
20100804	臺股期貨            	TXF    	A         	15329	24214807.0000	15747	24883921.0000	-418	-669114.0000	5597	8849412.0000	4599	7255020.0000	998	1594392.0000
20100804	臺股期貨            	TXF    	B         	30	47351.0000	47	74251.0000	-17	-26900.0000	2562	4054461.0000	1738	2749772.0000	824	1304689.0000
20100804	臺股期貨            	TXF    	C         	11482	18151551.0000	10858	17152484.0000	624	999068.0000	28936	45707734.0000	21412	33874789.0000	7524	11832945.0000
20100804	非金電期貨          	XIF    	A         	254	246821.0000	308	299322.0000	-54	-52502.0000	318	310650.0000	101	98621.0000	217	212029.0000
20100804	非金電期貨          	XIF    	B         	0	.0000	0	.0000	0	.0000	28	27367.0000	0	.0000	28	27367.0000
20100804	非金電期貨          	XIF    	C         	128	124385.0000	63	61253.0000	65	63133.0000	286	279520.0000	512	500429.0000	-226	-220909.0000
20100805	電子期貨            	EXF    	A         	330	417447.0000	460	582350.0000	-130	-164903.0000	567	714622.0000	307	386896.0000	260	327726.0000
20100805	電子期貨            	EXF    	B         	0	.0000	2	2510.0000	-2	-2510.0000	209	263967.0000	71	89661.0000	138	174306.0000
20100805	電子期貨            	EXF    	C         	632	799142.0000	836	1057614.0000	-204	-258472.0000	2428	3066332.0000	2841	3588171.0000	-413	-521839.0000
20100805	金融期貨            	FXF    	A         	523	464991.0000	515	457845.0000	8	7145.0000	1122	994242.0000	845	748770.0000	277	245472.0000
20100805	金融期貨            	FXF    	B         	0	.0000	16	14180.0000	-16	-14180.0000	126	111812.0000	0	.0000	126	111812.0000
20100805	金融期貨            	FXF    	C         	735	653964.0000	471	418067.0000	264	235897.0000	1362	1208421.0000	4470	3966569.0000	-3108	-2758148.0000
20100805	櫃買期貨            	GTF    	A         	140	77685.0000	127	70502.0000	13	7183.0000	111	61496.0000	60	33227.0000	51	28269.0000
20100805	櫃買期貨            	GTF    	B         	0	.0000	0	.0000	0	.0000	0	.0000	20	11092.0000	-20	-11092.0000
20100805	櫃買期貨            	GTF    	C         	0	.0000	0	.0000	0	.0000	0	.0000	0	.0000	0	.0000
20100805	摩臺期              	MSF    	A         	0	.0000	0	.0000	0	.0000	0	.0000	11	9805.0000	-11	-9805.0000
20100805	摩臺期              	MSF    	B         	0	.0000	0	.0000	0	.0000	0	.0000	0	.0000	0	.0000
20100805	摩臺期              	MSF    	C         	0	.0000	0	.0000	0	.0000	0	.0000	0	.0000	0	.0000
20100805	小型臺指            	MXF    	A         	5189	2053014.0000	5466	2162683.0000	-277	-109669.0000	2378	938469.0000	3270	1289858.0000	-892	-351389.0000
20100805	小型臺指            	MXF    	B         	0	.0000	0	.0000	0	.0000	2	791.0000	0	.0000	2	791.0000
20100805	小型臺指            	MXF    	C         	5333	2111415.0000	6153	2435917.0000	-820	-324502.0000	3086	1215436.0000	1343	531213.0000	1743	684223.0000
20100805	股票期貨            	STF    	A         	5273	312606.0000	5542	322799.0000	-269	-10193.0000	5358	466115.0000	8425	705109.0000	-3067	-238994.0000
20100805	股票期貨            	STF    	B         	0	.0000	0	.0000	0	.0000	0	.0000	0	.0000	0	.0000
20100805	股票期貨            	STF    	C         	39	2286.0000	39	2286.0000	0	.0000	9	311.0000	822	67505.0000	-813	-67194.0000
20100805	臺灣50期貨          	T5F    	A         	0	.0000	0	.0000	0	.0000	0	.0000	0	.0000	0	.0000
20100805	臺灣50期貨          	T5F    	B         	0	.0000	0	.0000	0	.0000	0	.0000	0	.0000	0	.0000
20100805	臺灣50期貨          	T5F    	C         	0	.0000	0	.0000	0	.0000	0	.0000	0	.0000	0	.0000
20100805	臺股期貨            	TXF    	A         	18716	29626513.0000	17619	27887662.0000	1097	1738851.0000	6490	10259389.0000	4458	7028746.0000	2032	3230643.0000
20100805	臺股期貨            	TXF    	B         	96	152276.0000	136	215119.0000	-40	-62843.0000	2565	4058188.0000	1781	2817136.0000	784	1241052.0000
20100805	臺股期貨            	TXF    	C         	11889	18818329.0000	13672	21664601.0000	-1783	-2846272.0000	28737	45376798.0000	23068	36485456.0000	5669	8891342.0000
20100805	非金電期貨          	XIF    	A         	196	191958.0000	268	262344.0000	-72	-70386.0000	243	237938.0000	98	95905.0000	145	142033.0000
20100805	非金電期貨          	XIF    	B         	0	.0000	0	.0000	0	.0000	28	27440.0000	0	.0000	28	27440.0000
20100805	非金電期貨          	XIF    	C         	90	88082.0000	48	47012.0000	42	41070.0000	338	331221.0000	522	511560.0000	-184	-180339.0000
20100806	電子期貨            	EXF    	A         	336	423268.0000	483	608318.0000	-147	-185051.0000	551	693433.0000	438	551536.0000	113	141897.0000
20100806	電子期貨            	EXF    	B         	0	.0000	0	.0000	0	.0000	209	263549.0000	71	89520.0000	138	174029.0000
20100806	電子期貨            	EXF    	C         	554	697998.0000	895	1127537.0000	-341	-429539.0000	2515	3171145.0000	3269	4122198.0000	-754	-951053.0000
20100806	金融期貨            	FXF    	A         	221	196038.0000	246	218341.0000	-25	-22303.0000	1135	1008860.0000	883	785015.0000	252	223845.0000
20100806	金融期貨            	FXF    	B         	0	.0000	0	.0000	0	.0000	126	112140.0000	0	.0000	126	112140.0000
20100806	金融期貨            	FXF    	C         	286	253683.0000	336	298279.0000	-50	-44596.0000	1443	1284094.0000	4601	4094815.0000	-3158	-2810721.0000
20100806	櫃買期貨            	GTF    	A         	134	74365.0000	131	72699.0000	3	1666.0000	113	62924.0000	59	32839.0000	54	30085.0000
20100806	櫃買期貨            	GTF    	B         	0	.0000	0	.0000	0	.0000	0	.0000	20	11148.0000	-20	-11148.0000
20100806	櫃買期貨            	GTF    	C         	0	.0000	0	.0000	0	.0000	0	.0000	0	.0000	0	.0000
20100806	摩臺期              	MSF    	A         	0	.0000	0	.0000	0	.0000	0	.0000	11	9799.0000	-11	-9799.0000
20100806	摩臺期              	MSF    	B         	0	.0000	0	.0000	0	.0000	0	.0000	0	.0000	0	.0000
20100806	摩臺期              	MSF    	C         	0	.0000	0	.0000	0	.0000	0	.0000	0	.0000	0	.0000
20100806	小型臺指            	MXF    	A         	3023	1194439.0000	3210	1268194.0000	-187	-73754.0000	2383	942506.0000	3398	1343337.0000	-1015	-400831.0000
20100806	小型臺指            	MXF    	B         	0	.0000	0	.0000	0	.0000	2	793.0000	0	.0000	2	793.0000
20100806	小型臺指            	MXF    	C         	4234	1673418.0000	4344	1717354.0000	-110	-43936.0000	3165	1249491.0000	1456	577158.0000	1709	672333.0000
20100806	股票期貨            	STF    	A         	3593	273125.0000	3829	293124.0000	-236	-19999.0000	5362	482452.0000	8665	745131.0000	-3303	-262679.0000
20100806	股票期貨            	STF    	B         	0	.0000	0	.0000	0	.0000	0	.0000	0	.0000	0	.0000
20100806	股票期貨            	STF    	C         	40	1536.0000	40	1535.0000	0	1.0000	9	312.0000	822	68341.0000	-813	-68029.0000
20100806	臺灣50期貨          	T5F    	A         	0	.0000	0	.0000	0	.0000	0	.0000	0	.0000	0	.0000
20100806	臺灣50期貨          	T5F    	B         	0	.0000	0	.0000	0	.0000	0	.0000	0	.0000	0	.0000
20100806	臺灣50期貨          	T5F    	C         	0	.0000	0	.0000	0	.0000	0	.0000	0	.0000	0	.0000
20100806	臺股期貨            	TXF    	A         	13850	21909478.0000	14218	22487994.0000	-368	-578516.0000	6285	9955648.0000	4637	7329380.0000	1648	2626268.0000
20100806	臺股期貨            	TXF    	B         	31	49017.0000	21	33233.0000	10	15784.0000	2565	4066909.0000	1771	2807335.0000	794	1259574.0000
20100806	臺股期貨            	TXF    	C         	8185	12941580.0000	8775	13881831.0000	-590	-940250.0000	29132	46106452.0000	24072	38155892.0000	5060	7950560.0000
20100806	非金電期貨          	XIF    	A         	168	164937.0000	230	225696.0000	-62	-60759.0000	193	190300.0000	110	108432.0000	83	81868.0000
20100806	非金電期貨          	XIF    	B         	0	.0000	0	.0000	0	.0000	28	27650.0000	0	.0000	28	27650.0000
20100806	非金電期貨          	XIF    	C         	108	105996.0000	49	48150.0000	59	57846.0000	385	380162.0000	510	503625.0000	-125	-123463.0000
20100809	電子期貨            	EXF    	A         	390	493186.0000	360	455012.0000	30	38174.0000	610	770843.0000	467	590287.0000	143	180556.0000
20100809	電子期貨            	EXF    	B         	1	1266.0000	0	.0000	1	1266.0000	210	265776.0000	71	89848.0000	139	175928.0000
20100809	電子期貨            	EXF    	C         	623	788051.0000	587	742530.0000	36	45522.0000	2628	3325730.0000	3346	4234688.0000	-718	-908958.0000
20100809	金融期貨            	FXF    	A         	696	629604.0000	622	562523.0000	74	67080.0000	1137	1032492.0000	811	736443.0000	326	296049.0000
20100809	金融期貨            	FXF    	B         	116	105245.0000	0	.0000	116	105245.0000	242	220026.0000	0	.0000	242	220026.0000
20100809	金融期貨            	FXF    	C         	542	489208.0000	354	320555.0000	188	168653.0000	1565	1422641.0000	4535	4123147.0000	-2970	-2700506.0000
20100809	櫃買期貨            	GTF    	A         	93	51992.0000	98	54766.0000	-5	-2774.0000	129	72218.0000	80	44752.0000	49	27466.0000
20100809	櫃買期貨            	GTF    	B         	0	.0000	0	.0000	0	.0000	0	.0000	20	11204.0000	-20	-11204.0000
20100809	櫃買期貨            	GTF    	C         	0	.0000	0	.0000	0	.0000	0	.0000	0	.0000	0	.0000
20100809	摩臺期              	MSF    	A         	8	7142.0000	6	5352.0000	2	1790.0000	0	.0000	9	8036.0000	-9	-8036.0000
20100809	摩臺期              	MSF    	B         	0	.0000	0	.0000	0	.0000	0	.0000	0	.0000	0	.0000
20100809	摩臺期              	MSF    	C         	0	.0000	0	.0000	0	.0000	0	.0000	0	.0000	0	.0000
20100809	小型臺指            	MXF    	A         	5016	1998507.0000	4001	1594985.0000	1015	403522.0000	3103	1236591.0000	3019	1201932.0000	84	34659.0000
20100809	小型臺指            	MXF    	B         	0	.0000	0	.0000	0	.0000	2	799.0000	0	.0000	2	799.0000
20100809	小型臺指            	MXF    	C         	5065	2019111.0000	4381	1747142.0000	684	271969.0000	3064	1218335.0000	671	267930.0000	2393	950405.0000
20100809	股票期貨            	STF    	A         	2339	139053.0000	2176	134838.0000	163	4215.0000	5579	504040.0000	8719	765290.0000	-3140	-261250.0000
20100809	股票期貨            	STF    	B         	0	.0000	0	.0000	0	.0000	0	.0000	0	.0000	0	.0000
20100809	股票期貨            	STF    	C         	0	.0000	0	.0000	0	.0000	9	313.0000	822	69924.0000	-813	-69611.0000
20100809	臺灣50期貨          	T5F    	A         	0	.0000	0	.0000	0	.0000	0	.0000	0	.0000	0	.0000
20100809	臺灣50期貨          	T5F    	B         	0	.0000	0	.0000	0	.0000	0	.0000	0	.0000	0	.0000
20100809	臺灣50期貨          	T5F    	C         	0	.0000	0	.0000	0	.0000	0	.0000	0	.0000	0	.0000
20100809	臺股期貨            	TXF    	A         	17124	27314133.0000	17656	28169665.0000	-532	-855531.0000	6028	9617574.0000	4933	7855832.0000	1095	1761742.0000
20100809	臺股期貨            	TXF    	B         	244	389508.0000	103	164529.0000	141	224979.0000	2536	4050334.0000	1601	2556305.0000	935	1494029.0000
20100809	臺股期貨            	TXF    	C         	12343	19683994.0000	10280	16403893.0000	2063	3280101.0000	30577	48746881.0000	23454	37446277.0000	7123	11300604.0000
20100809	非金電期貨          	XIF    	A         	181	179623.0000	146	144970.0000	35	34653.0000	232	230805.0000	114	113408.0000	118	117397.0000
20100809	非金電期貨          	XIF    	B         	0	.0000	0	.0000	0	.0000	28	27863.0000	0	.0000	28	27863.0000
20100809	非金電期貨          	XIF    	C         	81	80348.0000	55	54597.0000	26	25752.0000	395	393051.0000	494	491579.0000	-99	-98528.0000
20100810	電子期貨            	EXF    	A         	402	506023.0000	484	609522.0000	-82	-103499.0000	574	718262.0000	513	641874.0000	61	76388.0000
20100810	電子期貨            	EXF    	B         	1	1253.0000	0	.0000	1	1253.0000	211	264383.0000	71	88953.0000	140	175430.0000
20100810	電子期貨            	EXF    	C         	499	627610.0000	741	934620.0000	-242	-307010.0000	2516	3152258.0000	3476	4355398.0000	-960	-1203140.0000
20100810	金融期貨            	FXF    	A         	476	431885.0000	532	482137.0000	-56	-50252.0000	1152	1040289.0000	882	796368.0000	270	243921.0000
20100810	金融期貨            	FXF    	B         	60	54554.0000	0	.0000	60	54554.0000	302	273068.0000	0	.0000	302	273068.0000
20100810	金融期貨            	FXF    	C         	322	292068.0000	531	481124.0000	-209	-189056.0000	1265	1143498.0000	4444	4018176.0000	-3179	-2874678.0000
20100810	櫃買期貨            	GTF    	A         	58	32361.0000	47	26294.0000	11	6066.0000	141	78338.0000	81	44973.0000	60	33365.0000
20100810	櫃買期貨            	GTF    	B         	0	.0000	0	.0000	0	.0000	0	.0000	20	11120.0000	-20	-11120.0000
20100810	櫃買期貨            	GTF    	C         	0	.0000	0	.0000	0	.0000	0	.0000	0	.0000	0	.0000
20100810	摩臺期              	MSF    	A         	10	8897.0000	10	8897.0000	0	.0000	0	.0000	9	7989.0000	-9	-7989.0000
20100810	摩臺期              	MSF    	B         	0	.0000	0	.0000	0	.0000	0	.0000	0	.0000	0	.0000
20100810	摩臺期              	MSF    	C         	0	.0000	0	.0000	0	.0000	0	.0000	0	.0000	0	.0000
20100810	小型臺指            	MXF    	A         	2706	1076225.0000	4407	1752862.0000	-1701	-676637.0000	2462	974774.0000	3651	1444563.0000	-1189	-469789.0000
20100810	小型臺指            	MXF    	B         	0	.0000	0	.0000	0	.0000	2	794.0000	0	.0000	2	794.0000
20100810	小型臺指            	MXF    	C         	3775	1501967.0000	5342	2126967.0000	-1567	-625001.0000	3171	1253412.0000	1845	732025.0000	1326	521387.0000
20100810	股票期貨            	STF    	A         	1579	103790.0000	2315	148091.0000	-736	-44301.0000	5426	488695.0000	9302	791911.0000	-3876	-303216.0000
20100810	股票期貨            	STF    	B         	0	.0000	0	.0000	0	.0000	0	.0000	0	.0000	0	.0000
20100810	股票期貨            	STF    	C         	1	135.0000	1	135.0000	0	.0000	9	314.0000	822	68804.0000	-813	-68490.0000
20100810	臺灣50期貨          	T5F    	A         	2	1084.0000	2	1084.0000	0	.0000	2	1091.0000	2	1077.0000	0	14.0000
20100810	臺灣50期貨          	T5F    	B         	0	.0000	0	.0000	0	.0000	0	.0000	0	.0000	0	.0000
20100810	臺灣50期貨          	T5F    	C         	0	.0000	0	.0000	0	.0000	0	.0000	0	.0000	0	.0000
20100810	臺股期貨            	TXF    	A         	14606	23247898.0000	14601	23238009.0000	5	9889.0000	5423	8597539.0000	4430	7008395.0000	993	1589144.0000
20100810	臺股期貨            	TXF    	B         	60	95546.0000	50	79514.0000	10	16032.0000	2542	4034492.0000	1597	2533922.0000	945	1500570.0000
20100810	臺股期貨            	TXF    	C         	9055	14410006.0000	11086	17651766.0000	-2031	-3241759.0000	30014	47545054.0000	25047	39736267.0000	4967	7808787.0000
20100810	非金電期貨          	XIF    	A         	151	150151.0000	184	183001.0000	-33	-32850.0000	218	216131.0000	133	131869.0000	85	84262.0000
20100810	非金電期貨          	XIF    	B         	0	.0000	0	.0000	0	.0000	28	27768.0000	0	.0000	28	27768.0000
20100810	非金電期貨          	XIF    	C         	79	78551.0000	80	79605.0000	-1	-1054.0000	385	381793.0000	485	480975.0000	-100	-99182.0000
20100811	電子期貨            	EXF    	A         	587	730352.0000	615	766312.0000	-28	-35961.0000	493	610677.0000	460	569491.0000	33	41186.0000
20100811	電子期貨            	EXF    	B         	74	92342.0000	0	.0000	74	92342.0000	222	275385.0000	8	9914.0000	214	265471.0000
20100811	電子期貨            	EXF    	C         	725	903582.0000	1147	1427958.0000	-422	-524376.0000	2392	2967022.0000	3774	4681952.0000	-1382	-1714930.0000
20100811	金融期貨            	FXF    	A         	650	582298.0000	711	635876.0000	-61	-53578.0000	1083	961993.0000	874	776325.0000	209	185668.0000
20100811	金融期貨            	FXF    	B         	41	36477.0000	16	14307.0000	25	22170.0000	327	290834.0000	0	.0000	327	290834.0000
20100811	金融期貨            	FXF    	C         	417	373777.0000	315	282130.0000	102	91647.0000	1373	1220866.0000	4450	3957762.0000	-3077	-2736896.0000
20100811	櫃買期貨            	GTF    	A         	118	65540.0000	108	59982.0000	10	5558.0000	136	75019.0000	66	36363.0000	70	38656.0000
20100811	櫃買期貨            	GTF    	B         	0	.0000	0	.0000	0	.0000	0	.0000	20	11044.0000	-20	-11044.0000
20100811	櫃買期貨            	GTF    	C         	0	.0000	0	.0000	0	.0000	0	.0000	0	.0000	0	.0000
20100811	摩臺期              	MSF    	A         	7	6198.0000	6	5321.0000	1	876.0000	6	5289.0000	14	12337.0000	-8	-7048.0000
20100811	摩臺期              	MSF    	B         	0	.0000	0	.0000	0	.0000	0	.0000	0	.0000	0	.0000
20100811	摩臺期              	MSF    	C         	0	.0000	0	.0000	0	.0000	0	.0000	0	.0000	0	.0000
20100811	小型臺指            	MXF    	A         	7638	3011215.0000	9254	3643180.0000	-1616	-631965.0000	2460	964491.0000	4561	1786514.0000	-2101	-822023.0000
20100811	小型臺指            	MXF    	B         	0	.0000	0	.0000	0	.0000	2	786.0000	0	.0000	2	786.0000
20100811	小型臺指            	MXF    	C         	9255	3648723.0000	9236	3640504.0000	19	8219.0000	3034	1186217.0000	973	382118.0000	2061	804099.0000
20100811	股票期貨            	STF    	A         	2622	161477.0000	2738	171780.0000	-116	-10302.0000	5284	466378.0000	9276	774505.0000	-3992	-308127.0000
20100811	股票期貨            	STF    	B         	0	.0000	0	.0000	0	.0000	0	.0000	0	.0000	0	.0000
20100811	股票期貨            	STF    	C         	2	102.0000	2	102.0000	0	.0000	9	310.0000	822	68373.0000	-813	-68063.0000
20100811	臺灣50期貨          	T5F    	A         	0	.0000	1	537.0000	-1	-537.0000	2	1078.0000	3	1591.0000	-1	-513.0000
20100811	臺灣50期貨          	T5F    	B         	0	.0000	0	.0000	0	.0000	0	.0000	0	.0000	0	.0000
20100811	臺灣50期貨          	T5F    	C         	0	.0000	0	.0000	0	.0000	0	.0000	0	.0000	0	.0000
20100811	臺股期貨            	TXF    	A         	26583	41892350.0000	26964	42494223.0000	-381	-601873.0000	5122	8036502.0000	4686	7338903.0000	436	697599.0000
20100811	臺股期貨            	TXF    	B         	371	585281.0000	296	465917.0000	75	119364.0000	2676	4204354.0000	1656	2600948.0000	1020	1603406.0000
20100811	臺股期貨            	TXF    	C         	18929	29856507.0000	19595	30887093.0000	-666	-1030586.0000	30225	47390958.0000	26083	40962129.0000	4142	6428829.0000
20100811	非金電期貨          	XIF    	A         	251	247883.0000	270	266601.0000	-19	-18717.0000	204	201213.0000	138	136176.0000	66	65037.0000
20100811	非金電期貨          	XIF    	B         	0	.0000	0	.0000	0	.0000	28	27639.0000	0	.0000	28	27639.0000
20100811	非金電期貨          	XIF    	C         	180	177685.0000	144	142066.0000	36	35620.0000	407	401734.0000	471	464924.0000	-64	-63190.0000
20100812	電子期貨            	EXF    	A         	558	686248.0000	553	679750.0000	5	6498.0000	605	741753.0000	567	694527.0000	38	47226.0000
20100812	電子期貨            	EXF    	B         	1	1222.0000	2	2456.0000	-1	-1233.0000	223	273725.0000	10	12266.0000	213	261459.0000
20100812	電子期貨            	EXF    	C         	691	849362.0000	958	1177596.0000	-267	-328234.0000	2052	2518115.0000	3701	4543263.0000	-1649	-2025148.0000
20100812	金融期貨            	FXF    	A         	544	481225.0000	615	543655.0000	-71	-62430.0000	1023	909298.0000	885	786666.0000	138	122632.0000
20100812	金融期貨            	FXF    	B         	10	8900.0000	60	53139.0000	-50	-44239.0000	277	246585.0000	0	.0000	277	246585.0000
20100812	金融期貨            	FXF    	C         	329	291159.0000	465	411501.0000	-136	-120341.0000	1329	1182752.0000	4542	4043214.0000	-3213	-2860462.0000
20100812	櫃買期貨            	GTF    	A         	97	53756.0000	100	55422.0000	-3	-1666.0000	118	65504.0000	51	28263.0000	67	37241.0000
20100812	櫃買期貨            	GTF    	B         	0	.0000	0	.0000	0	.0000	0	.0000	20	11116.0000	-20	-11116.0000
20100812	櫃買期貨            	GTF    	C         	0	.0000	0	.0000	0	.0000	0	.0000	0	.0000	0	.0000
20100812	摩臺期              	MSF    	A         	0	.0000	0	.0000	0	.0000	6	5291.0000	14	12343.0000	-8	-7052.0000
20100812	摩臺期              	MSF    	B         	0	.0000	0	.0000	0	.0000	0	.0000	0	.0000	0	.0000
20100812	摩臺期              	MSF    	C         	0	.0000	0	.0000	0	.0000	0	.0000	0	.0000	0	.0000
20100812	小型臺指            	MXF    	A         	4009	1562029.0000	4963	1933176.0000	-954	-371147.0000	2411	938455.0000	4458	1733732.0000	-2047	-795277.0000
20100812	小型臺指            	MXF    	B         	0	.0000	0	.0000	0	.0000	2	780.0000	0	.0000	2	780.0000
20100812	小型臺指            	MXF    	C         	6474	2523222.0000	7213	2811529.0000	-739	-288307.0000	2866	1112710.0000	1236	482053.0000	1630	630657.0000
20100812	股票期貨            	STF    	A         	2460	154712.0000	2393	152309.0000	67	2403.0000	5665	479281.0000	9590	784916.0000	-3925	-305635.0000
20100812	股票期貨            	STF    	B         	0	.0000	0	.0000	0	.0000	0	.0000	0	.0000	0	.0000
20100812	股票期貨            	STF    	C         	0	.0000	0	.0000	0	.0000	9	314.0000	822	68233.0000	-813	-67919.0000
20100812	臺灣50期貨          	T5F    	A         	0	.0000	0	.0000	0	.0000	2	1068.0000	3	1576.0000	-1	-508.0000
20100812	臺灣50期貨          	T5F    	B         	0	.0000	0	.0000	0	.0000	0	.0000	0	.0000	0	.0000
20100812	臺灣50期貨          	T5F    	C         	0	.0000	0	.0000	0	.0000	0	.0000	0	.0000	0	.0000
20100812	臺股期貨            	TXF    	A         	19987	31161189.0000	18704	29156695.0000	1283	2004494.0000	6336	9875141.0000	4869	7572721.0000	1467	2302420.0000
20100812	臺股期貨            	TXF    	B         	304	474261.0000	308	480123.0000	-4	-5863.0000	2729	4257577.0000	1713	2671671.0000	1016	1585906.0000
20100812	臺股期貨            	TXF    	C         	14040	21885092.0000	16173	25217573.0000	-2133	-3332482.0000	30254	47096896.0000	28322	44169789.0000	1932	2927107.0000
20100812	非金電期貨          	XIF    	A         	253	247626.0000	232	227020.0000	21	20606.0000	207	202853.0000	120	117689.0000	87	85164.0000
20100812	非金電期貨          	XIF    	B         	0	.0000	0	.0000	0	.0000	28	27474.0000	0	.0000	28	27474.0000
20100812	非金電期貨          	XIF    	C         	66	64652.0000	90	88129.0000	-24	-23478.0000	382	374796.0000	470	461164.0000	-88	-86368.0000
20100813	電子期貨            	EXF    	A         	642	797275.0000	720	892866.0000	-78	-95591.0000	475	593224.0000	515	642858.0000	-40	-49634.0000
20100813	電子期貨            	EXF    	B         	1	1246.0000	45	55437.0000	-44	-54192.0000	224	280232.0000	55	68572.0000	169	211660.0000
20100813	電子期貨            	EXF    	C         	1335	1657662.0000	897	1114975.0000	438	542687.0000	2395	2995173.0000	3606	4511260.0000	-1211	-1516087.0000
20100813	金融期貨            	FXF    	A         	657	584001.0000	565	502038.0000	92	81963.0000	1222	1091672.0000	992	886198.0000	230	205474.0000
20100813	金融期貨            	FXF    	B         	0	.0000	0	.0000	0	.0000	277	247749.0000	0	.0000	277	247749.0000
20100813	金融期貨            	FXF    	C         	527	468190.0000	641	569620.0000	-114	-101430.0000	1209	1081093.0000	4536	4056944.0000	-3327	-2975851.0000
20100813	櫃買期貨            	GTF    	A         	243	137340.0000	251	141897.0000	-8	-4557.0000	105	59861.0000	46	26165.0000	59	33696.0000
20100813	櫃買期貨            	GTF    	B         	0	.0000	0	.0000	0	.0000	0	.0000	20	11420.0000	-20	-11420.0000
20100813	櫃買期貨            	GTF    	C         	0	.0000	0	.0000	0	.0000	0	.0000	0	.0000	0	.0000
20100813	摩臺期              	MSF    	A         	0	.0000	0	.0000	0	.0000	6	5338.0000	14	12451.0000	-8	-7113.0000
20100813	摩臺期              	MSF    	B         	0	.0000	0	.0000	0	.0000	0	.0000	0	.0000	0	.0000
20100813	摩臺期              	MSF    	C         	0	.0000	0	.0000	0	.0000	0	.0000	0	.0000	0	.0000
20100813	小型臺指            	MXF    	A         	6223	2444420.0000	4729	1859725.0000	1494	584695.0000	2727	1077202.0000	3388	1335815.0000	-661	-258613.0000
20100813	小型臺指            	MXF    	B         	0	.0000	0	.0000	0	.0000	2	791.0000	0	.0000	2	791.0000
20100813	小型臺指            	MXF    	C         	7460	2930620.0000	6830	2684508.0000	630	246112.0000	3043	1198445.0000	1191	471219.0000	1852	727226.0000
20100813	股票期貨            	STF    	A         	2724	176891.0000	2497	168976.0000	227	7915.0000	6075	504624.0000	9773	803619.0000	-3698	-298995.0000
20100813	股票期貨            	STF    	B         	0	.0000	0	.0000	0	.0000	0	.0000	0	.0000	0	.0000
20100813	股票期貨            	STF    	C         	0	.0000	0	.0000	0	.0000	9	310.0000	822	68595.0000	-813	-68285.0000
20100813	臺灣50期貨          	T5F    	A         	0	.0000	0	.0000	0	.0000	2	1078.0000	3	1578.0000	-1	-500.0000
20100813	臺灣50期貨          	T5F    	B         	0	.0000	0	.0000	0	.0000	0	.0000	0	.0000	0	.0000
20100813	臺灣50期貨          	T5F    	C         	0	.0000	0	.0000	0	.0000	0	.0000	0	.0000	0	.0000
20100813	臺股期貨            	TXF    	A         	25140	39559877.0000	23643	37217759.0000	1497	2342118.0000	7368	11652417.0000	4377	6904338.0000	2991	4748079.0000
20100813	臺股期貨            	TXF    	B         	177	277963.0000	77	121326.0000	100	156637.0000	2727	4315541.0000	1611	2548548.0000	1116	1766993.0000
20100813	臺股期貨            	TXF    	C         	18522	29090696.0000	17607	27674223.0000	915	1416473.0000	32034	50572227.0000	29085	46006008.0000	2949	4566219.0000
20100813	非金電期貨          	XIF    	A         	249	245071.0000	275	270755.0000	-26	-25684.0000	192	190446.0000	131	129987.0000	61	60459.0000
20100813	非金電期貨          	XIF    	B         	0	.0000	0	.0000	0	.0000	28	27807.0000	0	.0000	28	27807.0000
20100813	非金電期貨          	XIF    	C         	134	131924.0000	103	101473.0000	31	30451.0000	413	410133.0000	470	466757.0000	-57	-56624.0000
20100816	電子期貨            	EXF    	A         	775	966090.0000	552	686841.0000	223	279249.0000	669	838588.0000	486	607803.0000	183	230785.0000
20100816	電子期貨            	EXF    	B         	110	136463.0000	51	63733.0000	59	72730.0000	283	354580.0000	55	68790.0000	228	285790.0000
20100816	電子期貨            	EXF    	C         	1199	1491082.0000	1123	1395752.0000	76	95330.0000	2608	3269885.0000	3742	4693545.0000	-1134	-1423660.0000
20100816	金融期貨            	FXF    	A         	691	615816.0000	523	466210.0000	168	149606.0000	1280	1145680.0000	882	789313.0000	398	356367.0000
20100816	金融期貨            	FXF    	B         	0	.0000	100	89484.0000	-100	-89484.0000	177	158592.0000	0	.0000	177	158592.0000
20100816	金融期貨            	FXF    	C         	1016	906478.0000	1180	1051152.0000	-164	-144674.0000	1341	1201196.0000	4832	4328862.0000	-3491	-3127666.0000
20100816	櫃買期貨            	GTF    	A         	215	122913.0000	219	125166.0000	-4	-2253.0000	104	59570.0000	49	28015.0000	55	31555.0000
20100816	櫃買期貨            	GTF    	B         	0	.0000	0	.0000	0	.0000	0	.0000	20	11472.0000	-20	-11472.0000
20100816	櫃買期貨            	GTF    	C         	0	.0000	0	.0000	0	.0000	0	.0000	0	.0000	0	.0000
20100816	摩臺期              	MSF    	A         	1	895.0000	1	895.0000	0	.0000	6	5368.0000	14	12521.0000	-8	-7153.0000
20100816	摩臺期              	MSF    	B         	0	.0000	0	.0000	0	.0000	0	.0000	0	.0000	0	.0000
20100816	摩臺期              	MSF    	C         	0	.0000	0	.0000	0	.0000	0	.0000	0	.0000	0	.0000
20100816	小型臺指            	MXF    	A         	6284	2481862.0000	5654	2230817.0000	630	251046.0000	3187	1264363.0000	2722	1077153.0000	465	187210.0000
20100816	小型臺指            	MXF    	B         	0	.0000	0	.0000	0	.0000	2	795.0000	0	.0000	2	795.0000
20100816	小型臺指            	MXF    	C         	6265	2472890.0000	6363	2509448.0000	-98	-36558.0000	3139	1242297.0000	957	380216.0000	2182	862081.0000
20100816	股票期貨            	STF    	A         	3139	204635.0000	3440	221823.0000	-301	-17189.0000	6082	514351.0000	10081	831191.0000	-3999	-316840.0000
20100816	股票期貨            	STF    	B         	0	.0000	0	.0000	0	.0000	0	.0000	0	.0000	0	.0000
20100816	股票期貨            	STF    	C         	42	3226.0000	33	1798.0000	9	1428.0000	8	193.0000	812	67168.0000	-804	-66975.0000
20100816	臺灣50期貨          	T5F    	A         	0	.0000	0	.0000	0	.0000	2	1088.0000	3	1574.0000	-1	-486.0000
20100816	臺灣50期貨          	T5F    	B         	0	.0000	0	.0000	0	.0000	0	.0000	0	.0000	0	.0000
20100816	臺灣50期貨          	T5F    	C         	0	.0000	0	.0000	0	.0000	0	.0000	0	.0000	0	.0000
20100816	臺股期貨            	TXF    	A         	19856	31388137.0000	21052	33271970.0000	-1196	-1883832.0000	6870	10910764.0000	5209	8253752.0000	1661	2657012.0000
20100816	臺股期貨            	TXF    	B         	1184	1869523.0000	1011	1598644.0000	173	270879.0000	2717	4313988.0000	1429	2269325.0000	1288	2044663.0000
20100816	臺股期貨            	TXF    	C         	24909	39295603.0000	23734	37455061.0000	1175	1840542.0000	33411	52955806.0000	29394	46671700.0000	4017	6284106.0000
20100816	非金電期貨          	XIF    	A         	423	420737.0000	380	377923.0000	43	42815.0000	251	250661.0000	147	146789.0000	104	103872.0000
20100816	非金電期貨          	XIF    	B         	0	.0000	0	.0000	0	.0000	28	27983.0000	0	.0000	28	27983.0000
20100816	非金電期貨          	XIF    	C         	30	29896.0000	98	97709.0000	-68	-67813.0000	404	403735.0000	529	528683.0000	-125	-124948.0000
20100817	電子期貨            	EXF    	A         	1026	1282389.0000	1009	1265354.0000	17	17036.0000	712	887463.0000	512	639551.0000	200	247912.0000
20100817	電子期貨            	EXF    	B         	70	87336.0000	63	79006.0000	7	8330.0000	283	353102.0000	48	59835.0000	235	293267.0000
20100817	電子期貨            	EXF    	C         	4410	5523034.0000	4552	5692916.0000	-142	-169881.0000	2904	3621828.0000	4180	5212188.0000	-1276	-1590360.0000
20100817	金融期貨            	FXF    	A         	595	531754.0000	628	562296.0000	-33	-30542.0000	1058	942690.0000	693	617431.0000	365	325259.0000
20100817	金融期貨            	FXF    	B         	86	76549.0000	86	76741.0000	0	-191.0000	177	157748.0000	0	.0000	177	157748.0000
20100817	金融期貨            	FXF    	C         	2528	2261902.0000	2444	2183151.0000	84	78752.0000	1415	1261056.0000	4822	4297616.0000	-3407	-3036560.0000
20100817	櫃買期貨            	GTF    	A         	226	130264.0000	242	139499.0000	-16	-9235.0000	132	76019.0000	93	53556.0000	39	22463.0000
20100817	櫃買期貨            	GTF    	B         	0	.0000	0	.0000	0	.0000	0	.0000	20	11520.0000	-20	-11520.0000
20100817	櫃買期貨            	GTF    	C         	0	.0000	0	.0000	0	.0000	0	.0000	0	.0000	0	.0000
20100817	摩臺期              	MSF    	A         	1	891.0000	1	891.0000	0	.0000	6	5344.0000	14	12467.0000	-8	-7123.0000
20100817	摩臺期              	MSF    	B         	0	.0000	0	.0000	0	.0000	0	.0000	0	.0000	0	.0000
20100817	摩臺期              	MSF    	C         	0	.0000	0	.0000	0	.0000	0	.0000	0	.0000	0	.0000
20100817	小型臺指            	MXF    	A         	4697	1865097.0000	3939	1563086.0000	758	302011.0000	3842	1523286.0000	2439	963918.0000	1403	559368.0000
20100817	小型臺指            	MXF    	B         	0	.0000	0	.0000	0	.0000	2	794.0000	0	.0000	2	794.0000
20100817	小型臺指            	MXF    	C         	5168	2052140.0000	4675	1856896.0000	493	195243.0000	3255	1287241.0000	776	307812.0000	2479	979429.0000
20100817	股票期貨            	STF    	A         	1680	130277.0000	2228	167429.0000	-548	-37153.0000	5852	497109.0000	10399	849832.0000	-4547	-352723.0000
20100817	股票期貨            	STF    	B         	0	.0000	0	.0000	0	.0000	0	.0000	0	.0000	0	.0000
20100817	股票期貨            	STF    	C         	141	23821.0000	61	2510.0000	80	21311.0000	100	19752.0000	824	65066.0000	-724	-45314.0000
20100817	臺灣50期貨          	T5F    	A         	0	.0000	0	.0000	0	.0000	2	1080.0000	3	1562.0000	-1	-482.0000
20100817	臺灣50期貨          	T5F    	B         	0	.0000	0	.0000	0	.0000	0	.0000	0	.0000	0	.0000
20100817	臺灣50期貨          	T5F    	C         	0	.0000	0	.0000	0	.0000	0	.0000	0	.0000	0	.0000
20100817	臺股期貨            	TXF    	A         	15443	24535798.0000	16039	25479864.0000	-596	-944067.0000	6577	10433681.0000	5557	8795240.0000	1020	1638441.0000
20100817	臺股期貨            	TXF    	B         	964	1527936.0000	1005	1597556.0000	-41	-69620.0000	2719	4309183.0000	1472	2335411.0000	1247	1973772.0000
20100817	臺股期貨            	TXF    	C         	25421	40370362.0000	23989	38082432.0000	1432	2287930.0000	34308	54320756.0000	28781	45633768.0000	5527	8686988.0000
20100817	非金電期貨          	XIF    	A         	455	455339.0000	460	460353.0000	-5	-5014.0000	215	215133.0000	116	116057.0000	99	99076.0000
20100817	非金電期貨          	XIF    	B         	5	5003.0000	5	5006.0000	0	-3.0000	28	28017.0000	0	.0000	28	28017.0000
20100817	非金電期貨          	XIF    	C         	59	59079.0000	62	62041.0000	-3	-2962.0000	404	404234.0000	532	532322.0000	-128	-128088.0000
20100818	電子期貨            	EXF    	A         	1132	1416643.0000	1046	1307154.0000	86	109490.0000	183	227301.0000	105	130464.0000	78	96837.0000
20100818	電子期貨            	EXF    	B         	155	193440.0000	97	121607.0000	58	71833.0000	335	416807.0000	40	49768.0000	295	367039.0000
20100818	電子期貨            	EXF    	C         	1116	1394036.0000	1488	1857508.0000	-372	-463472.0000	2114	2630239.0000	3493	4345991.0000	-1379	-1715752.0000
20100818	金融期貨            	FXF    	A         	1212	1074703.0000	1222	1083504.0000	-10	-8801.0000	285	250612.0000	314	276454.0000	-29	-25842.0000
20100818	金融期貨            	FXF    	B         	91	80221.0000	91	80461.0000	0	-240.0000	177	155972.0000	0	.0000	177	155972.0000
20100818	金融期貨            	FXF    	C         	2499	2220069.0000	2724	2415243.0000	-225	-195174.0000	1140	1004568.0000	3656	3221667.0000	-2516	-2217099.0000
20100818	櫃買期貨            	GTF    	A         	125	72197.0000	98	56536.0000	27	15660.0000	58	33290.0000	67	38456.0000	-9	-5166.0000
20100818	櫃買期貨            	GTF    	B         	0	.0000	0	.0000	0	.0000	0	.0000	0	.0000	0	.0000
20100818	櫃買期貨            	GTF    	C         	0	.0000	0	.0000	0	.0000	0	.0000	0	.0000	0	.0000
20100818	摩臺期              	MSF    	A         	0	.0000	0	.0000	0	.0000	0	.0000	1	881.0000	-1	-881.0000
20100818	摩臺期              	MSF    	B         	0	.0000	0	.0000	0	.0000	0	.0000	0	.0000	0	.0000
20100818	摩臺期              	MSF    	C         	0	.0000	0	.0000	0	.0000	0	.0000	0	.0000	0	.0000
20100818	小型臺指            	MXF    	A         	6200	2454667.0000	7873	3116561.0000	-1673	-661894.0000	742	291142.0000	1625	638281.0000	-883	-347139.0000
20100818	小型臺指            	MXF    	B         	2	792.0000	2	795.0000	0	-3.0000	2	788.0000	0	.0000	2	788.0000
20100818	小型臺指            	MXF    	C         	5894	2331811.0000	6479	2561689.0000	-585	-229879.0000	1766	692884.0000	851	335166.0000	915	357718.0000
20100818	股票期貨            	STF    	A         	2407	214855.0000	2659	242275.0000	-252	-27420.0000	2272	177189.0000	5761	436970.0000	-3489	-259781.0000
20100818	股票期貨            	STF    	B         	0	.0000	0	.0000	0	.0000	0	.0000	0	.0000	0	.0000
20100818	股票期貨            	STF    	C         	124	13025.0000	96	7076.0000	28	5949.0000	169	28967.0000	318	17654.0000	-149	11313.0000
20100818	臺灣50期貨          	T5F    	A         	0	.0000	0	.0000	0	.0000	2	1076.0000	2	1029.0000	0	47.0000
20100818	臺灣50期貨          	T5F    	B         	0	.0000	0	.0000	0	.0000	0	.0000	0	.0000	0	.0000
20100818	臺灣50期貨          	T5F    	C         	0	.0000	0	.0000	0	.0000	0	.0000	0	.0000	0	.0000
20100818	臺股期貨            	TXF    	A         	24485	38779760.0000	25938	41103165.0000	-1453	-2323405.0000	2722	4285295.0000	3852	6057422.0000	-1130	-1772127.0000
20100818	臺股期貨            	TXF    	B         	1745	2761981.0000	1695	2687480.0000	50	74501.0000	2724	4291390.0000	1119	1762873.0000	1605	2528517.0000
20100818	臺股期貨            	TXF    	C         	26538	42007614.0000	29103	46038545.0000	-2565	-4030932.0000	25427	40010308.0000	22585	35579916.0000	2842	4430392.0000
20100818	非金電期貨          	XIF    	A         	512	511274.0000	475	474290.0000	37	36985.0000	128	127225.0000	45	44669.0000	83	82556.0000
20100818	非金電期貨          	XIF    	B         	24	23853.0000	23	22989.0000	1	864.0000	29	28835.0000	0	.0000	29	28835.0000
20100818	非金電期貨          	XIF    	C         	190	189450.0000	188	187597.0000	2	1853.0000	27	26801.0000	59	58664.0000	-32	-31863.0000
20100819	電子期貨            	EXF    	A         	540	678101.0000	673	844538.0000	-133	-166437.0000	231	290656.0000	286	360194.0000	-55	-69538.0000
20100819	電子期貨            	EXF    	B         	3	3751.0000	1	1261.0000	2	2490.0000	334	420840.0000	37	46620.0000	297	374220.0000
20100819	電子期貨            	EXF    	C         	1036	1300480.0000	943	1183749.0000	93	116731.0000	2119	2669940.0000	3405	4290300.0000	-1286	-1620360.0000
20100819	金融期貨            	FXF    	A         	587	510781.0000	956	831322.0000	-369	-320542.0000	258	223769.0000	656	570749.0000	-398	-346980.0000
20100819	金融期貨            	FXF    	B         	0	.0000	0	.0000	0	.0000	177	154061.0000	0	.0000	177	154061.0000
20100819	金融期貨            	FXF    	C         	668	581088.0000	957	833670.0000	-289	-252582.0000	1153	1003571.0000	3958	3445043.0000	-2805	-2441472.0000
20100819	櫃買期貨            	GTF    	A         	38	21927.0000	97	56066.0000	-59	-34139.0000	52	29992.0000	120	69214.0000	-68	-39222.0000
20100819	櫃買期貨            	GTF    	B         	0	.0000	0	.0000	0	.0000	0	.0000	0	.0000	0	.0000
20100819	櫃買期貨            	GTF    	C         	0	.0000	0	.0000	0	.0000	0	.0000	0	.0000	0	.0000
20100819	摩臺期              	MSF    	A         	1	890.0000	1	890.0000	0	.0000	0	.0000	1	890.0000	-1	-890.0000
20100819	摩臺期              	MSF    	B         	0	.0000	0	.0000	0	.0000	0	.0000	0	.0000	0	.0000
20100819	摩臺期              	MSF    	C         	0	.0000	0	.0000	0	.0000	0	.0000	0	.0000	0	.0000
20100819	小型臺指            	MXF    	A         	6125	2414915.0000	5529	2178658.0000	596	236257.0000	1255	495417.0000	1678	662107.0000	-423	-166690.0000
20100819	小型臺指            	MXF    	B         	0	.0000	0	.0000	0	.0000	2	792.0000	0	.0000	2	792.0000
20100819	小型臺指            	MXF    	C         	5745	2264787.0000	5296	2088251.0000	449	176535.0000	2140	844143.0000	720	285048.0000	1420	559095.0000
20100819	股票期貨            	STF    	A         	1426	89061.0000	1634	126618.0000	-208	-37557.0000	2351	188739.0000	6048	487247.0000	-3697	-298508.0000
20100819	股票期貨            	STF    	B         	0	.0000	0	.0000	0	.0000	0	.0000	0	.0000	0	.0000
20100819	股票期貨            	STF    	C         	8	338.0000	105	4779.0000	-97	-4440.0000	175	29719.0000	421	22254.0000	-246	7465.0000
20100819	臺灣50期貨          	T5F    	A         	0	.0000	0	.0000	0	.0000	2	1055.0000	2	1036.0000	0	19.0000
20100819	臺灣50期貨          	T5F    	B         	0	.0000	0	.0000	0	.0000	0	.0000	0	.0000	0	.0000
20100819	臺灣50期貨          	T5F    	C         	0	.0000	0	.0000	0	.0000	0	.0000	0	.0000	0	.0000
20100819	臺股期貨            	TXF    	A         	18121	28596408.0000	17791	28063877.0000	330	532531.0000	2945	4659762.0000	3711	5862875.0000	-766	-1203113.0000
20100819	臺股期貨            	TXF    	B         	80	126394.0000	86	135569.0000	-6	-9176.0000	2744	4345398.0000	1145	1813222.0000	1599	2532176.0000
20100819	臺股期貨            	TXF    	C         	10381	16379135.0000	9000	14203100.0000	1381	2176035.0000	26672	42180414.0000	22463	35571775.0000	4209	6608639.0000
20100819	非金電期貨          	XIF    	A         	193	191153.0000	247	244598.0000	-54	-53445.0000	148	146845.0000	119	118020.0000	29	28825.0000
20100819	非金電期貨          	XIF    	B         	0	.0000	0	.0000	0	.0000	29	28783.0000	0	.0000	29	28783.0000
20100819	非金電期貨          	XIF    	C         	23	22797.0000	30	29714.0000	-7	-6918.0000	33	32708.0000	72	71460.0000	-39	-38752.0000
20100820	電子期貨            	EXF    	A         	427	533762.0000	289	361487.0000	138	172275.0000	270	336464.0000	187	233124.0000	83	103340.0000
20100820	電子期貨            	EXF    	B         	33	41373.0000	0	.0000	33	41373.0000	351	437908.0000	21	26200.0000	330	411708.0000
20100820	電子期貨            	EXF    	C         	490	613155.0000	1050	1312199.0000	-560	-699045.0000	2170	2707292.0000	4016	5010362.0000	-1846	-2303070.0000
20100820	金融期貨            	FXF    	A         	380	331120.0000	268	233304.0000	112	97816.0000	305	265299.0000	591	515146.0000	-286	-249847.0000
20100820	金融期貨            	FXF    	B         	0	.0000	0	.0000	0	.0000	177	154344.0000	0	.0000	177	154344.0000
20100820	金融期貨            	FXF    	C         	453	394364.0000	644	560912.0000	-191	-166548.0000	1086	946992.0000	4082	3559504.0000	-2996	-2612512.0000
20100820	櫃買期貨            	GTF    	A         	215	122747.0000	190	108384.0000	25	14364.0000	77	43991.0000	120	68570.0000	-43	-24579.0000
20100820	櫃買期貨            	GTF    	B         	0	.0000	0	.0000	0	.0000	0	.0000	0	.0000	0	.0000
20100820	櫃買期貨            	GTF    	C         	0	.0000	0	.0000	0	.0000	0	.0000	0	.0000	0	.0000
20100820	摩臺期              	MSF    	A         	0	.0000	0	.0000	0	.0000	0	.0000	1	887.0000	-1	-887.0000
20100820	摩臺期              	MSF    	B         	0	.0000	0	.0000	0	.0000	0	.0000	0	.0000	0	.0000
20100820	摩臺期              	MSF    	C         	0	.0000	0	.0000	0	.0000	0	.0000	0	.0000	0	.0000
20100820	小型臺指            	MXF    	A         	3277	1291136.0000	3944	1553262.0000	-667	-262126.0000	1038	408241.0000	2188	861048.0000	-1150	-452807.0000
20100820	小型臺指            	MXF    	B         	0	.0000	1	394.0000	-1	-394.0000	1	394.0000	0	.0000	1	394.0000
20100820	小型臺指            	MXF    	C         	4273	1683298.0000	4784	1884875.0000	-511	-201577.0000	2104	827161.0000	1151	453954.0000	953	373207.0000
20100820	股票期貨            	STF    	A         	2008	144759.0000	2006	169852.0000	2	-25094.0000	2633	211636.0000	6328	536375.0000	-3695	-324739.0000
20100820	股票期貨            	STF    	B         	0	.0000	0	.0000	0	.0000	0	.0000	0	.0000	0	.0000
20100820	股票期貨            	STF    	C         	2	77.0000	56	4337.0000	-54	-4260.0000	175	29815.0000	475	26949.0000	-300	2866.0000
20100820	臺灣50期貨          	T5F    	A         	0	.0000	0	.0000	0	.0000	2	1052.0000	2	1033.0000	0	19.0000
20100820	臺灣50期貨          	T5F    	B         	0	.0000	0	.0000	0	.0000	0	.0000	0	.0000	0	.0000
20100820	臺灣50期貨          	T5F    	C         	0	.0000	0	.0000	0	.0000	0	.0000	0	.0000	0	.0000
20100820	臺股期貨            	TXF    	A         	9844	15515118.0000	10500	16545399.0000	-656	-1030280.0000	2537	3999260.0000	3944	6210337.0000	-1407	-2211077.0000
20100820	臺股期貨            	TXF    	B         	30	47318.0000	105	165539.0000	-75	-118221.0000	2724	4297382.0000	1200	1893120.0000	1524	2404262.0000
20100820	臺股期貨            	TXF    	C         	8243	12991865.0000	8930	14073343.0000	-687	-1081479.0000	26419	41630469.0000	22908	36138926.0000	3511	5491543.0000
20100820	非金電期貨          	XIF    	A         	131	129732.0000	191	189343.0000	-60	-59611.0000	114	113672.0000	145	144532.0000	-31	-30860.0000
20100820	非金電期貨          	XIF    	B         	0	.0000	0	.0000	0	.0000	29	28936.0000	0	.0000	29	28936.0000
20100820	非金電期貨          	XIF    	C         	13	12854.0000	4	3974.0000	9	8880.0000	33	32882.0000	63	62861.0000	-30	-29979.0000
20100823	電子期貨            	EXF    	A         	619	777634.0000	503	631322.0000	116	146312.0000	380	475135.0000	181	226309.0000	199	248826.0000
20100823	電子期貨            	EXF    	B         	0	.0000	0	.0000	0	.0000	351	439241.0000	21	26279.0000	330	412962.0000
20100823	電子期貨            	EXF    	C         	823	1033380.0000	508	637638.0000	315	395742.0000	2319	2901997.0000	3850	4817890.0000	-1531	-1915893.0000
20100823	金融期貨            	FXF    	A         	847	751187.0000	706	626314.0000	141	124873.0000	353	313884.0000	498	443684.0000	-145	-129800.0000
20100823	金融期貨            	FXF    	B         	2	1782.0000	0	.0000	2	1782.0000	179	159561.0000	0	.0000	179	159561.0000
20100823	金融期貨            	FXF    	C         	1206	1067051.0000	1045	925703.0000	161	141348.0000	1446	1288957.0000	4281	3816083.0000	-2835	-2527126.0000
20100823	櫃買期貨            	GTF    	A         	281	161498.0000	257	147714.0000	24	13784.0000	70	40098.0000	89	50980.0000	-19	-10882.0000
20100823	櫃買期貨            	GTF    	B         	0	.0000	0	.0000	0	.0000	0	.0000	0	.0000	0	.0000
20100823	櫃買期貨            	GTF    	C         	0	.0000	0	.0000	0	.0000	0	.0000	0	.0000	0	.0000
20100823	摩臺期              	MSF    	A         	0	.0000	0	.0000	0	.0000	0	.0000	1	894.0000	-1	-894.0000
20100823	摩臺期              	MSF    	B         	0	.0000	0	.0000	0	.0000	0	.0000	0	.0000	0	.0000
20100823	摩臺期              	MSF    	C         	0	.0000	0	.0000	0	.0000	0	.0000	0	.0000	0	.0000
20100823	小型臺指            	MXF    	A         	7136	2838429.0000	6104	2429323.0000	1032	409106.0000	1379	546987.0000	2301	912858.0000	-922	-365871.0000
20100823	小型臺指            	MXF    	B         	0	.0000	0	.0000	0	.0000	1	398.0000	0	.0000	1	398.0000
20100823	小型臺指            	MXF    	C         	6642	2642467.0000	7286	2898590.0000	-644	-256123.0000	2286	906072.0000	1065	423373.0000	1221	482699.0000
20100823	股票期貨            	STF    	A         	2446	214633.0000	2284	223743.0000	162	-9111.0000	2996	233807.0000	6529	569149.0000	-3533	-335342.0000
20100823	股票期貨            	STF    	B         	0	.0000	0	.0000	0	.0000	0	.0000	0	.0000	0	.0000
20100823	股票期貨            	STF    	C         	34	1957.0000	76	4916.0000	-42	-2959.0000	192	30856.0000	534	31598.0000	-342	-742.0000
20100823	臺灣50期貨          	T5F    	A         	0	.0000	0	.0000	0	.0000	2	1059.0000	2	1040.0000	0	19.0000
20100823	臺灣50期貨          	T5F    	B         	0	.0000	0	.0000	0	.0000	0	.0000	0	.0000	0	.0000
20100823	臺灣50期貨          	T5F    	C         	0	.0000	0	.0000	0	.0000	0	.0000	0	.0000	0	.0000
20100823	臺股期貨            	TXF    	A         	19743	31427594.0000	19730	31406198.0000	13	21395.0000	3250	5164414.0000	4443	7052581.0000	-1193	-1888167.0000
20100823	臺股期貨            	TXF    	B         	148	235420.0000	59	94102.0000	89	141318.0000	2786	4430297.0000	1173	1865305.0000	1613	2564992.0000
20100823	臺股期貨            	TXF    	C         	14814	23567474.0000	15249	24283061.0000	-435	-715587.0000	28888	45887132.0000	26039	41406369.0000	2849	4480763.0000
20100823	非金電期貨          	XIF    	A         	377	379614.0000	279	280322.0000	98	99292.0000	187	188257.0000	120	120716.0000	67	67541.0000
20100823	非金電期貨          	XIF    	B         	0	.0000	0	.0000	0	.0000	29	29209.0000	0	.0000	29	29209.0000
20100823	非金電期貨          	XIF    	C         	59	59406.0000	281	283344.0000	-222	-223938.0000	8	8013.0000	260	261872.0000	-252	-253859.0000
20100824	電子期貨            	EXF    	A         	506	630934.0000	674	841096.0000	-168	-210163.0000	258	319371.0000	227	281079.0000	31	38292.0000
20100824	電子期貨            	EXF    	B         	2	2480.0000	0	.0000	2	2480.0000	353	437579.0000	21	26032.0000	332	411547.0000
20100824	電子期貨            	EXF    	C         	981	1222982.0000	790	984218.0000	191	238764.0000	2327	2884549.0000	3667	4545613.0000	-1340	-1661064.0000
20100824	金融期貨            	FXF    	A         	459	409633.0000	525	467906.0000	-66	-58273.0000	323	286282.0000	534	473970.0000	-211	-187688.0000
20100824	金融期貨            	FXF    	B         	0	.0000	2	1783.0000	-2	-1783.0000	177	157176.0000	0	.0000	177	157176.0000
20100824	金融期貨            	FXF    	C         	559	498464.0000	690	615089.0000	-131	-116625.0000	1437	1276051.0000	4403	3909864.0000	-2966	-2633813.0000
20100824	櫃買期貨            	GTF    	A         	196	112563.0000	183	105110.0000	13	7453.0000	62	35443.0000	68	38872.0000	-6	-3429.0000
20100824	櫃買期貨            	GTF    	B         	0	.0000	0	.0000	0	.0000	0	.0000	0	.0000	0	.0000
20100824	櫃買期貨            	GTF    	C         	0	.0000	0	.0000	0	.0000	0	.0000	0	.0000	0	.0000
20100824	摩臺期              	MSF    	A         	0	.0000	0	.0000	0	.0000	0	.0000	1	886.0000	-1	-886.0000
20100824	摩臺期              	MSF    	B         	0	.0000	0	.0000	0	.0000	0	.0000	0	.0000	0	.0000
20100824	摩臺期              	MSF    	C         	0	.0000	0	.0000	0	.0000	0	.0000	0	.0000	0	.0000
20100824	小型臺指            	MXF    	A         	4756	1884030.0000	7158	2832398.0000	-2402	-948368.0000	1029	404562.0000	4017	1581374.0000	-2988	-1176812.0000
20100824	小型臺指            	MXF    	B         	0	.0000	0	.0000	0	.0000	1	394.0000	0	.0000	1	394.0000
20100824	小型臺指            	MXF    	C         	6292	2492327.0000	6778	2684824.0000	-486	-192498.0000	2014	791441.0000	1135	447426.0000	879	344015.0000
20100824	股票期貨            	STF    	A         	1909	177158.0000	2396	238764.0000	-487	-61607.0000	2978	234044.0000	6998	628594.0000	-4020	-394550.0000
20100824	股票期貨            	STF    	B         	0	.0000	0	.0000	0	.0000	0	.0000	0	.0000	0	.0000
20100824	股票期貨            	STF    	C         	21	1572.0000	26	1653.0000	-5	-81.0000	196	30460.0000	543	31945.0000	-347	-1485.0000
20100824	臺灣50期貨          	T5F    	A         	0	.0000	0	.0000	0	.0000	2	1052.0000	2	1033.0000	0	19.0000
20100824	臺灣50期貨          	T5F    	B         	0	.0000	0	.0000	0	.0000	0	.0000	0	.0000	0	.0000
20100824	臺灣50期貨          	T5F    	C         	0	.0000	0	.0000	0	.0000	0	.0000	0	.0000	0	.0000
20100824	臺股期貨            	TXF    	A         	18068	28618755.0000	17996	28495019.0000	72	123737.0000	3256	5131339.0000	4461	7022463.0000	-1205	-1891124.0000
20100824	臺股期貨            	TXF    	B         	113	178789.0000	96	151888.0000	17	26902.0000	2840	4478680.0000	1210	1908170.0000	1630	2570510.0000
20100824	臺股期貨            	TXF    	C         	10440	16540094.0000	13715	21732071.0000	-3275	-5191977.0000	28362	44679715.0000	28824	45454627.0000	-462	-774912.0000
20100824	非金電期貨          	XIF    	A         	409	409205.0000	336	336267.0000	73	72939.0000	260	259637.0000	120	119774.0000	140	139863.0000
20100824	非金電期貨          	XIF    	B         	0	.0000	0	.0000	0	.0000	29	28971.0000	0	.0000	29	28971.0000
20100824	非金電期貨          	XIF    	C         	114	113917.0000	93	93169.0000	21	20748.0000	1	999.0000	232	231768.0000	-231	-230769.0000
20100825	電子期貨            	EXF    	A         	550	671896.0000	653	799497.0000	-103	-127602.0000	202	244729.0000	274	332191.0000	-72	-87462.0000
20100825	電子期貨            	EXF    	B         	1	1214.0000	100	121740.0000	-99	-120526.0000	354	429614.0000	121	146846.0000	233	282768.0000
20100825	電子期貨            	EXF    	C         	936	1147028.0000	1129	1382764.0000	-193	-235736.0000	2414	2929630.0000	3947	4790079.0000	-1533	-1860449.0000
20100825	金融期貨            	FXF    	A         	604	522738.0000	733	634553.0000	-129	-111815.0000	288	245684.0000	628	536803.0000	-340	-291119.0000
20100825	金融期貨            	FXF    	B         	1	855.0000	0	.0000	1	855.0000	178	152226.0000	0	.0000	178	152226.0000
20100825	金融期貨            	FXF    	C         	1095	947983.0000	1561	1353697.0000	-466	-405714.0000	1273	1088666.0000	4705	4023716.0000	-3432	-2935050.0000
20100825	櫃買期貨            	GTF    	A         	244	137761.0000	187	105382.0000	57	32379.0000	106	59237.0000	55	30737.0000	51	28500.0000
20100825	櫃買期貨            	GTF    	B         	0	.0000	0	.0000	0	.0000	0	.0000	0	.0000	0	.0000
20100825	櫃買期貨            	GTF    	C         	0	.0000	0	.0000	0	.0000	0	.0000	0	.0000	0	.0000
20100825	摩臺期              	MSF    	A         	1	868.0000	1	868.0000	0	.0000	0	.0000	1	868.0000	-1	-868.0000
20100825	摩臺期              	MSF    	B         	0	.0000	0	.0000	0	.0000	0	.0000	0	.0000	0	.0000
20100825	摩臺期              	MSF    	C         	0	.0000	0	.0000	0	.0000	0	.0000	0	.0000	0	.0000
20100825	小型臺指            	MXF    	A         	8634	3343993.0000	12906	5006068.0000	-4272	-1662075.0000	1141	437197.0000	6529	2503457.0000	-5388	-2066260.0000
20100825	小型臺指            	MXF    	B         	0	.0000	0	.0000	0	.0000	1	384.0000	0	.0000	1	384.0000
20100825	小型臺指            	MXF    	C         	11100	4300040.0000	12331	4780624.0000	-1231	-480584.0000	1747	668151.0000	1503	577098.0000	244	91053.0000
20100825	股票期貨            	STF    	A         	1961	169626.0000	2504	188896.0000	-543	-19270.0000	2659	233973.0000	7222	640494.0000	-4563	-406521.0000
20100825	股票期貨            	STF    	B         	0	.0000	0	.0000	0	.0000	0	.0000	0	.0000	0	.0000
20100825	股票期貨            	STF    	C         	30	1901.0000	90	3859.0000	-60	-1958.0000	210	30867.0000	617	33678.0000	-407	-2811.0000
20100825	臺灣50期貨          	T5F    	A         	0	.0000	0	.0000	0	.0000	2	1030.0000	2	1010.0000	0	20.0000
20100825	臺灣50期貨          	T5F    	B         	0	.0000	0	.0000	0	.0000	0	.0000	0	.0000	0	.0000
20100825	臺灣50期貨          	T5F    	C         	0	.0000	0	.0000	0	.0000	0	.0000	0	.0000	0	.0000
20100825	臺股期貨            	TXF    	A         	31586	48929944.0000	32607	50534383.0000	-1021	-1604439.0000	3005	4612100.0000	5699	8738090.0000	-2694	-4125990.0000
20100825	臺股期貨            	TXF    	B         	70	108667.0000	355	548727.0000	-285	-440059.0000	2790	4285440.0000	1445	2219520.0000	1345	2065920.0000
20100825	臺股期貨            	TXF    	C         	21027	32562809.0000	22973	35602204.0000	-1946	-3039395.0000	28168	43218792.0000	30725	47192755.0000	-2557	-3973963.0000
20100825	非金電期貨          	XIF    	A         	227	221254.0000	317	309189.0000	-90	-87935.0000	265	256754.0000	215	208267.0000	50	48487.0000
20100825	非金電期貨          	XIF    	B         	1	970.0000	0	.0000	1	970.0000	30	29082.0000	0	.0000	30	29082.0000
20100825	非金電期貨          	XIF    	C         	91	88983.0000	43	42114.0000	48	46869.0000	1	969.0000	184	178370.0000	-183	-177401.0000
20100826	電子期貨            	EXF    	A         	589	715689.0000	531	645258.0000	58	70432.0000	334	402648.0000	348	419625.0000	-14	-16977.0000
20100826	電子期貨            	EXF    	B         	0	.0000	0	.0000	0	.0000	354	427207.0000	121	146023.0000	233	281184.0000
20100826	電子期貨            	EXF    	C         	764	928868.0000	875	1062959.0000	-111	-134091.0000	2395	2890286.0000	4039	4874265.0000	-1644	-1983979.0000
20100826	金融期貨            	FXF    	A         	514	436387.0000	477	404969.0000	37	31419.0000	343	288606.0000	646	544093.0000	-303	-255487.0000
20100826	金融期貨            	FXF    	B         	0	.0000	0	.0000	0	.0000	178	149947.0000	0	.0000	178	149947.0000
20100826	金融期貨            	FXF    	C         	732	621355.0000	955	811119.0000	-223	-189763.0000	1216	1024361.0000	4871	4103330.0000	-3655	-3078969.0000
20100826	櫃買期貨            	GTF    	A         	246	136229.0000	200	110727.0000	46	25502.0000	145	79951.0000	48	26465.0000	97	53486.0000
20100826	櫃買期貨            	GTF    	B         	0	.0000	0	.0000	0	.0000	0	.0000	0	.0000	0	.0000
20100826	櫃買期貨            	GTF    	C         	0	.0000	0	.0000	0	.0000	0	.0000	0	.0000	0	.0000
20100826	摩臺期              	MSF    	A         	1	863.0000	1	863.0000	0	.0000	0	.0000	1	863.0000	-1	-863.0000
20100826	摩臺期              	MSF    	B         	0	.0000	0	.0000	0	.0000	0	.0000	0	.0000	0	.0000
20100826	摩臺期              	MSF    	C         	0	.0000	0	.0000	0	.0000	0	.0000	0	.0000	0	.0000
20100826	小型臺指            	MXF    	A         	5688	2179974.0000	7183	2751620.0000	-1495	-571646.0000	1301	494822.0000	7244	2756596.0000	-5943	-2261774.0000
20100826	小型臺指            	MXF    	B         	0	.0000	0	.0000	0	.0000	1	381.0000	0	.0000	1	381.0000
20100826	小型臺指            	MXF    	C         	6341	2429320.0000	6836	2620400.0000	-495	-191081.0000	1847	700968.0000	2094	797883.0000	-247	-96915.0000
20100826	股票期貨            	STF    	A         	1944	150903.0000	1979	149109.0000	-35	1794.0000	2729	247350.0000	7327	652289.0000	-4598	-404939.0000
20100826	股票期貨            	STF    	B         	0	.0000	0	.0000	0	.0000	0	.0000	0	.0000	0	.0000
20100826	股票期貨            	STF    	C         	65	4043.0000	29	2247.0000	36	1796.0000	241	32246.0000	612	32310.0000	-371	-64.0000
20100826	臺灣50期貨          	T5F    	A         	0	.0000	0	.0000	0	.0000	2	1026.0000	2	1007.0000	0	19.0000
20100826	臺灣50期貨          	T5F    	B         	0	.0000	0	.0000	0	.0000	0	.0000	0	.0000	0	.0000
20100826	臺灣50期貨          	T5F    	C         	0	.0000	0	.0000	0	.0000	0	.0000	0	.0000	0	.0000
20100826	臺股期貨            	TXF    	A         	16734	25650992.0000	17455	26746965.0000	-721	-1095973.0000	3196	4868206.0000	6846	10420289.0000	-3650	-5552083.0000
20100826	臺股期貨            	TXF    	B         	93	142445.0000	771	1181326.0000	-678	-1038881.0000	2665	4062526.0000	1998	3045751.0000	667	1016775.0000
20100826	臺股期貨            	TXF    	C         	13108	20091991.0000	12292	18843262.0000	816	1248730.0000	29623	45109614.0000	31365	47810972.0000	-1742	-2701358.0000
20100826	非金電期貨          	XIF    	A         	256	246847.0000	302	291143.0000	-46	-44296.0000	226	217423.0000	222	213543.0000	4	3880.0000
20100826	非金電期貨          	XIF    	B         	0	.0000	0	.0000	0	.0000	30	28884.0000	0	.0000	30	28884.0000
20100826	非金電期貨          	XIF    	C         	78	75166.0000	31	29936.0000	47	45230.0000	12	11554.0000	148	142494.0000	-136	-130940.0000
20100827	電子期貨            	EXF    	A         	636	766330.0000	441	530739.0000	195	235592.0000	449	541697.0000	268	323117.0000	181	218580.0000
20100827	電子期貨            	EXF    	B         	0	.0000	170	204657.0000	-170	-204657.0000	279	336920.0000	216	260842.0000	63	76078.0000
20100827	電子期貨            	EXF    	C         	1416	1706299.0000	1316	1584579.0000	100	121720.0000	2461	2971904.0000	4005	4836438.0000	-1544	-1864534.0000
20100827	金融期貨            	FXF    	A         	528	448039.0000	361	306542.0000	167	141498.0000	354	300714.0000	490	416638.0000	-136	-115924.0000
20100827	金融期貨            	FXF    	B         	0	.0000	0	.0000	0	.0000	178	151478.0000	0	.0000	178	151478.0000
20100827	金融期貨            	FXF    	C         	746	633222.0000	718	608632.0000	28	24590.0000	1066	907161.0000	4693	3993743.0000	-3627	-3086582.0000
20100827	櫃買期貨            	GTF    	A         	60	33082.0000	73	40266.0000	-13	-7184.0000	149	82383.0000	65	35914.0000	84	46469.0000
20100827	櫃買期貨            	GTF    	B         	0	.0000	0	.0000	0	.0000	0	.0000	0	.0000	0	.0000
20100827	櫃買期貨            	GTF    	C         	0	.0000	0	.0000	0	.0000	0	.0000	0	.0000	0	.0000
20100827	摩臺期              	MSF    	A         	1	868.0000	7	6032.0000	-6	-5164.0000	0	.0000	7	6094.0000	-7	-6094.0000
20100827	摩臺期              	MSF    	B         	0	.0000	0	.0000	0	.0000	0	.0000	0	.0000	0	.0000
20100827	摩臺期              	MSF    	C         	0	.0000	0	.0000	0	.0000	0	.0000	0	.0000	0	.0000
20100827	小型臺指            	MXF    	A         	6210	2372833.0000	5758	2198506.0000	452	174327.0000	1296	495373.0000	6599	2522998.0000	-5303	-2027625.0000
20100827	小型臺指            	MXF    	B         	0	.0000	0	.0000	0	.0000	1	383.0000	0	.0000	1	383.0000
20100827	小型臺指            	MXF    	C         	6584	2514937.0000	5905	2255804.0000	679	259134.0000	2185	833853.0000	1693	648375.0000	492	185478.0000
20100827	股票期貨            	STF    	A         	1800	138627.0000	1958	126353.0000	-158	12274.0000	2904	254739.0000	7660	647250.0000	-4756	-392511.0000
20100827	股票期貨            	STF    	B         	0	.0000	0	.0000	0	.0000	0	.0000	0	.0000	0	.0000
20100827	股票期貨            	STF    	C         	11	584.0000	45	2280.0000	-34	-1696.0000	242	32729.0000	647	34162.0000	-405	-1433.0000
20100827	臺灣50期貨          	T5F    	A         	0	.0000	0	.0000	0	.0000	2	1026.0000	2	1006.0000	0	20.0000
20100827	臺灣50期貨          	T5F    	B         	0	.0000	0	.0000	0	.0000	0	.0000	0	.0000	0	.0000
20100827	臺灣50期貨          	T5F    	C         	0	.0000	0	.0000	0	.0000	0	.0000	0	.0000	0	.0000
20100827	臺股期貨            	TXF    	A         	17121	26172891.0000	15284	23359899.0000	1837	2812992.0000	3994	6114558.0000	5844	8936743.0000	-1850	-2822185.0000
20100827	臺股期貨            	TXF    	B         	57	87242.0000	257	392427.0000	-200	-305185.0000	2685	4113420.0000	2218	3397733.0000	467	715687.0000
20100827	臺股期貨            	TXF    	C         	13984	21368835.0000	13867	21197647.0000	117	171188.0000	29844	45672215.0000	31484	48231280.0000	-1640	-2559065.0000
20100827	非金電期貨          	XIF    	A         	155	150050.0000	141	136532.0000	14	13518.0000	239	232174.0000	221	214611.0000	18	17563.0000
20100827	非金電期貨          	XIF    	B         	0	.0000	0	.0000	0	.0000	30	29175.0000	0	.0000	30	29175.0000
20100827	非金電期貨          	XIF    	C         	1	969.0000	41	39710.0000	-40	-38741.0000	1	973.0000	177	172133.0000	-176	-171160.0000
20100830	電子期貨            	EXF    	A         	516	628141.0000	593	721511.0000	-77	-93371.0000	479	580065.0000	375	454038.0000	104	126027.0000
20100830	電子期貨            	EXF    	B         	19	23131.0000	105	128534.0000	-86	-105403.0000	274	332088.0000	297	359964.0000	-23	-27876.0000
20100830	電子期貨            	EXF    	C         	1159	1412456.0000	854	1038225.0000	305	374231.0000	2572	3117264.0000	3811	4618932.0000	-1239	-1501668.0000
20100830	金融期貨            	FXF    	A         	467	403407.0000	375	323344.0000	92	80064.0000	406	348907.0000	450	386811.0000	-44	-37904.0000
20100830	金融期貨            	FXF    	B         	0	.0000	0	.0000	0	.0000	178	153151.0000	0	.0000	178	153151.0000
20100830	金融期貨            	FXF    	C         	821	707582.0000	716	617257.0000	105	90325.0000	1100	946433.0000	4622	3976769.0000	-3522	-3030336.0000
20100830	櫃買期貨            	GTF    	A         	135	74894.0000	193	107147.0000	-58	-32253.0000	125	68591.0000	99	54315.0000	26	14276.0000
20100830	櫃買期貨            	GTF    	B         	0	.0000	0	.0000	0	.0000	0	.0000	0	.0000	0	.0000
20100830	櫃買期貨            	GTF    	C         	0	.0000	0	.0000	0	.0000	0	.0000	0	.0000	0	.0000
20100830	摩臺期              	MSF    	A         	1	875.0000	1	875.0000	0	.0000	0	.0000	7	6123.0000	-7	-6123.0000
20100830	摩臺期              	MSF    	B         	0	.0000	0	.0000	0	.0000	0	.0000	0	.0000	0	.0000
20100830	摩臺期              	MSF    	C         	0	.0000	0	.0000	0	.0000	0	.0000	0	.0000	0	.0000
20100830	小型臺指            	MXF    	A         	9227	3570385.0000	7653	2957683.0000	1574	612703.0000	1601	616510.0000	5798	2232129.0000	-4197	-1615619.0000
20100830	小型臺指            	MXF    	B         	0	.0000	0	.0000	0	.0000	1	386.0000	0	.0000	1	386.0000
20100830	小型臺指            	MXF    	C         	6706	2592978.0000	6991	2703906.0000	-285	-110928.0000	2149	825715.0000	2030	783124.0000	119	42591.0000
20100830	股票期貨            	STF    	A         	1910	158535.0000	1886	152571.0000	24	5964.0000	3177	278545.0000	7909	664926.0000	-4732	-386381.0000
20100830	股票期貨            	STF    	B         	0	.0000	0	.0000	0	.0000	0	.0000	0	.0000	0	.0000
20100830	股票期貨            	STF    	C         	20	1782.0000	46	2791.0000	-26	-1010.0000	250	33861.0000	681	35984.0000	-431	-2123.0000
20100830	臺灣50期貨          	T5F    	A         	0	.0000	0	.0000	0	.0000	2	1040.0000	2	1020.0000	0	20.0000
20100830	臺灣50期貨          	T5F    	B         	0	.0000	0	.0000	0	.0000	0	.0000	0	.0000	0	.0000
20100830	臺灣50期貨          	T5F    	C         	0	.0000	0	.0000	0	.0000	0	.0000	0	.0000	0	.0000
20100830	臺股期貨            	TXF    	A         	21491	33261958.0000	22331	34555844.0000	-840	-1293886.0000	4224	6513882.0000	6797	10471755.0000	-2573	-3957873.0000
20100830	臺股期貨            	TXF    	B         	65	100810.0000	379	585834.0000	-314	-485024.0000	2664	4111085.0000	2511	3874162.0000	153	236923.0000
20100830	臺股期貨            	TXF    	C         	19292	29855607.0000	16663	25761183.0000	2629	4094424.0000	30707	47332720.0000	29696	45824369.0000	1011	1508351.0000
20100830	非金電期貨          	XIF    	A         	314	308328.0000	347	340582.0000	-33	-32254.0000	230	225463.0000	245	240094.0000	-15	-14631.0000
20100830	非金電期貨          	XIF    	B         	0	.0000	0	.0000	0	.0000	30	29448.0000	0	.0000	30	29448.0000
20100830	非金電期貨          	XIF    	C         	89	87307.0000	114	112072.0000	-25	-24765.0000	4	3926.0000	205	201228.0000	-201	-197302.0000
20100831	電子期貨            	EXF    	A         	605	718692.0000	597	708185.0000	8	10507.0000	578	682011.0000	466	549691.0000	112	132320.0000
20100831	電子期貨            	EXF    	B         	0	.0000	60	71780.0000	-60	-71780.0000	214	252691.0000	297	350698.0000	-83	-98007.0000
20100831	電子期貨            	EXF    	C         	1016	1205270.0000	845	1003719.0000	171	201550.0000	2528	2985032.0000	3596	4246157.0000	-1068	-1261125.0000
20100831	金融期貨            	FXF    	A         	501	427391.0000	473	403309.0000	28	24082.0000	433	368700.0000	449	382610.0000	-16	-13910.0000
20100831	金融期貨            	FXF    	B         	0	.0000	2	1700.0000	-2	-1700.0000	176	150198.0000	0	.0000	176	150198.0000
20100831	金融期貨            	FXF    	C         	994	848179.0000	869	741332.0000	125	106847.0000	1166	995054.0000	4563	3894064.0000	-3397	-2899010.0000
20100831	櫃買期貨            	GTF    	A         	76	40500.0000	76	40380.0000	0	120.0000	141	74316.0000	115	60623.0000	26	13693.0000
20100831	櫃買期貨            	GTF    	B         	0	.0000	0	.0000	0	.0000	0	.0000	0	.0000	0	.0000
20100831	櫃買期貨            	GTF    	C         	0	.0000	0	.0000	0	.0000	0	.0000	0	.0000	0	.0000
20100831	摩臺期              	MSF    	A         	0	.0000	0	.0000	0	.0000	0	.0000	7	6010.0000	-7	-6010.0000
20100831	摩臺期              	MSF    	B         	0	.0000	0	.0000	0	.0000	0	.0000	0	.0000	0	.0000
20100831	摩臺期              	MSF    	C         	0	.0000	0	.0000	0	.0000	0	.0000	0	.0000	0	.0000
20100831	小型臺指            	MXF    	A         	7593	2878367.0000	11261	4272029.0000	-3668	-1393662.0000	1431	539869.0000	8476	3197183.0000	-7045	-2657314.0000
20100831	小型臺指            	MXF    	B         	0	.0000	0	.0000	0	.0000	1	378.0000	0	.0000	1	378.0000
20100831	小型臺指            	MXF    	C         	7523	2852041.0000	7615	2888659.0000	-92	-36618.0000	2128	801006.0000	1965	742513.0000	163	58493.0000
20100831	股票期貨            	STF    	A         	2042	118033.0000	2196	134228.0000	-154	-16195.0000	3362	284476.0000	8248	681317.0000	-4886	-396841.0000
20100831	股票期貨            	STF    	B         	0	.0000	0	.0000	0	.0000	0	.0000	0	.0000	0	.0000
20100831	股票期貨            	STF    	C         	52	2827.0000	48	8536.0000	4	-5709.0000	278	33597.0000	705	42605.0000	-427	-9008.0000
20100831	臺灣50期貨          	T5F    	A         	0	.0000	0	.0000	0	.0000	2	1030.0000	2	1011.0000	0	19.0000
20100831	臺灣50期貨          	T5F    	B         	0	.0000	0	.0000	0	.0000	0	.0000	0	.0000	0	.0000
20100831	臺灣50期貨          	T5F    	C         	0	.0000	0	.0000	0	.0000	0	.0000	0	.0000	0	.0000
20100831	臺股期貨            	TXF    	A         	27525	41732350.0000	29338	44503220.0000	-1813	-2770870.0000	3954	5976306.0000	8545	12900024.0000	-4591	-6923718.0000
20100831	臺股期貨            	TXF    	B         	519	788067.0000	164	248866.0000	355	539201.0000	2689	4065230.0000	2181	3296294.0000	508	768936.0000
20100831	臺股期貨            	TXF    	C         	15388	23340773.0000	16010	24287714.0000	-622	-946941.0000	30514	46078583.0000	30159	45591446.0000	355	487137.0000
20100831	非金電期貨          	XIF    	A         	299	290304.0000	298	289101.0000	1	1203.0000	242	233794.0000	256	247245.0000	-14	-13451.0000
20100831	非金電期貨          	XIF    	B         	0	.0000	0	.0000	0	.0000	30	29019.0000	0	.0000	30	29019.0000
20100831	非金電期貨          	XIF    	C         	34	32922.0000	57	55482.0000	-23	-22559.0000	1	967.0000	225	217643.0000	-224	-216676.0000
