20110503	電子期貨            	EXF    	A         	919	1212924.0000	707	933319.0000	212	279605.0000	2457	3237739.0000	484	634203.0000	1973	2603536.0000
20110503	電子期貨            	EXF    	B         	0	.0000	0	.0000	0	.0000	124	163482.0000	691	911014.0000	-567	-747532.0000
20110503	電子期貨            	EXF    	C         	1044	1379964.0000	1042	1376538.0000	2	3426.0000	3521	4642086.0000	3340	4403452.0000	181	238634.0000
20110503	金融期貨            	FXF    	A         	951	986236.0000	853	884027.0000	98	102208.0000	1267	1308043.0000	685	705511.0000	582	602532.0000
20110503	金融期貨            	FXF    	B         	150	155323.0000	0	.0000	150	155323.0000	706	729157.0000	40	41312.0000	666	687845.0000
20110503	金融期貨            	FXF    	C         	1167	1209283.0000	1837	1904129.0000	-670	-694846.0000	2058	2125502.0000	7311	7549835.0000	-5253	-5424333.0000
20110503	櫃買期貨            	GTF    	A         	144	78581.0000	128	69838.0000	16	8743.0000	59	32115.0000	97	52801.0000	-38	-20686.0000
20110503	櫃買期貨            	GTF    	B         	0	.0000	0	.0000	0	.0000	63	34322.0000	0	.0000	63	34322.0000
20110503	櫃買期貨            	GTF    	C         	0	.0000	0	.0000	0	.0000	0	.0000	0	.0000	0	.0000
20110503	摩臺期              	MSF    	A         	0	.0000	0	.0000	0	.0000	8	7203.0000	0	.0000	8	7203.0000
20110503	摩臺期              	MSF    	B         	0	.0000	0	.0000	0	.0000	0	.0000	0	.0000	0	.0000
20110503	摩臺期              	MSF    	C         	0	.0000	0	.0000	0	.0000	0	.0000	19	17218.0000	-19	-17218.0000
20110503	小型臺指            	MXF    	A         	9450	4229799.0000	10834	4846713.0000	-1384	-616914.0000	1079	470360.0000	6345	2830956.0000	-5266	-2360596.0000
20110503	小型臺指            	MXF    	B         	0	.0000	0	.0000	0	.0000	42	18759.0000	100	44665.0000	-58	-25906.0000
20110503	小型臺指            	MXF    	C         	12424	5557012.0000	14069	6288507.0000	-1645	-731495.0000	5708	2545990.0000	7101	3128566.0000	-1393	-582576.0000
20110503	股票期貨            	STF    	A         	14919	740481.0000	14749	714842.0000	170	25639.0000	8710	578165.0000	7118	622885.0000	1592	-44720.0000
20110503	股票期貨            	STF    	B         	0	.0000	0	.0000	0	.0000	0	.0000	0	.0000	0	.0000
20110503	股票期貨            	STF    	C         	134	8689.0000	137	8589.0000	-3	100.0000	458	66630.0000	8015	579826.0000	-7557	-513196.0000
20110503	臺灣50期貨          	T5F    	A         	0	.0000	0	.0000	0	.0000	500	306050.0000	0	.0000	500	306050.0000
20110503	臺灣50期貨          	T5F    	B         	0	.0000	0	.0000	0	.0000	0	.0000	0	.0000	0	.0000
20110503	臺灣50期貨          	T5F    	C         	0	.0000	0	.0000	0	.0000	0	.0000	500	306050.0000	-500	-306050.0000
20110503	臺股期貨            	TXF    	A         	30067	53816653.0000	30532	54636600.0000	-465	-819946.0000	7309	12982771.0000	7273	12987338.0000	36	-4567.0000
20110503	臺股期貨            	TXF    	B         	114	203618.0000	103	183926.0000	11	19692.0000	1908	3408708.0000	781	1395277.0000	1127	2013431.0000
20110503	臺股期貨            	TXF    	C         	14951	26760172.0000	17050	30509717.0000	-2099	-3749545.0000	31294	55871863.0000	30576	54301932.0000	718	1569931.0000
20110503	非金電期貨          	XIF    	A         	630	774439.0000	488	599776.0000	142	174663.0000	1007	1238030.0000	405	492620.0000	602	745410.0000
20110503	非金電期貨          	XIF    	B         	0	.0000	0	.0000	0	.0000	18	22135.0000	0	.0000	18	22135.0000
20110503	非金電期貨          	XIF    	C         	218	268705.0000	251	308948.0000	-33	-40243.0000	669	822669.0000	1383	1700621.0000	-714	-877952.0000
20110504	電子期貨            	EXF    	A         	653	861701.0000	671	884616.0000	-18	-22915.0000	2438	3226538.0000	483	635096.0000	1955	2591442.0000
20110504	電子期貨            	EXF    	B         	0	.0000	0	.0000	0	.0000	124	164226.0000	691	915160.0000	-567	-750934.0000
20110504	電子期貨            	EXF    	C         	777	1025744.0000	1385	1829032.0000	-608	-803287.0000	3406	4510906.0000	3833	5076415.0000	-427	-565509.0000
20110504	金融期貨            	FXF    	A         	660	677546.0000	897	921125.0000	-237	-243579.0000	1111	1141922.0000	766	785313.0000	345	356609.0000
20110504	金融期貨            	FXF    	B         	0	.0000	65	66864.0000	-65	-66864.0000	641	659204.0000	40	41136.0000	601	618068.0000
20110504	金融期貨            	FXF    	C         	1106	1134354.0000	1016	1041520.0000	90	92834.0000	2126	2186378.0000	7289	7494793.0000	-5163	-5308415.0000
20110504	櫃買期貨            	GTF    	A         	60	32776.0000	54	29520.0000	6	3256.0000	59	32512.0000	91	50138.0000	-32	-17626.0000
20110504	櫃買期貨            	GTF    	B         	0	.0000	0	.0000	0	.0000	63	34751.0000	0	.0000	63	34751.0000
20110504	櫃買期貨            	GTF    	C         	0	.0000	0	.0000	0	.0000	0	.0000	0	.0000	0	.0000
20110504	摩臺期              	MSF    	A         	0	.0000	0	.0000	0	.0000	8	7204.0000	0	.0000	8	7204.0000
20110504	摩臺期              	MSF    	B         	0	.0000	0	.0000	0	.0000	0	.0000	0	.0000	0	.0000
20110504	摩臺期              	MSF    	C         	0	.0000	0	.0000	0	.0000	0	.0000	19	17220.0000	-19	-17220.0000
20110504	小型臺指            	MXF    	A         	8456	3762653.0000	7648	3400902.0000	808	361750.0000	1165	509291.0000	5655	2523107.0000	-4490	-2013816.0000
20110504	小型臺指            	MXF    	B         	0	.0000	24	10727.0000	-24	-10727.0000	18	8042.0000	100	44680.0000	-82	-36638.0000
20110504	小型臺指            	MXF    	C         	10721	4768269.0000	9874	4389814.0000	847	378455.0000	5903	2634481.0000	6337	2788885.0000	-434	-154404.0000
20110504	股票期貨            	STF    	A         	12625	600113.0000	12440	572982.0000	185	27130.0000	10008	666340.0000	8231	687308.0000	1777	-20968.0000
20110504	股票期貨            	STF    	B         	0	.0000	0	.0000	0	.0000	0	.0000	0	.0000	0	.0000
20110504	股票期貨            	STF    	C         	107	17361.0000	126	21319.0000	-19	-3958.0000	482	69133.0000	8058	577250.0000	-7576	-508117.0000
20110504	臺灣50期貨          	T5F    	A         	0	.0000	0	.0000	0	.0000	500	303550.0000	0	.0000	500	303550.0000
20110504	臺灣50期貨          	T5F    	B         	0	.0000	0	.0000	0	.0000	0	.0000	0	.0000	0	.0000
20110504	臺灣50期貨          	T5F    	C         	0	.0000	0	.0000	0	.0000	0	.0000	500	303550.0000	-500	-303550.0000
20110504	臺股期貨            	TXF    	A         	24199	43101094.0000	23789	42357051.0000	410	744043.0000	7367	13093041.0000	6913	12347407.0000	454	745634.0000
20110504	臺股期貨            	TXF    	B         	56	99891.0000	40	71235.0000	16	28656.0000	1917	3425942.0000	774	1383238.0000	1143	2042704.0000
20110504	臺股期貨            	TXF    	C         	13689	24372336.0000	13966	24865244.0000	-277	-492908.0000	31541	56332519.0000	31128	55307562.0000	413	1024957.0000
20110504	非金電期貨          	XIF    	A         	337	411561.0000	352	430099.0000	-15	-18538.0000	1023	1252806.0000	436	528684.0000	587	724122.0000
20110504	非金電期貨          	XIF    	B         	0	.0000	0	.0000	0	.0000	18	22050.0000	0	.0000	18	22050.0000
20110504	非金電期貨          	XIF    	C         	132	161136.0000	88	107376.0000	44	53759.0000	679	831775.0000	1349	1652398.0000	-670	-820623.0000
20110505	電子期貨            	EXF    	A         	1104	1474468.0000	664	886383.0000	440	588085.0000	2886	3874427.0000	491	654425.0000	2395	3220002.0000
20110505	電子期貨            	EXF    	B         	0	.0000	0	.0000	0	.0000	124	166606.0000	691	928428.0000	-567	-761822.0000
20110505	電子期貨            	EXF    	C         	621	828266.0000	528	705071.0000	93	123195.0000	3434	4613922.0000	3768	5062675.0000	-334	-448753.0000
20110505	金融期貨            	FXF    	A         	1101	1135545.0000	938	966041.0000	163	169504.0000	1246	1297013.0000	738	765617.0000	508	531396.0000
20110505	金融期貨            	FXF    	B         	0	.0000	0	.0000	0	.0000	641	667666.0000	40	41664.0000	601	626002.0000
20110505	金融期貨            	FXF    	C         	764	786188.0000	1016	1047057.0000	-252	-260869.0000	2110	2197776.0000	7525	7836685.0000	-5415	-5638909.0000
20110505	櫃買期貨            	GTF    	A         	98	54603.0000	105	58519.0000	-7	-3916.0000	77	42849.0000	116	64533.0000	-39	-21684.0000
20110505	櫃買期貨            	GTF    	B         	0	.0000	0	.0000	0	.0000	63	35129.0000	0	.0000	63	35129.0000
20110505	櫃買期貨            	GTF    	C         	0	.0000	0	.0000	0	.0000	0	.0000	0	.0000	0	.0000
20110505	摩臺期              	MSF    	A         	0	.0000	0	.0000	0	.0000	8	7279.0000	0	.0000	8	7279.0000
20110505	摩臺期              	MSF    	B         	0	.0000	0	.0000	0	.0000	0	.0000	0	.0000	0	.0000
20110505	摩臺期              	MSF    	C         	0	.0000	0	.0000	0	.0000	0	.0000	19	17398.0000	-19	-17398.0000
20110505	小型臺指            	MXF    	A         	11614	5215174.0000	9276	4165631.0000	2338	1049543.0000	2374	1061382.0000	4526	2044655.0000	-2152	-983273.0000
20110505	小型臺指            	MXF    	B         	0	.0000	0	.0000	0	.0000	18	8145.0000	100	45250.0000	-82	-37105.0000
20110505	小型臺指            	MXF    	C         	12793	5742047.0000	10546	4735112.0000	2247	1006935.0000	5949	2686628.0000	5928	2641537.0000	21	45091.0000
20110505	股票期貨            	STF    	A         	12805	635188.0000	13140	657684.0000	-335	-22496.0000	10003	653126.0000	8561	694520.0000	1442	-41394.0000
20110505	股票期貨            	STF    	B         	0	.0000	0	.0000	0	.0000	0	.0000	0	.0000	0	.0000
20110505	股票期貨            	STF    	C         	178	27497.0000	83	7717.0000	95	19780.0000	536	76569.0000	8017	566451.0000	-7481	-489882.0000
20110505	臺灣50期貨          	T5F    	A         	0	.0000	0	.0000	0	.0000	500	307300.0000	0	.0000	500	307300.0000
20110505	臺灣50期貨          	T5F    	B         	0	.0000	0	.0000	0	.0000	0	.0000	0	.0000	0	.0000
20110505	臺灣50期貨          	T5F    	C         	0	.0000	0	.0000	0	.0000	0	.0000	500	307300.0000	-500	-307300.0000
20110505	臺股期貨            	TXF    	A         	34103	61341751.0000	32118	57809223.0000	1985	3532528.0000	9803	17661378.0000	7364	13322623.0000	2439	4338755.0000
20110505	臺股期貨            	TXF    	B         	35	63097.0000	23	41590.0000	12	21507.0000	1940	3511275.0000	785	1420793.0000	1155	2090482.0000
20110505	臺股期貨            	TXF    	C         	15638	28116134.0000	14756	26561687.0000	882	1554447.0000	33503	60594496.0000	31760	57159014.0000	1743	3435482.0000
20110505	非金電期貨          	XIF    	A         	526	648029.0000	484	595083.0000	42	52946.0000	1116	1382245.0000	487	597959.0000	629	784286.0000
20110505	非金電期貨          	XIF    	B         	0	.0000	0	.0000	0	.0000	18	22306.0000	0	.0000	18	22306.0000
20110505	非金電期貨          	XIF    	C         	126	155260.0000	196	241313.0000	-70	-86053.0000	690	855048.0000	1430	1771545.0000	-740	-916497.0000
20110506	電子期貨            	EXF    	A         	792	1060359.0000	733	980417.0000	59	79942.0000	3051	4093018.0000	597	796359.0000	2454	3296659.0000
20110506	電子期貨            	EXF    	B         	0	.0000	0	.0000	0	.0000	124	166482.0000	691	927737.0000	-567	-761255.0000
20110506	電子期貨            	EXF    	C         	207	276778.0000	306	410149.0000	-99	-133371.0000	3318	4454747.0000	3751	5036084.0000	-433	-581337.0000
20110506	金融期貨            	FXF    	A         	737	759313.0000	825	849826.0000	-88	-90513.0000	1178	1215274.0000	758	779558.0000	420	435716.0000
20110506	金融期貨            	FXF    	B         	0	.0000	0	.0000	0	.0000	641	661640.0000	40	41288.0000	601	620352.0000
20110506	金融期貨            	FXF    	C         	84	86410.0000	570	587534.0000	-486	-501124.0000	1976	2039627.0000	7877	8129341.0000	-5901	-6089714.0000
20110506	櫃買期貨            	GTF    	A         	51	28412.0000	58	32326.0000	-7	-3914.0000	81	45112.0000	127	70717.0000	-46	-25605.0000
20110506	櫃買期貨            	GTF    	B         	0	.0000	0	.0000	0	.0000	63	35154.0000	0	.0000	63	35154.0000
20110506	櫃買期貨            	GTF    	C         	0	.0000	0	.0000	0	.0000	0	.0000	0	.0000	0	.0000
20110506	摩臺期              	MSF    	A         	0	.0000	0	.0000	0	.0000	8	7249.0000	0	.0000	8	7249.0000
20110506	摩臺期              	MSF    	B         	0	.0000	0	.0000	0	.0000	0	.0000	0	.0000	0	.0000
20110506	摩臺期              	MSF    	C         	0	.0000	0	.0000	0	.0000	0	.0000	19	17325.0000	-19	-17325.0000
20110506	小型臺指            	MXF    	A         	6973	3135092.0000	7982	3585469.0000	-1009	-450377.0000	1604	711400.0000	4713	2120200.0000	-3109	-1408800.0000
20110506	小型臺指            	MXF    	B         	8	3605.0000	0	.0000	8	3605.0000	26	11718.0000	100	45070.0000	-74	-33352.0000
20110506	小型臺指            	MXF    	C         	8179	3676356.0000	9451	4245736.0000	-1272	-569381.0000	5882	2646442.0000	6701	2980264.0000	-819	-333822.0000
20110506	股票期貨            	STF    	A         	10127	554302.0000	10294	566532.0000	-167	-12230.0000	10321	667967.0000	9046	714420.0000	1275	-46453.0000
20110506	股票期貨            	STF    	B         	0	.0000	0	.0000	0	.0000	0	.0000	0	.0000	0	.0000
20110506	股票期貨            	STF    	C         	44	3903.0000	134	12764.0000	-90	-8861.0000	541	76530.0000	8112	572106.0000	-7571	-495576.0000
20110506	臺灣50期貨          	T5F    	A         	0	.0000	0	.0000	0	.0000	500	305550.0000	0	.0000	500	305550.0000
20110506	臺灣50期貨          	T5F    	B         	0	.0000	0	.0000	0	.0000	0	.0000	0	.0000	0	.0000
20110506	臺灣50期貨          	T5F    	C         	0	.0000	0	.0000	0	.0000	0	.0000	500	305550.0000	-500	-305550.0000
20110506	臺股期貨            	TXF    	A         	19155	34452560.0000	19938	35853840.0000	-783	-1401280.0000	9100	16319836.0000	7457	13436354.0000	1643	2883482.0000
20110506	臺股期貨            	TXF    	B         	74	133156.0000	187	336399.0000	-113	-203243.0000	1798	3241276.0000	756	1362864.0000	1042	1878412.0000
20110506	臺股期貨            	TXF    	C         	11748	21131418.0000	12032	21645687.0000	-284	-514269.0000	33691	60692338.0000	32340	57980048.0000	1351	2712290.0000
20110506	非金電期貨          	XIF    	A         	788	968110.0000	649	797495.0000	139	170614.0000	1201	1475979.0000	433	526917.0000	768	949062.0000
20110506	非金電期貨          	XIF    	B         	0	.0000	0	.0000	0	.0000	18	22127.0000	0	.0000	18	22127.0000
20110506	非金電期貨          	XIF    	C         	136	167120.0000	58	71367.0000	78	95753.0000	698	858051.0000	1360	1671640.0000	-662	-813589.0000
20110509	電子期貨            	EXF    	A         	1353	1828292.0000	1066	1440300.0000	287	387993.0000	3404	4593311.0000	663	889843.0000	2741	3703468.0000
20110509	電子期貨            	EXF    	B         	0	.0000	0	.0000	0	.0000	124	167474.0000	691	933265.0000	-567	-765791.0000
20110509	電子期貨            	EXF    	C         	304	410893.0000	428	578496.0000	-124	-167603.0000	3249	4388099.0000	3806	5140324.0000	-557	-752225.0000
20110509	金融期貨            	FXF    	A         	1451	1516519.0000	1094	1143745.0000	357	372774.0000	1487	1553024.0000	710	739555.0000	777	813469.0000
20110509	金融期貨            	FXF    	B         	40	41961.0000	0	.0000	40	41961.0000	641	669717.0000	0	.0000	641	669717.0000
20110509	金融期貨            	FXF    	C         	618	647873.0000	1409	1474212.0000	-791	-826339.0000	2062	2154378.0000	8754	9144991.0000	-6692	-6990613.0000
20110509	櫃買期貨            	GTF    	A         	133	74586.0000	189	105945.0000	-56	-31358.0000	79	44175.0000	181	101199.0000	-102	-57024.0000
20110509	櫃買期貨            	GTF    	B         	0	.0000	0	.0000	0	.0000	63	35230.0000	0	.0000	63	35230.0000
20110509	櫃買期貨            	GTF    	C         	0	.0000	0	.0000	0	.0000	0	.0000	0	.0000	0	.0000
20110509	摩臺期              	MSF    	A         	0	.0000	0	.0000	0	.0000	8	7322.0000	0	.0000	8	7322.0000
20110509	摩臺期              	MSF    	B         	0	.0000	0	.0000	0	.0000	0	.0000	0	.0000	0	.0000
20110509	摩臺期              	MSF    	C         	0	.0000	0	.0000	0	.0000	0	.0000	19	17500.0000	-19	-17500.0000
20110509	小型臺指            	MXF    	A         	7704	3490758.0000	6979	3161178.0000	725	329579.0000	2624	1176730.0000	5004	2263860.0000	-2380	-1087130.0000
20110509	小型臺指            	MXF    	B         	0	.0000	0	.0000	0	.0000	26	11782.0000	100	45315.0000	-74	-33533.0000
20110509	小型臺指            	MXF    	C         	10973	4969576.0000	9668	4378361.0000	1305	591216.0000	5485	2482245.0000	5767	2576241.0000	-282	-93996.0000
20110509	股票期貨            	STF    	A         	8798	528106.0000	8437	505174.0000	361	22932.0000	11041	718663.0000	9405	736492.0000	1636	-17829.0000
20110509	股票期貨            	STF    	B         	0	.0000	0	.0000	0	.0000	0	.0000	0	.0000	0	.0000
20110509	股票期貨            	STF    	C         	56	4617.0000	44	1519.0000	12	3098.0000	547	79114.0000	8106	579242.0000	-7559	-500128.0000
20110509	臺灣50期貨          	T5F    	A         	0	.0000	0	.0000	0	.0000	500	306700.0000	0	.0000	500	306700.0000
20110509	臺灣50期貨          	T5F    	B         	0	.0000	0	.0000	0	.0000	0	.0000	0	.0000	0	.0000
20110509	臺灣50期貨          	T5F    	C         	0	.0000	0	.0000	0	.0000	0	.0000	500	306700.0000	-500	-306700.0000
20110509	臺股期貨            	TXF    	A         	26229	47562398.0000	26592	48221589.0000	-363	-659191.0000	9351	16860353.0000	8072	14624889.0000	1279	2235464.0000
20110509	臺股期貨            	TXF    	B         	43	78206.0000	34	61714.0000	9	16492.0000	1788	3240891.0000	737	1335840.0000	1051	1905051.0000
20110509	臺股期貨            	TXF    	C         	14744	26735518.0000	15334	27816124.0000	-590	-1080607.0000	34071	61709041.0000	33118	59707594.0000	953	2001447.0000
20110509	非金電期貨          	XIF    	A         	807	995250.0000	593	730943.0000	214	264306.0000	1452	1791758.0000	470	574727.0000	982	1217031.0000
20110509	非金電期貨          	XIF    	B         	0	.0000	0	.0000	0	.0000	18	22219.0000	0	.0000	18	22219.0000
20110509	非金電期貨          	XIF    	C         	58	71629.0000	191	235968.0000	-133	-164339.0000	702	866549.0000	1497	1847609.0000	-795	-981060.0000
20110510	電子期貨            	EXF    	A         	751	1007511.0000	771	1033988.0000	-20	-26478.0000	3421	4575900.0000	700	932478.0000	2721	3643422.0000
20110510	電子期貨            	EXF    	B         	0	.0000	0	.0000	0	.0000	124	165962.0000	691	924834.0000	-567	-758872.0000
20110510	電子期貨            	EXF    	C         	342	458465.0000	517	692889.0000	-175	-234424.0000	3265	4369852.0000	3997	5349549.0000	-732	-979697.0000
20110510	金融期貨            	FXF    	A         	678	708780.0000	623	650752.0000	55	58028.0000	1484	1547630.0000	652	677491.0000	832	870139.0000
20110510	金融期貨            	FXF    	B         	100	104762.0000	0	.0000	100	104762.0000	741	773011.0000	0	.0000	741	773011.0000
20110510	金融期貨            	FXF    	C         	145	151450.0000	745	779138.0000	-600	-627688.0000	2059	2147949.0000	9351	9753922.0000	-7292	-7605973.0000
20110510	櫃買期貨            	GTF    	A         	25	13988.0000	43	24079.0000	-18	-10091.0000	73	40669.0000	193	107581.0000	-120	-66912.0000
20110510	櫃買期貨            	GTF    	B         	0	.0000	0	.0000	0	.0000	63	35091.0000	0	.0000	63	35091.0000
20110510	櫃買期貨            	GTF    	C         	0	.0000	0	.0000	0	.0000	0	.0000	0	.0000	0	.0000
20110510	摩臺期              	MSF    	A         	0	.0000	0	.0000	0	.0000	8	7225.0000	0	.0000	8	7225.0000
20110510	摩臺期              	MSF    	B         	0	.0000	0	.0000	0	.0000	0	.0000	0	.0000	0	.0000
20110510	摩臺期              	MSF    	C         	0	.0000	0	.0000	0	.0000	0	.0000	19	17268.0000	-19	-17268.0000
20110510	小型臺指            	MXF    	A         	3384	1530046.0000	3845	1737585.0000	-461	-207539.0000	2310	1032883.0000	5207	2351025.0000	-2897	-1318142.0000
20110510	小型臺指            	MXF    	B         	0	.0000	0	.0000	0	.0000	26	11759.0000	100	45225.0000	-74	-33466.0000
20110510	小型臺指            	MXF    	C         	4775	2158126.0000	6465	2922093.0000	-1690	-763967.0000	5742	2593216.0000	6202	2767713.0000	-460	-174497.0000
20110510	股票期貨            	STF    	A         	6184	381504.0000	6129	379759.0000	55	1745.0000	11405	735913.0000	9714	755020.0000	1691	-19107.0000
20110510	股票期貨            	STF    	B         	0	.0000	0	.0000	0	.0000	0	.0000	0	.0000	0	.0000
20110510	股票期貨            	STF    	C         	26	1716.0000	17	1937.0000	9	-221.0000	565	80700.0000	8115	582438.0000	-7550	-501738.0000
20110510	臺灣50期貨          	T5F    	A         	0	.0000	0	.0000	0	.0000	500	306800.0000	0	.0000	500	306800.0000
20110510	臺灣50期貨          	T5F    	B         	0	.0000	0	.0000	0	.0000	0	.0000	0	.0000	0	.0000
20110510	臺灣50期貨          	T5F    	C         	0	.0000	0	.0000	0	.0000	0	.0000	500	306800.0000	-500	-306800.0000
20110510	臺股期貨            	TXF    	A         	12464	22550743.0000	12254	22166378.0000	210	384365.0000	9363	16846284.0000	7860	14211728.0000	1503	2634556.0000
20110510	臺股期貨            	TXF    	B         	128	231718.0000	2	3620.0000	126	228099.0000	1913	3460573.0000	736	1331376.0000	1177	2129197.0000
20110510	臺股期貨            	TXF    	C         	10036	18156596.0000	11572	20936363.0000	-1536	-2779768.0000	33706	60921468.0000	34667	62386641.0000	-961	-1465173.0000
20110510	非金電期貨          	XIF    	A         	305	378056.0000	319	395428.0000	-14	-17372.0000	1464	1818011.0000	496	610672.0000	968	1207339.0000
20110510	非金電期貨          	XIF    	B         	0	.0000	0	.0000	0	.0000	18	22356.0000	0	.0000	18	22356.0000
20110510	非金電期貨          	XIF    	C         	30	37242.0000	46	57052.0000	-16	-19811.0000	688	854496.0000	1499	1861646.0000	-811	-1007150.0000
20110511	電子期貨            	EXF    	A         	745	999444.0000	864	1158144.0000	-119	-158700.0000	3312	4417968.0000	710	943116.0000	2602	3474852.0000
20110511	電子期貨            	EXF    	B         	0	.0000	0	.0000	0	.0000	124	165515.0000	691	922347.0000	-567	-756832.0000
20110511	電子期貨            	EXF    	C         	406	543297.0000	492	659107.0000	-86	-115810.0000	3382	4513885.0000	4200	5606073.0000	-818	-1092188.0000
20110511	金融期貨            	FXF    	A         	1161	1203524.0000	1052	1091233.0000	109	112291.0000	1512	1562596.0000	571	587425.0000	941	975171.0000
20110511	金融期貨            	FXF    	B         	0	.0000	0	.0000	0	.0000	741	766194.0000	0	.0000	741	766194.0000
20110511	金融期貨            	FXF    	C         	815	844502.0000	313	324681.0000	502	519822.0000	2170	2243780.0000	8960	9262981.0000	-6790	-7019201.0000
20110511	櫃買期貨            	GTF    	A         	190	105312.0000	112	62196.0000	78	43116.0000	90	49526.0000	132	72638.0000	-42	-23112.0000
20110511	櫃買期貨            	GTF    	B         	0	.0000	0	.0000	0	.0000	63	34675.0000	0	.0000	63	34675.0000
20110511	櫃買期貨            	GTF    	C         	0	.0000	0	.0000	0	.0000	0	.0000	0	.0000	0	.0000
20110511	摩臺期              	MSF    	A         	0	.0000	0	.0000	0	.0000	8	7236.0000	0	.0000	8	7236.0000
20110511	摩臺期              	MSF    	B         	0	.0000	0	.0000	0	.0000	0	.0000	0	.0000	0	.0000
20110511	摩臺期              	MSF    	C         	0	.0000	0	.0000	0	.0000	0	.0000	19	17294.0000	-19	-17294.0000
20110511	小型臺指            	MXF    	A         	6972	3154773.0000	7788	3523133.0000	-816	-368360.0000	1885	838344.0000	5542	2494752.0000	-3657	-1656408.0000
20110511	小型臺指            	MXF    	B         	0	.0000	0	.0000	0	.0000	26	11726.0000	100	45100.0000	-74	-33374.0000
20110511	小型臺指            	MXF    	C         	9236	4177768.0000	10882	4921988.0000	-1646	-744220.0000	5942	2677052.0000	6336	2821288.0000	-394	-144236.0000
20110511	股票期貨            	STF    	A         	6578	433111.0000	6554	415827.0000	24	17284.0000	11578	765347.0000	9863	770043.0000	1715	-4696.0000
20110511	股票期貨            	STF    	B         	0	.0000	0	.0000	0	.0000	0	.0000	0	.0000	0	.0000
20110511	股票期貨            	STF    	C         	24	13331.0000	68	19989.0000	-44	-6659.0000	568	81583.0000	8162	587964.0000	-7594	-506381.0000
20110511	臺灣50期貨          	T5F    	A         	0	.0000	0	.0000	0	.0000	500	307050.0000	0	.0000	500	307050.0000
20110511	臺灣50期貨          	T5F    	B         	0	.0000	0	.0000	0	.0000	0	.0000	0	.0000	0	.0000
20110511	臺灣50期貨          	T5F    	C         	0	.0000	0	.0000	0	.0000	0	.0000	500	307050.0000	-500	-307050.0000
20110511	臺股期貨            	TXF    	A         	23321	42220715.0000	24225	43843714.0000	-904	-1622999.0000	10093	18113496.0000	9508	17146364.0000	585	967132.0000
20110511	臺股期貨            	TXF    	B         	34	61464.0000	6	10824.0000	28	50640.0000	1907	3440190.0000	702	1266366.0000	1205	2173824.0000
20110511	臺股期貨            	TXF    	C         	15741	28474545.0000	16969	30706611.0000	-1228	-2232065.0000	31313	56437059.0000	33937	60898842.0000	-2624	-4461783.0000
20110511	非金電期貨          	XIF    	A         	379	472109.0000	388	483239.0000	-9	-11130.0000	1437	1783141.0000	478	587883.0000	959	1195258.0000
20110511	非金電期貨          	XIF    	B         	0	.0000	0	.0000	0	.0000	18	22340.0000	0	.0000	18	22340.0000
20110511	非金電期貨          	XIF    	C         	54	67218.0000	56	69739.0000	-2	-2522.0000	683	847671.0000	1496	1856542.0000	-813	-1008871.0000
20110512	電子期貨            	EXF    	A         	884	1179617.0000	889	1186237.0000	-5	-6620.0000	3274	4387627.0000	677	902519.0000	2597	3485108.0000
20110512	電子期貨            	EXF    	B         	0	.0000	0	.0000	0	.0000	124	166309.0000	691	926769.0000	-567	-760460.0000
20110512	電子期貨            	EXF    	C         	454	605855.0000	707	942608.0000	-253	-336753.0000	3375	4525402.0000	4446	5962606.0000	-1071	-1437204.0000
20110512	金融期貨            	FXF    	A         	859	883016.0000	1206	1238422.0000	-347	-355407.0000	1259	1291659.0000	665	679710.0000	594	611949.0000
20110512	金融期貨            	FXF    	B         	10	10255.0000	0	.0000	10	10255.0000	751	770957.0000	0	.0000	751	770957.0000
20110512	金融期貨            	FXF    	C         	461	473772.0000	857	880041.0000	-396	-406269.0000	2028	2081945.0000	9214	9456978.0000	-7186	-7375033.0000
20110512	櫃買期貨            	GTF    	A         	28	15498.0000	56	30984.0000	-28	-15486.0000	61	33721.0000	131	72418.0000	-70	-38697.0000
20110512	櫃買期貨            	GTF    	B         	0	.0000	0	.0000	0	.0000	63	34839.0000	0	.0000	63	34839.0000
20110512	櫃買期貨            	GTF    	C         	0	.0000	0	.0000	0	.0000	0	.0000	0	.0000	0	.0000
20110512	摩臺期              	MSF    	A         	0	.0000	0	.0000	0	.0000	8	7283.0000	0	.0000	8	7283.0000
20110512	摩臺期              	MSF    	B         	0	.0000	0	.0000	0	.0000	0	.0000	0	.0000	0	.0000
20110512	摩臺期              	MSF    	C         	0	.0000	0	.0000	0	.0000	0	.0000	19	17406.0000	-19	-17406.0000
20110512	小型臺指            	MXF    	A         	9915	4463843.0000	8554	3851023.0000	1361	612820.0000	2689	1201100.0000	4985	2245718.0000	-2296	-1044618.0000
20110512	小型臺指            	MXF    	B         	0	.0000	0	.0000	0	.0000	26	11736.0000	100	45140.0000	-74	-33404.0000
20110512	小型臺指            	MXF    	C         	11387	5126930.0000	9680	4355196.0000	1707	771734.0000	6904	3112271.0000	5927	2638654.0000	977	473617.0000
20110512	股票期貨            	STF    	A         	7768	433650.0000	8282	457676.0000	-514	-24026.0000	11491	755457.0000	10290	788146.0000	1201	-32689.0000
20110512	股票期貨            	STF    	B         	0	.0000	0	.0000	0	.0000	0	.0000	0	.0000	0	.0000
20110512	股票期貨            	STF    	C         	19	1094.0000	53	6312.0000	-34	-5219.0000	570	81990.0000	8198	590773.0000	-7628	-508783.0000
20110512	臺灣50期貨          	T5F    	A         	0	.0000	0	.0000	0	.0000	500	306150.0000	0	.0000	500	306150.0000
20110512	臺灣50期貨          	T5F    	B         	0	.0000	0	.0000	0	.0000	0	.0000	0	.0000	0	.0000
20110512	臺灣50期貨          	T5F    	C         	0	.0000	0	.0000	0	.0000	0	.0000	500	306150.0000	-500	-306150.0000
20110512	臺股期貨            	TXF    	A         	29138	52517202.0000	27741	49987748.0000	1397	2529454.0000	10622	19079673.0000	8640	15594046.0000	1982	3485627.0000
20110512	臺股期貨            	TXF    	B         	27	48427.0000	257	462484.0000	-230	-414057.0000	1660	2997256.0000	685	1236752.0000	975	1760504.0000
20110512	臺股期貨            	TXF    	C         	18740	33767213.0000	17150	30893924.0000	1590	2873289.0000	33475	60386559.0000	34425	61826610.0000	-950	-1440051.0000
20110512	非金電期貨          	XIF    	A         	474	588328.0000	583	723367.0000	-109	-135039.0000	1447	1796010.0000	597	735665.0000	850	1060345.0000
20110512	非金電期貨          	XIF    	B         	0	.0000	0	.0000	0	.0000	18	22347.0000	0	.0000	18	22347.0000
20110512	非金電期貨          	XIF    	C         	158	196154.0000	92	114186.0000	66	81968.0000	659	818149.0000	1406	1745300.0000	-747	-927151.0000
20110513	電子期貨            	EXF    	A         	723	972096.0000	578	776575.0000	145	195521.0000	3394	4559093.0000	652	871358.0000	2742	3687735.0000
20110513	電子期貨            	EXF    	B         	0	.0000	0	.0000	0	.0000	124	166681.0000	691	928842.0000	-567	-762161.0000
20110513	電子期貨            	EXF    	C         	276	370832.0000	252	338362.0000	24	32469.0000	3430	4609647.0000	4477	6017528.0000	-1047	-1407881.0000
20110513	金融期貨            	FXF    	A         	769	790538.0000	869	893157.0000	-100	-102620.0000	1224	1259582.0000	730	748496.0000	494	511086.0000
20110513	金融期貨            	FXF    	B         	30	30789.0000	140	143739.0000	-110	-112950.0000	641	660134.0000	0	.0000	641	660134.0000
20110513	金融期貨            	FXF    	C         	697	716278.0000	968	993837.0000	-271	-277559.0000	1904	1961108.0000	9361	9637863.0000	-7457	-7676755.0000
20110513	櫃買期貨            	GTF    	A         	59	32807.0000	65	36149.0000	-6	-3342.0000	69	38411.0000	145	80734.0000	-76	-42323.0000
20110513	櫃買期貨            	GTF    	B         	0	.0000	0	.0000	0	.0000	63	35053.0000	0	.0000	63	35053.0000
20110513	櫃買期貨            	GTF    	C         	0	.0000	0	.0000	0	.0000	0	.0000	0	.0000	0	.0000
20110513	摩臺期              	MSF    	A         	0	.0000	0	.0000	0	.0000	8	7275.0000	0	.0000	8	7275.0000
20110513	摩臺期              	MSF    	B         	0	.0000	0	.0000	0	.0000	0	.0000	0	.0000	0	.0000
20110513	摩臺期              	MSF    	C         	0	.0000	0	.0000	0	.0000	0	.0000	19	17388.0000	-19	-17388.0000
20110513	小型臺指            	MXF    	A         	6293	2839470.0000	5594	2521861.0000	699	317609.0000	4346	1950253.0000	5943	2678436.0000	-1597	-728183.0000
20110513	小型臺指            	MXF    	B         	0	.0000	0	.0000	0	.0000	26	11738.0000	100	45145.0000	-74	-33407.0000
20110513	小型臺指            	MXF    	C         	7583	3422866.0000	8255	3725858.0000	-672	-302992.0000	6459	2911980.0000	6090	2712831.0000	369	199149.0000
20110513	股票期貨            	STF    	A         	8641	463985.0000	8919	476656.0000	-278	-12671.0000	11666	773146.0000	10743	816661.0000	923	-43515.0000
20110513	股票期貨            	STF    	B         	0	.0000	0	.0000	0	.0000	0	.0000	0	.0000	0	.0000
20110513	股票期貨            	STF    	C         	77	3034.0000	68	2252.0000	9	782.0000	579	82377.0000	8198	586939.0000	-7619	-504562.0000
20110513	臺灣50期貨          	T5F    	A         	0	.0000	0	.0000	0	.0000	500	306300.0000	0	.0000	500	306300.0000
20110513	臺灣50期貨          	T5F    	B         	0	.0000	0	.0000	0	.0000	0	.0000	0	.0000	0	.0000
20110513	臺灣50期貨          	T5F    	C         	0	.0000	0	.0000	0	.0000	0	.0000	500	306300.0000	-500	-306300.0000
20110513	臺股期貨            	TXF    	A         	17995	32500593.0000	17765	32074982.0000	230	425611.0000	10663	19153946.0000	8451	15254239.0000	2212	3899707.0000
20110513	臺股期貨            	TXF    	B         	69	124435.0000	145	261595.0000	-76	-137160.0000	1697	3064256.0000	790	1426084.0000	907	1638172.0000
20110513	臺股期貨            	TXF    	C         	15449	27892325.0000	16255	29349202.0000	-806	-1456877.0000	33635	60679236.0000	35349	63499010.0000	-1714	-2819774.0000
20110513	非金電期貨          	XIF    	A         	670	827953.0000	571	706117.0000	99	121835.0000	1414	1746652.0000	465	569164.0000	949	1177488.0000
20110513	非金電期貨          	XIF    	B         	0	.0000	0	.0000	0	.0000	18	22239.0000	0	.0000	18	22239.0000
20110513	非金電期貨          	XIF    	C         	70	86480.0000	33	40865.0000	37	45615.0000	696	859907.0000	1406	1736930.0000	-710	-877023.0000
20110516	電子期貨            	EXF    	A         	1121	1487895.0000	1123	1491871.0000	-2	-3976.0000	3416	4521990.0000	676	890120.0000	2740	3631870.0000
20110516	電子期貨            	EXF    	B         	74	98134.0000	74	98210.0000	0	-76.0000	124	164102.0000	691	915343.0000	-567	-751241.0000
20110516	電子期貨            	EXF    	C         	982	1304763.0000	1016	1350064.0000	-34	-45301.0000	3582	4743151.0000	4663	6175606.0000	-1081	-1432455.0000
20110516	金融期貨            	FXF    	A         	886	906269.0000	947	969566.0000	-61	-63297.0000	1222	1241113.0000	789	798887.0000	433	442226.0000
20110516	金融期貨            	FXF    	B         	0	.0000	50	50812.0000	-50	-50812.0000	591	600731.0000	0	.0000	591	600731.0000
20110516	金融期貨            	FXF    	C         	1848	1891564.0000	1927	1971087.0000	-79	-79523.0000	2233	2269108.0000	9769	9925313.0000	-7536	-7656205.0000
20110516	櫃買期貨            	GTF    	A         	99	54864.0000	88	48780.0000	11	6084.0000	90	49618.0000	155	85433.0000	-65	-35815.0000
20110516	櫃買期貨            	GTF    	B         	32	17715.0000	32	17727.0000	0	-12.0000	63	34719.0000	0	.0000	63	34719.0000
20110516	櫃買期貨            	GTF    	C         	0	.0000	0	.0000	0	.0000	0	.0000	0	.0000	0	.0000
20110516	摩臺期              	MSF    	A         	0	.0000	0	.0000	0	.0000	8	7216.0000	0	.0000	8	7216.0000
20110516	摩臺期              	MSF    	B         	0	.0000	0	.0000	0	.0000	0	.0000	0	.0000	0	.0000
20110516	摩臺期              	MSF    	C         	0	.0000	0	.0000	0	.0000	0	.0000	19	17248.0000	-19	-17248.0000
20110516	小型臺指            	MXF    	A         	8844	3961469.0000	11579	5184122.0000	-2735	-1222654.0000	3500	1552383.0000	8220	3663008.0000	-4720	-2110625.0000
20110516	小型臺指            	MXF    	B         	0	.0000	10	4460.0000	-10	-4460.0000	16	7141.0000	100	44630.0000	-84	-37489.0000
20110516	小型臺指            	MXF    	C         	11478	5138042.0000	13714	6136487.0000	-2236	-998444.0000	6254	2787624.0000	6373	2807260.0000	-119	-19636.0000
20110516	股票期貨            	STF    	A         	9278	516877.0000	9441	541740.0000	-163	-24863.0000	11670	760524.0000	10910	833622.0000	760	-73098.0000
20110516	股票期貨            	STF    	B         	0	.0000	0	.0000	0	.0000	0	.0000	0	.0000	0	.0000
20110516	股票期貨            	STF    	C         	106	4601.0000	70	1989.0000	36	2612.0000	581	81329.0000	8164	573568.0000	-7583	-492239.0000
20110516	臺灣50期貨          	T5F    	A         	0	.0000	0	.0000	0	.0000	500	304950.0000	0	.0000	500	304950.0000
20110516	臺灣50期貨          	T5F    	B         	0	.0000	0	.0000	0	.0000	0	.0000	0	.0000	0	.0000
20110516	臺灣50期貨          	T5F    	C         	0	.0000	0	.0000	0	.0000	0	.0000	500	304950.0000	-500	-304950.0000
20110516	臺股期貨            	TXF    	A         	25272	45256002.0000	28091	50315542.0000	-2819	-5059540.0000	7670	13596374.0000	8180	14595890.0000	-510	-999516.0000
20110516	臺股期貨            	TXF    	B         	572	1023328.0000	570	1020234.0000	2	3094.0000	1682	3001230.0000	773	1378790.0000	909	1622440.0000
20110516	臺股期貨            	TXF    	C         	32777	58709798.0000	34867	62459033.0000	-2090	-3749235.0000	35062	62504954.0000	39303	69799049.0000	-4241	-7294095.0000
20110516	非金電期貨          	XIF    	A         	567	697875.0000	645	793989.0000	-78	-96114.0000	1356	1661820.0000	485	589051.0000	871	1072769.0000
20110516	非金電期貨          	XIF    	B         	0	.0000	0	.0000	0	.0000	18	22063.0000	0	.0000	18	22063.0000
20110516	非金電期貨          	XIF    	C         	450	553024.0000	443	544488.0000	7	8536.0000	713	873708.0000	1416	1735390.0000	-703	-861682.0000
20110517	電子期貨            	EXF    	A         	2229	2929893.0000	2185	2880739.0000	44	49154.0000	3349	4412851.0000	565	742220.0000	2784	3670631.0000
20110517	電子期貨            	EXF    	B         	51	67020.0000	278	364567.0000	-227	-297547.0000	124	163205.0000	916	1208397.0000	-792	-1045192.0000
20110517	電子期貨            	EXF    	C         	4246	5591431.0000	4542	5971424.0000	-296	-379993.0000	4020	5299118.0000	5397	7107437.0000	-1377	-1808319.0000
20110517	金融期貨            	FXF    	A         	1287	1308011.0000	1113	1130488.0000	174	177523.0000	1575	1602372.0000	968	981864.0000	607	620508.0000
20110517	金融期貨            	FXF    	B         	43	43589.0000	61	61910.0000	-18	-18320.0000	573	583133.0000	0	.0000	573	583133.0000
20110517	金融期貨            	FXF    	C         	2763	2807133.0000	2373	2408938.0000	390	398195.0000	2417	2459091.0000	9563	9729553.0000	-7146	-7270462.0000
20110517	櫃買期貨            	GTF    	A         	197	107666.0000	89	48665.0000	108	59001.0000	145	79468.0000	102	55975.0000	43	23493.0000
20110517	櫃買期貨            	GTF    	B         	31	16924.0000	31	16968.0000	0	-44.0000	63	34385.0000	0	.0000	63	34385.0000
20110517	櫃買期貨            	GTF    	C         	0	.0000	0	.0000	0	.0000	0	.0000	0	.0000	0	.0000
20110517	摩臺期              	MSF    	A         	0	.0000	0	.0000	0	.0000	8	7200.0000	0	.0000	8	7200.0000
20110517	摩臺期              	MSF    	B         	0	.0000	0	.0000	0	.0000	0	.0000	0	.0000	0	.0000
20110517	摩臺期              	MSF    	C         	0	.0000	0	.0000	0	.0000	0	.0000	19	17210.0000	-19	-17210.0000
20110517	小型臺指            	MXF    	A         	10515	4676211.0000	10746	4775837.0000	-231	-99626.0000	4918	2182655.0000	8253	3670672.0000	-3335	-1488017.0000
20110517	小型臺指            	MXF    	B         	13	5785.0000	16	7133.0000	-3	-1348.0000	13	5781.0000	100	44555.0000	-87	-38774.0000
20110517	小型臺指            	MXF    	C         	11278	5013662.0000	12425	5522258.0000	-1147	-508596.0000	6306	2806029.0000	6072	2667732.0000	234	138297.0000
20110517	股票期貨            	STF    	A         	7050	414348.0000	7017	415699.0000	33	-1351.0000	11134	703591.0000	10341	782271.0000	793	-78680.0000
20110517	股票期貨            	STF    	B         	0	.0000	0	.0000	0	.0000	0	.0000	0	.0000	0	.0000
20110517	股票期貨            	STF    	C         	193	20247.0000	192	20022.0000	1	225.0000	583	81584.0000	8165	567965.0000	-7582	-486381.0000
20110517	臺灣50期貨          	T5F    	A         	0	.0000	0	.0000	0	.0000	500	304400.0000	0	.0000	500	304400.0000
20110517	臺灣50期貨          	T5F    	B         	0	.0000	0	.0000	0	.0000	0	.0000	0	.0000	0	.0000
20110517	臺灣50期貨          	T5F    	C         	0	.0000	0	.0000	0	.0000	0	.0000	500	304400.0000	-500	-304400.0000
20110517	臺股期貨            	TXF    	A         	30288	53892888.0000	31753	56488918.0000	-1465	-2596030.0000	6160	10880828.0000	8539	15205966.0000	-2379	-4325138.0000
20110517	臺股期貨            	TXF    	B         	1089	1935807.0000	1189	2116416.0000	-100	-180610.0000	1646	2929034.0000	837	1489865.0000	809	1439169.0000
20110517	臺股期貨            	TXF    	C         	37534	66783692.0000	38770	68982306.0000	-1236	-2198614.0000	36858	65569482.0000	42710	75705235.0000	-5852	-10135753.0000
20110517	非金電期貨          	XIF    	A         	577	707664.0000	529	648877.0000	48	58787.0000	1403	1721064.0000	484	588439.0000	919	1132625.0000
20110517	非金電期貨          	XIF    	B         	8	9819.0000	8	9822.0000	0	-3.0000	18	22082.0000	0	.0000	18	22082.0000
20110517	非金電期貨          	XIF    	C         	533	654069.0000	560	687080.0000	-27	-33011.0000	719	882083.0000	1449	1777606.0000	-730	-895523.0000
20110518	電子期貨            	EXF    	A         	1449	1917254.0000	1538	2034880.0000	-89	-117626.0000	1742	2313005.0000	287	377508.0000	1455	1935497.0000
20110518	電子期貨            	EXF    	B         	445	590193.0000	146	193220.0000	299	396973.0000	124	164796.0000	372	494388.0000	-248	-329592.0000
20110518	電子期貨            	EXF    	C         	2100	2777644.0000	2462	3256508.0000	-362	-478864.0000	2367	3145743.0000	4229	5620341.0000	-1862	-2474598.0000
20110518	金融期貨            	FXF    	A         	1337	1355384.0000	1332	1350512.0000	5	4872.0000	793	809177.0000	646	655529.0000	147	153648.0000
20110518	金融期貨            	FXF    	B         	490	496534.0000	490	496007.0000	0	528.0000	573	584689.0000	0	.0000	573	584689.0000
20110518	金融期貨            	FXF    	C         	2858	2898619.0000	3389	3438097.0000	-531	-539478.0000	1480	1510192.0000	7355	7505042.0000	-5875	-5994850.0000
20110518	櫃買期貨            	GTF    	A         	534	295289.0000	542	299731.0000	-8	-4442.0000	28	15501.0000	6	3322.0000	22	12179.0000
20110518	櫃買期貨            	GTF    	B         	0	.0000	0	.0000	0	.0000	63	34877.0000	0	.0000	63	34877.0000
20110518	櫃買期貨            	GTF    	C         	0	.0000	0	.0000	0	.0000	0	.0000	0	.0000	0	.0000
20110518	摩臺期              	MSF    	A         	0	.0000	0	.0000	0	.0000	8	7244.0000	0	.0000	8	7244.0000
20110518	摩臺期              	MSF    	B         	0	.0000	0	.0000	0	.0000	0	.0000	0	.0000	0	.0000
20110518	摩臺期              	MSF    	C         	0	.0000	0	.0000	0	.0000	0	.0000	3	2717.0000	-3	-2717.0000
20110518	小型臺指            	MXF    	A         	7549	3364857.0000	6780	3023075.0000	769	341781.0000	935	409250.0000	4670	2089385.0000	-3735	-1680135.0000
20110518	小型臺指            	MXF    	B         	0	.0000	75	33460.0000	-75	-33460.0000	0	.0000	62	27776.0000	-62	-27776.0000
20110518	小型臺指            	MXF    	C         	6173	2752933.0000	4265	1900950.0000	1908	851983.0000	4975	2228542.0000	3746	1643956.0000	1229	584586.0000
20110518	股票期貨            	STF    	A         	9305	616785.0000	9062	583268.0000	243	33518.0000	7999	470812.0000	5134	364974.0000	2865	105838.0000
20110518	股票期貨            	STF    	B         	0	.0000	0	.0000	0	.0000	0	.0000	0	.0000	0	.0000
20110518	股票期貨            	STF    	C         	108	15745.0000	33	1529.0000	75	14216.0000	120	18838.0000	7771	508373.0000	-7651	-489535.0000
20110518	臺灣50期貨          	T5F    	A         	0	.0000	0	.0000	0	.0000	500	304200.0000	0	.0000	500	304200.0000
20110518	臺灣50期貨          	T5F    	B         	0	.0000	0	.0000	0	.0000	0	.0000	0	.0000	0	.0000
20110518	臺灣50期貨          	T5F    	C         	0	.0000	0	.0000	0	.0000	0	.0000	500	304200.0000	-500	-304200.0000
20110518	臺股期貨            	TXF    	A         	19811	35357804.0000	19868	35465619.0000	-57	-107815.0000	3949	6975450.0000	3597	6445280.0000	352	530170.0000
20110518	臺股期貨            	TXF    	B         	555	990237.0000	581	1036614.0000	-26	-46377.0000	1615	2894080.0000	788	1412096.0000	827	1481984.0000
20110518	臺股期貨            	TXF    	C         	17605	31400098.0000	17438	31095871.0000	167	304228.0000	29564	52950836.0000	37310	66546914.0000	-7746	-13596078.0000
20110518	非金電期貨          	XIF    	A         	1076	1323137.0000	1188	1461038.0000	-112	-137902.0000	563	694892.0000	275	333873.0000	288	361019.0000
20110518	非金電期貨          	XIF    	B         	10	12282.0000	10	12288.0000	0	-6.0000	18	22219.0000	0	.0000	18	22219.0000
20110518	非金電期貨          	XIF    	C         	579	711676.0000	524	643872.0000	55	67804.0000	564	696202.0000	872	1076397.0000	-308	-380195.0000
20110519	電子期貨            	EXF    	A         	1253	1666213.0000	771	1023161.0000	482	643052.0000	2258	2956485.0000	321	416264.0000	1937	2540221.0000
20110519	電子期貨            	EXF    	B         	0	.0000	211	280930.0000	-211	-280930.0000	124	162490.0000	583	763963.0000	-459	-601473.0000
20110519	電子期貨            	EXF    	C         	777	1032602.0000	940	1248655.0000	-163	-216053.0000	2434	3188494.0000	4459	5842801.0000	-2025	-2654307.0000
20110519	金融期貨            	FXF    	A         	1315	1346648.0000	1322	1352746.0000	-7	-6098.0000	935	938348.0000	795	796019.0000	140	142329.0000
20110519	金融期貨            	FXF    	B         	0	.0000	0	.0000	0	.0000	573	575063.0000	0	.0000	573	575063.0000
20110519	金融期貨            	FXF    	C         	1107	1134943.0000	1567	1608547.0000	-460	-473604.0000	2022	2029279.0000	8357	8386892.0000	-6335	-6357613.0000
20110519	櫃買期貨            	GTF    	A         	122	68018.0000	218	121887.0000	-96	-53869.0000	25	13691.0000	99	54314.0000	-74	-40623.0000
20110519	櫃買期貨            	GTF    	B         	0	.0000	0	.0000	0	.0000	63	34587.0000	0	.0000	63	34587.0000
20110519	櫃買期貨            	GTF    	C         	0	.0000	0	.0000	0	.0000	0	.0000	0	.0000	0	.0000
20110519	摩臺期              	MSF    	A         	0	.0000	0	.0000	0	.0000	8	7207.0000	0	.0000	8	7207.0000
20110519	摩臺期              	MSF    	B         	0	.0000	0	.0000	0	.0000	0	.0000	0	.0000	0	.0000
20110519	摩臺期              	MSF    	C         	8	7268.0000	8	7311.0000	0	-43.0000	8	7223.0000	11	9910.0000	-3	-2687.0000
20110519	小型臺指            	MXF    	A         	12730	5700928.0000	14366	6423803.0000	-1636	-722875.0000	969	417026.0000	6200	2734177.0000	-5231	-2317151.0000
20110519	小型臺指            	MXF    	B         	6	2660.0000	0	.0000	6	2660.0000	4	1768.0000	60	26523.0000	-56	-24755.0000
20110519	小型臺指            	MXF    	C         	12989	5812797.0000	14671	6556398.0000	-1682	-743602.0000	4489	1982915.0000	4506	1953350.0000	-17	29565.0000
20110519	股票期貨            	STF    	A         	9945	594150.0000	10095	626134.0000	-150	-31983.0000	9383	560032.0000	6668	487368.0000	2715	72664.0000
20110519	股票期貨            	STF    	B         	0	.0000	0	.0000	0	.0000	0	.0000	0	.0000	0	.0000
20110519	股票期貨            	STF    	C         	28	5165.0000	10	1387.0000	18	3778.0000	138	22606.0000	7771	502919.0000	-7633	-480313.0000
20110519	臺灣50期貨          	T5F    	A         	0	.0000	0	.0000	0	.0000	500	304750.0000	0	.0000	500	304750.0000
20110519	臺灣50期貨          	T5F    	B         	0	.0000	0	.0000	0	.0000	0	.0000	0	.0000	0	.0000
20110519	臺灣50期貨          	T5F    	C         	0	.0000	0	.0000	0	.0000	0	.0000	500	304750.0000	-500	-304750.0000
20110519	臺股期貨            	TXF    	A         	37396	67019439.0000	38608	69179827.0000	-1212	-2160389.0000	3814	6630045.0000	4709	8308409.0000	-895	-1678364.0000
20110519	臺股期貨            	TXF    	B         	113	203566.0000	32	57371.0000	81	146195.0000	1716	3034231.0000	808	1428706.0000	908	1605525.0000
20110519	臺股期貨            	TXF    	C         	20751	37179964.0000	19479	34872085.0000	1272	2307879.0000	30464	53844862.0000	37047	65158064.0000	-6583	-11313202.0000
20110519	非金電期貨          	XIF    	A         	729	896025.0000	574	703479.0000	155	192547.0000	886	1076090.0000	443	531359.0000	443	544731.0000
20110519	非金電期貨          	XIF    	B         	0	.0000	0	.0000	0	.0000	18	21919.0000	0	.0000	18	21919.0000
20110519	非金電期貨          	XIF    	C         	265	327125.0000	258	318742.0000	7	8383.0000	638	776893.0000	939	1143396.0000	-301	-366503.0000
20110520	電子期貨            	EXF    	A         	804	1057872.0000	562	739016.0000	242	318856.0000	2473	3231756.0000	294	380103.0000	2179	2851653.0000
20110520	電子期貨            	EXF    	B         	0	.0000	33	43354.0000	-33	-43354.0000	124	162167.0000	616	805605.0000	-492	-643438.0000
20110520	電子期貨            	EXF    	C         	431	566911.0000	577	757566.0000	-146	-190655.0000	2377	3107498.0000	4548	5947242.0000	-2171	-2839744.0000
20110520	金融期貨            	FXF    	A         	984	994745.0000	794	801387.0000	190	193357.0000	1050	1051026.0000	720	717994.0000	330	333032.0000
20110520	金融期貨            	FXF    	B         	0	.0000	461	464642.0000	-461	-464642.0000	112	112112.0000	0	.0000	112	112112.0000
20110520	金融期貨            	FXF    	C         	1045	1054858.0000	334	336497.0000	711	718362.0000	2109	2111109.0000	7733	7740343.0000	-5624	-5629234.0000
20110520	櫃買期貨            	GTF    	A         	80	43982.0000	74	40696.0000	6	3286.0000	46	25017.0000	114	62035.0000	-68	-37018.0000
20110520	櫃買期貨            	GTF    	B         	0	.0000	0	.0000	0	.0000	63	34297.0000	0	.0000	63	34297.0000
20110520	櫃買期貨            	GTF    	C         	0	.0000	0	.0000	0	.0000	0	.0000	0	.0000	0	.0000
20110520	摩臺期              	MSF    	A         	0	.0000	0	.0000	0	.0000	8	7170.0000	0	.0000	8	7170.0000
20110520	摩臺期              	MSF    	B         	0	.0000	0	.0000	0	.0000	0	.0000	0	.0000	0	.0000
20110520	摩臺期              	MSF    	C         	0	.0000	0	.0000	0	.0000	8	7186.0000	11	9859.0000	-3	-2673.0000
20110520	小型臺指            	MXF    	A         	9836	4355031.0000	9154	4047830.0000	682	307200.0000	1061	455527.0000	5678	2493883.0000	-4617	-2038356.0000
20110520	小型臺指            	MXF    	B         	0	.0000	0	.0000	0	.0000	4	1763.0000	60	26451.0000	-56	-24688.0000
20110520	小型臺指            	MXF    	C         	12827	5676511.0000	12433	5498782.0000	394	177728.0000	4887	2153060.0000	4530	1958522.0000	357	194538.0000
20110520	股票期貨            	STF    	A         	13021	786945.0000	12740	745032.0000	281	41913.0000	10998	664207.0000	8002	545360.0000	2996	118847.0000
20110520	股票期貨            	STF    	B         	0	.0000	0	.0000	0	.0000	0	.0000	0	.0000	0	.0000
20110520	股票期貨            	STF    	C         	135	8560.0000	166	13528.0000	-31	-4969.0000	136	21617.0000	7800	508278.0000	-7664	-486661.0000
20110520	臺灣50期貨          	T5F    	A         	0	.0000	0	.0000	0	.0000	500	304500.0000	0	.0000	500	304500.0000
20110520	臺灣50期貨          	T5F    	B         	0	.0000	0	.0000	0	.0000	0	.0000	0	.0000	0	.0000
20110520	臺灣50期貨          	T5F    	C         	0	.0000	0	.0000	0	.0000	0	.0000	500	304500.0000	-500	-304500.0000
20110520	臺股期貨            	TXF    	A         	21079	37315706.0000	22406	39684107.0000	-1327	-2368400.0000	3841	6648236.0000	6046	10641578.0000	-2205	-3993342.0000
20110520	臺股期貨            	TXF    	B         	56	99128.0000	70	124320.0000	-14	-25192.0000	1747	3080660.0000	853	1504180.0000	894	1576480.0000
20110520	臺股期貨            	TXF    	C         	17014	30152634.0000	14338	25373490.0000	2676	4779145.0000	32019	56435940.0000	35921	62961403.0000	-3902	-6525463.0000
20110520	非金電期貨          	XIF    	A         	454	550190.0000	389	470982.0000	65	79209.0000	996	1205105.0000	488	583660.0000	508	621445.0000
20110520	非金電期貨          	XIF    	B         	0	.0000	0	.0000	0	.0000	18	21845.0000	0	.0000	18	21845.0000
20110520	非金電期貨          	XIF    	C         	85	103491.0000	97	117777.0000	-12	-14286.0000	634	769422.0000	947	1148826.0000	-313	-379404.0000
20110523	電子期貨            	EXF    	A         	592	766463.0000	536	693851.0000	56	72612.0000	2534	3273910.0000	299	382299.0000	2235	2891611.0000
20110523	電子期貨            	EXF    	B         	3	3878.0000	0	.0000	3	3878.0000	124	160332.0000	613	792609.0000	-489	-632277.0000
20110523	電子期貨            	EXF    	C         	612	792169.0000	682	882586.0000	-70	-90417.0000	2321	2999955.0000	4562	5897686.0000	-2241	-2897731.0000
20110523	金融期貨            	FXF    	A         	665	659047.0000	689	683088.0000	-24	-24041.0000	1089	1078627.0000	783	772729.0000	306	305898.0000
20110523	金融期貨            	FXF    	B         	0	.0000	0	.0000	0	.0000	112	110947.0000	0	.0000	112	110947.0000
20110523	金融期貨            	FXF    	C         	317	314138.0000	306	303231.0000	11	10907.0000	1997	1978228.0000	7610	7537972.0000	-5613	-5559744.0000
20110523	櫃買期貨            	GTF    	A         	19	10277.0000	22	11900.0000	-3	-1623.0000	43	23221.0000	114	61602.0000	-71	-38381.0000
20110523	櫃買期貨            	GTF    	B         	0	.0000	0	.0000	0	.0000	63	34058.0000	0	.0000	63	34058.0000
20110523	櫃買期貨            	GTF    	C         	0	.0000	0	.0000	0	.0000	0	.0000	0	.0000	0	.0000
20110523	摩臺期              	MSF    	A         	0	.0000	0	.0000	0	.0000	8	7098.0000	0	.0000	8	7098.0000
20110523	摩臺期              	MSF    	B         	0	.0000	0	.0000	0	.0000	0	.0000	0	.0000	0	.0000
20110523	摩臺期              	MSF    	C         	4	3567.0000	0	.0000	4	3567.0000	12	10692.0000	11	9760.0000	1	932.0000
20110523	小型臺指            	MXF    	A         	11452	4994336.0000	12249	5336513.0000	-797	-342176.0000	1025	436359.0000	6415	2789848.0000	-5390	-2353489.0000
20110523	小型臺指            	MXF    	B         	0	.0000	20	8733.0000	-20	-8733.0000	0	.0000	76	33189.0000	-76	-33189.0000
20110523	小型臺指            	MXF    	C         	11861	5169713.0000	12616	5493878.0000	-755	-324165.0000	4575	1996548.0000	4241	1811829.0000	334	184719.0000
20110523	股票期貨            	STF    	A         	7925	467795.0000	7938	473056.0000	-13	-5261.0000	11683	686258.0000	8700	576829.0000	2983	109429.0000
20110523	股票期貨            	STF    	B         	0	.0000	0	.0000	0	.0000	0	.0000	0	.0000	0	.0000
20110523	股票期貨            	STF    	C         	175	11345.0000	291	22948.0000	-116	-11603.0000	127	19823.0000	7907	512585.0000	-7780	-492762.0000
20110523	臺灣50期貨          	T5F    	A         	0	.0000	0	.0000	0	.0000	500	300500.0000	0	.0000	500	300500.0000
20110523	臺灣50期貨          	T5F    	B         	0	.0000	0	.0000	0	.0000	0	.0000	0	.0000	0	.0000
20110523	臺灣50期貨          	T5F    	C         	0	.0000	0	.0000	0	.0000	0	.0000	500	300500.0000	-500	-300500.0000
20110523	臺股期貨            	TXF    	A         	25684	44809730.0000	25894	45147820.0000	-210	-338090.0000	4091	7025694.0000	6512	11345940.0000	-2421	-4320246.0000
20110523	臺股期貨            	TXF    	B         	511	892163.0000	593	1035374.0000	-82	-143212.0000	1632	2850778.0000	820	1432376.0000	812	1418402.0000
20110523	臺股期貨            	TXF    	C         	13908	24247925.0000	14015	24449143.0000	-107	-201218.0000	32373	56518734.0000	36564	63487358.0000	-4191	-6968624.0000
20110523	非金電期貨          	XIF    	A         	500	598075.0000	543	649653.0000	-43	-51577.0000	1036	1246059.0000	571	679937.0000	465	566122.0000
20110523	非金電期貨          	XIF    	B         	0	.0000	0	.0000	0	.0000	18	21717.0000	0	.0000	18	21717.0000
20110523	非金電期貨          	XIF    	C         	132	158449.0000	198	238354.0000	-66	-79905.0000	556	670814.0000	935	1127591.0000	-379	-456777.0000
20110524	電子期貨            	EXF    	A         	555	718660.0000	857	1108559.0000	-302	-389899.0000	2319	3014186.0000	386	497962.0000	1933	2516224.0000
20110524	電子期貨            	EXF    	B         	23	29896.0000	0	.0000	23	29896.0000	124	161299.0000	590	767472.0000	-466	-606173.0000
20110524	電子期貨            	EXF    	C         	480	621158.0000	381	492765.0000	99	128394.0000	2302	2993353.0000	4444	5779666.0000	-2142	-2786313.0000
20110524	金融期貨            	FXF    	A         	683	677211.0000	665	659231.0000	18	17979.0000	1093	1090854.0000	769	764505.0000	324	326349.0000
20110524	金融期貨            	FXF    	B         	0	.0000	19	18816.0000	-19	-18816.0000	93	92851.0000	0	.0000	93	92851.0000
20110524	金融期貨            	FXF    	C         	382	378204.0000	405	400984.0000	-23	-22780.0000	1984	1980826.0000	7620	7607262.0000	-5636	-5626436.0000
20110524	櫃買期貨            	GTF    	A         	39	20950.0000	44	23633.0000	-5	-2683.0000	25	13426.0000	101	54432.0000	-76	-41006.0000
20110524	櫃買期貨            	GTF    	B         	0	.0000	0	.0000	0	.0000	63	33995.0000	0	.0000	63	33995.0000
20110524	櫃買期貨            	GTF    	C         	0	.0000	0	.0000	0	.0000	0	.0000	0	.0000	0	.0000
20110524	摩臺期              	MSF    	A         	0	.0000	0	.0000	0	.0000	8	7169.0000	0	.0000	8	7169.0000
20110524	摩臺期              	MSF    	B         	0	.0000	0	.0000	0	.0000	0	.0000	0	.0000	0	.0000
20110524	摩臺期              	MSF    	C         	0	.0000	0	.0000	0	.0000	12	10798.0000	11	9857.0000	1	941.0000
20110524	小型臺指            	MXF    	A         	8109	3531412.0000	8176	3561026.0000	-67	-29615.0000	1130	483266.0000	6511	2842188.0000	-5381	-2358922.0000
20110524	小型臺指            	MXF    	B         	0	.0000	15	6573.0000	-15	-6573.0000	0	.0000	91	39872.0000	-91	-39872.0000
20110524	小型臺指            	MXF    	C         	11622	5063078.0000	11539	5024304.0000	83	38774.0000	4817	2109182.0000	4196	1797981.0000	621	311201.0000
20110524	股票期貨            	STF    	A         	6905	392171.0000	7062	409494.0000	-157	-17323.0000	11862	697369.0000	9036	598547.0000	2826	98822.0000
20110524	股票期貨            	STF    	B         	0	.0000	0	.0000	0	.0000	0	.0000	0	.0000	0	.0000
20110524	股票期貨            	STF    	C         	235	32973.0000	213	10730.0000	22	22243.0000	162	36656.0000	7920	512638.0000	-7758	-475982.0000
20110524	臺灣50期貨          	T5F    	A         	500	285600.0000	500	297600.0000	0	-12000.0000	500	289800.0000	0	.0000	500	289800.0000
20110524	臺灣50期貨          	T5F    	B         	0	.0000	0	.0000	0	.0000	0	.0000	0	.0000	0	.0000
20110524	臺灣50期貨          	T5F    	C         	500	297600.0000	500	285600.0000	0	12000.0000	500	302000.0000	1000	591800.0000	-500	-289800.0000
20110524	臺股期貨            	TXF    	A         	25817	45025714.0000	24600	42891124.0000	1217	2134590.0000	4397	7587777.0000	5620	9822138.0000	-1223	-2234361.0000
20110524	臺股期貨            	TXF    	B         	88	153182.0000	465	810869.0000	-377	-657687.0000	1606	2814676.0000	1171	2052295.0000	435	762381.0000
20110524	臺股期貨            	TXF    	C         	12051	21007525.0000	14084	24561253.0000	-2033	-3553728.0000	31844	55772072.0000	38119	66419193.0000	-6275	-10647121.0000
20110524	非金電期貨          	XIF    	A         	499	595081.0000	499	594988.0000	0	93.0000	1029	1236456.0000	564	670753.0000	465	565703.0000
20110524	非金電期貨          	XIF    	B         	0	.0000	0	.0000	0	.0000	18	21704.0000	0	.0000	18	21704.0000
20110524	非金電期貨          	XIF    	C         	159	190800.0000	164	196198.0000	-5	-5398.0000	520	627016.0000	904	1088907.0000	-384	-461891.0000
20110525	電子期貨            	EXF    	A         	752	969747.0000	735	947547.0000	17	22201.0000	2360	3031861.0000	410	523131.0000	1950	2508730.0000
20110525	電子期貨            	EXF    	B         	0	.0000	0	.0000	0	.0000	124	159439.0000	590	758622.0000	-466	-599183.0000
20110525	電子期貨            	EXF    	C         	579	746257.0000	403	519131.0000	176	227126.0000	2228	2863673.0000	4194	5391022.0000	-1966	-2527349.0000
20110525	金融期貨            	FXF    	A         	806	796981.0000	820	810558.0000	-14	-13577.0000	1063	1047380.0000	753	739346.0000	310	308034.0000
20110525	金融期貨            	FXF    	B         	0	.0000	0	.0000	0	.0000	93	91661.0000	0	.0000	93	91661.0000
20110525	金融期貨            	FXF    	C         	404	399301.0000	548	541756.0000	-144	-142455.0000	1843	1816461.0000	7623	7512527.0000	-5780	-5696066.0000
20110525	櫃買期貨            	GTF    	A         	48	25850.0000	43	23241.0000	5	2608.0000	23	12320.0000	94	50497.0000	-71	-38177.0000
20110525	櫃買期貨            	GTF    	B         	0	.0000	0	.0000	0	.0000	63	33844.0000	0	.0000	63	33844.0000
20110525	櫃買期貨            	GTF    	C         	0	.0000	0	.0000	0	.0000	0	.0000	0	.0000	0	.0000
20110525	摩臺期              	MSF    	A         	0	.0000	0	.0000	0	.0000	8	7106.0000	0	.0000	8	7106.0000
20110525	摩臺期              	MSF    	B         	0	.0000	0	.0000	0	.0000	0	.0000	0	.0000	0	.0000
20110525	摩臺期              	MSF    	C         	2	1774.0000	0	.0000	2	1774.0000	14	12420.0000	11	9771.0000	3	2649.0000
20110525	小型臺指            	MXF    	A         	9750	4235568.0000	10336	4487070.0000	-586	-251502.0000	1179	500413.0000	7182	3104134.0000	-6003	-2603721.0000
20110525	小型臺指            	MXF    	B         	0	.0000	0	.0000	0	.0000	0	.0000	91	39489.0000	-91	-39489.0000
20110525	小型臺指            	MXF    	C         	11406	4952115.0000	11748	5098699.0000	-342	-146585.0000	5199	2254390.0000	4036	1709128.0000	1163	545262.0000
20110525	股票期貨            	STF    	A         	9425	546578.0000	8930	510977.0000	495	35601.0000	12763	747168.0000	9442	608621.0000	3321	138547.0000
20110525	股票期貨            	STF    	B         	0	.0000	0	.0000	0	.0000	0	.0000	0	.0000	0	.0000
20110525	股票期貨            	STF    	C         	149	15267.0000	235	15799.0000	-86	-532.0000	224	43053.0000	8068	523592.0000	-7844	-480539.0000
20110525	臺灣50期貨          	T5F    	A         	0	.0000	0	.0000	0	.0000	500	287050.0000	0	.0000	500	287050.0000
20110525	臺灣50期貨          	T5F    	B         	0	.0000	0	.0000	0	.0000	0	.0000	0	.0000	0	.0000
20110525	臺灣50期貨          	T5F    	C         	0	.0000	0	.0000	0	.0000	500	299250.0000	1000	586300.0000	-500	-287050.0000
20110525	臺股期貨            	TXF    	A         	27072	47051064.0000	28344	49255108.0000	-1272	-2204044.0000	4305	7352421.0000	6791	11760151.0000	-2486	-4407730.0000
20110525	臺股期貨            	TXF    	B         	123	213642.0000	84	146001.0000	39	67641.0000	1623	2817203.0000	1149	1994434.0000	474	822769.0000
20110525	臺股期貨            	TXF    	C         	18666	32423772.0000	16600	28816915.0000	2066	3606857.0000	31322	54310716.0000	35758	61632006.0000	-4436	-7321290.0000
20110525	非金電期貨          	XIF    	A         	429	509260.0000	511	607676.0000	-82	-98417.0000	985	1176205.0000	602	712232.0000	383	463973.0000
20110525	非金電期貨          	XIF    	B         	0	.0000	0	.0000	0	.0000	18	21560.0000	0	.0000	18	21560.0000
20110525	非金電期貨          	XIF    	C         	129	154235.0000	160	191435.0000	-31	-37200.0000	469	561768.0000	884	1057777.0000	-415	-496009.0000
20110526	電子期貨            	EXF    	A         	709	920482.0000	735	954458.0000	-26	-33976.0000	2391	3121413.0000	467	606372.0000	1924	2515041.0000
20110526	電子期貨            	EXF    	B         	316	410528.0000	0	.0000	316	410528.0000	124	162018.0000	274	358008.0000	-150	-195990.0000
20110526	電子期貨            	EXF    	C         	225	292175.0000	353	458670.0000	-128	-166495.0000	2174	2839404.0000	4268	5574738.0000	-2094	-2735334.0000
20110526	金融期貨            	FXF    	A         	578	575217.0000	406	403912.0000	172	171305.0000	1147	1144292.0000	665	660616.0000	482	483676.0000
20110526	金融期貨            	FXF    	B         	0	.0000	0	.0000	0	.0000	93	92814.0000	0	.0000	93	92814.0000
20110526	金融期貨            	FXF    	C         	386	383890.0000	150	149266.0000	236	234624.0000	2009	2004982.0000	7553	7537026.0000	-5544	-5532044.0000
20110526	櫃買期貨            	GTF    	A         	4	2178.0000	6	3261.0000	-2	-1083.0000	22	11963.0000	95	51813.0000	-73	-39850.0000
20110526	櫃買期貨            	GTF    	B         	0	.0000	0	.0000	0	.0000	63	34360.0000	0	.0000	63	34360.0000
20110526	櫃買期貨            	GTF    	C         	0	.0000	0	.0000	0	.0000	0	.0000	0	.0000	0	.0000
20110526	摩臺期              	MSF    	A         	0	.0000	0	.0000	0	.0000	8	7208.0000	0	.0000	8	7208.0000
20110526	摩臺期              	MSF    	B         	0	.0000	0	.0000	0	.0000	0	.0000	0	.0000	0	.0000
20110526	摩臺期              	MSF    	C         	0	.0000	0	.0000	0	.0000	14	12598.0000	11	9911.0000	3	2687.0000
20110526	小型臺指            	MXF    	A         	6590	2879855.0000	5097	2230185.0000	1493	649671.0000	1721	742408.0000	6079	2662577.0000	-4358	-1920169.0000
20110526	小型臺指            	MXF    	B         	0	.0000	0	.0000	0	.0000	0	.0000	91	39972.0000	-91	-39972.0000
20110526	小型臺指            	MXF    	C         	8212	3587766.0000	6462	2823870.0000	1750	763896.0000	6533	2867900.0000	3868	1658893.0000	2665	1209007.0000
20110526	股票期貨            	STF    	A         	9858	554455.0000	9663	547807.0000	195	6648.0000	14584	838094.0000	11068	693070.0000	3516	145024.0000
20110526	股票期貨            	STF    	B         	0	.0000	0	.0000	0	.0000	0	.0000	0	.0000	0	.0000
20110526	股票期貨            	STF    	C         	549	49106.0000	489	24657.0000	60	24449.0000	291	63597.0000	8075	523366.0000	-7784	-459769.0000
20110526	臺灣50期貨          	T5F    	A         	0	.0000	0	.0000	0	.0000	500	290550.0000	0	.0000	500	290550.0000
20110526	臺灣50期貨          	T5F    	B         	0	.0000	0	.0000	0	.0000	0	.0000	0	.0000	0	.0000
20110526	臺灣50期貨          	T5F    	C         	0	.0000	0	.0000	0	.0000	500	302750.0000	1000	593300.0000	-500	-290550.0000
20110526	臺股期貨            	TXF    	A         	19180	33565895.0000	17949	31437255.0000	1231	2128640.0000	5265	9114334.0000	6558	11500600.0000	-1293	-2386266.0000
20110526	臺股期貨            	TXF    	B         	96	168670.0000	116	202744.0000	-20	-34074.0000	1638	2877966.0000	1184	2080288.0000	454	797678.0000
20110526	臺股期貨            	TXF    	C         	14002	24459379.0000	14065	24554961.0000	-63	-95582.0000	32282	56623395.0000	36721	64023953.0000	-4439	-7400558.0000
20110526	非金電期貨          	XIF    	A         	435	520574.0000	297	354887.0000	138	165686.0000	1110	1335045.0000	589	701280.0000	521	633765.0000
20110526	非金電期貨          	XIF    	B         	0	.0000	0	.0000	0	.0000	18	21730.0000	0	.0000	18	21730.0000
20110526	非金電期貨          	XIF    	C         	146	175687.0000	173	207940.0000	-27	-32253.0000	442	533582.0000	884	1065570.0000	-442	-531988.0000
20110527	電子期貨            	EXF    	A         	845	1107154.0000	847	1109958.0000	-2	-2804.0000	2342	3058702.0000	420	545203.0000	1922	2513499.0000
20110527	電子期貨            	EXF    	B         	0	.0000	20	26151.0000	-20	-26151.0000	124	162093.0000	294	384317.0000	-170	-222224.0000
20110527	電子期貨            	EXF    	C         	433	567756.0000	444	581900.0000	-11	-14144.0000	2126	2778287.0000	4231	5528823.0000	-2105	-2750536.0000
20110527	金融期貨            	FXF    	A         	837	837799.0000	1018	1018806.0000	-181	-181007.0000	1103	1096162.0000	802	795408.0000	301	300754.0000
20110527	金融期貨            	FXF    	B         	0	.0000	0	.0000	0	.0000	93	92461.0000	0	.0000	93	92461.0000
20110527	金融期貨            	FXF    	C         	213	212654.0000	352	352117.0000	-139	-139463.0000	2013	2001325.0000	7696	7650290.0000	-5683	-5648965.0000
20110527	櫃買期貨            	GTF    	A         	71	38939.0000	85	46842.0000	-14	-7903.0000	19	10395.0000	106	57897.0000	-87	-47502.0000
20110527	櫃買期貨            	GTF    	B         	0	.0000	0	.0000	0	.0000	63	34411.0000	0	.0000	63	34411.0000
20110527	櫃買期貨            	GTF    	C         	0	.0000	0	.0000	0	.0000	0	.0000	0	.0000	0	.0000
20110527	摩臺期              	MSF    	A         	0	.0000	0	.0000	0	.0000	8	7214.0000	0	.0000	8	7214.0000
20110527	摩臺期              	MSF    	B         	0	.0000	0	.0000	0	.0000	0	.0000	0	.0000	0	.0000
20110527	摩臺期              	MSF    	C         	0	.0000	0	.0000	0	.0000	14	12608.0000	11	9919.0000	3	2689.0000
20110527	小型臺指            	MXF    	A         	8077	3555418.0000	7482	3290185.0000	595	265233.0000	1244	533525.0000	5031	2201886.0000	-3787	-1668361.0000
20110527	小型臺指            	MXF    	B         	12	5269.0000	0	.0000	12	5269.0000	0	.0000	79	34681.0000	-79	-34681.0000
20110527	小型臺指            	MXF    	C         	9885	4347526.0000	9261	4070240.0000	624	277285.0000	6375	2797172.0000	3838	1644962.0000	2537	1152210.0000
20110527	股票期貨            	STF    	A         	7029	401236.0000	6947	410699.0000	82	-9463.0000	15196	866183.0000	11598	733563.0000	3598	132620.0000
20110527	股票期貨            	STF    	B         	0	.0000	0	.0000	0	.0000	0	.0000	0	.0000	0	.0000
20110527	股票期貨            	STF    	C         	410	27764.0000	568	32060.0000	-158	-4296.0000	396	67404.0000	8338	529822.0000	-7942	-462418.0000
20110527	臺灣50期貨          	T5F    	A         	0	.0000	0	.0000	0	.0000	500	290050.0000	0	.0000	500	290050.0000
20110527	臺灣50期貨          	T5F    	B         	0	.0000	0	.0000	0	.0000	0	.0000	0	.0000	0	.0000
20110527	臺灣50期貨          	T5F    	C         	0	.0000	0	.0000	0	.0000	500	302250.0000	1000	592300.0000	-500	-290050.0000
20110527	臺股期貨            	TXF    	A         	24959	43963496.0000	24954	43956181.0000	5	7316.0000	5089	8797432.0000	6371	11165396.0000	-1282	-2367964.0000
20110527	臺股期貨            	TXF    	B         	140	246109.0000	77	135554.0000	63	110555.0000	1664	2921984.0000	1147	2014132.0000	517	907852.0000
20110527	臺股期貨            	TXF    	C         	14577	25653253.0000	12330	21693486.0000	2247	3959768.0000	34395	60291630.0000	36453	63499313.0000	-2058	-3207683.0000
20110527	非金電期貨          	XIF    	A         	234	281729.0000	335	403897.0000	-101	-122168.0000	979	1174671.0000	559	664020.0000	420	510651.0000
20110527	非金電期貨          	XIF    	B         	0	.0000	0	.0000	0	.0000	18	21690.0000	0	.0000	18	21690.0000
20110527	非金電期貨          	XIF    	C         	214	258486.0000	130	156928.0000	84	101558.0000	526	633830.0000	884	1063552.0000	-358	-429722.0000
20110530	電子期貨            	EXF    	A         	715	937722.0000	517	677761.0000	198	259962.0000	2588	3402340.0000	468	611900.0000	2120	2790440.0000
20110530	電子期貨            	EXF    	B         	0	.0000	0	.0000	0	.0000	124	163159.0000	294	386845.0000	-170	-223686.0000
20110530	電子期貨            	EXF    	C         	337	442080.0000	391	512360.0000	-54	-70280.0000	2122	2791267.0000	4281	5630693.0000	-2159	-2839426.0000
20110530	金融期貨            	FXF    	A         	619	617396.0000	501	499274.0000	118	118122.0000	1178	1179616.0000	759	757285.0000	419	422331.0000
20110530	金融期貨            	FXF    	B         	0	.0000	0	.0000	0	.0000	93	93167.0000	0	.0000	93	93167.0000
20110530	金融期貨            	FXF    	C         	447	445899.0000	199	198342.0000	248	247558.0000	2160	2163888.0000	7595	7607453.0000	-5435	-5443565.0000
20110530	櫃買期貨            	GTF    	A         	6	3303.0000	9	4933.0000	-3	-1630.0000	17	9319.0000	107	58786.0000	-90	-49467.0000
20110530	櫃買期貨            	GTF    	B         	0	.0000	0	.0000	0	.0000	63	34612.0000	0	.0000	63	34612.0000
20110530	櫃買期貨            	GTF    	C         	0	.0000	0	.0000	0	.0000	0	.0000	0	.0000	0	.0000
20110530	摩臺期              	MSF    	A         	0	.0000	0	.0000	0	.0000	8	7206.0000	0	.0000	8	7206.0000
20110530	摩臺期              	MSF    	B         	0	.0000	0	.0000	0	.0000	0	.0000	0	.0000	0	.0000
20110530	摩臺期              	MSF    	C         	0	.0000	0	.0000	0	.0000	14	12594.0000	11	9908.0000	3	2686.0000
20110530	小型臺指            	MXF    	A         	8913	3910745.0000	8549	3748270.0000	364	162475.0000	1774	768597.0000	5257	2310208.0000	-3483	-1541611.0000
20110530	小型臺指            	MXF    	B         	0	.0000	0	.0000	0	.0000	0	.0000	79	34823.0000	-79	-34823.0000
20110530	小型臺指            	MXF    	C         	10914	4788666.0000	9531	4178659.0000	1383	610007.0000	6104	2688928.0000	3824	1645921.0000	2280	1043007.0000
20110530	股票期貨            	STF    	A         	3712	231053.0000	3740	244216.0000	-28	-13164.0000	15362	870386.0000	11792	751531.0000	3570	118855.0000
20110530	股票期貨            	STF    	B         	0	.0000	0	.0000	0	.0000	0	.0000	0	.0000	0	.0000
20110530	股票期貨            	STF    	C         	249	26385.0000	149	15410.0000	100	10975.0000	564	85036.0000	8406	538250.0000	-7842	-453214.0000
20110530	臺灣50期貨          	T5F    	A         	0	.0000	0	.0000	0	.0000	500	289550.0000	0	.0000	500	289550.0000
20110530	臺灣50期貨          	T5F    	B         	0	.0000	0	.0000	0	.0000	0	.0000	0	.0000	0	.0000
20110530	臺灣50期貨          	T5F    	C         	0	.0000	0	.0000	0	.0000	500	301750.0000	1000	591300.0000	-500	-289550.0000
20110530	臺股期貨            	TXF    	A         	21784	38261502.0000	22660	39787335.0000	-876	-1525833.0000	5365	9315922.0000	7508	13215020.0000	-2143	-3899098.0000
20110530	臺股期貨            	TXF    	B         	15	26338.0000	36	63314.0000	-21	-36976.0000	1664	2933965.0000	1168	2059418.0000	496	874547.0000
20110530	臺股期貨            	TXF    	C         	15739	27622334.0000	13293	23321614.0000	2446	4300719.0000	36610	64425246.0000	35812	62611111.0000	798	1814135.0000
20110530	非金電期貨          	XIF    	A         	361	431227.0000	300	358070.0000	61	73157.0000	1081	1294411.0000	600	711736.0000	481	582675.0000
20110530	非金電期貨          	XIF    	B         	0	.0000	0	.0000	0	.0000	18	21654.0000	0	.0000	18	21654.0000
20110530	非金電期貨          	XIF    	C         	118	141226.0000	97	116409.0000	21	24817.0000	547	658041.0000	884	1061423.0000	-337	-403382.0000
20110531	電子期貨            	EXF    	A         	1075	1436417.0000	814	1087783.0000	261	348635.0000	2675	3601812.0000	294	391908.0000	2381	3209904.0000
20110531	電子期貨            	EXF    	B         	0	.0000	0	.0000	0	.0000	124	167102.0000	294	396194.0000	-170	-229092.0000
20110531	電子期貨            	EXF    	C         	558	745553.0000	508	681987.0000	50	63566.0000	2235	3011033.0000	4344	5851749.0000	-2109	-2840716.0000
20110531	金融期貨            	FXF    	A         	1180	1192720.0000	727	734609.0000	453	458111.0000	1398	1424423.0000	526	533329.0000	872	891094.0000
20110531	金融期貨            	FXF    	B         	0	.0000	0	.0000	0	.0000	93	94804.0000	0	.0000	93	94804.0000
20110531	金融期貨            	FXF    	C         	515	520782.0000	764	770824.0000	-249	-250041.0000	2238	2281417.0000	7922	8073736.0000	-5684	-5792319.0000
20110531	櫃買期貨            	GTF    	A         	31	17260.0000	22	12247.0000	9	5013.0000	13	7197.0000	94	52712.0000	-81	-45515.0000
20110531	櫃買期貨            	GTF    	B         	0	.0000	0	.0000	0	.0000	63	35343.0000	0	.0000	63	35343.0000
20110531	櫃買期貨            	GTF    	C         	0	.0000	0	.0000	0	.0000	0	.0000	0	.0000	0	.0000
20110531	摩臺期              	MSF    	A         	0	.0000	0	.0000	0	.0000	8	7349.0000	0	.0000	8	7349.0000
20110531	摩臺期              	MSF    	B         	0	.0000	0	.0000	0	.0000	0	.0000	0	.0000	0	.0000
20110531	摩臺期              	MSF    	C         	0	.0000	0	.0000	0	.0000	14	12844.0000	11	10104.0000	3	2740.0000
20110531	小型臺指            	MXF    	A         	11754	5233968.0000	7744	3459913.0000	4010	1774055.0000	5463	2443259.0000	5484	2464582.0000	-21	-21323.0000
20110531	小型臺指            	MXF    	B         	33	14874.0000	0	.0000	33	14874.0000	14	6313.0000	60	27054.0000	-46	-20741.0000
20110531	小型臺指            	MXF    	C         	10620	4724310.0000	7647	3418371.0000	2973	1305939.0000	5855	2637005.0000	3602	1588693.0000	2253	1048312.0000
20110531	股票期貨            	STF    	A         	5882	386677.0000	5766	391196.0000	116	-4519.0000	15447	893053.0000	11761	774838.0000	3686	118215.0000
20110531	股票期貨            	STF    	B         	0	.0000	0	.0000	0	.0000	0	.0000	0	.0000	0	.0000
20110531	股票期貨            	STF    	C         	80	4961.0000	135	9737.0000	-55	-4776.0000	577	88469.0000	8474	555900.0000	-7897	-467431.0000
20110531	臺灣50期貨          	T5F    	A         	0	.0000	0	.0000	0	.0000	500	296800.0000	0	.0000	500	296800.0000
20110531	臺灣50期貨          	T5F    	B         	0	.0000	0	.0000	0	.0000	0	.0000	0	.0000	0	.0000
20110531	臺灣50期貨          	T5F    	C         	0	.0000	0	.0000	0	.0000	500	309000.0000	1000	605800.0000	-500	-296800.0000
20110531	臺股期貨            	TXF    	A         	29133	52065954.0000	26258	46951988.0000	2875	5113966.0000	8601	15357844.0000	7732	13921384.0000	869	1436460.0000
20110531	臺股期貨            	TXF    	B         	544	969489.0000	78	139470.0000	466	830020.0000	1855	3345678.0000	893	1610615.0000	962	1735063.0000
20110531	臺股期貨            	TXF    	C         	21477	38329957.0000	18350	32847363.0000	3127	5482595.0000	41517	74717835.0000	36842	65918382.0000	4675	8799453.0000
20110531	非金電期貨          	XIF    	A         	408	494149.0000	342	414141.0000	66	80008.0000	1197	1468461.0000	650	790778.0000	547	677683.0000
20110531	非金電期貨          	XIF    	B         	0	.0000	0	.0000	0	.0000	18	22165.0000	0	.0000	18	22165.0000
20110531	非金電期貨          	XIF    	C         	116	141086.0000	161	196082.0000	-45	-54996.0000	516	635402.0000	898	1104156.0000	-382	-468754.0000
