20110601	電子期貨            	EXF    	A         	508	689093.0000	612	830496.0000	-104	-141403.0000	2586	3519688.0000	309	416431.0000	2277	3103257.0000
20110601	電子期貨            	EXF    	B         	0	.0000	0	.0000	0	.0000	124	168913.0000	294	400487.0000	-170	-231574.0000
20110601	電子期貨            	EXF    	C         	776	1055299.0000	400	543104.0000	376	512194.0000	2485	3384400.0000	4218	5743598.0000	-1733	-2359198.0000
20110601	金融期貨            	FXF    	A         	846	864722.0000	726	741841.0000	120	122881.0000	1462	1498589.0000	470	479109.0000	992	1019480.0000
20110601	金融期貨            	FXF    	B         	10	10235.0000	0	.0000	10	10235.0000	103	105616.0000	0	.0000	103	105616.0000
20110601	金融期貨            	FXF    	C         	404	413160.0000	397	405661.0000	7	7499.0000	2195	2250753.0000	7872	8069957.0000	-5677	-5819204.0000
20110601	櫃買期貨            	GTF    	A         	34	19181.0000	76	42911.0000	-42	-23731.0000	11	6167.0000	134	75844.0000	-123	-69677.0000
20110601	櫃買期貨            	GTF    	B         	0	.0000	0	.0000	0	.0000	63	35658.0000	0	.0000	63	35658.0000
20110601	櫃買期貨            	GTF    	C         	0	.0000	0	.0000	0	.0000	0	.0000	0	.0000	0	.0000
20110601	摩臺期              	MSF    	A         	0	.0000	0	.0000	0	.0000	8	7377.0000	0	.0000	8	7377.0000
20110601	摩臺期              	MSF    	B         	0	.0000	0	.0000	0	.0000	0	.0000	0	.0000	0	.0000
20110601	摩臺期              	MSF    	C         	0	.0000	0	.0000	0	.0000	14	12894.0000	11	10144.0000	3	2750.0000
20110601	小型臺指            	MXF    	A         	7691	3480575.0000	7217	3267057.0000	474	213518.0000	5788	2606858.0000	5675	2568517.0000	113	38341.0000
20110601	小型臺指            	MXF    	B         	27	12261.0000	0	.0000	27	12261.0000	41	18626.0000	60	27258.0000	-19	-8632.0000
20110601	小型臺指            	MXF    	C         	9044	4087434.0000	7744	3502360.0000	1300	585074.0000	5547	2516919.0000	3550	1577988.0000	1997	938931.0000
20110601	股票期貨            	STF    	A         	8557	524866.0000	8592	526522.0000	-35	-1656.0000	14583	867622.0000	10932	750879.0000	3651	116743.0000
20110601	股票期貨            	STF    	B         	0	.0000	0	.0000	0	.0000	0	.0000	0	.0000	0	.0000
20110601	股票期貨            	STF    	C         	131	15152.0000	213	17348.0000	-82	-2196.0000	616	99426.0000	8595	572909.0000	-7979	-473483.0000
20110601	臺灣50期貨          	T5F    	A         	0	.0000	0	.0000	0	.0000	500	300200.0000	0	.0000	500	300200.0000
20110601	臺灣50期貨          	T5F    	B         	0	.0000	0	.0000	0	.0000	0	.0000	0	.0000	0	.0000
20110601	臺灣50期貨          	T5F    	C         	0	.0000	0	.0000	0	.0000	500	312400.0000	1000	612600.0000	-500	-300200.0000
20110601	臺股期貨            	TXF    	A         	24029	43557785.0000	22933	41577133.0000	1096	1980651.0000	9946	17912096.0000	7896	14324774.0000	2050	3587322.0000
20110601	臺股期貨            	TXF    	B         	59	106828.0000	50	90510.0000	9	16318.0000	1860	3379992.0000	904	1642749.0000	956	1737243.0000
20110601	臺股期貨            	TXF    	C         	15651	28356092.0000	14733	26697174.0000	918	1658918.0000	44367	80448310.0000	38380	69213059.0000	5987	11235251.0000
20110601	非金電期貨          	XIF    	A         	295	361289.0000	254	310662.0000	41	50627.0000	1238	1525379.0000	650	793952.0000	588	731427.0000
20110601	非金電期貨          	XIF    	B         	0	.0000	0	.0000	0	.0000	18	22266.0000	0	.0000	18	22266.0000
20110601	非金電期貨          	XIF    	C         	98	121185.0000	132	163144.0000	-34	-41959.0000	542	670454.0000	958	1183254.0000	-416	-512800.0000
20110602	電子期貨            	EXF    	A         	670	904088.0000	520	701054.0000	150	203034.0000	2761	3721702.0000	334	445615.0000	2427	3276087.0000
20110602	電子期貨            	EXF    	B         	0	.0000	0	.0000	0	.0000	124	167276.0000	294	396606.0000	-170	-229330.0000
20110602	電子期貨            	EXF    	C         	503	678933.0000	690	930658.0000	-187	-251725.0000	2692	3631137.0000	4612	6219384.0000	-1920	-2588247.0000
20110602	金融期貨            	FXF    	A         	831	844845.0000	570	579596.0000	261	265249.0000	1730	1763287.0000	477	483225.0000	1253	1280062.0000
20110602	金融期貨            	FXF    	B         	0	.0000	0	.0000	0	.0000	103	105019.0000	0	.0000	103	105019.0000
20110602	金融期貨            	FXF    	C         	548	557670.0000	315	319972.0000	233	237698.0000	2340	2385864.0000	7784	7934361.0000	-5444	-5548497.0000
20110602	櫃買期貨            	GTF    	A         	46	25767.0000	50	28011.0000	-4	-2244.0000	10	5560.0000	137	76610.0000	-127	-71050.0000
20110602	櫃買期貨            	GTF    	B         	0	.0000	0	.0000	0	.0000	63	35230.0000	0	.0000	63	35230.0000
20110602	櫃買期貨            	GTF    	C         	0	.0000	0	.0000	0	.0000	0	.0000	0	.0000	0	.0000
20110602	摩臺期              	MSF    	A         	0	.0000	0	.0000	0	.0000	8	7335.0000	0	.0000	8	7335.0000
20110602	摩臺期              	MSF    	B         	0	.0000	0	.0000	0	.0000	0	.0000	0	.0000	0	.0000
20110602	摩臺期              	MSF    	C         	0	.0000	0	.0000	0	.0000	14	12820.0000	11	10086.0000	3	2734.0000
20110602	小型臺指            	MXF    	A         	5814	2617804.0000	7558	3403018.0000	-1744	-785214.0000	4681	2091341.0000	6460	2905928.0000	-1779	-814587.0000
20110602	小型臺指            	MXF    	B         	0	.0000	20	9020.0000	-20	-9020.0000	41	18507.0000	80	36112.0000	-39	-17605.0000
20110602	小型臺指            	MXF    	C         	6590	2967147.0000	8999	4050646.0000	-2409	-1083500.0000	5489	2475336.0000	5653	2514108.0000	-164	-38772.0000
20110602	股票期貨            	STF    	A         	8391	474647.0000	8442	474187.0000	-51	460.0000	14292	845181.0000	10692	730576.0000	3600	114605.0000
20110602	股票期貨            	STF    	B         	0	.0000	0	.0000	0	.0000	0	.0000	0	.0000	0	.0000
20110602	股票期貨            	STF    	C         	103	7166.0000	159	12438.0000	-56	-5273.0000	643	101754.0000	8678	575215.0000	-8035	-473461.0000
20110602	臺灣50期貨          	T5F    	A         	0	.0000	0	.0000	0	.0000	500	297550.0000	0	.0000	500	297550.0000
20110602	臺灣50期貨          	T5F    	B         	0	.0000	0	.0000	0	.0000	0	.0000	0	.0000	0	.0000
20110602	臺灣50期貨          	T5F    	C         	0	.0000	0	.0000	0	.0000	500	309750.0000	1000	607300.0000	-500	-297550.0000
20110602	臺股期貨            	TXF    	A         	16126	29083279.0000	16971	30592363.0000	-845	-1509083.0000	9312	16653918.0000	8066	14535645.0000	1246	2118273.0000
20110602	臺股期貨            	TXF    	B         	61	110051.0000	329	593499.0000	-268	-483448.0000	1857	3352999.0000	1169	2110746.0000	688	1242253.0000
20110602	臺股期貨            	TXF    	C         	16029	28916339.0000	15909	28693522.0000	120	222817.0000	47144	84950057.0000	41098	73665016.0000	6046	11285041.0000
20110602	非金電期貨          	XIF    	A         	169	207160.0000	140	171867.0000	29	35292.0000	1303	1600704.0000	686	835893.0000	617	764811.0000
20110602	非金電期貨          	XIF    	B         	0	.0000	0	.0000	0	.0000	18	22185.0000	0	.0000	18	22185.0000
20110602	非金電期貨          	XIF    	C         	47	57828.0000	99	121316.0000	-52	-63488.0000	524	645830.0000	992	1220977.0000	-468	-575147.0000
20110603	電子期貨            	EXF    	A         	681	921507.0000	490	663103.0000	191	258403.0000	2988	4053417.0000	370	497420.0000	2618	3555997.0000
20110603	電子期貨            	EXF    	B         	0	.0000	0	.0000	0	.0000	124	168342.0000	294	399134.0000	-170	-230792.0000
20110603	電子期貨            	EXF    	C         	554	749666.0000	295	399091.0000	259	350575.0000	2845	3862063.0000	4506	6115141.0000	-1661	-2253078.0000
20110603	金融期貨            	FXF    	A         	584	596834.0000	538	549585.0000	46	47249.0000	1805	1849308.0000	506	515481.0000	1299	1333827.0000
20110603	金融期貨            	FXF    	B         	174	177518.0000	0	.0000	174	177518.0000	277	283870.0000	0	.0000	277	283870.0000
20110603	金融期貨            	FXF    	C         	260	266013.0000	510	521112.0000	-250	-255099.0000	2230	2285304.0000	7924	8118358.0000	-5694	-5833054.0000
20110603	櫃買期貨            	GTF    	A         	114	63857.0000	51	28582.0000	63	35276.0000	10	5582.0000	74	41558.0000	-64	-35976.0000
20110603	櫃買期貨            	GTF    	B         	0	.0000	0	.0000	0	.0000	63	35381.0000	0	.0000	63	35381.0000
20110603	櫃買期貨            	GTF    	C         	0	.0000	0	.0000	0	.0000	0	.0000	0	.0000	0	.0000
20110603	摩臺期              	MSF    	A         	0	.0000	0	.0000	0	.0000	8	7372.0000	0	.0000	8	7372.0000
20110603	摩臺期              	MSF    	B         	0	.0000	0	.0000	0	.0000	0	.0000	0	.0000	0	.0000
20110603	摩臺期              	MSF    	C         	0	.0000	0	.0000	0	.0000	14	12886.0000	11	10137.0000	3	2749.0000
20110603	小型臺指            	MXF    	A         	6080	2746691.0000	6207	2802243.0000	-127	-55552.0000	4522	2030472.0000	6400	2892725.0000	-1878	-862253.0000
20110603	小型臺指            	MXF    	B         	0	.0000	0	.0000	0	.0000	41	18594.0000	80	36280.0000	-39	-17686.0000
20110603	小型臺指            	MXF    	C         	9976	4501989.0000	10305	4653278.0000	-329	-151289.0000	5479	2482256.0000	6036	2700711.0000	-557	-218455.0000
20110603	股票期貨            	STF    	A         	6520	379430.0000	6659	380098.0000	-139	-669.0000	14421	861234.0000	10960	747138.0000	3461	114096.0000
20110603	股票期貨            	STF    	B         	0	.0000	0	.0000	0	.0000	0	.0000	0	.0000	0	.0000
20110603	股票期貨            	STF    	C         	239	22718.0000	376	30339.0000	-137	-7621.0000	669	112252.0000	8841	595855.0000	-8172	-483603.0000
20110603	臺灣50期貨          	T5F    	A         	0	.0000	0	.0000	0	.0000	500	298300.0000	0	.0000	500	298300.0000
20110603	臺灣50期貨          	T5F    	B         	0	.0000	0	.0000	0	.0000	0	.0000	0	.0000	0	.0000
20110603	臺灣50期貨          	T5F    	C         	0	.0000	0	.0000	0	.0000	500	310500.0000	1000	608800.0000	-500	-298300.0000
20110603	臺股期貨            	TXF    	A         	20502	37071343.0000	18555	33553592.0000	1947	3517751.0000	11363	20446832.0000	8177	14803689.0000	3186	5643143.0000
20110603	臺股期貨            	TXF    	B         	218	394953.0000	26	47152.0000	192	347801.0000	1846	3348644.0000	966	1752324.0000	880	1596320.0000
20110603	臺股期貨            	TXF    	C         	13377	24170800.0000	16108	29111555.0000	-2731	-4940755.0000	47412	85823295.0000	44081	79414170.0000	3331	6409125.0000
20110603	非金電期貨          	XIF    	A         	190	233644.0000	175	214685.0000	15	18959.0000	1352	1666036.0000	720	880277.0000	632	785759.0000
20110603	非金電期貨          	XIF    	B         	0	.0000	0	.0000	0	.0000	18	22244.0000	0	.0000	18	22244.0000
20110603	非金電期貨          	XIF    	C         	95	116975.0000	90	110918.0000	5	6057.0000	546	674747.0000	1009	1245321.0000	-463	-570574.0000
20110607	電子期貨            	EXF    	A         	905	1223790.0000	789	1069641.0000	116	154150.0000	3171	4324277.0000	437	591525.0000	2734	3732752.0000
20110607	電子期貨            	EXF    	B         	0	.0000	0	.0000	0	.0000	124	169285.0000	294	401369.0000	-170	-232084.0000
20110607	電子期貨            	EXF    	C         	628	850258.0000	711	960165.0000	-83	-109906.0000	2921	3987749.0000	4665	6365740.0000	-1744	-2377991.0000
20110607	金融期貨            	FXF    	A         	974	992878.0000	841	856823.0000	133	136056.0000	2025	2077175.0000	593	605542.0000	1432	1471633.0000
20110607	金融期貨            	FXF    	B         	0	.0000	0	.0000	0	.0000	277	284257.0000	0	.0000	277	284257.0000
20110607	金融期貨            	FXF    	C         	398	405045.0000	395	401394.0000	3	3651.0000	2218	2276112.0000	7909	8112630.0000	-5691	-5836518.0000
20110607	櫃買期貨            	GTF    	A         	19	10648.0000	13	7314.0000	6	3334.0000	14	7843.0000	72	40579.0000	-58	-32736.0000
20110607	櫃買期貨            	GTF    	B         	0	.0000	0	.0000	0	.0000	63	35507.0000	0	.0000	63	35507.0000
20110607	櫃買期貨            	GTF    	C         	0	.0000	0	.0000	0	.0000	0	.0000	0	.0000	0	.0000
20110607	摩臺期              	MSF    	A         	0	.0000	0	.0000	0	.0000	8	7348.0000	0	.0000	8	7348.0000
20110607	摩臺期              	MSF    	B         	0	.0000	0	.0000	0	.0000	0	.0000	0	.0000	0	.0000
20110607	摩臺期              	MSF    	C         	2	1838.0000	0	.0000	2	1838.0000	14	12843.0000	9	8266.0000	5	4577.0000
20110607	小型臺指            	MXF    	A         	11826	5332914.0000	11959	5386950.0000	-133	-54036.0000	4381	1971486.0000	6176	2795994.0000	-1795	-824508.0000
20110607	小型臺指            	MXF    	B         	0	.0000	0	.0000	0	.0000	41	18632.0000	80	36356.0000	-39	-17724.0000
20110607	小型臺指            	MXF    	C         	9284	4181277.0000	10654	4797171.0000	-1370	-615893.0000	5506	2500627.0000	7289	3277166.0000	-1783	-776539.0000
20110607	股票期貨            	STF    	A         	7381	448836.0000	7656	461007.0000	-275	-12171.0000	14387	870536.0000	11201	770250.0000	3186	100286.0000
20110607	股票期貨            	STF    	B         	0	.0000	0	.0000	0	.0000	0	.0000	0	.0000	0	.0000
20110607	股票期貨            	STF    	C         	161	16587.0000	137	12339.0000	24	4248.0000	710	116482.0000	8858	591893.0000	-8148	-475411.0000
20110607	臺灣50期貨          	T5F    	A         	0	.0000	0	.0000	0	.0000	500	298750.0000	0	.0000	500	298750.0000
20110607	臺灣50期貨          	T5F    	B         	0	.0000	0	.0000	0	.0000	0	.0000	0	.0000	0	.0000
20110607	臺灣50期貨          	T5F    	C         	0	.0000	0	.0000	0	.0000	500	310950.0000	1000	609700.0000	-500	-298750.0000
20110607	臺股期貨            	TXF    	A         	26250	47377882.0000	25723	46414218.0000	527	963665.0000	12169	21943538.0000	8510	15428544.0000	3659	6514994.0000
20110607	臺股期貨            	TXF    	B         	3	5453.0000	154	278488.0000	-151	-273035.0000	1838	3341116.0000	1108	2014122.0000	730	1326994.0000
20110607	臺股期貨            	TXF    	C         	15005	27069242.0000	16232	29271744.0000	-1227	-2202502.0000	47081	85406094.0000	45013	81273442.0000	2068	4132652.0000
20110607	非金電期貨          	XIF    	A         	355	431891.0000	289	351016.0000	66	80875.0000	1457	1790965.0000	759	925807.0000	698	865158.0000
20110607	非金電期貨          	XIF    	B         	0	.0000	0	.0000	0	.0000	18	22189.0000	0	.0000	18	22189.0000
20110607	非金電期貨          	XIF    	C         	106	129838.0000	181	221852.0000	-75	-92014.0000	476	586765.0000	1014	1248451.0000	-538	-661686.0000
20110608	電子期貨            	EXF    	A         	393	533002.0000	484	656494.0000	-91	-123492.0000	3101	4200987.0000	458	616079.0000	2643	3584908.0000
20110608	電子期貨            	EXF    	B         	0	.0000	0	.0000	0	.0000	124	168194.0000	294	398782.0000	-170	-230588.0000
20110608	電子期貨            	EXF    	C         	505	685769.0000	385	522101.0000	120	163668.0000	3055	4143802.0000	4679	6342628.0000	-1624	-2198826.0000
20110608	金融期貨            	FXF    	A         	691	704481.0000	825	840305.0000	-134	-135824.0000	1909	1940756.0000	611	618316.0000	1298	1322440.0000
20110608	金融期貨            	FXF    	B         	0	.0000	0	.0000	0	.0000	277	281709.0000	0	.0000	277	281709.0000
20110608	金融期貨            	FXF    	C         	190	193695.0000	211	214503.0000	-21	-20808.0000	2206	2243502.0000	7918	8049046.0000	-5712	-5805544.0000
20110608	櫃買期貨            	GTF    	A         	27	15166.0000	11	6194.0000	16	8973.0000	20	11160.0000	62	34807.0000	-42	-23647.0000
20110608	櫃買期貨            	GTF    	B         	0	.0000	0	.0000	0	.0000	63	35368.0000	0	.0000	63	35368.0000
20110608	櫃買期貨            	GTF    	C         	0	.0000	0	.0000	0	.0000	0	.0000	0	.0000	0	.0000
20110608	摩臺期              	MSF    	A         	0	.0000	0	.0000	0	.0000	8	7311.0000	0	.0000	8	7311.0000
20110608	摩臺期              	MSF    	B         	0	.0000	0	.0000	0	.0000	0	.0000	0	.0000	0	.0000
20110608	摩臺期              	MSF    	C         	0	.0000	0	.0000	0	.0000	14	12778.0000	9	8225.0000	5	4553.0000
20110608	小型臺指            	MXF    	A         	10165	4589065.0000	11285	5089552.0000	-1120	-500486.0000	3804	1700423.0000	6719	3021258.0000	-2915	-1320835.0000
20110608	小型臺指            	MXF    	B         	0	.0000	0	.0000	0	.0000	41	18512.0000	80	36120.0000	-39	-17608.0000
20110608	小型臺指            	MXF    	C         	9494	4284343.0000	10788	4862665.0000	-1294	-578321.0000	5563	2510271.0000	6944	3097407.0000	-1381	-587136.0000
20110608	股票期貨            	STF    	A         	5680	358788.0000	5831	361680.0000	-151	-2893.0000	14530	879153.0000	11495	779263.0000	3035	99890.0000
20110608	股票期貨            	STF    	B         	0	.0000	0	.0000	0	.0000	0	.0000	0	.0000	0	.0000
20110608	股票期貨            	STF    	C         	164	10902.0000	77	5431.0000	87	5471.0000	715	117116.0000	8776	586319.0000	-8061	-469203.0000
20110608	臺灣50期貨          	T5F    	A         	0	.0000	0	.0000	0	.0000	500	296800.0000	0	.0000	500	296800.0000
20110608	臺灣50期貨          	T5F    	B         	0	.0000	0	.0000	0	.0000	0	.0000	0	.0000	0	.0000
20110608	臺灣50期貨          	T5F    	C         	0	.0000	0	.0000	0	.0000	500	309000.0000	1000	605800.0000	-500	-296800.0000
20110608	臺股期貨            	TXF    	A         	23524	42501674.0000	26166	47271762.0000	-2642	-4770088.0000	10265	18356470.0000	9248	16656987.0000	1017	1699483.0000
20110608	臺股期貨            	TXF    	B         	106	191385.0000	243	439466.0000	-137	-248081.0000	1888	3409728.0000	1295	2338770.0000	593	1070958.0000
20110608	臺股期貨            	TXF    	C         	16306	29456701.0000	16650	30052138.0000	-344	-595437.0000	45514	82014657.0000	44214	79258414.0000	1300	2756243.0000
20110608	非金電期貨          	XIF    	A         	301	366113.0000	281	341638.0000	20	24475.0000	1462	1787128.0000	744	902367.0000	718	884761.0000
20110608	非金電期貨          	XIF    	B         	0	.0000	0	.0000	0	.0000	18	22063.0000	0	.0000	18	22063.0000
20110608	非金電期貨          	XIF    	C         	93	114062.0000	183	224118.0000	-90	-110056.0000	449	550339.0000	1077	1318310.0000	-628	-767971.0000
20110609	電子期貨            	EXF    	A         	478	647314.0000	398	538677.0000	80	108637.0000	3179	4301385.0000	456	612827.0000	2723	3688558.0000
20110609	電子期貨            	EXF    	B         	0	.0000	0	.0000	0	.0000	124	167970.0000	294	398252.0000	-170	-230282.0000
20110609	電子期貨            	EXF    	C         	279	377914.0000	284	384515.0000	-5	-6601.0000	3049	4130175.0000	4678	6333122.0000	-1629	-2202947.0000
20110609	金融期貨            	FXF    	A         	764	779580.0000	760	775611.0000	4	3968.0000	1907	1952484.0000	605	616456.0000	1302	1336028.0000
20110609	金融期貨            	FXF    	B         	0	.0000	175	178108.0000	-175	-178108.0000	102	104468.0000	0	.0000	102	104468.0000
20110609	金融期貨            	FXF    	C         	283	288495.0000	394	401790.0000	-111	-113295.0000	2007	2055569.0000	7830	8015716.0000	-5823	-5960147.0000
20110609	櫃買期貨            	GTF    	A         	41	23004.0000	28	15709.0000	13	7295.0000	23	12825.0000	52	29203.0000	-29	-16378.0000
20110609	櫃買期貨            	GTF    	B         	0	.0000	0	.0000	0	.0000	63	35381.0000	0	.0000	63	35381.0000
20110609	櫃買期貨            	GTF    	C         	0	.0000	0	.0000	0	.0000	0	.0000	0	.0000	0	.0000
20110609	摩臺期              	MSF    	A         	0	.0000	0	.0000	0	.0000	8	7402.0000	0	.0000	8	7402.0000
20110609	摩臺期              	MSF    	B         	0	.0000	0	.0000	0	.0000	0	.0000	0	.0000	0	.0000
20110609	摩臺期              	MSF    	C         	0	.0000	0	.0000	0	.0000	14	12937.0000	9	8327.0000	5	4610.0000
20110609	小型臺指            	MXF    	A         	5455	2458914.0000	5525	2488314.0000	-70	-29401.0000	3741	1671485.0000	6726	3022366.0000	-2985	-1350881.0000
20110609	小型臺指            	MXF    	B         	0	.0000	6	2709.0000	-6	-2709.0000	35	15801.0000	80	36116.0000	-45	-20315.0000
20110609	小型臺指            	MXF    	C         	7921	3568096.0000	7929	3570797.0000	-8	-2701.0000	5889	2657143.0000	7162	3195876.0000	-1273	-538733.0000
20110609	股票期貨            	STF    	A         	7921	429979.0000	8164	464380.0000	-243	-34400.0000	13971	827932.0000	11179	765480.0000	2792	62452.0000
20110609	股票期貨            	STF    	B         	0	.0000	0	.0000	0	.0000	0	.0000	0	.0000	0	.0000
20110609	股票期貨            	STF    	C         	673	34593.0000	732	37651.0000	-59	-3058.0000	777	121622.0000	8897	591323.0000	-8120	-469701.0000
20110609	臺灣50期貨          	T5F    	A         	0	.0000	0	.0000	0	.0000	500	297800.0000	0	.0000	500	297800.0000
20110609	臺灣50期貨          	T5F    	B         	0	.0000	0	.0000	0	.0000	0	.0000	0	.0000	0	.0000
20110609	臺灣50期貨          	T5F    	C         	0	.0000	0	.0000	0	.0000	500	310000.0000	1000	607800.0000	-500	-297800.0000
20110609	臺股期貨            	TXF    	A         	14290	25780726.0000	15896	28671885.0000	-1606	-2891159.0000	9741	17410814.0000	10330	18608330.0000	-589	-1197516.0000
20110609	臺股期貨            	TXF    	B         	1	1804.0000	214	385977.0000	-213	-384173.0000	1887	3407545.0000	1507	2721341.0000	380	686204.0000
20110609	臺股期貨            	TXF    	C         	13695	24688628.0000	13783	24852601.0000	-88	-163973.0000	45224	81470163.0000	44041	78932788.0000	1183	2537375.0000
20110609	非金電期貨          	XIF    	A         	273	333051.0000	274	333133.0000	-1	-82.0000	1480	1808750.0000	763	924380.0000	717	884370.0000
20110609	非金電期貨          	XIF    	B         	0	.0000	0	.0000	0	.0000	18	22054.0000	0	.0000	18	22054.0000
20110609	非金電期貨          	XIF    	C         	84	102881.0000	121	148195.0000	-37	-45315.0000	421	515809.0000	1086	1328831.0000	-665	-813022.0000
20110610	電子期貨            	EXF    	A         	896	1193819.0000	943	1258665.0000	-47	-64846.0000	3003	3962327.0000	327	426738.0000	2676	3535589.0000
20110610	電子期貨            	EXF    	B         	0	.0000	0	.0000	0	.0000	124	163804.0000	294	388374.0000	-170	-224570.0000
20110610	電子期貨            	EXF    	C         	989	1319330.0000	1208	1609445.0000	-219	-290115.0000	2964	3915427.0000	4812	6351676.0000	-1848	-2436249.0000
20110610	金融期貨            	FXF    	A         	1287	1307121.0000	1450	1472684.0000	-163	-165563.0000	1705	1713697.0000	566	566173.0000	1139	1147524.0000
20110610	金融期貨            	FXF    	B         	40	40335.0000	40	40495.0000	0	-161.0000	102	102419.0000	0	.0000	102	102419.0000
20110610	金融期貨            	FXF    	C         	1795	1822525.0000	1228	1244499.0000	567	578026.0000	2783	2797190.0000	8039	8077666.0000	-5256	-5280476.0000
20110610	櫃買期貨            	GTF    	A         	82	45443.0000	25	13933.0000	57	31510.0000	71	38880.0000	43	23745.0000	28	15135.0000
20110610	櫃買期貨            	GTF    	B         	0	.0000	0	.0000	0	.0000	63	34789.0000	0	.0000	63	34789.0000
20110610	櫃買期貨            	GTF    	C         	0	.0000	0	.0000	0	.0000	0	.0000	0	.0000	0	.0000
20110610	摩臺期              	MSF    	A         	0	.0000	0	.0000	0	.0000	8	7174.0000	0	.0000	8	7174.0000
20110610	摩臺期              	MSF    	B         	0	.0000	0	.0000	0	.0000	0	.0000	0	.0000	0	.0000
20110610	摩臺期              	MSF    	C         	0	.0000	0	.0000	0	.0000	14	12538.0000	9	8071.0000	5	4467.0000
20110610	小型臺指            	MXF    	A         	14067	6267710.0000	18512	8247031.0000	-4445	-1979321.0000	1840	800591.0000	9046	3971556.0000	-7206	-3170965.0000
20110610	小型臺指            	MXF    	B         	0	.0000	44	19410.0000	-44	-19410.0000	0	.0000	89	39289.0000	-89	-39289.0000
20110610	小型臺指            	MXF    	C         	17355	7720351.0000	24184	10775093.0000	-6829	-3054742.0000	5118	2258001.0000	5088	2204223.0000	30	53778.0000
20110610	股票期貨            	STF    	A         	10278	659073.0000	10495	707716.0000	-217	-48643.0000	13151	763115.0000	10576	749307.0000	2575	13808.0000
20110610	股票期貨            	STF    	B         	0	.0000	0	.0000	0	.0000	0	.0000	0	.0000	0	.0000
20110610	股票期貨            	STF    	C         	350	54543.0000	248	30923.0000	102	23620.0000	918	146504.0000	8936	588806.0000	-8018	-442302.0000
20110610	臺灣50期貨          	T5F    	A         	0	.0000	0	.0000	0	.0000	500	290250.0000	0	.0000	500	290250.0000
20110610	臺灣50期貨          	T5F    	B         	0	.0000	0	.0000	0	.0000	0	.0000	0	.0000	0	.0000
20110610	臺灣50期貨          	T5F    	C         	0	.0000	0	.0000	0	.0000	500	302500.0000	1000	592750.0000	-500	-290250.0000
20110610	臺股期貨            	TXF    	A         	40989	73054047.0000	41904	74748938.0000	-915	-1694891.0000	7001	12193027.0000	8561	15071329.0000	-1560	-2878302.0000
20110610	臺股期貨            	TXF    	B         	85	151226.0000	492	866456.0000	-407	-715230.0000	1739	3070726.0000	1766	3111123.0000	-27	-40397.0000
20110610	臺股期貨            	TXF    	C         	35134	62629063.0000	37145	66189835.0000	-2011	-3560772.0000	39865	70192843.0000	42729	74727461.0000	-2864	-4534618.0000
20110610	非金電期貨          	XIF    	A         	420	507782.0000	435	525080.0000	-15	-17298.0000	1388	1660911.0000	686	813167.0000	702	847744.0000
20110610	非金電期貨          	XIF    	B         	0	.0000	0	.0000	0	.0000	18	21591.0000	0	.0000	18	21591.0000
20110610	非金電期貨          	XIF    	C         	270	328317.0000	298	363123.0000	-28	-34807.0000	417	499968.0000	1110	1329597.0000	-693	-829629.0000
20110613	電子期貨            	EXF    	A         	885	1153143.0000	1005	1307756.0000	-120	-154613.0000	3043	3974235.0000	487	628075.0000	2556	3346160.0000
20110613	電子期貨            	EXF    	B         	49	63072.0000	49	63980.0000	0	-908.0000	124	161457.0000	294	384611.0000	-170	-223154.0000
20110613	電子期貨            	EXF    	C         	1608	2094967.0000	1663	2163879.0000	-55	-68912.0000	3319	4334335.0000	5222	6815783.0000	-1903	-2481448.0000
20110613	金融期貨            	FXF    	A         	991	988277.0000	1123	1119218.0000	-132	-130941.0000	1533	1522126.0000	526	519688.0000	1007	1002438.0000
20110613	金融期貨            	FXF    	B         	58	57466.0000	43	42807.0000	15	14660.0000	117	115863.0000	0	.0000	117	115863.0000
20110613	金融期貨            	FXF    	C         	1681	1675238.0000	1631	1622749.0000	50	52490.0000	3165	3142374.0000	8371	8307592.0000	-5206	-5165218.0000
20110613	櫃買期貨            	GTF    	A         	98	53559.0000	82	44760.0000	16	8799.0000	59	32002.0000	15	8208.0000	44	23794.0000
20110613	櫃買期貨            	GTF    	B         	31	16872.0000	31	16968.0000	0	-96.0000	63	34325.0000	0	.0000	63	34325.0000
20110613	櫃買期貨            	GTF    	C         	0	.0000	0	.0000	0	.0000	0	.0000	0	.0000	0	.0000
20110613	摩臺期              	MSF    	A         	0	.0000	0	.0000	0	.0000	8	7080.0000	0	.0000	8	7080.0000
20110613	摩臺期              	MSF    	B         	0	.0000	0	.0000	0	.0000	0	.0000	0	.0000	0	.0000
20110613	摩臺期              	MSF    	C         	0	.0000	0	.0000	0	.0000	14	12373.0000	9	7965.0000	5	4408.0000
20110613	小型臺指            	MXF    	A         	9424	4113102.0000	9175	3995995.0000	249	117107.0000	1554	671615.0000	7903	3435365.0000	-6349	-2763750.0000
20110613	小型臺指            	MXF    	B         	0	.0000	0	.0000	0	.0000	0	.0000	89	38906.0000	-89	-38906.0000
20110613	小型臺指            	MXF    	C         	15103	6581083.0000	15410	6709725.0000	-307	-128643.0000	5141	2245191.0000	4614	1978285.0000	527	266906.0000
20110613	股票期貨            	STF    	A         	8397	499773.0000	8296	500666.0000	101	-893.0000	13142	758758.0000	10466	742689.0000	2676	16069.0000
20110613	股票期貨            	STF    	B         	0	.0000	0	.0000	0	.0000	0	.0000	0	.0000	0	.0000
20110613	股票期貨            	STF    	C         	238	26400.0000	381	53345.0000	-143	-26945.0000	925	148433.0000	9086	616385.0000	-8161	-467952.0000
20110613	臺灣50期貨          	T5F    	A         	0	.0000	0	.0000	0	.0000	500	285500.0000	0	.0000	500	285500.0000
20110613	臺灣50期貨          	T5F    	B         	0	.0000	0	.0000	0	.0000	0	.0000	0	.0000	0	.0000
20110613	臺灣50期貨          	T5F    	C         	0	.0000	0	.0000	0	.0000	500	297750.0000	1000	583250.0000	-500	-285500.0000
20110613	臺股期貨            	TXF    	A         	31577	55165652.0000	32436	56625654.0000	-859	-1460002.0000	6279	10809982.0000	8850	15397233.0000	-2571	-4587251.0000
20110613	臺股期貨            	TXF    	B         	623	1080694.0000	560	976424.0000	63	104270.0000	1684	2935362.0000	1648	2871050.0000	36	64312.0000
20110613	臺股期貨            	TXF    	C         	34910	60810623.0000	32824	57185374.0000	2086	3625249.0000	42238	73511285.0000	43217	74704114.0000	-979	-1192829.0000
20110613	非金電期貨          	XIF    	A         	352	414831.0000	467	551480.0000	-115	-136649.0000	1248	1479109.0000	661	775958.0000	587	703151.0000
20110613	非金電期貨          	XIF    	B         	0	.0000	0	.0000	0	.0000	18	21388.0000	0	.0000	18	21388.0000
20110613	非金電期貨          	XIF    	C         	269	319774.0000	151	178541.0000	118	141233.0000	535	635086.0000	1110	1315727.0000	-575	-680641.0000
20110614	電子期貨            	EXF    	A         	1212	1581156.0000	1505	1987253.0000	-293	-406097.0000	2700	3562752.0000	437	573107.0000	2263	2989645.0000
20110614	電子期貨            	EXF    	B         	353	462832.0000	59	78129.0000	294	384703.0000	124	162350.0000	0	.0000	124	162350.0000
20110614	電子期貨            	EXF    	C         	5810	7621695.0000	5966	7795390.0000	-156	-173695.0000	3868	5091549.0000	5927	7784548.0000	-2059	-2692999.0000
20110614	金融期貨            	FXF    	A         	1073	1069707.0000	1243	1242112.0000	-170	-172405.0000	1363	1361350.0000	526	523895.0000	837	837455.0000
20110614	金融期貨            	FXF    	B         	9	8950.0000	9	9006.0000	0	-55.0000	117	116532.0000	0	.0000	117	116532.0000
20110614	金融期貨            	FXF    	C         	3332	3327328.0000	2978	2965300.0000	354	362029.0000	3159	3157461.0000	8011	7997758.0000	-4852	-4840297.0000
20110614	櫃買期貨            	GTF    	A         	55	30304.0000	83	45608.0000	-28	-15303.0000	28	15451.0000	12	6636.0000	16	8815.0000
20110614	櫃買期貨            	GTF    	B         	32	17545.0000	32	17641.0000	0	-96.0000	63	34650.0000	0	.0000	63	34650.0000
20110614	櫃買期貨            	GTF    	C         	0	.0000	0	.0000	0	.0000	0	.0000	0	.0000	0	.0000
20110614	摩臺期              	MSF    	A         	0	.0000	0	.0000	0	.0000	8	7174.0000	0	.0000	8	7174.0000
20110614	摩臺期              	MSF    	B         	0	.0000	0	.0000	0	.0000	0	.0000	0	.0000	0	.0000
20110614	摩臺期              	MSF    	C         	0	.0000	0	.0000	0	.0000	14	12538.0000	9	8070.0000	5	4468.0000
20110614	小型臺指            	MXF    	A         	8813	3860156.0000	8630	3772559.0000	183	87597.0000	2130	931982.0000	7612	3336157.0000	-5482	-2404175.0000
20110614	小型臺指            	MXF    	B         	9	3974.0000	89	38576.0000	-80	-34602.0000	0	.0000	169	74028.0000	-169	-74028.0000
20110614	小型臺指            	MXF    	C         	14201	6221993.0000	11460	5021691.0000	2741	1200302.0000	4914	2168651.0000	3894	1688570.0000	1020	480081.0000
20110614	股票期貨            	STF    	A         	5611	325888.0000	5711	339549.0000	-100	-13661.0000	13030	756352.0000	10454	753642.0000	2576	2710.0000
20110614	股票期貨            	STF    	B         	0	.0000	0	.0000	0	.0000	0	.0000	0	.0000	0	.0000
20110614	股票期貨            	STF    	C         	114	7945.0000	141	12995.0000	-27	-5049.0000	915	147577.0000	9103	621908.0000	-8188	-474331.0000
20110614	臺灣50期貨          	T5F    	A         	0	.0000	0	.0000	0	.0000	500	289250.0000	0	.0000	500	289250.0000
20110614	臺灣50期貨          	T5F    	B         	0	.0000	0	.0000	0	.0000	0	.0000	0	.0000	0	.0000
20110614	臺灣50期貨          	T5F    	C         	0	.0000	0	.0000	0	.0000	500	301500.0000	1000	590750.0000	-500	-289250.0000
20110614	臺股期貨            	TXF    	A         	23108	40610214.0000	23052	40490573.0000	56	119641.0000	6106	10618855.0000	8792	15427759.0000	-2686	-4808904.0000
20110614	臺股期貨            	TXF    	B         	2136	3723271.0000	1313	2310875.0000	823	1412395.0000	1699	2960891.0000	840	1477192.0000	859	1483699.0000
20110614	臺股期貨            	TXF    	C         	45495	79536420.0000	46293	81007666.0000	-798	-1471246.0000	39966	70123064.0000	41178	71788365.0000	-1212	-1665301.0000
20110614	非金電期貨          	XIF    	A         	654	772739.0000	695	827325.0000	-41	-54586.0000	1015	1209083.0000	469	554319.0000	546	654764.0000
20110614	非金電期貨          	XIF    	B         	8	9345.0000	8	9580.0000	0	-235.0000	18	21353.0000	0	.0000	18	21353.0000
20110614	非金電期貨          	XIF    	C         	434	516786.0000	414	487773.0000	20	29013.0000	546	651422.0000	1101	1309099.0000	-555	-657677.0000
20110615	電子期貨            	EXF    	A         	1574	2046248.0000	1740	2280960.0000	-166	-234712.0000	1556	2010868.0000	241	310232.0000	1315	1700636.0000
20110615	電子期貨            	EXF    	B         	25	32295.0000	25	32887.0000	0	-592.0000	124	160456.0000	0	.0000	124	160456.0000
20110615	電子期貨            	EXF    	C         	2228	2910251.0000	2333	3030768.0000	-105	-120517.0000	2000	2588000.0000	4422	5719727.0000	-2422	-3131727.0000
20110615	金融期貨            	FXF    	A         	1156	1143309.0000	1497	1481446.0000	-341	-338136.0000	870	858864.0000	427	420097.0000	443	438767.0000
20110615	金融期貨            	FXF    	B         	20	19670.0000	10	9927.0000	10	9744.0000	127	125374.0000	0	.0000	127	125374.0000
20110615	金融期貨            	FXF    	C         	2367	2343590.0000	1859	1834966.0000	508	508624.0000	1386	1368259.0000	5175	5107805.0000	-3789	-3739546.0000
20110615	櫃買期貨            	GTF    	A         	466	256871.0000	470	259047.0000	-4	-2176.0000	19	10397.0000	15	8208.0000	4	2189.0000
20110615	櫃買期貨            	GTF    	B         	0	.0000	0	.0000	0	.0000	63	34474.0000	0	.0000	63	34474.0000
20110615	櫃買期貨            	GTF    	C         	0	.0000	0	.0000	0	.0000	0	.0000	0	.0000	0	.0000
20110615	摩臺期              	MSF    	A         	0	.0000	0	.0000	0	.0000	0	.0000	0	.0000	0	.0000
20110615	摩臺期              	MSF    	B         	0	.0000	0	.0000	0	.0000	0	.0000	0	.0000	0	.0000
20110615	摩臺期              	MSF    	C         	0	.0000	0	.0000	0	.0000	14	12536.0000	0	.0000	14	12536.0000
20110615	小型臺指            	MXF    	A         	18873	8232300.0000	20252	8809461.0000	-1379	-577161.0000	465	197372.0000	4387	1886217.0000	-3922	-1688845.0000
20110615	小型臺指            	MXF    	B         	0	.0000	0	.0000	0	.0000	0	.0000	89	38404.0000	-89	-38404.0000
20110615	小型臺指            	MXF    	C         	12690	5522411.0000	14981	6521463.0000	-2291	-999052.0000	623	266339.0000	3288	1409932.0000	-2665	-1143593.0000
20110615	股票期貨            	STF    	A         	11380	711498.0000	10821	665266.0000	559	46232.0000	9199	516005.0000	4903	383891.0000	4296	132114.0000
20110615	股票期貨            	STF    	B         	0	.0000	0	.0000	0	.0000	0	.0000	0	.0000	0	.0000
20110615	股票期貨            	STF    	C         	498	36419.0000	330	27128.0000	168	9291.0000	606	106379.0000	8285	501714.0000	-7679	-395335.0000
20110615	臺灣50期貨          	T5F    	A         	0	.0000	0	.0000	0	.0000	500	291450.0000	0	.0000	500	291450.0000
20110615	臺灣50期貨          	T5F    	B         	0	.0000	0	.0000	0	.0000	0	.0000	0	.0000	0	.0000
20110615	臺灣50期貨          	T5F    	C         	0	.0000	0	.0000	0	.0000	0	.0000	500	291450.0000	-500	-291450.0000
20110615	臺股期貨            	TXF    	A         	37295	65330493.0000	36724	64236864.0000	571	1093628.0000	3673	6288643.0000	5176	8931445.0000	-1503	-2642802.0000
20110615	臺股期貨            	TXF    	B         	742	1295892.0000	930	1609047.0000	-188	-313155.0000	1617	2790942.0000	938	1618988.0000	679	1171954.0000
20110615	臺股期貨            	TXF    	C         	34697	60228747.0000	39715	69151340.0000	-5018	-8922593.0000	16256	28025011.0000	24556	42200902.0000	-8300	-14175891.0000
20110615	非金電期貨          	XIF    	A         	1171	1391159.0000	1219	1451418.0000	-48	-60259.0000	314	366815.0000	173	200802.0000	141	166013.0000
20110615	非金電期貨          	XIF    	B         	10	11658.0000	10	11969.0000	0	-311.0000	18	21060.0000	0	.0000	18	21060.0000
20110615	非金電期貨          	XIF    	C         	671	790989.0000	552	650747.0000	119	140243.0000	319	373230.0000	461	538926.0000	-142	-165696.0000
20110616	電子期貨            	EXF    	A         	907	1152746.0000	1064	1352417.0000	-157	-199671.0000	1454	1838731.0000	296	372772.0000	1158	1465959.0000
20110616	電子期貨            	EXF    	B         	0	.0000	0	.0000	0	.0000	124	157034.0000	0	.0000	124	157034.0000
20110616	電子期貨            	EXF    	C         	749	953388.0000	744	946394.0000	5	6994.0000	2045	2589788.0000	4462	5648336.0000	-2417	-3058548.0000
20110616	金融期貨            	FXF    	A         	469	458346.0000	667	651329.0000	-198	-192983.0000	755	736427.0000	510	495755.0000	245	240672.0000
20110616	金融期貨            	FXF    	B         	0	.0000	0	.0000	0	.0000	127	123876.0000	0	.0000	127	123876.0000
20110616	金融期貨            	FXF    	C         	268	261915.0000	497	485909.0000	-229	-223994.0000	1271	1239733.0000	5289	5157738.0000	-4018	-3918005.0000
20110616	櫃買期貨            	GTF    	A         	83	44619.0000	103	55320.0000	-20	-10701.0000	34	18093.0000	50	26566.0000	-16	-8473.0000
20110616	櫃買期貨            	GTF    	B         	0	.0000	0	.0000	0	.0000	63	33705.0000	0	.0000	63	33705.0000
20110616	櫃買期貨            	GTF    	C         	0	.0000	0	.0000	0	.0000	0	.0000	0	.0000	0	.0000
20110616	摩臺期              	MSF    	A         	0	.0000	0	.0000	0	.0000	0	.0000	0	.0000	0	.0000
20110616	摩臺期              	MSF    	B         	0	.0000	0	.0000	0	.0000	0	.0000	0	.0000	0	.0000
20110616	摩臺期              	MSF    	C         	0	.0000	0	.0000	0	.0000	14	12503.0000	0	.0000	14	12503.0000
20110616	小型臺指            	MXF    	A         	7492	3187112.0000	8158	3467255.0000	-666	-280143.0000	539	226286.0000	5099	2156517.0000	-4560	-1930231.0000
20110616	小型臺指            	MXF    	B         	0	.0000	9	3824.0000	-9	-3824.0000	0	.0000	98	41621.0000	-98	-41621.0000
20110616	小型臺指            	MXF    	C         	14034	5973499.0000	16508	7023671.0000	-2474	-1050172.0000	888	374924.0000	3199	1349011.0000	-2311	-974087.0000
20110616	股票期貨            	STF    	A         	5112	288440.0000	5533	315352.0000	-421	-26912.0000	9949	550138.0000	6074	449516.0000	3875	100622.0000
20110616	股票期貨            	STF    	B         	0	.0000	0	.0000	0	.0000	0	.0000	0	.0000	0	.0000
20110616	股票期貨            	STF    	C         	189	29943.0000	91	10753.0000	98	19190.0000	690	117868.0000	8271	484446.0000	-7581	-366578.0000
20110616	臺灣50期貨          	T5F    	A         	0	.0000	0	.0000	0	.0000	500	284750.0000	0	.0000	500	284750.0000
20110616	臺灣50期貨          	T5F    	B         	0	.0000	0	.0000	0	.0000	0	.0000	0	.0000	0	.0000
20110616	臺灣50期貨          	T5F    	C         	0	.0000	0	.0000	0	.0000	0	.0000	500	284750.0000	-500	-284750.0000
20110616	臺股期貨            	TXF    	A         	20377	34689516.0000	22479	38255099.0000	-2102	-3565583.0000	2919	4913909.0000	6531	11086375.0000	-3612	-6172466.0000
20110616	臺股期貨            	TXF    	B         	190	323059.0000	243	413684.0000	-53	-90625.0000	1721	2923635.0000	1095	1860186.0000	626	1063449.0000
20110616	臺股期貨            	TXF    	C         	19333	32912209.0000	18136	30867809.0000	1197	2044400.0000	16190	27471517.0000	24000	40595613.0000	-7810	-13124096.0000
20110616	非金電期貨          	XIF    	A         	271	312693.0000	455	525431.0000	-184	-212738.0000	187	215271.0000	230	263688.0000	-43	-48417.0000
20110616	非金電期貨          	XIF    	B         	0	.0000	0	.0000	0	.0000	18	20813.0000	0	.0000	18	20813.0000
20110616	非金電期貨          	XIF    	C         	313	362133.0000	146	168935.0000	167	193198.0000	384	444019.0000	359	414577.0000	25	29442.0000
20110617	電子期貨            	EXF    	A         	743	938847.0000	847	1069406.0000	-104	-130559.0000	1541	1928576.0000	487	607710.0000	1054	1320866.0000
20110617	電子期貨            	EXF    	B         	0	.0000	0	.0000	0	.0000	124	155446.0000	0	.0000	124	155446.0000
20110617	電子期貨            	EXF    	C         	758	957908.0000	941	1191487.0000	-183	-233578.0000	2305	2889548.0000	4905	6146567.0000	-2600	-3257019.0000
20110617	金融期貨            	FXF    	A         	707	690024.0000	756	737441.0000	-49	-47417.0000	798	777463.0000	602	584263.0000	196	193200.0000
20110617	金融期貨            	FXF    	B         	0	.0000	0	.0000	0	.0000	127	123749.0000	0	.0000	127	123749.0000
20110617	金融期貨            	FXF    	C         	269	262521.0000	585	571466.0000	-316	-308945.0000	1260	1227744.0000	5594	5449271.0000	-4334	-4221527.0000
20110617	櫃買期貨            	GTF    	A         	112	59789.0000	107	57137.0000	5	2652.0000	82	43337.0000	93	49085.0000	-11	-5748.0000
20110617	櫃買期貨            	GTF    	B         	2	1064.0000	0	.0000	2	1064.0000	65	34489.0000	0	.0000	65	34489.0000
20110617	櫃買期貨            	GTF    	C         	0	.0000	0	.0000	0	.0000	0	.0000	0	.0000	0	.0000
20110617	摩臺期              	MSF    	A         	0	.0000	0	.0000	0	.0000	0	.0000	0	.0000	0	.0000
20110617	摩臺期              	MSF    	B         	0	.0000	0	.0000	0	.0000	0	.0000	0	.0000	0	.0000
20110617	摩臺期              	MSF    	C         	0	.0000	0	.0000	0	.0000	14	12444.0000	0	.0000	14	12444.0000
20110617	小型臺指            	MXF    	A         	7056	2990332.0000	6832	2893859.0000	224	96473.0000	655	274524.0000	4991	2101256.0000	-4336	-1826732.0000
20110617	小型臺指            	MXF    	B         	0	.0000	0	.0000	0	.0000	0	.0000	98	41464.0000	-98	-41464.0000
20110617	小型臺指            	MXF    	C         	14817	6286442.0000	15875	6735361.0000	-1058	-448919.0000	716	300753.0000	3177	1334871.0000	-2461	-1034118.0000
20110617	股票期貨            	STF    	A         	11081	621500.0000	11077	622093.0000	4	-593.0000	10602	593037.0000	6723	504374.0000	3879	88663.0000
20110617	股票期貨            	STF    	B         	0	.0000	0	.0000	0	.0000	0	.0000	0	.0000	0	.0000
20110617	股票期貨            	STF    	C         	237	21849.0000	231	15830.0000	6	6019.0000	744	128714.0000	8319	476969.0000	-7575	-348255.0000
20110617	臺灣50期貨          	T5F    	A         	0	.0000	0	.0000	0	.0000	500	281100.0000	0	.0000	500	281100.0000
20110617	臺灣50期貨          	T5F    	B         	0	.0000	0	.0000	0	.0000	0	.0000	0	.0000	0	.0000
20110617	臺灣50期貨          	T5F    	C         	0	.0000	0	.0000	0	.0000	0	.0000	500	281100.0000	-500	-281100.0000
20110617	臺股期貨            	TXF    	A         	21237	36030618.0000	21737	36883100.0000	-500	-852483.0000	2777	4652006.0000	6889	11644343.0000	-4112	-6992337.0000
20110617	臺股期貨            	TXF    	B         	426	724679.0000	249	422311.0000	177	302368.0000	1610	2724764.0000	807	1365767.0000	803	1358997.0000
20110617	臺股期貨            	TXF    	C         	19388	32910045.0000	19860	33726180.0000	-472	-816135.0000	18669	31561771.0000	27178	45821388.0000	-8509	-14259617.0000
20110617	非金電期貨          	XIF    	A         	376	434075.0000	349	402967.0000	27	31107.0000	259	299271.0000	275	316725.0000	-16	-17454.0000
20110617	非金電期貨          	XIF    	B         	0	.0000	0	.0000	0	.0000	18	20916.0000	0	.0000	18	20916.0000
20110617	非金電期貨          	XIF    	C         	181	209435.0000	140	162134.0000	41	47300.0000	427	496174.0000	361	418930.0000	66	77244.0000
20110620	電子期貨            	EXF    	A         	821	1027747.0000	780	977608.0000	41	50140.0000	1642	2042251.0000	547	677926.0000	1095	1364325.0000
20110620	電子期貨            	EXF    	B         	1	1244.0000	0	.0000	1	1244.0000	125	155725.0000	0	.0000	125	155725.0000
20110620	電子期貨            	EXF    	C         	929	1167006.0000	816	1022689.0000	113	144316.0000	2139	2664766.0000	4626	5760751.0000	-2487	-3095985.0000
20110620	金融期貨            	FXF    	A         	650	632057.0000	645	628013.0000	5	4044.0000	826	798724.0000	625	602232.0000	201	196492.0000
20110620	金融期貨            	FXF    	B         	0	.0000	0	.0000	0	.0000	127	122834.0000	0	.0000	127	122834.0000
20110620	金融期貨            	FXF    	C         	328	319758.0000	371	361124.0000	-43	-41366.0000	1257	1215770.0000	5634	5447787.0000	-4377	-4232017.0000
20110620	櫃買期貨            	GTF    	A         	92	47798.0000	90	46718.0000	2	1080.0000	108	55586.0000	117	59995.0000	-9	-4409.0000
20110620	櫃買期貨            	GTF    	B         	0	.0000	0	.0000	0	.0000	65	33709.0000	0	.0000	65	33709.0000
20110620	櫃買期貨            	GTF    	C         	0	.0000	0	.0000	0	.0000	0	.0000	0	.0000	0	.0000
20110620	摩臺期              	MSF    	A         	0	.0000	0	.0000	0	.0000	0	.0000	0	.0000	0	.0000
20110620	摩臺期              	MSF    	B         	0	.0000	0	.0000	0	.0000	0	.0000	0	.0000	0	.0000
20110620	摩臺期              	MSF    	C         	0	.0000	0	.0000	0	.0000	14	12075.0000	0	.0000	14	12075.0000
20110620	小型臺指            	MXF    	A         	7560	3182982.0000	7206	3033846.0000	354	149137.0000	845	351360.0000	4883	2036969.0000	-4038	-1685609.0000
20110620	小型臺指            	MXF    	B         	0	.0000	4	1679.0000	-4	-1679.0000	0	.0000	102	42835.0000	-102	-42835.0000
20110620	小型臺指            	MXF    	C         	14794	6242859.0000	17759	7491835.0000	-2965	-1248976.0000	463	192274.0000	3385	1411820.0000	-2922	-1219546.0000
20110620	股票期貨            	STF    	A         	10227	596415.0000	10421	634993.0000	-194	-38578.0000	11055	587904.0000	7370	547420.0000	3685	40484.0000
20110620	股票期貨            	STF    	B         	0	.0000	0	.0000	0	.0000	0	.0000	0	.0000	0	.0000
20110620	股票期貨            	STF    	C         	274	54069.0000	86	5480.0000	188	48590.0000	889	171595.0000	8288	460833.0000	-7399	-289238.0000
20110620	臺灣50期貨          	T5F    	A         	0	.0000	0	.0000	0	.0000	500	278100.0000	0	.0000	500	278100.0000
20110620	臺灣50期貨          	T5F    	B         	0	.0000	0	.0000	0	.0000	0	.0000	0	.0000	0	.0000
20110620	臺灣50期貨          	T5F    	C         	0	.0000	0	.0000	0	.0000	0	.0000	500	278100.0000	-500	-278100.0000
20110620	臺股期貨            	TXF    	A         	23048	38853063.0000	23403	39470986.0000	-355	-617923.0000	2788	4630911.0000	7241	12142599.0000	-4453	-7511688.0000
20110620	臺股期貨            	TXF    	B         	363	612311.0000	332	560341.0000	31	51970.0000	1598	2684320.0000	764	1283367.0000	834	1400953.0000
20110620	臺股期貨            	TXF    	C         	19302	32588328.0000	16576	27989909.0000	2726	4598419.0000	19544	32794882.0000	25953	43419251.0000	-6409	-10624369.0000
20110620	非金電期貨          	XIF    	A         	270	310452.0000	296	340406.0000	-26	-29954.0000	294	336067.0000	336	383377.0000	-42	-47310.0000
20110620	非金電期貨          	XIF    	B         	0	.0000	0	.0000	0	.0000	18	20725.0000	0	.0000	18	20725.0000
20110620	非金電期貨          	XIF    	C         	235	271261.0000	169	195388.0000	66	75874.0000	382	439835.0000	250	287344.0000	132	152491.0000
20110621	電子期貨            	EXF    	A         	900	1124054.0000	816	1020012.0000	84	104042.0000	1875	2353528.0000	696	870464.0000	1179	1483064.0000
20110621	電子期貨            	EXF    	B         	0	.0000	0	.0000	0	.0000	125	157225.0000	0	.0000	125	157225.0000
20110621	電子期貨            	EXF    	C         	736	919879.0000	1661	2076686.0000	-925	-1156807.0000	1828	2299258.0000	5240	6588306.0000	-3412	-4289048.0000
20110621	金融期貨            	FXF    	A         	725	707497.0000	560	546601.0000	165	160896.0000	914	893008.0000	548	533737.0000	366	359271.0000
20110621	金融期貨            	FXF    	B         	0	.0000	0	.0000	0	.0000	127	124130.0000	0	.0000	127	124130.0000
20110621	金融期貨            	FXF    	C         	751	733160.0000	566	552685.0000	185	180475.0000	1251	1222727.0000	5443	5318765.0000	-4192	-4096038.0000
20110621	櫃買期貨            	GTF    	A         	94	48019.0000	126	64269.0000	-32	-16250.0000	70	36162.0000	111	56945.0000	-41	-20783.0000
20110621	櫃買期貨            	GTF    	B         	0	.0000	0	.0000	0	.0000	65	33735.0000	0	.0000	65	33735.0000
20110621	櫃買期貨            	GTF    	C         	0	.0000	0	.0000	0	.0000	0	.0000	0	.0000	0	.0000
20110621	摩臺期              	MSF    	A         	0	.0000	0	.0000	0	.0000	0	.0000	0	.0000	0	.0000
20110621	摩臺期              	MSF    	B         	0	.0000	0	.0000	0	.0000	0	.0000	0	.0000	0	.0000
20110621	摩臺期              	MSF    	C         	0	.0000	0	.0000	0	.0000	14	12207.0000	0	.0000	14	12207.0000
20110621	小型臺指            	MXF    	A         	7239	3052125.0000	6597	2781320.0000	642	270805.0000	1236	518332.0000	4632	1945728.0000	-3396	-1427396.0000
20110621	小型臺指            	MXF    	B         	8	3387.0000	40	16825.0000	-32	-13438.0000	0	.0000	134	56716.0000	-134	-56716.0000
20110621	小型臺指            	MXF    	C         	12714	5362479.0000	12885	5434146.0000	-171	-71667.0000	803	337630.0000	3764	1584520.0000	-2961	-1246890.0000
20110621	股票期貨            	STF    	A         	12600	738015.0000	13362	794004.0000	-762	-55989.0000	11097	590170.0000	8174	608409.0000	2923	-18239.0000
20110621	股票期貨            	STF    	B         	0	.0000	0	.0000	0	.0000	0	.0000	0	.0000	0	.0000
20110621	股票期貨            	STF    	C         	234	29603.0000	44	4693.0000	190	24910.0000	1032	192350.0000	8241	458228.0000	-7209	-265878.0000
20110621	臺灣50期貨          	T5F    	A         	0	.0000	0	.0000	0	.0000	500	283950.0000	0	.0000	500	283950.0000
20110621	臺灣50期貨          	T5F    	B         	0	.0000	0	.0000	0	.0000	0	.0000	0	.0000	0	.0000
20110621	臺灣50期貨          	T5F    	C         	0	.0000	0	.0000	0	.0000	0	.0000	500	283950.0000	-500	-283950.0000
20110621	臺股期貨            	TXF    	A         	17957	30309084.0000	17939	30271321.0000	18	37764.0000	3681	6170382.0000	8116	13714771.0000	-4435	-7544389.0000
20110621	臺股期貨            	TXF    	B         	112	189060.0000	100	168929.0000	12	20131.0000	1610	2725730.0000	764	1293452.0000	846	1432278.0000
20110621	臺股期貨            	TXF    	C         	16458	27781778.0000	19905	33599494.0000	-3447	-5817716.0000	19231	32520027.0000	29120	49121224.0000	-9889	-16601197.0000
20110621	非金電期貨          	XIF    	A         	271	312358.0000	210	241902.0000	61	70456.0000	368	423350.0000	349	400334.0000	19	23016.0000
20110621	非金電期貨          	XIF    	B         	0	.0000	0	.0000	0	.0000	18	20817.0000	0	.0000	18	20817.0000
20110621	非金電期貨          	XIF    	C         	113	130592.0000	213	246239.0000	-100	-115647.0000	350	404775.0000	318	367261.0000	32	37514.0000
20110622	電子期貨            	EXF    	A         	1015	1278427.0000	735	925303.0000	280	353124.0000	1991	2497304.0000	532	663604.0000	1459	1833700.0000
20110622	電子期貨            	EXF    	B         	0	.0000	0	.0000	0	.0000	125	157075.0000	0	.0000	125	157075.0000
20110622	電子期貨            	EXF    	C         	664	836501.0000	549	691064.0000	115	145437.0000	1856	2332250.0000	5153	6472694.0000	-3297	-4140444.0000
20110622	金融期貨            	FXF    	A         	941	928566.0000	769	758319.0000	172	170247.0000	1023	1006220.0000	485	474925.0000	538	531295.0000
20110622	金融期貨            	FXF    	B         	0	.0000	0	.0000	0	.0000	127	124968.0000	0	.0000	127	124968.0000
20110622	金融期貨            	FXF    	C         	843	832192.0000	456	449293.0000	387	382899.0000	1472	1448448.0000	5277	5190963.0000	-3805	-3742515.0000
20110622	櫃買期貨            	GTF    	A         	49	25701.0000	83	43460.0000	-34	-17758.0000	13	6780.0000	88	45630.0000	-75	-38850.0000
20110622	櫃買期貨            	GTF    	B         	0	.0000	0	.0000	0	.0000	65	34047.0000	0	.0000	65	34047.0000
20110622	櫃買期貨            	GTF    	C         	0	.0000	0	.0000	0	.0000	0	.0000	0	.0000	0	.0000
20110622	摩臺期              	MSF    	A         	0	.0000	0	.0000	0	.0000	0	.0000	0	.0000	0	.0000
20110622	摩臺期              	MSF    	B         	0	.0000	0	.0000	0	.0000	0	.0000	0	.0000	0	.0000
20110622	摩臺期              	MSF    	C         	3	2582.0000	0	.0000	3	2582.0000	17	14684.0000	0	.0000	17	14684.0000
20110622	小型臺指            	MXF    	A         	10769	4554857.0000	10729	4536333.0000	40	18524.0000	1177	492768.0000	4533	1898653.0000	-3356	-1405885.0000
20110622	小型臺指            	MXF    	B         	0	.0000	0	.0000	0	.0000	0	.0000	134	56561.0000	-134	-56561.0000
20110622	小型臺指            	MXF    	C         	12246	5181113.0000	12730	5383552.0000	-484	-202438.0000	459	191068.0000	3648	1530348.0000	-3189	-1339280.0000
20110622	股票期貨            	STF    	A         	11071	632919.0000	10763	615027.0000	308	17892.0000	11535	623199.0000	8304	619678.0000	3231	3521.0000
20110622	股票期貨            	STF    	B         	0	.0000	0	.0000	0	.0000	0	.0000	0	.0000	0	.0000
20110622	股票期貨            	STF    	C         	76	25135.0000	101	18290.0000	-25	6845.0000	1055	212329.0000	8289	473114.0000	-7234	-260785.0000
20110622	臺灣50期貨          	T5F    	A         	0	.0000	0	.0000	0	.0000	500	279650.0000	0	.0000	500	279650.0000
20110622	臺灣50期貨          	T5F    	B         	0	.0000	0	.0000	0	.0000	0	.0000	0	.0000	0	.0000
20110622	臺灣50期貨          	T5F    	C         	0	.0000	0	.0000	0	.0000	0	.0000	500	279650.0000	-500	-279650.0000
20110622	臺股期貨            	TXF    	A         	20782	35175885.0000	20290	34339474.0000	492	836411.0000	4227	7074503.0000	8170	13768507.0000	-3943	-6694004.0000
20110622	臺股期貨            	TXF    	B         	461	782498.0000	119	201944.0000	342	580554.0000	1827	3084707.0000	639	1078888.0000	1188	2005819.0000
20110622	臺股期貨            	TXF    	C         	17220	29157126.0000	17189	29108779.0000	31	48348.0000	18114	30546092.0000	28036	47151978.0000	-9922	-16605886.0000
20110622	非金電期貨          	XIF    	A         	358	411457.0000	236	270824.0000	122	140633.0000	425	485087.0000	284	322530.0000	141	162557.0000
20110622	非金電期貨          	XIF    	B         	0	.0000	0	.0000	0	.0000	18	20624.0000	0	.0000	18	20624.0000
20110622	非金電期貨          	XIF    	C         	139	160048.0000	224	257875.0000	-85	-97827.0000	367	420509.0000	420	480730.0000	-53	-60221.0000
20110623	電子期貨            	EXF    	A         	716	897059.0000	761	953742.0000	-45	-56684.0000	1987	2474541.0000	573	709959.0000	1414	1764582.0000
20110623	電子期貨            	EXF    	B         	0	.0000	0	.0000	0	.0000	125	155975.0000	0	.0000	125	155975.0000
20110623	電子期貨            	EXF    	C         	750	940043.0000	699	876358.0000	51	63685.0000	1846	2303439.0000	5092	6351862.0000	-3246	-4048423.0000
20110623	金融期貨            	FXF    	A         	685	670860.0000	796	779350.0000	-111	-108490.0000	948	923026.0000	521	505455.0000	427	417571.0000
20110623	金融期貨            	FXF    	B         	0	.0000	0	.0000	0	.0000	127	123723.0000	0	.0000	127	123723.0000
20110623	金融期貨            	FXF    	C         	556	544991.0000	498	487620.0000	58	57372.0000	1476	1437919.0000	5223	5086596.0000	-3747	-3648677.0000
20110623	櫃買期貨            	GTF    	A         	19	9948.0000	20	10481.0000	-1	-534.0000	15	7810.0000	91	47093.0000	-76	-39283.0000
20110623	櫃買期貨            	GTF    	B         	0	.0000	0	.0000	0	.0000	65	33969.0000	0	.0000	65	33969.0000
20110623	櫃買期貨            	GTF    	C         	0	.0000	0	.0000	0	.0000	0	.0000	0	.0000	0	.0000
20110623	摩臺期              	MSF    	A         	0	.0000	0	.0000	0	.0000	0	.0000	0	.0000	0	.0000
20110623	摩臺期              	MSF    	B         	0	.0000	0	.0000	0	.0000	0	.0000	0	.0000	0	.0000
20110623	摩臺期              	MSF    	C         	0	.0000	0	.0000	0	.0000	17	14507.0000	0	.0000	17	14507.0000
20110623	小型臺指            	MXF    	A         	8734	3675283.0000	9067	3813122.0000	-333	-137839.0000	1443	600890.0000	5064	2109902.0000	-3621	-1509012.0000
20110623	小型臺指            	MXF    	B         	0	.0000	6	2520.0000	-6	-2520.0000	0	.0000	140	58779.0000	-140	-58779.0000
20110623	小型臺指            	MXF    	C         	11524	4852664.0000	12463	5244386.0000	-939	-391722.0000	662	275633.0000	3902	1628690.0000	-3240	-1353057.0000
20110623	股票期貨            	STF    	A         	8850	470601.0000	10367	602133.0000	-1517	-131532.0000	11215	591504.0000	9501	721819.0000	1714	-130315.0000
20110623	股票期貨            	STF    	B         	0	.0000	0	.0000	0	.0000	0	.0000	0	.0000	0	.0000
20110623	股票期貨            	STF    	C         	35	3549.0000	16	1873.0000	19	1676.0000	1074	212242.0000	8289	464348.0000	-7215	-252106.0000
20110623	臺灣50期貨          	T5F    	A         	0	.0000	0	.0000	0	.0000	500	279050.0000	0	.0000	500	279050.0000
20110623	臺灣50期貨          	T5F    	B         	0	.0000	0	.0000	0	.0000	0	.0000	0	.0000	0	.0000
20110623	臺灣50期貨          	T5F    	C         	0	.0000	0	.0000	0	.0000	0	.0000	500	279050.0000	-500	-279050.0000
20110623	臺股期貨            	TXF    	A         	17735	29863520.0000	18277	30768080.0000	-542	-904560.0000	4238	7049441.0000	8740	14647051.0000	-4502	-7597610.0000
20110623	臺股期貨            	TXF    	B         	34	57256.0000	370	624427.0000	-336	-567172.0000	1861	3125363.0000	1009	1694515.0000	852	1430848.0000
20110623	臺股期貨            	TXF    	C         	15461	26030412.0000	17174	28916914.0000	-1713	-2886502.0000	18275	30646735.0000	30132	50412169.0000	-11857	-19765434.0000
20110623	非金電期貨          	XIF    	A         	182	208168.0000	158	180616.0000	24	27552.0000	461	525920.0000	296	335921.0000	165	189999.0000
20110623	非金電期貨          	XIF    	B         	0	.0000	0	.0000	0	.0000	18	20612.0000	0	.0000	18	20612.0000
20110623	非金電期貨          	XIF    	C         	89	102054.0000	208	238465.0000	-119	-136411.0000	351	401930.0000	523	598381.0000	-172	-196451.0000
20110624	電子期貨            	EXF    	A         	679	846194.0000	676	841569.0000	3	4625.0000	1990	2476873.0000	573	709247.0000	1417	1767626.0000
20110624	電子期貨            	EXF    	B         	0	.0000	0	.0000	0	.0000	125	155900.0000	0	.0000	125	155900.0000
20110624	電子期貨            	EXF    	C         	844	1051238.0000	1024	1275190.0000	-180	-223952.0000	1852	2309814.0000	5278	6580723.0000	-3426	-4270909.0000
20110624	金融期貨            	FXF    	A         	713	696916.0000	829	810205.0000	-116	-113289.0000	901	882320.0000	590	575850.0000	311	306470.0000
20110624	金融期貨            	FXF    	B         	0	.0000	0	.0000	0	.0000	127	124460.0000	0	.0000	127	124460.0000
20110624	金融期貨            	FXF    	C         	1161	1135126.0000	1006	983341.0000	155	151785.0000	1522	1491560.0000	5114	5009658.0000	-3592	-3518098.0000
20110624	櫃買期貨            	GTF    	A         	25	13039.0000	22	11478.0000	3	1561.0000	18	9353.0000	91	46965.0000	-73	-37612.0000
20110624	櫃買期貨            	GTF    	B         	0	.0000	0	.0000	0	.0000	65	33878.0000	0	.0000	65	33878.0000
20110624	櫃買期貨            	GTF    	C         	0	.0000	0	.0000	0	.0000	0	.0000	0	.0000	0	.0000
20110624	摩臺期              	MSF    	A         	0	.0000	0	.0000	0	.0000	0	.0000	0	.0000	0	.0000
20110624	摩臺期              	MSF    	B         	0	.0000	0	.0000	0	.0000	0	.0000	0	.0000	0	.0000
20110624	摩臺期              	MSF    	C         	0	.0000	0	.0000	0	.0000	17	14407.0000	0	.0000	17	14407.0000
20110624	小型臺指            	MXF    	A         	6287	2636715.0000	6337	2656926.0000	-50	-20210.0000	1601	668111.0000	5144	2146278.0000	-3543	-1478167.0000
20110624	小型臺指            	MXF    	B         	0	.0000	0	.0000	0	.0000	0	.0000	140	58870.0000	-140	-58870.0000
20110624	小型臺指            	MXF    	C         	10037	4210213.0000	10920	4579308.0000	-883	-369095.0000	508	211178.0000	4587	1919045.0000	-4079	-1707867.0000
20110624	股票期貨            	STF    	A         	10515	613416.0000	10833	654809.0000	-318	-41393.0000	11911	645468.0000	10515	811446.0000	1396	-165978.0000
20110624	股票期貨            	STF    	B         	25	1118.0000	0	.0000	25	1118.0000	25	1118.0000	0	.0000	25	1118.0000
20110624	股票期貨            	STF    	C         	23	1578.0000	62	4825.0000	-39	-3247.0000	1073	210522.0000	8327	467984.0000	-7254	-257462.0000
20110624	臺灣50期貨          	T5F    	A         	0	.0000	0	.0000	0	.0000	500	277350.0000	0	.0000	500	277350.0000
20110624	臺灣50期貨          	T5F    	B         	0	.0000	0	.0000	0	.0000	0	.0000	0	.0000	0	.0000
20110624	臺灣50期貨          	T5F    	C         	0	.0000	0	.0000	0	.0000	0	.0000	500	277350.0000	-500	-277350.0000
20110624	臺股期貨            	TXF    	A         	16865	28312835.0000	16387	27498927.0000	478	813908.0000	4749	7922793.0000	8805	14777054.0000	-4056	-6854261.0000
20110624	臺股期貨            	TXF    	B         	73	122587.0000	201	337705.0000	-128	-215118.0000	1833	3083106.0000	1109	1865338.0000	724	1217768.0000
20110624	臺股期貨            	TXF    	C         	13845	23234643.0000	19407	32568468.0000	-5562	-9333825.0000	19115	32100444.0000	36545	61272812.0000	-17430	-29172368.0000
20110624	非金電期貨          	XIF    	A         	124	141857.0000	122	139480.0000	2	2377.0000	463	529783.0000	296	336802.0000	167	192981.0000
20110624	非金電期貨          	XIF    	B         	0	.0000	0	.0000	0	.0000	18	20682.0000	0	.0000	18	20682.0000
20110624	非金電期貨          	XIF    	C         	99	113380.0000	136	155811.0000	-37	-42431.0000	351	403299.0000	560	642934.0000	-209	-239635.0000
20110627	電子期貨            	EXF    	A         	771	949010.0000	637	783718.0000	134	165292.0000	2123	2613452.0000	572	700013.0000	1551	1913439.0000
20110627	電子期貨            	EXF    	B         	0	.0000	0	.0000	0	.0000	125	154175.0000	0	.0000	125	154175.0000
20110627	電子期貨            	EXF    	C         	680	836899.0000	713	878194.0000	-33	-41295.0000	1892	2333593.0000	5351	6597825.0000	-3459	-4264232.0000
20110627	金融期貨            	FXF    	A         	701	680567.0000	633	614370.0000	68	66197.0000	991	964206.0000	612	593798.0000	379	370408.0000
20110627	金融期貨            	FXF    	B         	1	975.0000	0	.0000	1	975.0000	128	124621.0000	0	.0000	128	124621.0000
20110627	金融期貨            	FXF    	C         	705	684809.0000	1038	1008221.0000	-333	-323412.0000	1315	1280284.0000	5240	5099850.0000	-3925	-3819566.0000
20110627	櫃買期貨            	GTF    	A         	55	28671.0000	65	33900.0000	-10	-5228.0000	15	7842.0000	98	50755.0000	-83	-42913.0000
20110627	櫃買期貨            	GTF    	B         	0	.0000	0	.0000	0	.0000	65	34008.0000	0	.0000	65	34008.0000
20110627	櫃買期貨            	GTF    	C         	0	.0000	0	.0000	0	.0000	0	.0000	0	.0000	0	.0000
20110627	摩臺期              	MSF    	A         	0	.0000	0	.0000	0	.0000	0	.0000	0	.0000	0	.0000
20110627	摩臺期              	MSF    	B         	0	.0000	0	.0000	0	.0000	0	.0000	0	.0000	0	.0000
20110627	摩臺期              	MSF    	C         	0	.0000	0	.0000	0	.0000	17	14325.0000	0	.0000	17	14325.0000
20110627	小型臺指            	MXF    	A         	8028	3336152.0000	8155	3384628.0000	-127	-48476.0000	1634	677260.0000	5424	2243357.0000	-3790	-1566097.0000
20110627	小型臺指            	MXF    	B         	0	.0000	0	.0000	0	.0000	0	.0000	140	58345.0000	-140	-58345.0000
20110627	小型臺指            	MXF    	C         	9636	4004160.0000	9390	3898984.0000	246	105176.0000	946	392107.0000	4875	2021034.0000	-3929	-1628927.0000
20110627	股票期貨            	STF    	A         	9427	491130.0000	10021	554875.0000	-594	-63745.0000	12038	641638.0000	11236	869133.0000	802	-227495.0000
20110627	股票期貨            	STF    	B         	0	.0000	0	.0000	0	.0000	25	1080.0000	0	.0000	25	1080.0000
20110627	股票期貨            	STF    	C         	47	4406.0000	100	13476.0000	-53	-9071.0000	1037	202311.0000	8344	468054.0000	-7307	-265743.0000
20110627	臺灣50期貨          	T5F    	A         	0	.0000	0	.0000	0	.0000	500	275550.0000	0	.0000	500	275550.0000
20110627	臺灣50期貨          	T5F    	B         	0	.0000	0	.0000	0	.0000	0	.0000	0	.0000	0	.0000
20110627	臺灣50期貨          	T5F    	C         	0	.0000	0	.0000	0	.0000	0	.0000	500	275550.0000	-500	-275550.0000
20110627	臺股期貨            	TXF    	A         	21226	35296004.0000	20970	34865775.0000	256	430230.0000	5235	8660964.0000	9005	14975777.0000	-3770	-6314813.0000
20110627	臺股期貨            	TXF    	B         	443	736879.0000	91	151067.0000	352	585812.0000	1877	3128959.0000	801	1335267.0000	1076	1793692.0000
20110627	臺股期貨            	TXF    	C         	16424	27299747.0000	16715	27790815.0000	-291	-491068.0000	19738	32854558.0000	37452	62235501.0000	-17714	-29380943.0000
20110627	非金電期貨          	XIF    	A         	142	161279.0000	169	192234.0000	-27	-30955.0000	436	495786.0000	296	334908.0000	140	160878.0000
20110627	非金電期貨          	XIF    	B         	0	.0000	0	.0000	0	.0000	18	20552.0000	0	.0000	18	20552.0000
20110627	非金電期貨          	XIF    	C         	98	111459.0000	141	160368.0000	-43	-48910.0000	302	344824.0000	554	632051.0000	-252	-287227.0000
20110628	電子期貨            	EXF    	A         	632	781881.0000	611	756726.0000	21	25155.0000	2153	2647212.0000	581	710749.0000	1572	1936463.0000
20110628	電子期貨            	EXF    	B         	18	22193.0000	161	198843.0000	-143	-176650.0000	143	176176.0000	161	198352.0000	-18	-22176.0000
20110628	電子期貨            	EXF    	C         	699	865671.0000	501	619606.0000	198	246065.0000	1955	2408560.0000	5218	6425818.0000	-3263	-4017258.0000
20110628	金融期貨            	FXF    	A         	611	593424.0000	575	558289.0000	36	35135.0000	963	931769.0000	548	528457.0000	415	403312.0000
20110628	金融期貨            	FXF    	B         	8	7750.0000	0	.0000	8	7750.0000	136	131702.0000	0	.0000	136	131702.0000
20110628	金融期貨            	FXF    	C         	628	609783.0000	936	908805.0000	-308	-299022.0000	1004	972274.0000	5237	5069095.0000	-4233	-4096821.0000
20110628	櫃買期貨            	GTF    	A         	18	9388.0000	19	9971.0000	-1	-583.0000	13	6764.0000	97	50285.0000	-84	-43521.0000
20110628	櫃買期貨            	GTF    	B         	0	.0000	0	.0000	0	.0000	65	33982.0000	0	.0000	65	33982.0000
20110628	櫃買期貨            	GTF    	C         	0	.0000	0	.0000	0	.0000	0	.0000	0	.0000	0	.0000
20110628	摩臺期              	MSF    	A         	0	.0000	0	.0000	0	.0000	0	.0000	0	.0000	0	.0000
20110628	摩臺期              	MSF    	B         	0	.0000	0	.0000	0	.0000	0	.0000	0	.0000	0	.0000
20110628	摩臺期              	MSF    	C         	0	.0000	0	.0000	0	.0000	17	14194.0000	0	.0000	17	14194.0000
20110628	小型臺指            	MXF    	A         	5951	2481605.0000	6086	2535599.0000	-135	-53994.0000	1588	655607.0000	5513	2271951.0000	-3925	-1616344.0000
20110628	小型臺指            	MXF    	B         	0	.0000	0	.0000	0	.0000	0	.0000	140	58170.0000	-140	-58170.0000
20110628	小型臺指            	MXF    	C         	8541	3564058.0000	8631	3599968.0000	-90	-35910.0000	1089	450470.0000	4964	2052368.0000	-3875	-1601898.0000
20110628	股票期貨            	STF    	A         	6396	381815.0000	7037	395323.0000	-641	-13507.0000	12266	677040.0000	12105	920692.0000	161	-243652.0000
20110628	股票期貨            	STF    	B         	0	.0000	0	.0000	0	.0000	25	1050.0000	0	.0000	25	1050.0000
20110628	股票期貨            	STF    	C         	82	6109.0000	276	29642.0000	-194	-23533.0000	979	199441.0000	8480	488022.0000	-7501	-288581.0000
20110628	臺灣50期貨          	T5F    	A         	0	.0000	0	.0000	0	.0000	500	277900.0000	0	.0000	500	277900.0000
20110628	臺灣50期貨          	T5F    	B         	0	.0000	0	.0000	0	.0000	0	.0000	0	.0000	0	.0000
20110628	臺灣50期貨          	T5F    	C         	0	.0000	0	.0000	0	.0000	0	.0000	500	277900.0000	-500	-277900.0000
20110628	臺股期貨            	TXF    	A         	17171	28646453.0000	18268	30471831.0000	-1097	-1825378.0000	5063	8347794.0000	9930	16468026.0000	-4867	-8120232.0000
20110628	臺股期貨            	TXF    	B         	472	784820.0000	5	8310.0000	467	776510.0000	2344	3895728.0000	801	1331262.0000	1543	2564466.0000
20110628	臺股期貨            	TXF    	C         	14941	24957717.0000	13621	22739138.0000	1320	2218579.0000	19624	32569022.0000	36054	59726702.0000	-16430	-27157680.0000
20110628	非金電期貨          	XIF    	A         	221	251971.0000	178	202711.0000	43	49260.0000	470	531549.0000	287	322460.0000	183	209089.0000
20110628	非金電期貨          	XIF    	B         	1	1136.0000	0	.0000	1	1136.0000	19	21569.0000	0	.0000	19	21569.0000
20110628	非金電期貨          	XIF    	C         	177	201535.0000	96	109805.0000	81	91730.0000	422	478423.0000	593	672667.0000	-171	-194244.0000
20110629	電子期貨            	EXF    	A         	983	1221140.0000	907	1128024.0000	76	93115.0000	2394	2983289.0000	746	925198.0000	1648	2058091.0000
20110629	電子期貨            	EXF    	B         	1	1249.0000	0	.0000	1	1249.0000	144	179856.0000	161	201089.0000	-17	-21233.0000
20110629	電子期貨            	EXF    	C         	1132	1407784.0000	1019	1267184.0000	113	140600.0000	2170	2710330.0000	5320	6641395.0000	-3150	-3931065.0000
20110629	金融期貨            	FXF    	A         	918	903225.0000	717	707777.0000	201	195448.0000	1094	1086555.0000	478	472971.0000	616	613584.0000
20110629	金融期貨            	FXF    	B         	0	.0000	0	.0000	0	.0000	136	135211.0000	0	.0000	136	135211.0000
20110629	金融期貨            	FXF    	C         	1653	1629023.0000	984	970620.0000	669	658403.0000	1412	1403810.0000	4976	4944533.0000	-3564	-3540723.0000
20110629	櫃買期貨            	GTF    	A         	33	17428.0000	38	20085.0000	-5	-2657.0000	1	524.0000	90	47244.0000	-89	-46720.0000
20110629	櫃買期貨            	GTF    	B         	0	.0000	0	.0000	0	.0000	65	34463.0000	0	.0000	65	34463.0000
20110629	櫃買期貨            	GTF    	C         	0	.0000	0	.0000	0	.0000	0	.0000	0	.0000	0	.0000
20110629	摩臺期              	MSF    	A         	0	.0000	0	.0000	0	.0000	0	.0000	0	.0000	0	.0000
20110629	摩臺期              	MSF    	B         	0	.0000	0	.0000	0	.0000	0	.0000	0	.0000	0	.0000
20110629	摩臺期              	MSF    	C         	0	.0000	0	.0000	0	.0000	17	14428.0000	0	.0000	17	14428.0000
20110629	小型臺指            	MXF    	A         	11305	4758248.0000	8850	3728301.0000	2455	1029947.0000	3581	1509810.0000	4939	2072708.0000	-1358	-562898.0000
20110629	小型臺指            	MXF    	B         	10	4236.0000	0	.0000	10	4236.0000	0	.0000	130	55055.0000	-130	-55055.0000
20110629	小型臺指            	MXF    	C         	11833	4979468.0000	8202	3455689.0000	3631	1523779.0000	1511	637624.0000	5139	2167161.0000	-3628	-1529537.0000
20110629	股票期貨            	STF    	A         	9107	662523.0000	8800	529316.0000	307	133207.0000	12601	729044.0000	12133	844344.0000	468	-115300.0000
20110629	股票期貨            	STF    	B         	50	7114.0000	0	.0000	50	7114.0000	75	8150.0000	0	.0000	75	8150.0000
20110629	股票期貨            	STF    	C         	210	18643.0000	273	22719.0000	-63	-4076.0000	1009	203817.0000	8573	500820.0000	-7564	-297003.0000
20110629	臺灣50期貨          	T5F    	A         	0	.0000	0	.0000	0	.0000	500	281050.0000	0	.0000	500	281050.0000
20110629	臺灣50期貨          	T5F    	B         	0	.0000	0	.0000	0	.0000	0	.0000	0	.0000	0	.0000
20110629	臺灣50期貨          	T5F    	C         	0	.0000	0	.0000	0	.0000	0	.0000	500	281050.0000	-500	-281050.0000
20110629	臺股期貨            	TXF    	A         	28082	47333374.0000	25433	42874061.0000	2649	4459313.0000	7427	12512572.0000	9673	16350834.0000	-2246	-3838262.0000
20110629	臺股期貨            	TXF    	B         	153	258537.0000	371	625255.0000	-218	-366718.0000	2216	3753904.0000	891	1509354.0000	1325	2244550.0000
20110629	臺股期貨            	TXF    	C         	19713	33193065.0000	18347	30925462.0000	1366	2267603.0000	20110	34007228.0000	34328	57947536.0000	-14218	-23940308.0000
20110629	非金電期貨          	XIF    	A         	172	198559.0000	110	126742.0000	62	71817.0000	509	589361.0000	264	303084.0000	245	286277.0000
20110629	非金電期貨          	XIF    	B         	0	.0000	0	.0000	0	.0000	19	22089.0000	0	.0000	19	22089.0000
20110629	非金電期貨          	XIF    	C         	124	143028.0000	164	189782.0000	-40	-46754.0000	378	438714.0000	589	684265.0000	-211	-245551.0000
20110630	電子期貨            	EXF    	A         	623	777544.0000	731	912169.0000	-108	-134625.0000	2275	2832935.0000	735	911488.0000	1540	1921447.0000
20110630	電子期貨            	EXF    	B         	0	.0000	2	2498.0000	-2	-2498.0000	142	177216.0000	161	200928.0000	-19	-23712.0000
20110630	電子期貨            	EXF    	C         	1161	1450407.0000	1337	1669692.0000	-176	-219286.0000	2467	3078816.0000	5793	7226725.0000	-3326	-4147909.0000
20110630	金融期貨            	FXF    	A         	559	558242.0000	542	541940.0000	17	16301.0000	1116	1116230.0000	483	481656.0000	633	634574.0000
20110630	金融期貨            	FXF    	B         	30	29934.0000	15	15000.0000	15	14934.0000	151	151181.0000	0	.0000	151	151181.0000
20110630	金融期貨            	FXF    	C         	1039	1037700.0000	748	747467.0000	291	290233.0000	1602	1603922.0000	4875	4878369.0000	-3273	-3274447.0000
20110630	櫃買期貨            	GTF    	A         	15	7961.0000	19	10085.0000	-4	-2124.0000	3	1581.0000	96	50330.0000	-93	-48749.0000
20110630	櫃買期貨            	GTF    	B         	0	.0000	0	.0000	0	.0000	65	34398.0000	0	.0000	65	34398.0000
20110630	櫃買期貨            	GTF    	C         	0	.0000	0	.0000	0	.0000	0	.0000	0	.0000	0	.0000
20110630	摩臺期              	MSF    	A         	0	.0000	0	.0000	0	.0000	0	.0000	0	.0000	0	.0000
20110630	摩臺期              	MSF    	B         	0	.0000	0	.0000	0	.0000	0	.0000	0	.0000	0	.0000
20110630	摩臺期              	MSF    	C         	0	.0000	0	.0000	0	.0000	17	14727.0000	0	.0000	17	14727.0000
20110630	小型臺指            	MXF    	A         	6440	2734059.0000	6251	2652429.0000	189	81630.0000	3502	1482502.0000	4559	1920462.0000	-1057	-437960.0000
20110630	小型臺指            	MXF    	B         	0	.0000	0	.0000	0	.0000	0	.0000	130	55283.0000	-130	-55283.0000
20110630	小型臺指            	MXF    	C         	8097	3434041.0000	7521	3190351.0000	576	243690.0000	1102	466033.0000	5318	2252181.0000	-4216	-1786148.0000
20110630	股票期貨            	STF    	A         	5933	349245.0000	11346	469202.0000	-5413	-119957.0000	12678	753196.0000	17623	987996.0000	-4945	-234800.0000
20110630	股票期貨            	STF    	B         	150	21408.0000	0	.0000	150	21408.0000	225	29785.0000	0	.0000	225	29785.0000
20110630	股票期貨            	STF    	C         	93	10548.0000	527	83074.0000	-434	-72526.0000	1034	208049.0000	9032	580611.0000	-7998	-372562.0000
20110630	臺灣50期貨          	T5F    	A         	0	.0000	0	.0000	0	.0000	500	283450.0000	0	.0000	500	283450.0000
20110630	臺灣50期貨          	T5F    	B         	0	.0000	0	.0000	0	.0000	0	.0000	0	.0000	0	.0000
20110630	臺灣50期貨          	T5F    	C         	0	.0000	0	.0000	0	.0000	0	.0000	500	283450.0000	-500	-283450.0000
20110630	臺股期貨            	TXF    	A         	17512	29750841.0000	17515	29749293.0000	-3	1548.0000	7417	12550721.0000	9694	16454111.0000	-2277	-3903390.0000
20110630	臺股期貨            	TXF    	B         	399	676106.0000	130	220335.0000	269	455770.0000	2255	3835755.0000	661	1124361.0000	1594	2711394.0000
20110630	臺股期貨            	TXF    	C         	17108	29044580.0000	15960	27105547.0000	1148	1939033.0000	21199	35993153.0000	33978	57596081.0000	-12779	-21602928.0000
20110630	非金電期貨          	XIF    	A         	199	231814.0000	237	275436.0000	-38	-43622.0000	510	595882.0000	303	350712.0000	207	245170.0000
20110630	非金電期貨          	XIF    	B         	0	.0000	0	.0000	0	.0000	19	22300.0000	0	.0000	19	22300.0000
20110630	非金電期貨          	XIF    	C         	279	324635.0000	231	269506.0000	48	55129.0000	372	434526.0000	535	627423.0000	-163	-192897.0000
