20111101	電子期貨            	EXF    	A         	1094	1203837.0000	889	978377.0000	205	225460.0000	1375	1518961.0000	224	246951.0000	1151	1272010.0000
20111101	電子期貨            	EXF    	B         	0	.0000	0	.0000	0	.0000	159	175727.0000	89	98363.0000	70	77364.0000
20111101	電子期貨            	EXF    	C         	1240	1363423.0000	1825	2004442.0000	-585	-641020.0000	1847	2041304.0000	2495	2757399.0000	-648	-716095.0000
20111101	金融期貨            	FXF    	A         	1263	1112754.0000	1251	1100166.0000	12	12587.0000	931	820307.0000	680	599165.0000	251	221142.0000
20111101	金融期貨            	FXF    	B         	0	.0000	110	97111.0000	-110	-97111.0000	226	199151.0000	110	96932.0000	116	102219.0000
20111101	金融期貨            	FXF    	C         	1815	1595739.0000	1546	1360487.0000	269	235252.0000	1299	1144679.0000	3078	2712264.0000	-1779	-1567585.0000
20111101	櫃買期貨            	GTF    	A         	32	13540.0000	29	12274.0000	3	1265.0000	2	848.0000	109	46126.0000	-107	-45278.0000
20111101	櫃買期貨            	GTF    	B         	0	.0000	0	.0000	0	.0000	143	60518.0000	0	.0000	143	60518.0000
20111101	櫃買期貨            	GTF    	C         	0	.0000	0	.0000	0	.0000	0	.0000	0	.0000	0	.0000
20111101	小型臺指            	MXF    	A         	9125	3473201.0000	8721	3319257.0000	404	153943.0000	2594	989700.0000	5100	1940644.0000	-2506	-950944.0000
20111101	小型臺指            	MXF    	B         	0	.0000	0	.0000	0	.0000	37	14130.0000	0	.0000	37	14130.0000
20111101	小型臺指            	MXF    	C         	15105	5748547.0000	13607	5180182.0000	1498	568365.0000	7291	2782024.0000	4452	1697609.0000	2839	1084415.0000
20111101	股票期貨            	STF    	A         	9923	517006.0000	10481	583887.0000	-558	-66880.0000	15690	994748.0000	11180	693672.0000	4510	301076.0000
20111101	股票期貨            	STF    	B         	0	.0000	0	.0000	0	.0000	11132	1648534.0000	0	.0000	11132	1648534.0000
20111101	股票期貨            	STF    	C         	296	28399.0000	117	7879.0000	179	20520.0000	2426	268466.0000	25409	2618864.0000	-22983	-2350398.0000
20111101	臺灣50期貨          	T5F    	A         	0	.0000	0	.0000	0	.0000	200	104460.0000	0	.0000	200	104460.0000
20111101	臺灣50期貨          	T5F    	B         	0	.0000	0	.0000	0	.0000	0	.0000	0	.0000	0	.0000
20111101	臺灣50期貨          	T5F    	C         	0	.0000	0	.0000	0	.0000	300	156690.0000	500	261150.0000	-200	-104460.0000
20111101	臺股期貨            	TXF    	A         	26009	39627057.0000	25810	39322405.0000	199	304652.0000	4744	7240370.0000	6516	9931070.0000	-1772	-2690700.0000
20111101	臺股期貨            	TXF    	B         	74	112354.0000	139	212391.0000	-65	-100037.0000	1347	2057677.0000	569	869204.0000	778	1188473.0000
20111101	臺股期貨            	TXF    	C         	25651	39075691.0000	23061	35139522.0000	2590	3936169.0000	32350	49352477.0000	24192	36925200.0000	8158	12427277.0000
20111101	非金電期貨          	XIF    	A         	246	265839.0000	230	248238.0000	16	17602.0000	470	508436.0000	138	149280.0000	332	359156.0000
20111101	非金電期貨          	XIF    	B         	0	.0000	0	.0000	0	.0000	28	30285.0000	0	.0000	28	30285.0000
20111101	非金電期貨          	XIF    	C         	256	275532.0000	262	282168.0000	-6	-6636.0000	358	387213.0000	522	564595.0000	-164	-177382.0000
20111102	電子期貨            	EXF    	A         	758	832759.0000	751	826453.0000	7	6306.0000	1376	1525520.0000	218	241176.0000	1158	1284344.0000
20111102	電子期貨            	EXF    	B         	20	22072.0000	8	8848.0000	12	13224.0000	159	176363.0000	77	85408.0000	82	90955.0000
20111102	電子期貨            	EXF    	C         	1055	1156810.0000	1257	1379351.0000	-202	-222541.0000	1889	2095279.0000	2739	3038029.0000	-850	-942750.0000
20111102	金融期貨            	FXF    	A         	824	707780.0000	1292	1109075.0000	-468	-401294.0000	591	509303.0000	808	696336.0000	-217	-187033.0000
20111102	金融期貨            	FXF    	B         	0	.0000	0	.0000	0	.0000	226	194812.0000	110	94820.0000	116	99992.0000
20111102	金融期貨            	FXF    	C         	1178	1009971.0000	1463	1255887.0000	-285	-245917.0000	1320	1137840.0000	3384	2916868.0000	-2064	-1779028.0000
20111102	櫃買期貨            	GTF    	A         	38	16024.0000	27	11394.0000	11	4630.0000	5	2119.0000	101	42723.0000	-96	-40604.0000
20111102	櫃買期貨            	GTF    	B         	0	.0000	0	.0000	0	.0000	143	60489.0000	0	.0000	143	60489.0000
20111102	櫃買期貨            	GTF    	C         	0	.0000	0	.0000	0	.0000	0	.0000	0	.0000	0	.0000
20111102	小型臺指            	MXF    	A         	11638	4390517.0000	12178	4588981.0000	-540	-198464.0000	4320	1641592.0000	6282	2379742.0000	-1962	-738150.0000
20111102	小型臺指            	MXF    	B         	0	.0000	0	.0000	0	.0000	37	14067.0000	0	.0000	37	14067.0000
20111102	小型臺指            	MXF    	C         	13888	5241173.0000	15927	6008876.0000	-2039	-767704.0000	6471	2457747.0000	5279	2004485.0000	1192	453262.0000
20111102	股票期貨            	STF    	A         	7791	390411.0000	8678	455233.0000	-887	-64822.0000	15862	1014697.0000	12239	775151.0000	3623	239546.0000
20111102	股票期貨            	STF    	B         	0	.0000	0	.0000	0	.0000	11132	1644034.0000	0	.0000	11132	1644034.0000
20111102	股票期貨            	STF    	C         	343	20386.0000	221	9837.0000	122	10549.0000	2548	278687.0000	25409	2617658.0000	-22861	-2338971.0000
20111102	臺灣50期貨          	T5F    	A         	0	.0000	0	.0000	0	.0000	200	103980.0000	0	.0000	200	103980.0000
20111102	臺灣50期貨          	T5F    	B         	0	.0000	0	.0000	0	.0000	0	.0000	0	.0000	0	.0000
20111102	臺灣50期貨          	T5F    	C         	0	.0000	0	.0000	0	.0000	300	155970.0000	500	259950.0000	-200	-103980.0000
20111102	臺股期貨            	TXF    	A         	22490	33977052.0000	22526	34011645.0000	-36	-34593.0000	4745	7210370.0000	6824	10356040.0000	-2079	-3145670.0000
20111102	臺股期貨            	TXF    	B         	156	235107.0000	179	270805.0000	-23	-35698.0000	1312	1995290.0000	557	847086.0000	755	1148204.0000
20111102	臺股期貨            	TXF    	C         	19009	28685035.0000	22420	33860267.0000	-3411	-5175232.0000	30985	47059120.0000	26336	40021317.0000	4649	7037803.0000
20111102	非金電期貨          	XIF    	A         	191	204222.0000	173	184976.0000	18	19246.0000	495	531273.0000	145	155679.0000	350	375594.0000
20111102	非金電期貨          	XIF    	B         	0	.0000	0	.0000	0	.0000	28	30041.0000	0	.0000	28	30041.0000
20111102	非金電期貨          	XIF    	C         	212	226261.0000	265	283366.0000	-53	-57105.0000	345	370151.0000	562	602987.0000	-217	-232836.0000
20111103	電子期貨            	EXF    	A         	777	851383.0000	897	983008.0000	-120	-131625.0000	1285	1394091.0000	247	267624.0000	1038	1126467.0000
20111103	電子期貨            	EXF    	B         	14	15444.0000	10	10890.0000	4	4554.0000	159	172547.0000	73	79220.0000	86	93327.0000
20111103	電子期貨            	EXF    	C         	1327	1454746.0000	1295	1419439.0000	32	35307.0000	1824	1979405.0000	2642	2867068.0000	-818	-887663.0000
20111103	金融期貨            	FXF    	A         	1100	927276.0000	1075	908194.0000	25	19082.0000	699	581760.0000	891	741531.0000	-192	-159771.0000
20111103	金融期貨            	FXF    	B         	10	8370.0000	40	33361.0000	-30	-24991.0000	186	154826.0000	100	83240.0000	86	71586.0000
20111103	金融期貨            	FXF    	C         	1833	1544051.0000	1823	1536425.0000	10	7626.0000	1053	876517.0000	3107	2586163.0000	-2054	-1709646.0000
20111103	櫃買期貨            	GTF    	A         	70	29527.0000	49	20705.0000	21	8821.0000	5	2097.0000	80	33406.0000	-75	-31309.0000
20111103	櫃買期貨            	GTF    	B         	0	.0000	0	.0000	0	.0000	143	59717.0000	0	.0000	143	59717.0000
20111103	櫃買期貨            	GTF    	C         	0	.0000	0	.0000	0	.0000	0	.0000	0	.0000	0	.0000
20111103	小型臺指            	MXF    	A         	11062	4149352.0000	13989	5245854.0000	-2927	-1096503.0000	5193	1932514.0000	7354	2726210.0000	-2161	-793696.0000
20111103	小型臺指            	MXF    	B         	0	.0000	13	4838.0000	-13	-4838.0000	24	8935.0000	0	.0000	24	8935.0000
20111103	小型臺指            	MXF    	C         	14382	5394791.0000	18193	6830645.0000	-3811	-1435854.0000	6400	2380061.0000	5115	1901663.0000	1285	478398.0000
20111103	股票期貨            	STF    	A         	7530	400160.0000	7501	396670.0000	29	3489.0000	15928	1005270.0000	12276	765077.0000	3652	240193.0000
20111103	股票期貨            	STF    	B         	0	.0000	0	.0000	0	.0000	11132	1626162.0000	0	.0000	11132	1626162.0000
20111103	股票期貨            	STF    	C         	255	13300.0000	156	8534.0000	99	4766.0000	2674	280966.0000	25436	2581310.0000	-22762	-2300344.0000
20111103	臺灣50期貨          	T5F    	A         	0	.0000	0	.0000	0	.0000	200	102200.0000	0	.0000	200	102200.0000
20111103	臺灣50期貨          	T5F    	B         	0	.0000	0	.0000	0	.0000	0	.0000	0	.0000	0	.0000
20111103	臺灣50期貨          	T5F    	C         	0	.0000	0	.0000	0	.0000	300	153300.0000	500	255500.0000	-200	-102200.0000
20111103	臺股期貨            	TXF    	A         	26478	39729396.0000	27806	41715192.0000	-1328	-1985796.0000	2976	4426925.0000	7065	10494709.0000	-4089	-6067784.0000
20111103	臺股期貨            	TXF    	B         	68	102236.0000	104	155157.0000	-36	-52921.0000	1284	1912133.0000	565	841390.0000	719	1070743.0000
20111103	臺股期貨            	TXF    	C         	23623	35439622.0000	27258	40917429.0000	-3635	-5477807.0000	31185	46375097.0000	31147	46351648.0000	38	23449.0000
20111103	非金電期貨          	XIF    	A         	499	528240.0000	474	501707.0000	25	26532.0000	473	499077.0000	98	103516.0000	375	395561.0000
20111103	非金電期貨          	XIF    	B         	0	.0000	0	.0000	0	.0000	28	29529.0000	0	.0000	28	29529.0000
20111103	非金電期貨          	XIF    	C         	177	187203.0000	322	341241.0000	-145	-154039.0000	218	229903.0000	580	611691.0000	-362	-381788.0000
20111104	電子期貨            	EXF    	A         	1013	1125074.0000	980	1087330.0000	33	37744.0000	1561	1730167.0000	490	542333.0000	1071	1187834.0000
20111104	電子期貨            	EXF    	B         	0	.0000	0	.0000	0	.0000	159	176395.0000	73	80986.0000	86	95409.0000
20111104	電子期貨            	EXF    	C         	1131	1255321.0000	727	807055.0000	404	448266.0000	2135	2368569.0000	2549	2827766.0000	-414	-459197.0000
20111104	金融期貨            	FXF    	A         	962	827905.0000	768	660454.0000	194	167451.0000	758	652107.0000	756	650391.0000	2	1716.0000
20111104	金融期貨            	FXF    	B         	0	.0000	0	.0000	0	.0000	186	160034.0000	100	86040.0000	86	73994.0000
20111104	金融期貨            	FXF    	C         	941	809018.0000	1243	1069700.0000	-302	-260682.0000	1087	935255.0000	3443	2962302.0000	-2356	-2027047.0000
20111104	櫃買期貨            	GTF    	A         	16	6848.0000	26	11133.0000	-10	-4285.0000	8	3432.0000	93	39901.0000	-85	-36469.0000
20111104	櫃買期貨            	GTF    	B         	0	.0000	0	.0000	0	.0000	143	61376.0000	0	.0000	143	61376.0000
20111104	櫃買期貨            	GTF    	C         	0	.0000	0	.0000	0	.0000	0	.0000	0	.0000	0	.0000
20111104	小型臺指            	MXF    	A         	11178	4260740.0000	8007	3052545.0000	3171	1208195.0000	8058	3072407.0000	6908	2623919.0000	1150	448488.0000
20111104	小型臺指            	MXF    	B         	38	14494.0000	0	.0000	38	14494.0000	62	23647.0000	0	.0000	62	23647.0000
20111104	小型臺指            	MXF    	C         	13723	5230667.0000	10795	4116863.0000	2928	1113805.0000	6834	2603186.0000	4657	1773569.0000	2177	829617.0000
20111104	股票期貨            	STF    	A         	6623	379517.0000	6841	376003.0000	-218	3514.0000	16496	1081885.0000	13062	829084.0000	3434	252801.0000
20111104	股票期貨            	STF    	B         	0	.0000	0	.0000	0	.0000	11132	1649299.0000	0	.0000	11132	1649299.0000
20111104	股票期貨            	STF    	C         	309	19285.0000	335	16835.0000	-26	2451.0000	2733	291787.0000	25521	2634560.0000	-22788	-2342773.0000
20111104	臺灣50期貨          	T5F    	A         	0	.0000	0	.0000	0	.0000	200	104120.0000	0	.0000	200	104120.0000
20111104	臺灣50期貨          	T5F    	B         	0	.0000	0	.0000	0	.0000	0	.0000	0	.0000	0	.0000
20111104	臺灣50期貨          	T5F    	C         	0	.0000	0	.0000	0	.0000	300	156180.0000	500	260300.0000	-200	-104120.0000
20111104	臺股期貨            	TXF    	A         	23940	36515105.0000	21942	33473045.0000	1998	3042060.0000	6250	9528885.0000	8376	12753934.0000	-2126	-3225049.0000
20111104	臺股期貨            	TXF    	B         	168	256311.0000	61	93157.0000	107	163155.0000	1309	1997010.0000	483	736857.0000	826	1260153.0000
20111104	臺股期貨            	TXF    	C         	20389	31110573.0000	20315	30999677.0000	74	110895.0000	29565	45032074.0000	28944	44123342.0000	621	908732.0000
20111104	非金電期貨          	XIF    	A         	179	193664.0000	229	247747.0000	-50	-54083.0000	489	529042.0000	164	177322.0000	325	351720.0000
20111104	非金電期貨          	XIF    	B         	0	.0000	0	.0000	0	.0000	28	30293.0000	0	.0000	28	30293.0000
20111104	非金電期貨          	XIF    	C         	139	149822.0000	188	202928.0000	-49	-53107.0000	171	185005.0000	582	629635.0000	-411	-444630.0000
20111107	電子期貨            	EXF    	A         	719	801023.0000	605	673642.0000	114	127381.0000	1598	1780948.0000	413	459498.0000	1185	1321450.0000
20111107	電子期貨            	EXF    	B         	0	.0000	85	94741.0000	-85	-94741.0000	159	177349.0000	158	176233.0000	1	1116.0000
20111107	電子期貨            	EXF    	C         	620	690500.0000	708	788473.0000	-88	-97973.0000	2116	2360186.0000	2618	2920032.0000	-502	-559846.0000
20111107	金融期貨            	FXF    	A         	712	607333.0000	811	691652.0000	-99	-84319.0000	708	604521.0000	805	687373.0000	-97	-82852.0000
20111107	金融期貨            	FXF    	B         	0	.0000	0	.0000	0	.0000	186	158844.0000	100	85400.0000	86	73444.0000
20111107	金融期貨            	FXF    	C         	750	639633.0000	736	628002.0000	14	11630.0000	1084	925736.0000	3426	2925710.0000	-2342	-1999974.0000
20111107	櫃買期貨            	GTF    	A         	12	5188.0000	36	15592.0000	-24	-10404.0000	5	2170.0000	114	49472.0000	-109	-47302.0000
20111107	櫃買期貨            	GTF    	B         	0	.0000	0	.0000	0	.0000	143	62062.0000	0	.0000	143	62062.0000
20111107	櫃買期貨            	GTF    	C         	0	.0000	0	.0000	0	.0000	0	.0000	0	.0000	0	.0000
20111107	小型臺指            	MXF    	A         	4127	1574096.0000	4102	1563378.0000	25	10719.0000	6975	2661819.0000	7268	2763974.0000	-293	-102155.0000
20111107	小型臺指            	MXF    	B         	0	.0000	0	.0000	0	.0000	62	23669.0000	0	.0000	62	23669.0000
20111107	小型臺指            	MXF    	C         	8485	3236094.0000	8685	3312359.0000	-200	-76264.0000	6560	2501219.0000	4595	1751663.0000	1965	749556.0000
20111107	股票期貨            	STF    	A         	9240	446344.0000	9196	427312.0000	44	19032.0000	16910	1119196.0000	13432	847970.0000	3478	271226.0000
20111107	股票期貨            	STF    	B         	0	.0000	0	.0000	0	.0000	11132	1658887.0000	0	.0000	11132	1658887.0000
20111107	股票期貨            	STF    	C         	265	21084.0000	136	7024.0000	129	14060.0000	2896	307209.0000	25555	2646712.0000	-22659	-2339503.0000
20111107	臺灣50期貨          	T5F    	A         	0	.0000	0	.0000	0	.0000	200	104300.0000	0	.0000	200	104300.0000
20111107	臺灣50期貨          	T5F    	B         	0	.0000	0	.0000	0	.0000	0	.0000	0	.0000	0	.0000
20111107	臺灣50期貨          	T5F    	C         	0	.0000	0	.0000	0	.0000	300	156450.0000	500	260750.0000	-200	-104300.0000
20111107	臺股期貨            	TXF    	A         	11923	18190724.0000	11390	17373957.0000	533	816768.0000	6238	9520733.0000	7464	11373336.0000	-1226	-1852603.0000
20111107	臺股期貨            	TXF    	B         	39	59511.0000	0	.0000	39	59511.0000	1309	1998843.0000	444	677982.0000	865	1320861.0000
20111107	臺股期貨            	TXF    	C         	12980	19803191.0000	12366	18866457.0000	614	936735.0000	29395	44814546.0000	28157	42965582.0000	1238	1848964.0000
20111107	非金電期貨          	XIF    	A         	189	203519.0000	157	169237.0000	32	34282.0000	464	501029.0000	107	115510.0000	357	385519.0000
20111107	非金電期貨          	XIF    	B         	0	.0000	0	.0000	0	.0000	28	30232.0000	0	.0000	28	30232.0000
20111107	非金電期貨          	XIF    	C         	174	187560.0000	157	169407.0000	17	18154.0000	113	122006.0000	507	547405.0000	-394	-425399.0000
20111108	電子期貨            	EXF    	A         	930	1038545.0000	898	1001018.0000	32	37527.0000	1639	1819455.0000	422	467941.0000	1217	1351514.0000
20111108	電子期貨            	EXF    	B         	0	.0000	0	.0000	0	.0000	159	176585.0000	158	175475.0000	1	1110.0000
20111108	電子期貨            	EXF    	C         	1131	1261172.0000	1118	1246843.0000	13	14329.0000	2354	2614352.0000	2843	3157391.0000	-489	-543039.0000
20111108	金融期貨            	FXF    	A         	1068	915820.0000	1186	1016939.0000	-118	-101119.0000	715	605734.0000	930	787871.0000	-215	-182137.0000
20111108	金融期貨            	FXF    	B         	0	.0000	0	.0000	0	.0000	186	157616.0000	100	84740.0000	86	72876.0000
20111108	金融期貨            	FXF    	C         	1362	1169083.0000	1530	1314773.0000	-168	-145690.0000	1157	980442.0000	3667	3107250.0000	-2510	-2126808.0000
20111108	櫃買期貨            	GTF    	A         	50	21791.0000	57	24834.0000	-7	-3043.0000	23	9935.0000	139	59873.0000	-116	-49938.0000
20111108	櫃買期貨            	GTF    	B         	0	.0000	0	.0000	0	.0000	143	61433.0000	0	.0000	143	61433.0000
20111108	櫃買期貨            	GTF    	C         	0	.0000	0	.0000	0	.0000	0	.0000	0	.0000	0	.0000
20111108	小型臺指            	MXF    	A         	11394	4355166.0000	13284	5067720.0000	-1890	-712554.0000	7184	2725170.0000	9347	3535425.0000	-2163	-810255.0000
20111108	小型臺指            	MXF    	B         	0	.0000	0	.0000	0	.0000	62	23526.0000	0	.0000	62	23526.0000
20111108	小型臺指            	MXF    	C         	12240	4676870.0000	12977	4953991.0000	-737	-277121.0000	6499	2462775.0000	4899	1856493.0000	1600	606282.0000
20111108	股票期貨            	STF    	A         	10096	519724.0000	10522	563725.0000	-426	-44001.0000	17487	1138966.0000	14435	914482.0000	3052	224484.0000
20111108	股票期貨            	STF    	B         	0	.0000	0	.0000	0	.0000	11132	1653003.0000	0	.0000	11132	1653003.0000
20111108	股票期貨            	STF    	C         	151	12927.0000	120	6833.0000	31	6095.0000	2984	315038.0000	25612	2641397.0000	-22628	-2326359.0000
20111108	臺灣50期貨          	T5F    	A         	0	.0000	0	.0000	0	.0000	200	103620.0000	0	.0000	200	103620.0000
20111108	臺灣50期貨          	T5F    	B         	0	.0000	0	.0000	0	.0000	0	.0000	0	.0000	0	.0000
20111108	臺灣50期貨          	T5F    	C         	0	.0000	0	.0000	0	.0000	300	155430.0000	500	259050.0000	-200	-103620.0000
20111108	臺股期貨            	TXF    	A         	25381	38791810.0000	26993	41234733.0000	-1612	-2442923.0000	4588	6959457.0000	7431	11256242.0000	-2843	-4296785.0000
20111108	臺股期貨            	TXF    	B         	40	61000.0000	93	141903.0000	-53	-80902.0000	1308	1985282.0000	496	752822.0000	812	1232460.0000
20111108	臺股期貨            	TXF    	C         	18205	27820675.0000	17952	27422313.0000	253	398362.0000	32513	49282610.0000	31113	47191333.0000	1400	2091277.0000
20111108	非金電期貨          	XIF    	A         	237	256058.0000	226	244270.0000	11	11788.0000	469	502246.0000	101	108065.0000	368	394181.0000
20111108	非金電期貨          	XIF    	B         	0	.0000	0	.0000	0	.0000	28	29988.0000	0	.0000	28	29988.0000
20111108	非金電期貨          	XIF    	C         	252	272652.0000	176	189952.0000	76	82700.0000	160	171360.0000	478	511897.0000	-318	-340537.0000
20111109	電子期貨            	EXF    	A         	757	842782.0000	750	834203.0000	7	8579.0000	1680	1862988.0000	456	505316.0000	1224	1357672.0000
20111109	電子期貨            	EXF    	B         	0	.0000	0	.0000	0	.0000	159	176363.0000	158	175254.0000	1	1109.0000
20111109	電子期貨            	EXF    	C         	651	724980.0000	593	659975.0000	58	65005.0000	2469	2738605.0000	2900	3216655.0000	-431	-478050.0000
20111109	金融期貨            	FXF    	A         	915	779794.0000	769	655511.0000	146	124284.0000	806	686695.0000	875	745439.0000	-69	-58744.0000
20111109	金融期貨            	FXF    	B         	0	.0000	0	.0000	0	.0000	186	158509.0000	100	85220.0000	86	73289.0000
20111109	金融期貨            	FXF    	C         	1013	862958.0000	1174	999047.0000	-161	-136089.0000	766	652785.0000	3437	2928802.0000	-2671	-2276017.0000
20111109	櫃買期貨            	GTF    	A         	49	21179.0000	41	17710.0000	8	3469.0000	14	6028.0000	122	52500.0000	-108	-46472.0000
20111109	櫃買期貨            	GTF    	B         	0	.0000	0	.0000	0	.0000	143	61519.0000	0	.0000	143	61519.0000
20111109	櫃買期貨            	GTF    	C         	0	.0000	0	.0000	0	.0000	0	.0000	0	.0000	0	.0000
20111109	小型臺指            	MXF    	A         	5936	2262406.0000	5585	2125912.0000	351	136494.0000	7067	2688884.0000	8151	3089697.0000	-1084	-400813.0000
20111109	小型臺指            	MXF    	B         	0	.0000	0	.0000	0	.0000	62	23597.0000	0	.0000	62	23597.0000
20111109	小型臺指            	MXF    	C         	10523	4013179.0000	10117	3857209.0000	406	155970.0000	6962	2646585.0000	5228	1987257.0000	1734	659328.0000
20111109	股票期貨            	STF    	A         	6920	371232.0000	7788	415093.0000	-868	-43860.0000	17196	1129550.0000	15012	951418.0000	2184	178132.0000
20111109	股票期貨            	STF    	B         	0	.0000	0	.0000	0	.0000	11132	1651282.0000	0	.0000	11132	1651282.0000
20111109	股票期貨            	STF    	C         	158	19560.0000	99	9851.0000	59	9709.0000	3045	324459.0000	25614	2635769.0000	-22569	-2311310.0000
20111109	臺灣50期貨          	T5F    	A         	0	.0000	0	.0000	0	.0000	200	103960.0000	0	.0000	200	103960.0000
20111109	臺灣50期貨          	T5F    	B         	0	.0000	0	.0000	0	.0000	0	.0000	0	.0000	0	.0000
20111109	臺灣50期貨          	T5F    	C         	0	.0000	0	.0000	0	.0000	300	155940.0000	500	259900.0000	-200	-103960.0000
20111109	臺股期貨            	TXF    	A         	16687	25428808.0000	17043	25964100.0000	-356	-535292.0000	4348	6615330.0000	7729	11742307.0000	-3381	-5126977.0000
20111109	臺股期貨            	TXF    	B         	49	74966.0000	51	77571.0000	-2	-2605.0000	1303	1983687.0000	493	750537.0000	810	1233150.0000
20111109	臺股期貨            	TXF    	C         	14996	22861838.0000	13412	20445603.0000	1584	2416234.0000	33012	50190310.0000	29960	45578033.0000	3052	4612277.0000
20111109	非金電期貨          	XIF    	A         	85	91716.0000	111	119841.0000	-26	-28125.0000	462	498758.0000	120	129454.0000	342	369304.0000
20111109	非金電期貨          	XIF    	B         	0	.0000	0	.0000	0	.0000	28	30232.0000	0	.0000	28	30232.0000
20111109	非金電期貨          	XIF    	C         	73	78842.0000	84	90807.0000	-11	-11965.0000	166	179230.0000	495	534414.0000	-329	-355184.0000
20111110	電子期貨            	EXF    	A         	1032	1110903.0000	1088	1171058.0000	-56	-60155.0000	1577	1687876.0000	409	437367.0000	1168	1250509.0000
20111110	電子期貨            	EXF    	B         	9	9742.0000	0	.0000	9	9742.0000	159	170225.0000	149	159519.0000	10	10706.0000
20111110	電子期貨            	EXF    	C         	1265	1360380.0000	1851	1992671.0000	-586	-632292.0000	2288	2449520.0000	3305	3538278.0000	-1017	-1088758.0000
20111110	金融期貨            	FXF    	A         	1633	1321770.0000	1446	1173095.0000	187	148675.0000	977	783388.0000	859	688682.0000	118	94706.0000
20111110	金融期貨            	FXF    	B         	0	.0000	80	65603.0000	-80	-65603.0000	106	85012.0000	100	80200.0000	6	4812.0000
20111110	金融期貨            	FXF    	C         	1963	1588546.0000	1854	1499476.0000	109	89070.0000	852	683304.0000	3414	2737817.0000	-2562	-2054513.0000
20111110	櫃買期貨            	GTF    	A         	40	16541.0000	26	10788.0000	14	5753.0000	15	6221.0000	109	45103.0000	-94	-38882.0000
20111110	櫃買期貨            	GTF    	B         	0	.0000	0	.0000	0	.0000	143	59145.0000	0	.0000	143	59145.0000
20111110	櫃買期貨            	GTF    	C         	0	.0000	0	.0000	0	.0000	0	.0000	0	.0000	0	.0000
20111110	小型臺指            	MXF    	A         	12093	4448015.0000	17473	6441186.0000	-5380	-1993171.0000	5389	1970740.0000	10561	3849860.0000	-5172	-1879120.0000
20111110	小型臺指            	MXF    	B         	0	.0000	94	34386.0000	-94	-34386.0000	6	2195.0000	38	13902.0000	-32	-11707.0000
20111110	小型臺指            	MXF    	C         	15555	5718208.0000	19508	7187380.0000	-3953	-1469173.0000	7356	2688178.0000	7555	2761229.0000	-199	-73051.0000
20111110	股票期貨            	STF    	A         	11995	572676.0000	11908	594724.0000	87	-22048.0000	17156	1098891.0000	14885	945098.0000	2271	153793.0000
20111110	股票期貨            	STF    	B         	0	.0000	0	.0000	0	.0000	11132	1625174.0000	0	.0000	11132	1625174.0000
20111110	股票期貨            	STF    	C         	240	17072.0000	511	20637.0000	-271	-3565.0000	3008	312467.0000	25848	2578274.0000	-22840	-2265807.0000
20111110	臺灣50期貨          	T5F    	A         	0	.0000	0	.0000	0	.0000	200	100220.0000	0	.0000	200	100220.0000
20111110	臺灣50期貨          	T5F    	B         	0	.0000	0	.0000	0	.0000	0	.0000	0	.0000	0	.0000
20111110	臺灣50期貨          	T5F    	C         	0	.0000	0	.0000	0	.0000	300	150330.0000	500	250550.0000	-200	-100220.0000
20111110	臺股期貨            	TXF    	A         	33455	49205949.0000	35170	51781041.0000	-1715	-2575092.0000	3528	5159542.0000	8947	13065782.0000	-5419	-7906240.0000
20111110	臺股期貨            	TXF    	B         	220	323998.0000	684	1004096.0000	-464	-680097.0000	1205	1763397.0000	859	1256937.0000	346	506460.0000
20111110	臺股期貨            	TXF    	C         	25972	38218670.0000	31199	45951396.0000	-5227	-7732725.0000	34888	50990839.0000	37568	54942797.0000	-2680	-3951958.0000
20111110	非金電期貨          	XIF    	A         	249	260296.0000	222	231804.0000	27	28492.0000	466	484860.0000	97	100893.0000	369	383967.0000
20111110	非金電期貨          	XIF    	B         	0	.0000	0	.0000	0	.0000	28	29131.0000	0	.0000	28	29131.0000
20111110	非金電期貨          	XIF    	C         	149	155773.0000	198	206983.0000	-49	-51210.0000	98	101958.0000	476	495224.0000	-378	-393266.0000
20111111	電子期貨            	EXF    	A         	893	958762.0000	915	981746.0000	-22	-22984.0000	1601	1722236.0000	455	489031.0000	1146	1233205.0000
20111111	電子期貨            	EXF    	B         	80	85740.0000	0	.0000	80	85740.0000	159	171116.0000	69	74258.0000	90	96858.0000
20111111	電子期貨            	EXF    	C         	1033	1108336.0000	901	967171.0000	132	141165.0000	2440	2625902.0000	3325	3578288.0000	-885	-952386.0000
20111111	金融期貨            	FXF    	A         	862	694764.0000	856	689235.0000	6	5529.0000	963	777400.0000	839	677103.0000	124	100297.0000
20111111	金融期貨            	FXF    	B         	0	.0000	0	.0000	0	.0000	106	85606.0000	100	80760.0000	6	4846.0000
20111111	金融期貨            	FXF    	C         	1020	820792.0000	1048	843948.0000	-28	-23156.0000	798	644464.0000	3388	2735754.0000	-2590	-2091290.0000
20111111	櫃買期貨            	GTF    	A         	49	20236.0000	54	22318.0000	-5	-2082.0000	14	5801.0000	113	46730.0000	-99	-40929.0000
20111111	櫃買期貨            	GTF    	B         	0	.0000	0	.0000	0	.0000	143	59116.0000	0	.0000	143	59116.0000
20111111	櫃買期貨            	GTF    	C         	0	.0000	0	.0000	0	.0000	0	.0000	0	.0000	0	.0000
20111111	小型臺指            	MXF    	A         	9117	3347374.0000	7541	2766275.0000	1576	581099.0000	6017	2212247.0000	9773	3580056.0000	-3756	-1367809.0000
20111111	小型臺指            	MXF    	B         	0	.0000	0	.0000	0	.0000	6	2207.0000	38	13976.0000	-32	-11769.0000
20111111	小型臺指            	MXF    	C         	12630	4636592.0000	11169	4099715.0000	1461	536877.0000	8334	3061996.0000	5928	2177575.0000	2406	884421.0000
20111111	股票期貨            	STF    	A         	11359	524493.0000	11344	540740.0000	15	-16247.0000	17676	1144207.0000	15390	997487.0000	2286	146720.0000
20111111	股票期貨            	STF    	B         	0	.0000	0	.0000	0	.0000	11132	1634101.0000	0	.0000	11132	1634101.0000
20111111	股票期貨            	STF    	C         	376	40560.0000	211	9824.0000	165	30736.0000	3280	348880.0000	25955	2602642.0000	-22675	-2253762.0000
20111111	臺灣50期貨          	T5F    	A         	0	.0000	0	.0000	0	.0000	200	101320.0000	0	.0000	200	101320.0000
20111111	臺灣50期貨          	T5F    	B         	0	.0000	0	.0000	0	.0000	0	.0000	0	.0000	0	.0000
20111111	臺灣50期貨          	T5F    	C         	0	.0000	0	.0000	0	.0000	300	151980.0000	500	253300.0000	-200	-101320.0000
20111111	臺股期貨            	TXF    	A         	19538	28698686.0000	18913	27760762.0000	625	937924.0000	4407	6479524.0000	9161	13448042.0000	-4754	-6968518.0000
20111111	臺股期貨            	TXF    	B         	103	150958.0000	43	63154.0000	60	87804.0000	1203	1769854.0000	797	1172465.0000	406	597389.0000
20111111	臺股期貨            	TXF    	C         	22305	32756136.0000	22482	33023369.0000	-177	-267233.0000	36777	54039183.0000	39920	58693282.0000	-3143	-4654099.0000
20111111	非金電期貨          	XIF    	A         	230	240674.0000	294	307681.0000	-64	-67007.0000	469	490386.0000	164	171509.0000	305	318877.0000
20111111	非金電期貨          	XIF    	B         	0	.0000	0	.0000	0	.0000	28	29271.0000	0	.0000	28	29271.0000
20111111	非金電期貨          	XIF    	C         	103	107545.0000	131	136844.0000	-28	-29298.0000	80	83636.0000	486	508081.0000	-406	-424445.0000
20111114	電子期貨            	EXF    	A         	1515	1674938.0000	1501	1660981.0000	14	13957.0000	1571	1737761.0000	411	454881.0000	1160	1282880.0000
20111114	電子期貨            	EXF    	B         	75	83008.0000	40	44327.0000	35	38682.0000	159	175997.0000	34	37652.0000	125	138345.0000
20111114	電子期貨            	EXF    	C         	3210	3547972.0000	3164	3497929.0000	46	50043.0000	2589	2864865.0000	3428	3793831.0000	-839	-928966.0000
20111114	金融期貨            	FXF    	A         	1252	1033999.0000	1155	954028.0000	97	79971.0000	760	625147.0000	539	443390.0000	221	181757.0000
20111114	金融期貨            	FXF    	B         	190	156816.0000	90	74075.0000	100	82740.0000	206	169438.0000	100	82210.0000	106	87228.0000
20111114	金融期貨            	FXF    	C         	1588	1312465.0000	1961	1620139.0000	-373	-307673.0000	549	451816.0000	3512	2889433.0000	-2963	-2437617.0000
20111114	櫃買期貨            	GTF    	A         	66	27913.0000	73	31005.0000	-7	-3091.0000	25	10661.0000	131	55509.0000	-106	-44848.0000
20111114	櫃買期貨            	GTF    	B         	70	29868.0000	70	29542.0000	0	326.0000	143	60679.0000	0	.0000	143	60679.0000
20111114	櫃買期貨            	GTF    	C         	0	.0000	0	.0000	0	.0000	0	.0000	0	.0000	0	.0000
20111114	小型臺指            	MXF    	A         	11045	4155276.0000	6967	2624182.0000	4078	1531094.0000	7770	2929299.0000	9024	3390849.0000	-1254	-461550.0000
20111114	小型臺指            	MXF    	B         	58	21875.0000	0	.0000	58	21875.0000	26	9805.0000	0	.0000	26	9805.0000
20111114	小型臺指            	MXF    	C         	10539	3970481.0000	7578	2855980.0000	2961	1114500.0000	9090	3425986.0000	6507	2451425.0000	2583	974561.0000
20111114	股票期貨            	STF    	A         	8276	390316.0000	8458	396582.0000	-182	-6265.0000	17388	1173344.0000	15284	1030511.0000	2104	142833.0000
20111114	股票期貨            	STF    	B         	0	.0000	0	.0000	0	.0000	11132	1678446.0000	0	.0000	11132	1678446.0000
20111114	股票期貨            	STF    	C         	369	24063.0000	523	29123.0000	-154	-5060.0000	3459	370619.0000	26288	2688982.0000	-22829	-2318363.0000
20111114	臺灣50期貨          	T5F    	A         	0	.0000	0	.0000	0	.0000	200	103820.0000	0	.0000	200	103820.0000
20111114	臺灣50期貨          	T5F    	B         	0	.0000	0	.0000	0	.0000	0	.0000	0	.0000	0	.0000
20111114	臺灣50期貨          	T5F    	C         	0	.0000	0	.0000	0	.0000	300	155730.0000	500	259550.0000	-200	-103820.0000
20111114	臺股期貨            	TXF    	A         	23273	35070996.0000	22246	33527737.0000	1027	1543259.0000	6995	10547695.0000	10328	15552135.0000	-3333	-5004440.0000
20111114	臺股期貨            	TXF    	B         	669	1009026.0000	354	534284.0000	315	474742.0000	1284	1936579.0000	563	849158.0000	721	1087421.0000
20111114	臺股期貨            	TXF    	C         	31442	47399261.0000	29171	43978023.0000	2271	3421238.0000	37492	56494246.0000	37668	56789189.0000	-176	-294943.0000
20111114	非金電期貨          	XIF    	A         	195	208302.0000	164	175095.0000	31	33207.0000	463	495117.0000	127	135847.0000	336	359270.0000
20111114	非金電期貨          	XIF    	B         	0	.0000	0	.0000	0	.0000	28	29935.0000	0	.0000	28	29935.0000
20111114	非金電期貨          	XIF    	C         	175	186556.0000	185	197442.0000	-10	-10887.0000	112	119739.0000	528	564552.0000	-416	-444813.0000
20111115	電子期貨            	EXF    	A         	1258	1390050.0000	1203	1329735.0000	55	60315.0000	1513	1666710.0000	298	328166.0000	1215	1338544.0000
20111115	電子期貨            	EXF    	B         	72	79364.0000	72	79427.0000	0	-62.0000	158	174064.0000	33	36358.0000	125	137706.0000
20111115	電子期貨            	EXF    	C         	2092	2314103.0000	2199	2430875.0000	-107	-116772.0000	2542	2800482.0000	3488	3842624.0000	-946	-1042142.0000
20111115	金融期貨            	FXF    	A         	1277	1041538.0000	1344	1096083.0000	-67	-54545.0000	833	677368.0000	679	552714.0000	154	124654.0000
20111115	金融期貨            	FXF    	B         	141	114707.0000	152	123761.0000	-11	-9054.0000	236	191829.0000	141	114605.0000	95	77224.0000
20111115	金融期貨            	FXF    	C         	2385	1943991.0000	2456	2001255.0000	-71	-57264.0000	702	571523.0000	3736	3039090.0000	-3034	-2467567.0000
20111115	櫃買期貨            	GTF    	A         	134	56438.0000	78	33007.0000	56	23430.0000	23	9659.0000	73	30725.0000	-50	-21066.0000
20111115	櫃買期貨            	GTF    	B         	73	30959.0000	73	30575.0000	0	383.0000	143	60346.0000	0	.0000	143	60346.0000
20111115	櫃買期貨            	GTF    	C         	0	.0000	0	.0000	0	.0000	0	.0000	0	.0000	0	.0000
20111115	小型臺指            	MXF    	A         	5203	1954853.0000	6767	2540820.0000	-1564	-585967.0000	3797	1423480.0000	8335	3115274.0000	-4538	-1691794.0000
20111115	小型臺指            	MXF    	B         	20	7508.0000	20	7510.0000	0	-1.0000	26	9753.0000	0	.0000	26	9753.0000
20111115	小型臺指            	MXF    	C         	7724	2902011.0000	7690	2889227.0000	34	12784.0000	9498	3562367.0000	4745	1777674.0000	4753	1784693.0000
20111115	股票期貨            	STF    	A         	9935	538915.0000	9947	558324.0000	-12	-19409.0000	17265	1129814.0000	15173	1004536.0000	2092	125278.0000
20111115	股票期貨            	STF    	B         	0	.0000	0	.0000	0	.0000	11132	1680180.0000	0	.0000	11132	1680180.0000
20111115	股票期貨            	STF    	C         	383	50315.0000	217	29836.0000	166	20478.0000	3659	397309.0000	26322	2695057.0000	-22663	-2297748.0000
20111115	臺灣50期貨          	T5F    	A         	0	.0000	0	.0000	0	.0000	200	103040.0000	0	.0000	200	103040.0000
20111115	臺灣50期貨          	T5F    	B         	0	.0000	0	.0000	0	.0000	0	.0000	0	.0000	0	.0000
20111115	臺灣50期貨          	T5F    	C         	0	.0000	0	.0000	0	.0000	300	154560.0000	500	257600.0000	-200	-103040.0000
20111115	臺股期貨            	TXF    	A         	12828	19274305.0000	16192	24322663.0000	-3364	-5048358.0000	5527	8290036.0000	11794	17665046.0000	-6267	-9375010.0000
20111115	臺股期貨            	TXF    	B         	933	1401043.0000	911	1367900.0000	22	33143.0000	1299	1949236.0000	556	834190.0000	743	1115046.0000
20111115	臺股期貨            	TXF    	C         	39798	59795689.0000	38039	57153426.0000	1759	2642263.0000	38453	57651955.0000	37404	56111675.0000	1049	1540280.0000
20111115	非金電期貨          	XIF    	A         	451	480047.0000	320	340545.0000	131	139502.0000	566	602407.0000	99	105444.0000	467	496963.0000
20111115	非金電期貨          	XIF    	B         	19	20244.0000	19	20229.0000	0	15.0000	28	29814.0000	0	.0000	28	29814.0000
20111115	非金電期貨          	XIF    	C         	266	283129.0000	272	289584.0000	-6	-6455.0000	56	59545.0000	478	508713.0000	-422	-449168.0000
20111116	電子期貨            	EXF    	A         	1131	1242949.0000	1289	1416486.0000	-158	-173537.0000	1187	1290691.0000	72	78167.0000	1115	1212524.0000
20111116	電子期貨            	EXF    	B         	80	87920.0000	112	122944.0000	-32	-35024.0000	158	171809.0000	68	73943.0000	90	97866.0000
20111116	電子期貨            	EXF    	C         	1905	2100141.0000	1896	2090658.0000	9	9483.0000	2038	2216121.0000	2948	3205655.0000	-910	-989534.0000
20111116	金融期貨            	FXF    	A         	1314	1054326.0000	1291	1035963.0000	23	18363.0000	606	475817.0000	396	310910.0000	210	164907.0000
20111116	金融期貨            	FXF    	B         	5	3950.0000	0	.0000	5	3950.0000	236	185307.0000	141	110713.0000	95	74594.0000
20111116	金融期貨            	FXF    	C         	2019	1614804.0000	1748	1400412.0000	271	214392.0000	286	224567.0000	2420	1900184.0000	-2134	-1675617.0000
20111116	櫃買期貨            	GTF    	A         	159	65908.0000	147	60937.0000	12	4971.0000	5	2065.0000	60	24778.0000	-55	-22713.0000
20111116	櫃買期貨            	GTF    	B         	0	.0000	0	.0000	0	.0000	143	59059.0000	0	.0000	143	59059.0000
20111116	櫃買期貨            	GTF    	C         	0	.0000	0	.0000	0	.0000	0	.0000	0	.0000	0	.0000
20111116	小型臺指            	MXF    	A         	14261	5316091.0000	18097	6738853.0000	-3836	-1422761.0000	479	175637.0000	7035	2574427.0000	-6556	-2398790.0000
20111116	小型臺指            	MXF    	B         	6	2214.0000	52	19138.0000	-46	-16924.0000	6	2206.0000	32	11763.0000	-26	-9557.0000
20111116	小型臺指            	MXF    	C         	10520	3916424.0000	11206	4175274.0000	-686	-258850.0000	9365	3441817.0000	2324	852282.0000	7041	2589535.0000
20111116	股票期貨            	STF    	A         	14399	768622.0000	16552	851430.0000	-2153	-82808.0000	10801	737722.0000	8967	646515.0000	1834	91207.0000
20111116	股票期貨            	STF    	B         	0	.0000	0	.0000	0	.0000	11132	1658781.0000	0	.0000	11132	1658781.0000
20111116	股票期貨            	STF    	C         	3326	240665.0000	1331	140912.0000	1995	99753.0000	3350	312966.0000	24702	2526029.0000	-21352	-2213063.0000
20111116	臺灣50期貨          	T5F    	A         	0	.0000	200	102180.0000	-200	-102180.0000	0	.0000	0	.0000	0	.0000
20111116	臺灣50期貨          	T5F    	B         	0	.0000	0	.0000	0	.0000	0	.0000	0	.0000	0	.0000
20111116	臺灣50期貨          	T5F    	C         	200	102180.0000	0	.0000	200	102180.0000	500	255450.0000	500	255450.0000	0	.0000
20111116	臺股期貨            	TXF    	A         	34206	50942583.0000	32373	48219356.0000	1833	2723228.0000	3181	4674504.0000	5010	7337316.0000	-1829	-2662812.0000
20111116	臺股期貨            	TXF    	B         	505	752756.0000	632	941072.0000	-127	-188315.0000	1227	1804181.0000	648	952819.0000	579	851362.0000
20111116	臺股期貨            	TXF    	C         	35806	53342543.0000	38712	57685009.0000	-2906	-4342466.0000	29849	43849923.0000	34637	50918034.0000	-4788	-7068111.0000
20111116	非金電期貨          	XIF    	A         	431	454222.0000	431	454295.0000	0	-72.0000	314	326510.0000	37	38465.0000	277	288045.0000
20111116	非金電期貨          	XIF    	B         	9	9465.0000	9	9464.0000	0	1.0000	28	29109.0000	0	.0000	28	29109.0000
20111116	非金電期貨          	XIF    	C         	328	347375.0000	348	367876.0000	-20	-20501.0000	67	69653.0000	352	365939.0000	-285	-296286.0000
20111117	電子期貨            	EXF    	A         	769	840089.0000	727	794609.0000	42	45481.0000	1232	1355385.0000	75	82362.0000	1157	1273023.0000
20111117	電子期貨            	EXF    	B         	0	.0000	50	54704.0000	-50	-54704.0000	158	173832.0000	118	129824.0000	40	44008.0000
20111117	電子期貨            	EXF    	C         	992	1083521.0000	931	1016436.0000	61	67085.0000	2060	2266412.0000	2909	3200482.0000	-849	-934070.0000
20111117	金融期貨            	FXF    	A         	767	604007.0000	934	734075.0000	-167	-130069.0000	502	398267.0000	459	364121.0000	43	34146.0000
20111117	金融期貨            	FXF    	B         	36	28377.0000	0	.0000	36	28377.0000	236	187242.0000	105	83307.0000	131	103935.0000
20111117	金融期貨            	FXF    	C         	1171	919976.0000	1619	1273806.0000	-448	-353829.0000	209	165821.0000	2791	2214379.0000	-2582	-2048558.0000
20111117	櫃買期貨            	GTF    	A         	48	19864.0000	66	27319.0000	-18	-7454.0000	5	2078.0000	78	32413.0000	-73	-30335.0000
20111117	櫃買期貨            	GTF    	B         	0	.0000	0	.0000	0	.0000	143	59431.0000	0	.0000	143	59431.0000
20111117	櫃買期貨            	GTF    	C         	0	.0000	0	.0000	0	.0000	0	.0000	0	.0000	0	.0000
20111117	小型臺指            	MXF    	A         	10651	3915437.0000	10628	3905329.0000	23	10107.0000	625	230758.0000	7038	2592805.0000	-6413	-2362047.0000
20111117	小型臺指            	MXF    	B         	0	.0000	0	.0000	0	.0000	6	2220.0000	32	11842.0000	-26	-9622.0000
20111117	小型臺指            	MXF    	C         	15760	5794323.0000	14969	5504818.0000	791	289506.0000	9864	3649406.0000	2208	815056.0000	7656	2834350.0000
20111117	股票期貨            	STF    	A         	9584	466555.0000	10170	474293.0000	-586	-7738.0000	11769	793578.0000	10521	707559.0000	1248	86019.0000
20111117	股票期貨            	STF    	B         	0	.0000	0	.0000	0	.0000	11132	1651579.0000	0	.0000	11132	1651579.0000
20111117	股票期貨            	STF    	C         	443	37080.0000	323	20902.0000	120	16178.0000	3533	328459.0000	24765	2517049.0000	-21232	-2188590.0000
20111117	臺灣50期貨          	T5F    	A         	0	.0000	0	.0000	0	.0000	0	.0000	0	.0000	0	.0000
20111117	臺灣50期貨          	T5F    	B         	0	.0000	0	.0000	0	.0000	0	.0000	0	.0000	0	.0000
20111117	臺灣50期貨          	T5F    	C         	0	.0000	0	.0000	0	.0000	500	255200.0000	500	255200.0000	0	.0000
20111117	臺股期貨            	TXF    	A         	15075	22174856.0000	14519	21332885.0000	556	841971.0000	4178	6181377.0000	5481	8067197.0000	-1303	-1885820.0000
20111117	臺股期貨            	TXF    	B         	149	219373.0000	352	516907.0000	-203	-297534.0000	1268	1876894.0000	892	1320338.0000	376	556556.0000
20111117	臺股期貨            	TXF    	C         	29289	43073453.0000	28539	41989353.0000	750	1084100.0000	30309	44807300.0000	34303	50762995.0000	-3994	-5955695.0000
20111117	非金電期貨          	XIF    	A         	152	157110.0000	130	134401.0000	22	22708.0000	333	346154.0000	34	35331.0000	299	310823.0000
20111117	非金電期貨          	XIF    	B         	0	.0000	0	.0000	0	.0000	28	29100.0000	0	.0000	28	29100.0000
20111117	非金電期貨          	XIF    	C         	171	176414.0000	73	75481.0000	98	100932.0000	153	159013.0000	340	353362.0000	-187	-194349.0000
20111118	電子期貨            	EXF    	A         	893	966894.0000	978	1058445.0000	-85	-91551.0000	1237	1332185.0000	165	177557.0000	1072	1154628.0000
20111118	電子期貨            	EXF    	B         	0	.0000	0	.0000	0	.0000	158	170166.0000	118	127086.0000	40	43080.0000
20111118	電子期貨            	EXF    	C         	1317	1425020.0000	1206	1305248.0000	111	119772.0000	1989	2142153.0000	2727	2936979.0000	-738	-794826.0000
20111118	金融期貨            	FXF    	A         	955	752674.0000	890	701185.0000	65	51489.0000	504	397243.0000	396	312092.0000	108	85151.0000
20111118	金融期貨            	FXF    	B         	15	11799.0000	0	.0000	15	11799.0000	236	186015.0000	90	70938.0000	146	115077.0000
20111118	金融期貨            	FXF    	C         	1410	1111342.0000	2449	1929874.0000	-1039	-818532.0000	186	146605.0000	3807	3000677.0000	-3621	-2854072.0000
20111118	櫃買期貨            	GTF    	A         	50	20489.0000	41	16817.0000	9	3672.0000	7	2859.0000	71	28993.0000	-64	-26134.0000
20111118	櫃買期貨            	GTF    	B         	0	.0000	0	.0000	0	.0000	143	58401.0000	0	.0000	143	58401.0000
20111118	櫃買期貨            	GTF    	C         	0	.0000	0	.0000	0	.0000	0	.0000	0	.0000	0	.0000
20111118	小型臺指            	MXF    	A         	9766	3555328.0000	15118	5499958.0000	-5352	-1944630.0000	679	245303.0000	7856	2833738.0000	-7177	-2588435.0000
20111118	小型臺指            	MXF    	B         	0	.0000	16	5794.0000	-16	-5794.0000	6	2174.0000	48	17390.0000	-42	-15216.0000
20111118	小型臺指            	MXF    	C         	15081	5488462.0000	17591	6402600.0000	-2510	-914138.0000	9436	3417860.0000	1554	560901.0000	7882	2856959.0000
20111118	股票期貨            	STF    	A         	8867	439574.0000	9357	471926.0000	-490	-32352.0000	11869	782053.0000	11111	733407.0000	758	48646.0000
20111118	股票期貨            	STF    	B         	0	.0000	0	.0000	0	.0000	11132	1590779.0000	0	.0000	11132	1590779.0000
20111118	股票期貨            	STF    	C         	455	38905.0000	285	20676.0000	170	18229.0000	3742	345327.0000	24804	2440145.0000	-21062	-2094818.0000
20111118	臺灣50期貨          	T5F    	A         	0	.0000	0	.0000	0	.0000	0	.0000	0	.0000	0	.0000
20111118	臺灣50期貨          	T5F    	B         	0	.0000	0	.0000	0	.0000	0	.0000	0	.0000	0	.0000
20111118	臺灣50期貨          	T5F    	C         	0	.0000	0	.0000	0	.0000	500	250250.0000	500	250250.0000	0	.0000
20111118	臺股期貨            	TXF    	A         	21461	31224827.0000	20240	29438968.0000	1221	1785859.0000	5146	7454715.0000	6375	9187851.0000	-1229	-1733136.0000
20111118	臺股期貨            	TXF    	B         	65	94611.0000	89	129539.0000	-24	-34928.0000	1256	1820195.0000	904	1310077.0000	352	510118.0000
20111118	臺股期貨            	TXF    	C         	23913	34794277.0000	29287	42623399.0000	-5374	-7829121.0000	31171	45116758.0000	41223	59728043.0000	-10052	-14611285.0000
20111118	非金電期貨          	XIF    	A         	255	259273.0000	263	267694.0000	-8	-8421.0000	313	316608.0000	22	22246.0000	291	294362.0000
20111118	非金電期貨          	XIF    	B         	0	.0000	0	.0000	0	.0000	28	28316.0000	0	.0000	28	28316.0000
20111118	非金電期貨          	XIF    	C         	97	98507.0000	209	213328.0000	-112	-114821.0000	85	85961.0000	384	388339.0000	-299	-302378.0000
20111121	電子期貨            	EXF    	A         	943	993330.0000	886	935405.0000	57	57925.0000	1270	1328124.0000	141	147286.0000	1129	1180838.0000
20111121	電子期貨            	EXF    	B         	67	70800.0000	0	.0000	67	70800.0000	158	165236.0000	51	53336.0000	107	111900.0000
20111121	電子期貨            	EXF    	C         	1387	1460820.0000	1819	1916346.0000	-432	-455526.0000	1847	1931593.0000	3017	3155179.0000	-1170	-1223586.0000
20111121	金融期貨            	FXF    	A         	807	630956.0000	896	699872.0000	-89	-68916.0000	434	335038.0000	415	320288.0000	19	14750.0000
20111121	金融期貨            	FXF    	B         	0	.0000	130	101424.0000	-130	-101424.0000	106	81832.0000	90	69480.0000	16	12352.0000
20111121	金融期貨            	FXF    	C         	1749	1366554.0000	2037	1593645.0000	-288	-227092.0000	249	192228.0000	4158	3209976.0000	-3909	-3017748.0000
20111121	櫃買期貨            	GTF    	A         	38	14995.0000	28	11057.0000	10	3939.0000	9	3512.0000	63	24579.0000	-54	-21067.0000
20111121	櫃買期貨            	GTF    	B         	0	.0000	0	.0000	0	.0000	143	55799.0000	0	.0000	143	55799.0000
20111121	櫃買期貨            	GTF    	C         	0	.0000	0	.0000	0	.0000	0	.0000	0	.0000	0	.0000
20111121	小型臺指            	MXF    	A         	9549	3385074.0000	10705	3799633.0000	-1156	-414559.0000	1285	450337.0000	9126	3202465.0000	-7841	-2752128.0000
20111121	小型臺指            	MXF    	B         	0	.0000	19	6693.0000	-19	-6693.0000	6	2115.0000	67	23621.0000	-61	-21506.0000
20111121	小型臺指            	MXF    	C         	16006	5679097.0000	18777	6666786.0000	-2771	-987689.0000	9625	3392559.0000	2458	864396.0000	7167	2528163.0000
20111121	股票期貨            	STF    	A         	7109	342015.0000	7291	347101.0000	-182	-5086.0000	12362	781426.0000	11786	736428.0000	576	44998.0000
20111121	股票期貨            	STF    	B         	0	.0000	0	.0000	0	.0000	11132	1562447.0000	0	.0000	11132	1562447.0000
20111121	股票期貨            	STF    	C         	164	20201.0000	0	.0000	164	20201.0000	3896	355949.0000	24794	2387308.0000	-20898	-2031359.0000
20111121	臺灣50期貨          	T5F    	A         	0	.0000	0	.0000	0	.0000	0	.0000	0	.0000	0	.0000
20111121	臺灣50期貨          	T5F    	B         	0	.0000	0	.0000	0	.0000	0	.0000	0	.0000	0	.0000
20111121	臺灣50期貨          	T5F    	C         	0	.0000	0	.0000	0	.0000	500	244500.0000	500	244500.0000	0	.0000
20111121	臺股期貨            	TXF    	A         	23686	33594203.0000	23091	32764665.0000	595	829538.0000	7085	9988372.0000	7842	11002694.0000	-757	-1014322.0000
20111121	臺股期貨            	TXF    	B         	139	197083.0000	304	430458.0000	-165	-233375.0000	1250	1762750.0000	1063	1499043.0000	187	263707.0000
20111121	臺股期貨            	TXF    	C         	25326	35938665.0000	27921	39635311.0000	-2595	-3696646.0000	32060	45157651.0000	45221	63758610.0000	-13161	-18600959.0000
20111121	非金電期貨          	XIF    	A         	178	175560.0000	205	202315.0000	-27	-26755.0000	313	308036.0000	49	48210.0000	264	259826.0000
20111121	非金電期貨          	XIF    	B         	0	.0000	0	.0000	0	.0000	28	27549.0000	0	.0000	28	27549.0000
20111121	非金電期貨          	XIF    	C         	225	221852.0000	194	191283.0000	31	30570.0000	145	142666.0000	413	406351.0000	-268	-263685.0000
20111122	電子期貨            	EXF    	A         	800	833113.0000	909	947756.0000	-109	-114644.0000	1222	1264472.0000	202	208892.0000	1020	1055580.0000
20111122	電子期貨            	EXF    	B         	16	16581.0000	60	62283.0000	-44	-45703.0000	98	101410.0000	35	36218.0000	63	65192.0000
20111122	電子期貨            	EXF    	C         	1617	1686296.0000	1550	1614983.0000	67	71314.0000	1953	2020964.0000	3056	3162349.0000	-1103	-1141385.0000
20111122	金融期貨            	FXF    	A         	1191	925612.0000	1092	848168.0000	99	77444.0000	497	385068.0000	379	293575.0000	118	91493.0000
20111122	金融期貨            	FXF    	B         	0	.0000	55	42594.0000	-55	-42594.0000	51	39515.0000	90	69732.0000	-39	-30217.0000
20111122	金融期貨            	FXF    	C         	2090	1624093.0000	2139	1662228.0000	-49	-38135.0000	435	337038.0000	4393	3403670.0000	-3958	-3066632.0000
20111122	櫃買期貨            	GTF    	A         	52	19874.0000	29	11085.0000	23	8789.0000	12	4567.0000	43	16337.0000	-31	-11770.0000
20111122	櫃買期貨            	GTF    	B         	0	.0000	55	20956.0000	-55	-20956.0000	88	33422.0000	0	.0000	88	33422.0000
20111122	櫃買期貨            	GTF    	C         	0	.0000	0	.0000	0	.0000	0	.0000	0	.0000	0	.0000
20111122	小型臺指            	MXF    	A         	12255	4313788.0000	13289	4674470.0000	-1034	-360682.0000	1089	379667.0000	10040	3509960.0000	-8951	-3130293.0000
20111122	小型臺指            	MXF    	B         	0	.0000	7	2458.0000	-7	-2458.0000	6	2106.0000	74	25978.0000	-68	-23872.0000
20111122	小型臺指            	MXF    	C         	16950	5969552.0000	15796	5563369.0000	1154	406183.0000	10485	3680062.0000	1756	614351.0000	8729	3065711.0000
20111122	股票期貨            	STF    	A         	8868	408221.0000	9845	487313.0000	-977	-79092.0000	12721	787636.0000	13122	816480.0000	-401	-28844.0000
20111122	股票期貨            	STF    	B         	0	.0000	0	.0000	0	.0000	11132	1574040.0000	0	.0000	11132	1574040.0000
20111122	股票期貨            	STF    	C         	1631	128569.0000	202	14691.0000	1429	113877.0000	5196	459759.0000	24665	2385268.0000	-19469	-1925509.0000
20111122	臺灣50期貨          	T5F    	A         	0	.0000	0	.0000	0	.0000	0	.0000	0	.0000	0	.0000
20111122	臺灣50期貨          	T5F    	B         	0	.0000	0	.0000	0	.0000	0	.0000	0	.0000	0	.0000
20111122	臺灣50期貨          	T5F    	C         	0	.0000	0	.0000	0	.0000	500	244250.0000	500	244250.0000	0	.0000
20111122	臺股期貨            	TXF    	A         	20811	29295906.0000	21565	30343306.0000	-754	-1047401.0000	6827	9583863.0000	8319	11626706.0000	-1492	-2042843.0000
20111122	臺股期貨            	TXF    	B         	301	424754.0000	428	601721.0000	-127	-176967.0000	1247	1751037.0000	1191	1672402.0000	56	78635.0000
20111122	臺股期貨            	TXF    	C         	26909	37907751.0000	29104	41013011.0000	-2195	-3105260.0000	32370	45401230.0000	47828	67148412.0000	-15458	-21747182.0000
20111122	非金電期貨          	XIF    	A         	302	296942.0000	309	303625.0000	-7	-6684.0000	314	309816.0000	57	56207.0000	257	253609.0000
20111122	非金電期貨          	XIF    	B         	0	.0000	24	23634.0000	-24	-23634.0000	4	3946.0000	0	.0000	4	3946.0000
20111122	非金電期貨          	XIF    	C         	172	169237.0000	186	183267.0000	-14	-14030.0000	151	148962.0000	433	427155.0000	-282	-278193.0000
20111123	電子期貨            	EXF    	A         	1026	1045609.0000	929	947906.0000	97	97703.0000	1298	1307030.0000	181	182096.0000	1117	1124934.0000
20111123	電子期貨            	EXF    	B         	0	.0000	0	.0000	0	.0000	98	98686.0000	35	35245.0000	63	63441.0000
20111123	電子期貨            	EXF    	C         	1712	1745497.0000	2090	2134411.0000	-378	-388913.0000	1970	1983790.0000	3451	3475157.0000	-1481	-1491367.0000
20111123	金融期貨            	FXF    	A         	1452	1095091.0000	1341	1013138.0000	111	81952.0000	583	435028.0000	354	264079.0000	229	170949.0000
20111123	金融期貨            	FXF    	B         	0	.0000	0	.0000	0	.0000	51	38056.0000	90	67158.0000	-39	-29102.0000
20111123	金融期貨            	FXF    	C         	2798	2111134.0000	2678	2020774.0000	120	90360.0000	315	235053.0000	4153	3098928.0000	-3838	-2863875.0000
20111123	櫃買期貨            	GTF    	A         	25	9341.0000	36	13480.0000	-11	-4139.0000	6	2198.0000	48	17588.0000	-42	-15390.0000
20111123	櫃買期貨            	GTF    	B         	0	.0000	0	.0000	0	.0000	88	32243.0000	0	.0000	88	32243.0000
20111123	櫃買期貨            	GTF    	C         	0	.0000	0	.0000	0	.0000	0	.0000	0	.0000	0	.0000
20111123	小型臺指            	MXF    	A         	15894	5478319.0000	18892	6518134.0000	-2998	-1039816.0000	1857	630867.0000	12738	4330393.0000	-10881	-3699526.0000
20111123	小型臺指            	MXF    	B         	0	.0000	3	1024.0000	-3	-1024.0000	6	2047.0000	77	26269.0000	-71	-24222.0000
20111123	小型臺指            	MXF    	C         	20131	6931224.0000	17546	6053701.0000	2585	877523.0000	13079	4461219.0000	1217	413060.0000	11862	4048159.0000
20111123	股票期貨            	STF    	A         	12037	487948.0000	12343	501665.0000	-306	-13717.0000	13308	808341.0000	14015	847354.0000	-707	-39013.0000
20111123	股票期貨            	STF    	B         	0	.0000	0	.0000	0	.0000	11132	1547663.0000	0	.0000	11132	1547663.0000
20111123	股票期貨            	STF    	C         	724	48043.0000	261	11448.0000	463	36595.0000	5599	480676.0000	24605	2332708.0000	-19006	-1852032.0000
20111123	臺灣50期貨          	T5F    	A         	0	.0000	0	.0000	0	.0000	0	.0000	0	.0000	0	.0000
20111123	臺灣50期貨          	T5F    	B         	0	.0000	0	.0000	0	.0000	0	.0000	0	.0000	0	.0000
20111123	臺灣50期貨          	T5F    	C         	0	.0000	0	.0000	0	.0000	500	238000.0000	500	238000.0000	0	.0000
20111123	臺股期貨            	TXF    	A         	27395	37713251.0000	26384	36331602.0000	1011	1381649.0000	8713	11887408.0000	9461	12855040.0000	-748	-967632.0000
20111123	臺股期貨            	TXF    	B         	60	82687.0000	182	249554.0000	-122	-166867.0000	1177	1606134.0000	1243	1696198.0000	-66	-90064.0000
20111123	臺股期貨            	TXF    	C         	28322	39011592.0000	29781	41060968.0000	-1459	-2049376.0000	33984	46320803.0000	51063	69668379.0000	-17079	-23347576.0000
20111123	非金電期貨          	XIF    	A         	215	207890.0000	208	201032.0000	7	6858.0000	322	309219.0000	58	55649.0000	264	253570.0000
20111123	非金電期貨          	XIF    	B         	0	.0000	0	.0000	0	.0000	4	3841.0000	0	.0000	4	3841.0000
20111123	非金電期貨          	XIF    	C         	185	179211.0000	193	186725.0000	-8	-7514.0000	143	137309.0000	433	415767.0000	-290	-278458.0000
20111124	電子期貨            	EXF    	A         	946	942236.0000	1213	1209016.0000	-267	-266779.0000	1239	1230041.0000	389	386086.0000	850	843955.0000
20111124	電子期貨            	EXF    	B         	0	.0000	0	.0000	0	.0000	98	97294.0000	35	34748.0000	63	62546.0000
20111124	電子期貨            	EXF    	C         	2555	2543655.0000	2208	2198146.0000	347	345509.0000	2262	2245714.0000	3396	3371549.0000	-1134	-1125835.0000
20111124	金融期貨            	FXF    	A         	1018	775435.0000	1218	929023.0000	-200	-153588.0000	511	392138.0000	482	369864.0000	29	22274.0000
20111124	金融期貨            	FXF    	B         	0	.0000	0	.0000	0	.0000	51	39137.0000	90	69066.0000	-39	-29929.0000
20111124	金融期貨            	FXF    	C         	2653	2020969.0000	2578	1961755.0000	75	59213.0000	521	399815.0000	4281	3285286.0000	-3760	-2885471.0000
20111124	櫃買期貨            	GTF    	A         	29	10552.0000	46	16800.0000	-17	-6248.0000	8	2926.0000	67	24511.0000	-59	-21585.0000
20111124	櫃買期貨            	GTF    	B         	0	.0000	0	.0000	0	.0000	88	32190.0000	0	.0000	88	32190.0000
20111124	櫃買期貨            	GTF    	C         	0	.0000	0	.0000	0	.0000	0	.0000	0	.0000	0	.0000
20111124	小型臺指            	MXF    	A         	12549	4288479.0000	13487	4609798.0000	-938	-321319.0000	1668	566085.0000	12935	4402745.0000	-11267	-3836660.0000
20111124	小型臺指            	MXF    	B         	39	13228.0000	0	.0000	39	13228.0000	6	2049.0000	38	12979.0000	-32	-10930.0000
20111124	小型臺指            	MXF    	C         	15914	5438286.0000	17310	5917106.0000	-1396	-478820.0000	13141	4487675.0000	1895	645438.0000	11246	3842237.0000
20111124	股票期貨            	STF    	A         	13938	589838.0000	13869	584522.0000	69	5316.0000	14698	875972.0000	15336	911401.0000	-638	-35429.0000
20111124	股票期貨            	STF    	B         	0	.0000	0	.0000	0	.0000	11132	1555855.0000	0	.0000	11132	1555855.0000
20111124	股票期貨            	STF    	C         	268	15024.0000	243	12616.0000	25	2408.0000	5654	481149.0000	24635	2343034.0000	-18981	-1861885.0000
20111124	臺灣50期貨          	T5F    	A         	0	.0000	0	.0000	0	.0000	0	.0000	0	.0000	0	.0000
20111124	臺灣50期貨          	T5F    	B         	0	.0000	0	.0000	0	.0000	0	.0000	0	.0000	0	.0000
20111124	臺灣50期貨          	T5F    	C         	0	.0000	0	.0000	0	.0000	500	238050.0000	500	238050.0000	0	.0000
20111124	臺股期貨            	TXF    	A         	19875	27194588.0000	19159	26202697.0000	716	991891.0000	8028	10963530.0000	8198	11146466.0000	-170	-182936.0000
20111124	臺股期貨            	TXF    	B         	406	555386.0000	172	235190.0000	234	320196.0000	1218	1664032.0000	1050	1434510.0000	168	229522.0000
20111124	臺股期貨            	TXF    	C         	25885	35394245.0000	30370	41533771.0000	-4485	-6139526.0000	32858	44839415.0000	54613	74600641.0000	-21755	-29761226.0000
20111124	非金電期貨          	XIF    	A         	261	253929.0000	237	230449.0000	24	23480.0000	342	332218.0000	54	52438.0000	288	279780.0000
20111124	非金電期貨          	XIF    	B         	0	.0000	0	.0000	0	.0000	4	3885.0000	0	.0000	4	3885.0000
20111124	非金電期貨          	XIF    	C         	232	225585.0000	150	145819.0000	82	79766.0000	234	227261.0000	442	429270.0000	-208	-202009.0000
20111125	電子期貨            	EXF    	A         	1256	1250809.0000	1792	1785494.0000	-536	-534685.0000	760	749035.0000	446	439508.0000	314	309527.0000
20111125	電子期貨            	EXF    	B         	0	.0000	0	.0000	0	.0000	98	96589.0000	35	34496.0000	63	62093.0000
20111125	電子期貨            	EXF    	C         	2802	2794981.0000	2570	2564569.0000	232	230413.0000	2212	2180147.0000	3114	3069158.0000	-902	-889011.0000
20111125	金融期貨            	FXF    	A         	1169	888412.0000	1144	868665.0000	25	19747.0000	450	337494.0000	396	296984.0000	54	40510.0000
20111125	金融期貨            	FXF    	B         	0	.0000	0	.0000	0	.0000	51	38250.0000	90	67500.0000	-39	-29250.0000
20111125	金融期貨            	FXF    	C         	2962	2252083.0000	2741	2082912.0000	221	169171.0000	523	392250.0000	4062	3046558.0000	-3539	-2654308.0000
20111125	櫃買期貨            	GTF    	A         	35	12708.0000	33	12021.0000	2	687.0000	14	5070.0000	71	25709.0000	-57	-20639.0000
20111125	櫃買期貨            	GTF    	B         	0	.0000	0	.0000	0	.0000	88	31874.0000	0	.0000	88	31874.0000
20111125	櫃買期貨            	GTF    	C         	0	.0000	0	.0000	0	.0000	0	.0000	0	.0000	0	.0000
20111125	小型臺指            	MXF    	A         	22274	7605554.0000	21738	7413640.0000	536	191914.0000	1899	637676.0000	12810	4310993.0000	-10911	-3673317.0000
20111125	小型臺指            	MXF    	B         	0	.0000	0	.0000	0	.0000	6	2026.0000	38	12833.0000	-32	-10807.0000
20111125	小型臺指            	MXF    	C         	22076	7539784.0000	19757	6748415.0000	2319	791369.0000	14647	4945636.0000	1098	369006.0000	13549	4576630.0000
20111125	股票期貨            	STF    	A         	14375	674087.0000	13992	653108.0000	383	20979.0000	15860	935577.0000	16115	950907.0000	-255	-15330.0000
20111125	股票期貨            	STF    	B         	0	.0000	0	.0000	0	.0000	11132	1519415.0000	0	.0000	11132	1519415.0000
20111125	股票期貨            	STF    	C         	232	17628.0000	161	16757.0000	71	871.0000	5790	481710.0000	24700	2301024.0000	-18910	-1819314.0000
20111125	臺灣50期貨          	T5F    	A         	0	.0000	0	.0000	0	.0000	0	.0000	0	.0000	0	.0000
20111125	臺灣50期貨          	T5F    	B         	0	.0000	0	.0000	0	.0000	0	.0000	0	.0000	0	.0000
20111125	臺灣50期貨          	T5F    	C         	0	.0000	0	.0000	0	.0000	500	233800.0000	500	233800.0000	0	.0000
20111125	臺股期貨            	TXF    	A         	30331	41388123.0000	30323	41365616.0000	8	22507.0000	8609	11625140.0000	8726	11734183.0000	-117	-109043.0000
20111125	臺股期貨            	TXF    	B         	415	567783.0000	445	606126.0000	-30	-38343.0000	1214	1639871.0000	1076	1453461.0000	138	186410.0000
20111125	臺股期貨            	TXF    	C         	35936	49088270.0000	33605	45904757.0000	2331	3183513.0000	33000	44526065.0000	52429	70809646.0000	-19429	-26283581.0000
20111125	非金電期貨          	XIF    	A         	347	335783.0000	380	367905.0000	-33	-32122.0000	295	283219.0000	40	38537.0000	255	244682.0000
20111125	非金電期貨          	XIF    	B         	0	.0000	0	.0000	0	.0000	4	3837.0000	0	.0000	4	3837.0000
20111125	非金電期貨          	XIF    	C         	383	369897.0000	468	454996.0000	-85	-85098.0000	58	55639.0000	351	336714.0000	-293	-281075.0000
20111128	電子期貨            	EXF    	A         	858	866040.0000	863	870490.0000	-5	-4450.0000	778	788989.0000	469	475487.0000	309	313502.0000
20111128	電子期貨            	EXF    	B         	0	.0000	0	.0000	0	.0000	98	99392.0000	35	35497.0000	63	63895.0000
20111128	電子期貨            	EXF    	C         	1448	1460910.0000	1466	1479876.0000	-18	-18966.0000	2111	2140976.0000	3031	3074040.0000	-920	-933064.0000
20111128	金融期貨            	FXF    	A         	647	494116.0000	659	502910.0000	-12	-8794.0000	430	329288.0000	388	297095.0000	42	32193.0000
20111128	金融期貨            	FXF    	B         	0	.0000	0	.0000	0	.0000	51	39056.0000	90	68922.0000	-39	-29866.0000
20111128	金融期貨            	FXF    	C         	1762	1343909.0000	1557	1188121.0000	205	155788.0000	664	508491.0000	3998	3061610.0000	-3334	-2553119.0000
20111128	櫃買期貨            	GTF    	A         	30	11065.0000	19	7021.0000	11	4044.0000	11	4072.0000	57	21099.0000	-46	-17027.0000
20111128	櫃買期貨            	GTF    	B         	0	.0000	0	.0000	0	.0000	88	32578.0000	0	.0000	88	32578.0000
20111128	櫃買期貨            	GTF    	C         	0	.0000	0	.0000	0	.0000	0	.0000	0	.0000	0	.0000
20111128	小型臺指            	MXF    	A         	16835	5798119.0000	15282	5260991.0000	1553	537128.0000	1097	375203.0000	11603	3996919.0000	-10506	-3621716.0000
20111128	小型臺指            	MXF    	B         	0	.0000	0	.0000	0	.0000	6	2075.0000	38	13140.0000	-32	-11065.0000
20111128	小型臺指            	MXF    	C         	13539	4660452.0000	11543	3973627.0000	1996	686825.0000	15405	5326389.0000	1172	403530.0000	14233	4922859.0000
20111128	股票期貨            	STF    	A         	7634	398610.0000	7801	405515.0000	-167	-6905.0000	16037	987852.0000	16459	1003634.0000	-422	-15782.0000
20111128	股票期貨            	STF    	B         	0	.0000	0	.0000	0	.0000	11132	1553327.0000	0	.0000	11132	1553327.0000
20111128	股票期貨            	STF    	C         	268	31060.0000	98	18090.0000	170	12970.0000	5973	508324.0000	24713	2354645.0000	-18740	-1846321.0000
20111128	臺灣50期貨          	T5F    	A         	0	.0000	0	.0000	0	.0000	0	.0000	0	.0000	0	.0000
20111128	臺灣50期貨          	T5F    	B         	0	.0000	0	.0000	0	.0000	0	.0000	0	.0000	0	.0000
20111128	臺灣50期貨          	T5F    	C         	0	.0000	0	.0000	0	.0000	500	240250.0000	500	240250.0000	0	.0000
20111128	臺股期貨            	TXF    	A         	15502	21359737.0000	15511	21365855.0000	-9	-6118.0000	8024	11094331.0000	7863	10818996.0000	161	275335.0000
20111128	臺股期貨            	TXF    	B         	106	146154.0000	83	114389.0000	23	31765.0000	1265	1749748.0000	1104	1527053.0000	161	222695.0000
20111128	臺股期貨            	TXF    	C         	26378	36327256.0000	23918	32946285.0000	2460	3380971.0000	32995	45584467.0000	49636	68644593.0000	-16641	-23060126.0000
20111128	非金電期貨          	XIF    	A         	140	136259.0000	139	135378.0000	1	880.0000	299	292258.0000	43	42020.0000	256	250238.0000
20111128	非金電期貨          	XIF    	B         	0	.0000	0	.0000	0	.0000	4	3909.0000	0	.0000	4	3909.0000
20111128	非金電期貨          	XIF    	C         	145	141199.0000	156	151899.0000	-11	-10699.0000	73	71336.0000	377	368404.0000	-304	-297068.0000
20111129	電子期貨            	EXF    	A         	739	752596.0000	738	752327.0000	1	269.0000	773	790711.0000	463	473459.0000	310	317252.0000
20111129	電子期貨            	EXF    	B         	0	.0000	0	.0000	0	.0000	98	100254.0000	35	35805.0000	63	64449.0000
20111129	電子期貨            	EXF    	C         	985	1003111.0000	827	842054.0000	158	161057.0000	2186	2236278.0000	2948	3015804.0000	-762	-779526.0000
20111129	金融期貨            	FXF    	A         	718	553957.0000	709	546685.0000	9	7271.0000	503	389114.0000	452	349640.0000	51	39474.0000
20111129	金融期貨            	FXF    	B         	0	.0000	0	.0000	0	.0000	51	39454.0000	90	69624.0000	-39	-30170.0000
20111129	金融期貨            	FXF    	C         	1565	1207377.0000	1324	1021631.0000	241	185746.0000	975	754260.0000	4068	3146982.0000	-3093	-2392722.0000
20111129	櫃買期貨            	GTF    	A         	30	11236.0000	7	2629.0000	23	8608.0000	12	4522.0000	35	13185.0000	-23	-8663.0000
20111129	櫃買期貨            	GTF    	B         	0	.0000	0	.0000	0	.0000	88	33158.0000	0	.0000	88	33158.0000
20111129	櫃買期貨            	GTF    	C         	0	.0000	0	.0000	0	.0000	0	.0000	0	.0000	0	.0000
20111129	小型臺指            	MXF    	A         	10736	3733618.0000	9447	3284490.0000	1289	449128.0000	1423	491944.0000	10416	3616153.0000	-8993	-3124209.0000
20111129	小型臺指            	MXF    	B         	0	.0000	0	.0000	0	.0000	6	2092.0000	38	13249.0000	-32	-11157.0000
20111129	小型臺指            	MXF    	C         	13451	4675476.0000	12730	4424611.0000	721	250865.0000	14819	5165964.0000	1005	348630.0000	13814	4817334.0000
20111129	股票期貨            	STF    	A         	6937	325042.0000	6945	310177.0000	-8	14865.0000	16440	1023692.0000	16870	1026651.0000	-430	-2959.0000
20111129	股票期貨            	STF    	B         	0	.0000	0	.0000	0	.0000	11132	1558576.0000	0	.0000	11132	1558576.0000
20111129	股票期貨            	STF    	C         	115	8527.0000	176	24789.0000	-61	-16261.0000	5937	503252.0000	24738	2376301.0000	-18801	-1873049.0000
20111129	臺灣50期貨          	T5F    	A         	0	.0000	0	.0000	0	.0000	0	.0000	0	.0000	0	.0000
20111129	臺灣50期貨          	T5F    	B         	0	.0000	0	.0000	0	.0000	0	.0000	0	.0000	0	.0000
20111129	臺灣50期貨          	T5F    	C         	0	.0000	0	.0000	0	.0000	500	242500.0000	500	242500.0000	0	.0000
20111129	臺股期貨            	TXF    	A         	15584	21685099.0000	14897	20730282.0000	687	954816.0000	7854	10949018.0000	7062	9792547.0000	792	1156471.0000
20111129	臺股期貨            	TXF    	B         	49	68301.0000	27	37568.0000	22	30733.0000	1270	1771142.0000	1087	1515930.0000	183	255212.0000
20111129	臺股期貨            	TXF    	C         	22956	31919349.0000	23539	32733037.0000	-583	-813688.0000	32363	45083216.0000	49302	68744464.0000	-16939	-23661248.0000
20111129	非金電期貨          	XIF    	A         	137	134504.0000	96	94279.0000	41	40224.0000	343	337724.0000	46	45310.0000	297	292414.0000
20111129	非金電期貨          	XIF    	B         	0	.0000	0	.0000	0	.0000	4	3937.0000	0	.0000	4	3937.0000
20111129	非金電期貨          	XIF    	C         	180	176744.0000	177	173807.0000	3	2938.0000	108	106304.0000	409	402579.0000	-301	-296275.0000
20111130	電子期貨            	EXF    	A         	832	845318.0000	788	800540.0000	44	44778.0000	745	758207.0000	391	397832.0000	354	360375.0000
20111130	電子期貨            	EXF    	B         	0	.0000	27	27457.0000	-27	-27457.0000	71	72264.0000	35	35623.0000	36	36641.0000
20111130	電子期貨            	EXF    	C         	2407	2441507.0000	2360	2393931.0000	47	47577.0000	2219	2258498.0000	2934	2986225.0000	-715	-727727.0000
20111130	金融期貨            	FXF    	A         	714	540354.0000	658	498717.0000	56	41637.0000	541	409849.0000	434	328742.0000	107	81107.0000
20111130	金融期貨            	FXF    	B         	0	.0000	0	.0000	0	.0000	51	38638.0000	90	68184.0000	-39	-29546.0000
20111130	金融期貨            	FXF    	C         	1548	1172458.0000	1484	1123031.0000	64	49427.0000	1002	759115.0000	4031	3053845.0000	-3029	-2294730.0000
20111130	櫃買期貨            	GTF    	A         	22	8229.0000	13	4858.0000	9	3371.0000	32	11853.0000	46	17039.0000	-14	-5186.0000
20111130	櫃買期貨            	GTF    	B         	0	.0000	0	.0000	0	.0000	88	32595.0000	0	.0000	88	32595.0000
20111130	櫃買期貨            	GTF    	C         	0	.0000	0	.0000	0	.0000	0	.0000	0	.0000	0	.0000
20111130	小型臺指            	MXF    	A         	14019	4826007.0000	13788	4749089.0000	231	76917.0000	1981	679063.0000	10719	3682498.0000	-8738	-3003435.0000
20111130	小型臺指            	MXF    	B         	0	.0000	0	.0000	0	.0000	6	2071.0000	38	13114.0000	-32	-11043.0000
20111130	小型臺指            	MXF    	C         	17369	5981460.0000	15964	5500342.0000	1405	481119.0000	15838	5464989.0000	827	283529.0000	15011	5181460.0000
20111130	股票期貨            	STF    	A         	8644	381655.0000	8229	322023.0000	415	59632.0000	16935	1064362.0000	16950	1003325.0000	-15	61037.0000
20111130	股票期貨            	STF    	B         	0	.0000	0	.0000	0	.0000	11132	1560838.0000	0	.0000	11132	1560838.0000
20111130	股票期貨            	STF    	C         	177	15061.0000	232	23556.0000	-55	-8495.0000	5935	498506.0000	24791	2379494.0000	-18856	-1880988.0000
20111130	臺灣50期貨          	T5F    	A         	0	.0000	0	.0000	0	.0000	0	.0000	0	.0000	0	.0000
20111130	臺灣50期貨          	T5F    	B         	0	.0000	0	.0000	0	.0000	0	.0000	0	.0000	0	.0000
20111130	臺灣50期貨          	T5F    	C         	0	.0000	0	.0000	0	.0000	500	240750.0000	500	240750.0000	0	.0000
20111130	臺股期貨            	TXF    	A         	21895	30159259.0000	23321	32122959.0000	-1426	-1963700.0000	7532	10392470.0000	8172	11219467.0000	-640	-826997.0000
20111130	臺股期貨            	TXF    	B         	32	43916.0000	127	174794.0000	-95	-130878.0000	1198	1653719.0000	1110	1532244.0000	88	121475.0000
20111130	臺股期貨            	TXF    	C         	28470	39229132.0000	22948	31635818.0000	5522	7593315.0000	35259	48614059.0000	46624	64346704.0000	-11365	-15732645.0000
20111130	非金電期貨          	XIF    	A         	216	209092.0000	206	199049.0000	10	10043.0000	370	358946.0000	63	61078.0000	307	297868.0000
20111130	非金電期貨          	XIF    	B         	0	.0000	0	.0000	0	.0000	4	3880.0000	0	.0000	4	3880.0000
20111130	非金電期貨          	XIF    	C         	230	223040.0000	200	193978.0000	30	29062.0000	82	79540.0000	353	342410.0000	-271	-262870.0000
