20100601	電子期貨            	EXF    	A         	712	853288.0000	810	971063.0000	-98	-117774.0000	395	469288.0000	873	1040950.0000	-478	-571662.0000
20100601	電子期貨            	EXF    	B         	0	.0000	0	.0000	0	.0000	183	218978.0000	288	344621.0000	-105	-125643.0000
20100601	電子期貨            	EXF    	C         	1166	1398339.0000	1205	1444424.0000	-39	-46085.0000	3570	4271862.0000	2968	3551362.0000	602	720500.0000
20100601	金融期貨            	FXF    	A         	440	332895.0000	679	513609.0000	-239	-180714.0000	411	306800.0000	460	342347.0000	-49	-35547.0000
20100601	金融期貨            	FXF    	B         	0	.0000	0	.0000	0	.0000	195	146601.0000	0	.0000	195	146601.0000
20100601	金融期貨            	FXF    	C         	1134	858046.0000	827	625574.0000	307	232472.0000	917	688494.0000	3435	2581782.0000	-2518	-1893288.0000
20100601	櫃買期貨            	GTF    	A         	201	104752.0000	119	62037.0000	82	42715.0000	110	57168.0000	125	64978.0000	-15	-7810.0000
20100601	櫃買期貨            	GTF    	B         	0	.0000	0	.0000	0	.0000	0	.0000	0	.0000	0	.0000
20100601	櫃買期貨            	GTF    	C         	0	.0000	0	.0000	0	.0000	0	.0000	0	.0000	0	.0000
20100601	摩臺期              	MSF    	A         	1	833.0000	4	3327.0000	-3	-2495.0000	3	2508.0000	11	9195.0000	-8	-6687.0000
20100601	摩臺期              	MSF    	B         	0	.0000	0	.0000	0	.0000	5	4180.0000	0	.0000	5	4180.0000
20100601	摩臺期              	MSF    	C         	0	.0000	0	.0000	0	.0000	0	.0000	5	4180.0000	-5	-4180.0000
20100601	小型臺指            	MXF    	A         	17163	6234401.0000	18051	6549719.0000	-888	-315318.0000	3517	1270292.0000	7565	2703995.0000	-4048	-1433703.0000
20100601	小型臺指            	MXF    	B         	0	.0000	0	.0000	0	.0000	0	.0000	0	.0000	0	.0000
20100601	小型臺指            	MXF    	C         	6469	2350529.0000	6785	2464979.0000	-316	-114450.0000	4418	1584483.0000	1913	690770.0000	2505	893713.0000
20100601	股票期貨            	STF    	A         	1215	112281.0000	1408	130901.0000	-193	-18620.0000	5002	435249.0000	6757	570420.0000	-1755	-135171.0000
20100601	股票期貨            	STF    	B         	0	.0000	0	.0000	0	.0000	0	.0000	0	.0000	0	.0000
20100601	股票期貨            	STF    	C         	26	2544.0000	21	1919.0000	5	625.0000	217	33854.0000	1868	140139.0000	-1651	-106285.0000
20100601	臺灣50期貨          	T5F    	A         	0	.0000	0	.0000	0	.0000	0	.0000	1	497.0000	-1	-497.0000
20100601	臺灣50期貨          	T5F    	B         	0	.0000	0	.0000	0	.0000	0	.0000	0	.0000	0	.0000
20100601	臺灣50期貨          	T5F    	C         	0	.0000	0	.0000	0	.0000	0	.0000	0	.0000	0	.0000
20100601	臺股期貨            	TXF    	A         	28424	41293354.0000	28474	41350611.0000	-50	-57257.0000	5278	7573581.0000	13595	19544940.0000	-8317	-11971359.0000
20100601	臺股期貨            	TXF    	B         	167	242665.0000	648	939127.0000	-481	-696462.0000	1481	2145377.0000	2114	3061560.0000	-633	-916183.0000
20100601	臺股期貨            	TXF    	C         	16042	23308127.0000	13424	19488362.0000	2618	3819765.0000	34545	49752394.0000	20948	30144323.0000	13597	19608071.0000
20100601	非金電期貨          	XIF    	A         	148	129314.0000	171	149433.0000	-23	-20119.0000	117	101259.0000	346	300685.0000	-229	-199426.0000
20100601	非金電期貨          	XIF    	B         	0	.0000	0	.0000	0	.0000	21	18308.0000	0	.0000	21	18308.0000
20100601	非金電期貨          	XIF    	C         	82	71774.0000	40	35063.0000	42	36711.0000	362	315394.0000	107	93283.0000	255	222111.0000
20100602	電子期貨            	EXF    	A         	789	936629.0000	727	863512.0000	62	73117.0000	409	478487.0000	825	967924.0000	-416	-489437.0000
20100602	電子期貨            	EXF    	B         	0	.0000	0	.0000	0	.0000	183	215537.0000	288	339206.0000	-105	-123669.0000
20100602	電子期貨            	EXF    	C         	1160	1378308.0000	1148	1362033.0000	12	16275.0000	3728	4390838.0000	3114	3667524.0000	614	723314.0000
20100602	金融期貨            	FXF    	A         	461	347050.0000	468	351074.0000	-7	-4024.0000	354	261417.0000	410	301775.0000	-56	-40358.0000
20100602	金融期貨            	FXF    	B         	0	.0000	0	.0000	0	.0000	195	145314.0000	0	.0000	195	145314.0000
20100602	金融期貨            	FXF    	C         	968	724928.0000	884	662876.0000	84	62051.0000	1020	759095.0000	3454	2573196.0000	-2434	-1814101.0000
20100602	櫃買期貨            	GTF    	A         	123	63625.0000	120	62343.0000	3	1283.0000	127	65126.0000	139	71457.0000	-12	-6331.0000
20100602	櫃買期貨            	GTF    	B         	0	.0000	0	.0000	0	.0000	0	.0000	0	.0000	0	.0000
20100602	櫃買期貨            	GTF    	C         	0	.0000	0	.0000	0	.0000	0	.0000	0	.0000	0	.0000
20100602	摩臺期              	MSF    	A         	1	822.0000	1	822.0000	0	.0000	3	2466.0000	11	9041.0000	-8	-6575.0000
20100602	摩臺期              	MSF    	B         	0	.0000	0	.0000	0	.0000	5	4109.0000	0	.0000	5	4109.0000
20100602	摩臺期              	MSF    	C         	0	.0000	0	.0000	0	.0000	0	.0000	5	4109.0000	-5	-4109.0000
20100602	小型臺指            	MXF    	A         	19007	6839892.0000	20215	7265767.0000	-1208	-425874.0000	3217	1145165.0000	8569	3020895.0000	-5352	-1875730.0000
20100602	小型臺指            	MXF    	B         	0	.0000	0	.0000	0	.0000	0	.0000	0	.0000	0	.0000
20100602	小型臺指            	MXF    	C         	5715	2053721.0000	5576	2008664.0000	139	45056.0000	5143	1816643.0000	679	240316.0000	4464	1576327.0000
20100602	股票期貨            	STF    	A         	1286	142158.0000	1084	104996.0000	202	37162.0000	5204	460466.0000	6757	555521.0000	-1553	-95055.0000
20100602	股票期貨            	STF    	B         	0	.0000	0	.0000	0	.0000	0	.0000	0	.0000	0	.0000
20100602	股票期貨            	STF    	C         	70	7994.0000	20	2208.0000	50	5787.0000	258	39205.0000	1859	137988.0000	-1601	-98783.0000
20100602	臺灣50期貨          	T5F    	A         	0	.0000	0	.0000	0	.0000	0	.0000	1	486.0000	-1	-486.0000
20100602	臺灣50期貨          	T5F    	B         	0	.0000	0	.0000	0	.0000	0	.0000	0	.0000	0	.0000
20100602	臺灣50期貨          	T5F    	C         	0	.0000	0	.0000	0	.0000	0	.0000	0	.0000	0	.0000
20100602	臺股期貨            	TXF    	A         	29671	42683815.0000	30733	44201293.0000	-1062	-1517478.0000	5123	7238085.0000	14478	20516422.0000	-9355	-13278337.0000
20100602	臺股期貨            	TXF    	B         	109	157370.0000	979	1408409.0000	-870	-1251039.0000	1478	2110584.0000	2981	4255568.0000	-1503	-2144984.0000
20100602	臺股期貨            	TXF    	C         	17870	25684468.0000	14589	20970156.0000	3281	4714313.0000	38808	55122939.0000	22385	31750511.0000	16423	23372428.0000
20100602	非金電期貨          	XIF    	A         	111	96272.0000	158	136865.0000	-47	-40592.0000	95	81030.0000	371	318654.0000	-276	-237624.0000
20100602	非金電期貨          	XIF    	B         	0	.0000	0	.0000	0	.0000	21	18098.0000	0	.0000	21	18098.0000
20100602	非金電期貨          	XIF    	C         	85	73390.0000	43	37270.0000	42	36120.0000	412	354864.0000	115	99107.0000	297	255757.0000
20100603	電子期貨            	EXF    	A         	663	799983.0000	534	644455.0000	129	155528.0000	437	526032.0000	724	873078.0000	-287	-347046.0000
20100603	電子期貨            	EXF    	B         	50	60381.0000	0	.0000	50	60381.0000	183	221723.0000	238	288361.0000	-55	-66638.0000
20100603	電子期貨            	EXF    	C         	1062	1281018.0000	953	1150219.0000	109	130799.0000	3610	4373876.0000	2887	3497723.0000	723	876153.0000
20100603	金融期貨            	FXF    	A         	543	413971.0000	389	296966.0000	154	117005.0000	425	323312.0000	327	246759.0000	98	76553.0000
20100603	金融期貨            	FXF    	B         	0	.0000	0	.0000	0	.0000	195	149565.0000	0	.0000	195	149565.0000
20100603	金融期貨            	FXF    	C         	717	547209.0000	688	525221.0000	29	21988.0000	1090	835103.0000	3495	2679999.0000	-2405	-1844896.0000
20100603	櫃買期貨            	GTF    	A         	78	41194.0000	171	90147.0000	-93	-48953.0000	111	58787.0000	216	114438.0000	-105	-55651.0000
20100603	櫃買期貨            	GTF    	B         	0	.0000	0	.0000	0	.0000	0	.0000	0	.0000	0	.0000
20100603	櫃買期貨            	GTF    	C         	0	.0000	0	.0000	0	.0000	0	.0000	0	.0000	0	.0000
20100603	摩臺期              	MSF    	A         	1	840.0000	1	840.0000	0	.0000	3	2519.0000	11	9235.0000	-8	-6716.0000
20100603	摩臺期              	MSF    	B         	0	.0000	0	.0000	0	.0000	5	4198.0000	0	.0000	5	4198.0000
20100603	摩臺期              	MSF    	C         	0	.0000	0	.0000	0	.0000	0	.0000	5	4198.0000	-5	-4198.0000
20100603	小型臺指            	MXF    	A         	15144	5523265.0000	10293	3756114.0000	4851	1767151.0000	3681	1347136.0000	6662	2408829.0000	-2981	-1061693.0000
20100603	小型臺指            	MXF    	B         	0	.0000	0	.0000	0	.0000	0	.0000	0	.0000	0	.0000
20100603	小型臺指            	MXF    	C         	6492	2368547.0000	5589	2041897.0000	903	326650.0000	5439	1973784.0000	856	312245.0000	4583	1661539.0000
20100603	股票期貨            	STF    	A         	1235	111943.0000	1148	117566.0000	87	-5623.0000	5293	474752.0000	6759	578100.0000	-1466	-103348.0000
20100603	股票期貨            	STF    	B         	0	.0000	0	.0000	0	.0000	0	.0000	0	.0000	0	.0000
20100603	股票期貨            	STF    	C         	0	.0000	33	1839.0000	-33	-1839.0000	238	39497.0000	1872	142252.0000	-1634	-102755.0000
20100603	臺灣50期貨          	T5F    	A         	0	.0000	0	.0000	0	.0000	0	.0000	1	498.0000	-1	-498.0000
20100603	臺灣50期貨          	T5F    	B         	0	.0000	0	.0000	0	.0000	0	.0000	0	.0000	0	.0000
20100603	臺灣50期貨          	T5F    	C         	0	.0000	0	.0000	0	.0000	0	.0000	0	.0000	0	.0000
20100603	臺股期貨            	TXF    	A         	22988	33571554.0000	22379	32702444.0000	609	869110.0000	6750	9822248.0000	14876	21673199.0000	-8126	-11850951.0000
20100603	臺股期貨            	TXF    	B         	905	1322783.0000	563	823783.0000	342	498999.0000	1477	2167645.0000	2638	3870249.0000	-1161	-1702604.0000
20100603	臺股期貨            	TXF    	C         	14414	21051394.0000	12495	18253170.0000	1919	2798223.0000	42796	62481545.0000	24258	35371976.0000	18538	27109569.0000
20100603	非金電期貨          	XIF    	A         	145	127375.0000	151	132709.0000	-6	-5334.0000	107	93535.0000	389	342303.0000	-282	-248768.0000
20100603	非金電期貨          	XIF    	B         	0	.0000	0	.0000	0	.0000	21	18539.0000	0	.0000	21	18539.0000
20100603	非金電期貨          	XIF    	C         	63	55401.0000	61	53600.0000	2	1801.0000	388	342329.0000	89	78569.0000	299	263760.0000
20100604	電子期貨            	EXF    	A         	297	359554.0000	267	322884.0000	30	36670.0000	402	483449.0000	659	793708.0000	-257	-310259.0000
20100604	電子期貨            	EXF    	B         	30	36343.0000	1	1211.0000	29	35132.0000	212	256690.0000	238	288170.0000	-26	-31480.0000
20100604	電子期貨            	EXF    	C         	454	549840.0000	522	632296.0000	-68	-82456.0000	3602	4361302.0000	2947	3568071.0000	655	793231.0000
20100604	金融期貨            	FXF    	A         	391	297503.0000	387	294158.0000	4	3345.0000	516	388371.0000	414	309624.0000	102	78747.0000
20100604	金融期貨            	FXF    	B         	0	.0000	0	.0000	0	.0000	195	147771.0000	0	.0000	195	147771.0000
20100604	金融期貨            	FXF    	C         	309	234990.0000	504	383332.0000	-195	-148342.0000	934	706982.0000	3534	2677488.0000	-2600	-1970506.0000
20100604	櫃買期貨            	GTF    	A         	56	29819.0000	48	25575.0000	8	4244.0000	102	54232.0000	199	105849.0000	-97	-51617.0000
20100604	櫃買期貨            	GTF    	B         	0	.0000	0	.0000	0	.0000	0	.0000	0	.0000	0	.0000
20100604	櫃買期貨            	GTF    	C         	0	.0000	0	.0000	0	.0000	0	.0000	0	.0000	0	.0000
20100604	摩臺期              	MSF    	A         	1	838.0000	1	838.0000	0	.0000	3	2515.0000	11	9220.0000	-8	-6705.0000
20100604	摩臺期              	MSF    	B         	0	.0000	0	.0000	0	.0000	5	4191.0000	0	.0000	5	4191.0000
20100604	摩臺期              	MSF    	C         	0	.0000	0	.0000	0	.0000	0	.0000	5	4191.0000	-5	-4191.0000
20100604	小型臺指            	MXF    	A         	4805	1759981.0000	5482	2004809.0000	-677	-244828.0000	2639	962089.0000	6913	2492956.0000	-4274	-1530867.0000
20100604	小型臺指            	MXF    	B         	0	.0000	0	.0000	0	.0000	0	.0000	0	.0000	0	.0000
20100604	小型臺指            	MXF    	C         	3362	1230000.0000	3714	1360078.0000	-352	-130078.0000	5282	1909825.0000	447	161616.0000	4835	1748209.0000
20100604	股票期貨            	STF    	A         	446	43201.0000	560	46805.0000	-114	-3604.0000	5300	475400.0000	6880	581764.0000	-1580	-106364.0000
20100604	股票期貨            	STF    	B         	0	.0000	0	.0000	0	.0000	0	.0000	0	.0000	0	.0000
20100604	股票期貨            	STF    	C         	3	166.0000	6	265.0000	-3	-99.0000	237	39307.0000	1874	141804.0000	-1637	-102497.0000
20100604	臺灣50期貨          	T5F    	A         	0	.0000	0	.0000	0	.0000	0	.0000	1	497.0000	-1	-497.0000
20100604	臺灣50期貨          	T5F    	B         	0	.0000	0	.0000	0	.0000	0	.0000	0	.0000	0	.0000
20100604	臺灣50期貨          	T5F    	C         	0	.0000	0	.0000	0	.0000	0	.0000	0	.0000	0	.0000
20100604	臺股期貨            	TXF    	A         	10430	15279598.0000	9614	14074393.0000	816	1205206.0000	6684	9703319.0000	13840	20093774.0000	-7156	-10390455.0000
20100604	臺股期貨            	TXF    	B         	152	222751.0000	230	336867.0000	-78	-114116.0000	1472	2154419.0000	2711	3966530.0000	-1239	-1812111.0000
20100604	臺股期貨            	TXF    	C         	6754	9868783.0000	8045	11762532.0000	-1291	-1893750.0000	42633	62045303.0000	25537	37123029.0000	17096	24922274.0000
20100604	非金電期貨          	XIF    	A         	40	35187.0000	44	38684.0000	-4	-3497.0000	103	89790.0000	389	341622.0000	-286	-251832.0000
20100604	非金電期貨          	XIF    	B         	0	.0000	0	.0000	0	.0000	21	18505.0000	0	.0000	21	18505.0000
20100604	非金電期貨          	XIF    	C         	6	5287.0000	14	12356.0000	-8	-7069.0000	375	330252.0000	84	74021.0000	291	256231.0000
20100607	電子期貨            	EXF    	A         	556	649479.0000	715	834420.0000	-159	-184941.0000	355	412291.0000	771	897912.0000	-416	-485621.0000
20100607	電子期貨            	EXF    	B         	0	.0000	0	.0000	0	.0000	212	248040.0000	238	278460.0000	-26	-30420.0000
20100607	電子期貨            	EXF    	C         	1042	1216192.0000	1046	1222033.0000	-4	-5841.0000	3716	4347720.0000	3065	3585900.0000	651	761820.0000
20100607	金融期貨            	FXF    	A         	379	278494.0000	573	420511.0000	-194	-142017.0000	352	257258.0000	444	323709.0000	-92	-66451.0000
20100607	金融期貨            	FXF    	B         	30	22016.0000	0	.0000	30	22016.0000	225	166140.0000	0	.0000	225	166140.0000
20100607	金融期貨            	FXF    	C         	1091	801824.0000	872	640646.0000	219	161178.0000	1016	749349.0000	3397	2507723.0000	-2381	-1758374.0000
20100607	櫃買期貨            	GTF    	A         	161	81449.0000	143	72423.0000	18	9025.0000	115	58428.0000	194	98632.0000	-79	-40204.0000
20100607	櫃買期貨            	GTF    	B         	0	.0000	0	.0000	0	.0000	0	.0000	0	.0000	0	.0000
20100607	櫃買期貨            	GTF    	C         	0	.0000	0	.0000	0	.0000	0	.0000	0	.0000	0	.0000
20100607	摩臺期              	MSF    	A         	2	1636.0000	2	1636.0000	0	.0000	3	2457.0000	11	9007.0000	-8	-6550.0000
20100607	摩臺期              	MSF    	B         	0	.0000	0	.0000	0	.0000	5	4094.0000	0	.0000	5	4094.0000
20100607	摩臺期              	MSF    	C         	0	.0000	0	.0000	0	.0000	0	.0000	5	4094.0000	-5	-4094.0000
20100607	小型臺指            	MXF    	A         	15337	5430621.0000	18603	6572921.0000	-3266	-1142300.0000	2862	1012000.0000	8418	2942326.0000	-5556	-1930326.0000
20100607	小型臺指            	MXF    	B         	0	.0000	0	.0000	0	.0000	0	.0000	0	.0000	0	.0000
20100607	小型臺指            	MXF    	C         	7602	2686116.0000	7704	2726332.0000	-102	-40216.0000	6934	2434609.0000	1497	529369.0000	5437	1905240.0000
20100607	股票期貨            	STF    	A         	1133	144989.0000	1017	107968.0000	116	37021.0000	5580	517672.0000	7044	583710.0000	-1464	-66038.0000
20100607	股票期貨            	STF    	B         	0	.0000	0	.0000	0	.0000	0	.0000	0	.0000	0	.0000
20100607	股票期貨            	STF    	C         	26	4500.0000	52	3442.0000	-26	1058.0000	253	41288.0000	1916	140508.0000	-1663	-99220.0000
20100607	臺灣50期貨          	T5F    	A         	0	.0000	0	.0000	0	.0000	0	.0000	1	482.0000	-1	-482.0000
20100607	臺灣50期貨          	T5F    	B         	0	.0000	0	.0000	0	.0000	0	.0000	0	.0000	0	.0000
20100607	臺灣50期貨          	T5F    	C         	0	.0000	0	.0000	0	.0000	0	.0000	0	.0000	0	.0000
20100607	臺股期貨            	TXF    	A         	28031	39694626.0000	29198	41318443.0000	-1167	-1623817.0000	6018	8465978.0000	14837	20884926.0000	-8819	-12418948.0000
20100607	臺股期貨            	TXF    	B         	187	264910.0000	745	1051400.0000	-558	-786491.0000	1447	2053872.0000	3244	4603264.0000	-1797	-2549392.0000
20100607	臺股期貨            	TXF    	C         	19279	27286578.0000	16517	23363446.0000	2762	3923132.0000	44840	63280764.0000	25158	35437877.0000	19682	27842887.0000
20100607	非金電期貨          	XIF    	A         	187	160157.0000	251	215023.0000	-64	-54866.0000	121	103045.0000	471	403649.0000	-350	-300604.0000
20100607	非金電期貨          	XIF    	B         	0	.0000	0	.0000	0	.0000	21	18047.0000	0	.0000	21	18047.0000
20100607	非金電期貨          	XIF    	C         	119	101923.0000	88	75283.0000	31	26640.0000	476	408877.0000	154	132348.0000	322	276529.0000
20100608	電子期貨            	EXF    	A         	455	531143.0000	589	686891.0000	-134	-155748.0000	300	347471.0000	850	987886.0000	-550	-640415.0000
20100608	電子期貨            	EXF    	B         	0	.0000	0	.0000	0	.0000	212	247489.0000	238	277841.0000	-26	-30352.0000
20100608	電子期貨            	EXF    	C         	767	895419.0000	829	968223.0000	-62	-72803.0000	3863	4509483.0000	3274	3821904.0000	589	687579.0000
20100608	金融期貨            	FXF    	A         	292	216696.0000	386	286210.0000	-94	-69514.0000	392	288918.0000	578	425596.0000	-186	-136678.0000
20100608	金融期貨            	FXF    	B         	0	.0000	3	2232.0000	-3	-2232.0000	222	165124.0000	0	.0000	222	165124.0000
20100608	金融期貨            	FXF    	C         	891	661212.0000	784	581995.0000	107	79217.0000	1345	999309.0000	3619	2691250.0000	-2274	-1691941.0000
20100608	櫃買期貨            	GTF    	A         	56	28413.0000	62	31483.0000	-6	-3069.0000	112	57322.0000	197	100910.0000	-85	-43588.0000
20100608	櫃買期貨            	GTF    	B         	0	.0000	0	.0000	0	.0000	0	.0000	0	.0000	0	.0000
20100608	櫃買期貨            	GTF    	C         	0	.0000	0	.0000	0	.0000	0	.0000	0	.0000	0	.0000
20100608	摩臺期              	MSF    	A         	1	816.0000	1	816.0000	0	.0000	3	2448.0000	11	8977.0000	-8	-6529.0000
20100608	摩臺期              	MSF    	B         	0	.0000	0	.0000	0	.0000	5	4080.0000	0	.0000	5	4080.0000
20100608	摩臺期              	MSF    	C         	0	.0000	0	.0000	0	.0000	0	.0000	5	4080.0000	-5	-4080.0000
20100608	小型臺指            	MXF    	A         	9825	3489977.0000	9752	3462729.0000	73	27248.0000	2626	932211.0000	8245	2893888.0000	-5619	-1961677.0000
20100608	小型臺指            	MXF    	B         	0	.0000	0	.0000	0	.0000	0	.0000	0	.0000	0	.0000
20100608	小型臺指            	MXF    	C         	3769	1339387.0000	3766	1338982.0000	3	406.0000	7047	2485414.0000	1627	578061.0000	5420	1907353.0000
20100608	股票期貨            	STF    	A         	2923	249132.0000	3068	248512.0000	-145	620.0000	5753	525768.0000	7362	588201.0000	-1609	-62433.0000
20100608	股票期貨            	STF    	B         	0	.0000	0	.0000	0	.0000	0	.0000	0	.0000	0	.0000
20100608	股票期貨            	STF    	C         	42	7079.0000	18	1890.0000	24	5189.0000	264	44532.0000	1903	139686.0000	-1639	-95154.0000
20100608	臺灣50期貨          	T5F    	A         	0	.0000	0	.0000	0	.0000	0	.0000	1	481.0000	-1	-481.0000
20100608	臺灣50期貨          	T5F    	B         	0	.0000	0	.0000	0	.0000	0	.0000	0	.0000	0	.0000
20100608	臺灣50期貨          	T5F    	C         	0	.0000	0	.0000	0	.0000	0	.0000	0	.0000	0	.0000
20100608	臺股期貨            	TXF    	A         	15931	22649392.0000	15794	22444428.0000	137	204964.0000	5732	8092488.0000	14380	20318870.0000	-8648	-12226382.0000
20100608	臺股期貨            	TXF    	B         	25	35647.0000	94	133690.0000	-69	-98042.0000	1442	2055715.0000	3308	4714625.0000	-1866	-2658910.0000
20100608	臺股期貨            	TXF    	C         	9316	13239572.0000	9498	13504550.0000	-182	-264978.0000	44963	63724177.0000	25458	36017478.0000	19505	27706699.0000
20100608	非金電期貨          	XIF    	A         	182	157325.0000	189	163186.0000	-7	-5862.0000	137	117860.0000	494	427982.0000	-357	-310122.0000
20100608	非金電期貨          	XIF    	B         	0	.0000	0	.0000	0	.0000	21	18255.0000	0	.0000	21	18255.0000
20100608	非金電期貨          	XIF    	C         	24	20755.0000	27	23360.0000	-3	-2605.0000	476	413589.0000	157	136480.0000	319	277109.0000
20100609	電子期貨            	EXF    	A         	468	542479.0000	753	873467.0000	-285	-330987.0000	199	227045.0000	1034	1189510.0000	-835	-962465.0000
20100609	電子期貨            	EXF    	B         	0	.0000	0	.0000	0	.0000	212	244902.0000	238	274938.0000	-26	-30036.0000
20100609	電子期貨            	EXF    	C         	1151	1335229.0000	961	1114368.0000	190	220861.0000	3976	4592883.0000	3197	3693003.0000	779	899880.0000
20100609	金融期貨            	FXF    	A         	300	219827.0000	362	265579.0000	-62	-45752.0000	397	288036.0000	645	467834.0000	-248	-179798.0000
20100609	金融期貨            	FXF    	B         	0	.0000	0	.0000	0	.0000	222	162149.0000	0	.0000	222	162149.0000
20100609	金融期貨            	FXF    	C         	783	574487.0000	841	617387.0000	-58	-42900.0000	1324	966229.0000	3656	2669781.0000	-2332	-1703552.0000
20100609	櫃買期貨            	GTF    	A         	143	72478.0000	126	63961.0000	17	8517.0000	139	69376.0000	207	103618.0000	-68	-34242.0000
20100609	櫃買期貨            	GTF    	B         	0	.0000	0	.0000	0	.0000	0	.0000	0	.0000	0	.0000
20100609	櫃買期貨            	GTF    	C         	0	.0000	0	.0000	0	.0000	0	.0000	0	.0000	0	.0000
20100609	摩臺期              	MSF    	A         	7	5675.0000	6	4860.0000	1	815.0000	2	1618.0000	9	7282.0000	-7	-5664.0000
20100609	摩臺期              	MSF    	B         	0	.0000	0	.0000	0	.0000	5	4046.0000	0	.0000	5	4046.0000
20100609	摩臺期              	MSF    	C         	0	.0000	0	.0000	0	.0000	0	.0000	5	4046.0000	-5	-4046.0000
20100609	小型臺指            	MXF    	A         	14595	5150229.0000	16929	5972942.0000	-2334	-822713.0000	3362	1179135.0000	9219	3193392.0000	-5857	-2014257.0000
20100609	小型臺指            	MXF    	B         	0	.0000	0	.0000	0	.0000	0	.0000	0	.0000	0	.0000
20100609	小型臺指            	MXF    	C         	5806	2048990.0000	6650	2345480.0000	-844	-296489.0000	7085	2465312.0000	1905	667829.0000	5180	1797483.0000
20100609	股票期貨            	STF    	A         	3621	292386.0000	3611	278545.0000	10	13842.0000	6071	541989.0000	7670	591471.0000	-1599	-49482.0000
20100609	股票期貨            	STF    	B         	0	.0000	0	.0000	0	.0000	0	.0000	0	.0000	0	.0000
20100609	股票期貨            	STF    	C         	90	6630.0000	45	3295.0000	45	3335.0000	271	45419.0000	1865	135661.0000	-1594	-90242.0000
20100609	臺灣50期貨          	T5F    	A         	0	.0000	0	.0000	0	.0000	0	.0000	1	477.0000	-1	-477.0000
20100609	臺灣50期貨          	T5F    	B         	0	.0000	0	.0000	0	.0000	0	.0000	0	.0000	0	.0000
20100609	臺灣50期貨          	T5F    	C         	0	.0000	0	.0000	0	.0000	0	.0000	0	.0000	0	.0000
20100609	臺股期貨            	TXF    	A         	27050	38183512.0000	26969	38060452.0000	81	123060.0000	5978	8327563.0000	15069	21020727.0000	-9091	-12693164.0000
20100609	臺股期貨            	TXF    	B         	119	168145.0000	271	379393.0000	-152	-211247.0000	1449	2039323.0000	3467	4874252.0000	-2018	-2834929.0000
20100609	臺股期貨            	TXF    	C         	13894	19605080.0000	13056	18429671.0000	838	1175409.0000	45886	64187586.0000	25694	35854599.0000	20192	28332987.0000
20100609	非金電期貨          	XIF    	A         	201	172844.0000	202	173550.0000	-1	-706.0000	165	139871.0000	523	446551.0000	-358	-306680.0000
20100609	非金電期貨          	XIF    	B         	0	.0000	0	.0000	0	.0000	21	18001.0000	0	.0000	21	18001.0000
20100609	非金電期貨          	XIF    	C         	38	32800.0000	15	12950.0000	23	19850.0000	482	412973.0000	140	120008.0000	342	292965.0000
20100610	電子期貨            	EXF    	A         	505	587294.0000	490	570288.0000	15	17006.0000	195	226142.0000	1015	1187277.0000	-820	-961135.0000
20100610	電子期貨            	EXF    	B         	0	.0000	0	.0000	0	.0000	212	249142.0000	238	279698.0000	-26	-30556.0000
20100610	電子期貨            	EXF    	C         	493	573432.0000	400	466577.0000	93	106855.0000	3964	4658119.0000	3092	3633542.0000	872	1024577.0000
20100610	金融期貨            	FXF    	A         	428	315864.0000	424	312951.0000	4	2913.0000	384	283921.0000	628	464211.0000	-244	-180290.0000
20100610	金融期貨            	FXF    	B         	0	.0000	0	.0000	0	.0000	222	165301.0000	0	.0000	222	165301.0000
20100610	金融期貨            	FXF    	C         	459	338802.0000	476	351209.0000	-17	-12407.0000	1326	986488.0000	3675	2735683.0000	-2349	-1749195.0000
20100610	櫃買期貨            	GTF    	A         	166	83182.0000	246	123077.0000	-80	-39895.0000	151	76776.0000	299	152037.0000	-148	-75261.0000
20100610	櫃買期貨            	GTF    	B         	0	.0000	0	.0000	0	.0000	0	.0000	0	.0000	0	.0000
20100610	櫃買期貨            	GTF    	C         	0	.0000	0	.0000	0	.0000	0	.0000	0	.0000	0	.0000
20100610	摩臺期              	MSF    	A         	1	821.0000	2	1643.0000	-1	-821.0000	0	.0000	8	6569.0000	-8	-6569.0000
20100610	摩臺期              	MSF    	B         	0	.0000	0	.0000	0	.0000	5	4106.0000	0	.0000	5	4106.0000
20100610	摩臺期              	MSF    	C         	0	.0000	0	.0000	0	.0000	0	.0000	5	4106.0000	-5	-4106.0000
20100610	小型臺指            	MXF    	A         	12934	4580603.0000	9581	3397430.0000	3353	1183172.0000	3155	1124138.0000	7511	2640783.0000	-4356	-1516645.0000
20100610	小型臺指            	MXF    	B         	0	.0000	0	.0000	0	.0000	0	.0000	0	.0000	0	.0000
20100610	小型臺指            	MXF    	C         	5092	1801673.0000	4266	1511237.0000	826	290437.0000	7319	2591146.0000	1389	496012.0000	5930	2095134.0000
20100610	股票期貨            	STF    	A         	2908	229496.0000	2900	213338.0000	8	16158.0000	6366	589656.0000	7957	625256.0000	-1591	-35600.0000
20100610	股票期貨            	STF    	B         	0	.0000	0	.0000	0	.0000	0	.0000	0	.0000	0	.0000
20100610	股票期貨            	STF    	C         	39	2964.0000	24	1988.0000	15	976.0000	276	46904.0000	1855	137609.0000	-1579	-90705.0000
20100610	臺灣50期貨          	T5F    	A         	0	.0000	0	.0000	0	.0000	0	.0000	1	486.0000	-1	-486.0000
20100610	臺灣50期貨          	T5F    	B         	0	.0000	0	.0000	0	.0000	0	.0000	0	.0000	0	.0000
20100610	臺灣50期貨          	T5F    	C         	0	.0000	0	.0000	0	.0000	0	.0000	0	.0000	0	.0000
20100610	臺股期貨            	TXF    	A         	25432	36079408.0000	21287	30231074.0000	4145	5848335.0000	8537	12119749.0000	13020	18459235.0000	-4483	-6339486.0000
20100610	臺股期貨            	TXF    	B         	172	243912.0000	350	490708.0000	-178	-246796.0000	1467	2101037.0000	3653	5221293.0000	-2186	-3120256.0000
20100610	臺股期貨            	TXF    	C         	11797	16674903.0000	13329	18913945.0000	-1532	-2239042.0000	45275	64387803.0000	26596	37777163.0000	18679	26610640.0000
20100610	非金電期貨          	XIF    	A         	153	131366.0000	187	160888.0000	-34	-29522.0000	192	165072.0000	584	506715.0000	-392	-341643.0000
20100610	非金電期貨          	XIF    	B         	0	.0000	0	.0000	0	.0000	21	18310.0000	0	.0000	21	18310.0000
20100610	非金電期貨          	XIF    	C         	40	34747.0000	19	16444.0000	21	18303.0000	476	414827.0000	113	98525.0000	363	316302.0000
20100611	電子期貨            	EXF    	A         	476	567409.0000	452	537854.0000	24	29555.0000	210	247927.0000	1006	1196265.0000	-796	-948338.0000
20100611	電子期貨            	EXF    	B         	36	43050.0000	0	.0000	36	43050.0000	212	253467.0000	202	241511.0000	10	11956.0000
20100611	電子期貨            	EXF    	C         	726	866152.0000	588	701775.0000	138	164377.0000	3848	4599731.0000	2838	3393004.0000	1010	1206727.0000
20100611	金融期貨            	FXF    	A         	764	581761.0000	668	508479.0000	96	73281.0000	370	279837.0000	518	391003.0000	-148	-111166.0000
20100611	金融期貨            	FXF    	B         	0	.0000	30	22866.0000	-30	-22866.0000	192	146381.0000	0	.0000	192	146381.0000
20100611	金融期貨            	FXF    	C         	1008	768162.0000	1115	848655.0000	-107	-80493.0000	1119	852089.0000	3575	2724042.0000	-2456	-1871953.0000
20100611	櫃買期貨            	GTF    	A         	41	21307.0000	58	29975.0000	-17	-8667.0000	129	66608.0000	294	151775.0000	-165	-85167.0000
20100611	櫃買期貨            	GTF    	B         	0	.0000	0	.0000	0	.0000	0	.0000	0	.0000	0	.0000
20100611	櫃買期貨            	GTF    	C         	0	.0000	0	.0000	0	.0000	0	.0000	0	.0000	0	.0000
20100611	摩臺期              	MSF    	A         	1	838.0000	1	838.0000	0	.0000	0	.0000	8	6701.0000	-8	-6701.0000
20100611	摩臺期              	MSF    	B         	0	.0000	0	.0000	0	.0000	5	4188.0000	0	.0000	5	4188.0000
20100611	摩臺期              	MSF    	C         	0	.0000	0	.0000	0	.0000	0	.0000	5	4188.0000	-5	-4188.0000
20100611	小型臺指            	MXF    	A         	6868	2493835.0000	5805	2107325.0000	1063	386510.0000	3265	1183068.0000	7650	2738502.0000	-4385	-1555434.0000
20100611	小型臺指            	MXF    	B         	0	.0000	0	.0000	0	.0000	0	.0000	0	.0000	0	.0000
20100611	小型臺指            	MXF    	C         	3160	1147552.0000	3070	1114731.0000	90	32821.0000	7241	2609421.0000	1297	471850.0000	5944	2137571.0000
20100611	股票期貨            	STF    	A         	2311	159675.0000	2310	157931.0000	1	1744.0000	6585	617049.0000	8175	652511.0000	-1590	-35462.0000
20100611	股票期貨            	STF    	B         	0	.0000	0	.0000	0	.0000	0	.0000	0	.0000	0	.0000
20100611	股票期貨            	STF    	C         	68	3041.0000	34	1408.0000	34	1634.0000	278	48322.0000	1823	139239.0000	-1545	-90917.0000
20100611	臺灣50期貨          	T5F    	A         	0	.0000	0	.0000	0	.0000	0	.0000	1	494.0000	-1	-494.0000
20100611	臺灣50期貨          	T5F    	B         	0	.0000	0	.0000	0	.0000	0	.0000	0	.0000	0	.0000
20100611	臺灣50期貨          	T5F    	C         	0	.0000	0	.0000	0	.0000	0	.0000	0	.0000	0	.0000
20100611	臺股期貨            	TXF    	A         	18102	26311719.0000	18325	26643691.0000	-223	-331973.0000	9201	13303097.0000	13634	19689769.0000	-4433	-6386672.0000
20100611	臺股期貨            	TXF    	B         	599	871153.0000	84	120545.0000	515	750607.0000	1449	2113082.0000	3120	4537495.0000	-1671	-2424413.0000
20100611	臺股期貨            	TXF    	C         	10979	15930316.0000	13925	20248278.0000	-2946	-4317962.0000	44299	64116170.0000	28547	41324311.0000	15752	22791859.0000
20100611	非金電期貨          	XIF    	A         	145	127312.0000	136	118992.0000	9	8320.0000	162	141758.0000	545	481408.0000	-383	-339650.0000
20100611	非金電期貨          	XIF    	B         	0	.0000	0	.0000	0	.0000	21	18644.0000	0	.0000	21	18644.0000
20100611	非金電期貨          	XIF    	C         	20	17554.0000	16	14166.0000	4	3389.0000	477	423152.0000	110	97658.0000	367	325494.0000
20100614	電子期貨            	EXF    	A         	525	630252.0000	515	619660.0000	10	10592.0000	254	302513.0000	1040	1250645.0000	-786	-948132.0000
20100614	電子期貨            	EXF    	B         	102	121365.0000	86	103312.0000	16	18052.0000	212	254586.0000	186	224453.0000	26	30133.0000
20100614	電子期貨            	EXF    	C         	1297	1554047.0000	1383	1653281.0000	-86	-99233.0000	3804	4588483.0000	2880	3468384.0000	924	1120099.0000
20100614	金融期貨            	FXF    	A         	874	678058.0000	819	637333.0000	55	40725.0000	442	340993.0000	535	412852.0000	-93	-71859.0000
20100614	金融期貨            	FXF    	B         	51	39286.0000	51	39740.0000	0	-454.0000	192	149042.0000	0	.0000	192	149042.0000
20100614	金融期貨            	FXF    	C         	2253	1752532.0000	1872	1448737.0000	381	303795.0000	1256	975581.0000	3331	2583062.0000	-2075	-1607481.0000
20100614	櫃買期貨            	GTF    	A         	52	27094.0000	60	31232.0000	-8	-4138.0000	113	58931.0000	286	149175.0000	-173	-90244.0000
20100614	櫃買期貨            	GTF    	B         	0	.0000	0	.0000	0	.0000	0	.0000	0	.0000	0	.0000
20100614	櫃買期貨            	GTF    	C         	0	.0000	0	.0000	0	.0000	0	.0000	0	.0000	0	.0000
20100614	摩臺期              	MSF    	A         	2	1658.0000	2	1658.0000	0	.0000	2	1659.0000	10	8422.0000	-8	-6763.0000
20100614	摩臺期              	MSF    	B         	0	.0000	0	.0000	0	.0000	5	4227.0000	0	.0000	5	4227.0000
20100614	摩臺期              	MSF    	C         	0	.0000	0	.0000	0	.0000	0	.0000	5	4227.0000	-5	-4227.0000
20100614	小型臺指            	MXF    	A         	7219	2648991.0000	5791	2124325.0000	1428	524667.0000	4045	1485889.0000	7606	2759187.0000	-3561	-1273298.0000
20100614	小型臺指            	MXF    	B         	0	.0000	0	.0000	0	.0000	0	.0000	0	.0000	0	.0000
20100614	小型臺指            	MXF    	C         	3037	1116038.0000	3034	1115897.0000	3	141.0000	6953	2535990.0000	1578	582583.0000	5375	1953407.0000
20100614	股票期貨            	STF    	A         	3215	202101.0000	3242	211830.0000	-27	-9730.0000	6781	612746.0000	8398	660612.0000	-1617	-47866.0000
20100614	股票期貨            	STF    	B         	0	.0000	0	.0000	0	.0000	0	.0000	0	.0000	0	.0000
20100614	股票期貨            	STF    	C         	230	26065.0000	69	6034.0000	161	20031.0000	281	48984.0000	1665	121368.0000	-1384	-72384.0000
20100614	臺灣50期貨          	T5F    	A         	0	.0000	0	.0000	0	.0000	0	.0000	1	501.0000	-1	-501.0000
20100614	臺灣50期貨          	T5F    	B         	0	.0000	0	.0000	0	.0000	0	.0000	0	.0000	0	.0000
20100614	臺灣50期貨          	T5F    	C         	0	.0000	0	.0000	0	.0000	0	.0000	0	.0000	0	.0000
20100614	臺股期貨            	TXF    	A         	18389	27066673.0000	16594	24418286.0000	1795	2648387.0000	8916	13047785.0000	11403	16636632.0000	-2487	-3588847.0000
20100614	臺股期貨            	TXF    	B         	748	1088714.0000	760	1110931.0000	-12	-22218.0000	1444	2119627.0000	3127	4597395.0000	-1683	-2477768.0000
20100614	臺股期貨            	TXF    	C         	22315	32690581.0000	22128	32428368.0000	187	262213.0000	43583	63756086.0000	27501	40202293.0000	16082	23553793.0000
20100614	非金電期貨          	XIF    	A         	139	123653.0000	132	117263.0000	7	6390.0000	143	126968.0000	519	465197.0000	-376	-338229.0000
20100614	非金電期貨          	XIF    	B         	5	4410.0000	5	4505.0000	0	-95.0000	21	18815.0000	0	.0000	21	18815.0000
20100614	非金電期貨          	XIF    	C         	12	10659.0000	30	26963.0000	-18	-16304.0000	476	428233.0000	127	114376.0000	349	313857.0000
20100615	電子期貨            	EXF    	A         	825	997815.0000	800	965497.0000	25	32318.0000	279	334074.0000	1040	1256392.0000	-761	-922318.0000
20100615	電子期貨            	EXF    	B         	102	121472.0000	98	119116.0000	4	2355.0000	216	258691.0000	186	225774.0000	30	32917.0000
20100615	電子期貨            	EXF    	C         	2013	2427918.0000	2104	2535908.0000	-91	-107990.0000	3695	4466435.0000	2862	3447859.0000	833	1018576.0000
20100615	金融期貨            	FXF    	A         	731	570733.0000	691	541770.0000	40	28963.0000	669	524134.0000	722	567137.0000	-53	-43003.0000
20100615	金融期貨            	FXF    	B         	75	58451.0000	75	58675.0000	0	-224.0000	192	151060.0000	0	.0000	192	151060.0000
20100615	金融期貨            	FXF    	C         	2357	1842024.0000	2199	1712017.0000	158	130008.0000	1315	1035182.0000	3232	2538093.0000	-1917	-1502911.0000
20100615	櫃買期貨            	GTF    	A         	44	23209.0000	39	20560.0000	5	2650.0000	109	57282.0000	277	145587.0000	-168	-88305.0000
20100615	櫃買期貨            	GTF    	B         	0	.0000	0	.0000	0	.0000	0	.0000	0	.0000	0	.0000
20100615	櫃買期貨            	GTF    	C         	0	.0000	0	.0000	0	.0000	0	.0000	0	.0000	0	.0000
20100615	摩臺期              	MSF    	A         	0	.0000	0	.0000	0	.0000	2	1671.0000	10	8483.0000	-8	-6812.0000
20100615	摩臺期              	MSF    	B         	0	.0000	0	.0000	0	.0000	5	4257.0000	0	.0000	5	4257.0000
20100615	摩臺期              	MSF    	C         	0	.0000	0	.0000	0	.0000	0	.0000	5	4257.0000	-5	-4257.0000
20100615	小型臺指            	MXF    	A         	7245	2681092.0000	7404	2746154.0000	-159	-65062.0000	4062	1504323.0000	8262	3032069.0000	-4200	-1527746.0000
20100615	小型臺指            	MXF    	B         	0	.0000	0	.0000	0	.0000	0	.0000	0	.0000	0	.0000
20100615	小型臺指            	MXF    	C         	4056	1501468.0000	3523	1306799.0000	533	194670.0000	7536	2778638.0000	1624	604745.0000	5912	2173893.0000
20100615	股票期貨            	STF    	A         	3871	261063.0000	3766	243300.0000	105	17763.0000	6718	619710.0000	8230	651228.0000	-1512	-31518.0000
20100615	股票期貨            	STF    	B         	0	.0000	0	.0000	0	.0000	0	.0000	0	.0000	0	.0000
20100615	股票期貨            	STF    	C         	188	17326.0000	106	10508.0000	82	6817.0000	274	48481.0000	1576	115282.0000	-1302	-66801.0000
20100615	臺灣50期貨          	T5F    	A         	0	.0000	0	.0000	0	.0000	0	.0000	1	505.0000	-1	-505.0000
20100615	臺灣50期貨          	T5F    	B         	0	.0000	0	.0000	0	.0000	0	.0000	0	.0000	0	.0000
20100615	臺灣50期貨          	T5F    	C         	0	.0000	0	.0000	0	.0000	0	.0000	0	.0000	0	.0000
20100615	臺股期貨            	TXF    	A         	25153	37340628.0000	24419	36244685.0000	734	1095943.0000	8367	12366786.0000	10000	14700074.0000	-1633	-2333288.0000
20100615	臺股期貨            	TXF    	B         	1043	1537193.0000	1156	1695138.0000	-113	-157944.0000	1445	2131757.0000	3241	4792830.0000	-1796	-2661073.0000
20100615	臺股期貨            	TXF    	C         	25546	37590348.0000	28210	41685736.0000	-2664	-4095388.0000	40123	59085495.0000	26706	39377933.0000	13417	19707562.0000
20100615	非金電期貨          	XIF    	A         	187	169120.0000	150	135333.0000	37	33786.0000	137	123563.0000	476	431916.0000	-339	-308353.0000
20100615	非金電期貨          	XIF    	B         	16	14264.0000	16	14518.0000	0	-254.0000	21	18818.0000	0	.0000	21	18818.0000
20100615	非金電期貨          	XIF    	C         	30	26960.0000	58	52440.0000	-28	-25481.0000	455	414023.0000	134	121982.0000	321	292041.0000
20100617	電子期貨            	EXF    	A         	560	681976.0000	440	535222.0000	120	146754.0000	156	185353.0000	253	301336.0000	-97	-115983.0000
20100617	電子期貨            	EXF    	B         	84	101782.0000	54	65050.0000	30	36732.0000	216	258552.0000	56	67032.0000	160	191520.0000
20100617	電子期貨            	EXF    	C         	1872	2266093.0000	2148	2603645.0000	-276	-337552.0000	1729	2069613.0000	2011	2407167.0000	-282	-337554.0000
20100617	金融期貨            	FXF    	A         	746	588184.0000	661	521087.0000	85	67098.0000	441	343163.0000	274	212387.0000	167	130776.0000
20100617	金融期貨            	FXF    	B         	91	71092.0000	91	71901.0000	0	-809.0000	192	150106.0000	0	.0000	192	150106.0000
20100617	金融期貨            	FXF    	C         	1154	909990.0000	1174	924322.0000	-20	-14332.0000	713	557423.0000	2549	1992808.0000	-1836	-1435385.0000
20100617	櫃買期貨            	GTF    	A         	119	63446.0000	101	53814.0000	18	9632.0000	27	14237.0000	105	55389.0000	-78	-41152.0000
20100617	櫃買期貨            	GTF    	B         	0	.0000	0	.0000	0	.0000	0	.0000	0	.0000	0	.0000
20100617	櫃買期貨            	GTF    	C         	0	.0000	0	.0000	0	.0000	0	.0000	0	.0000	0	.0000
20100617	摩臺期              	MSF    	A         	1	847.0000	1	847.0000	0	.0000	2	1694.0000	2	1694.0000	0	.0000
20100617	摩臺期              	MSF    	B         	0	.0000	0	.0000	0	.0000	0	.0000	0	.0000	0	.0000
20100617	摩臺期              	MSF    	C         	0	.0000	0	.0000	0	.0000	0	.0000	0	.0000	0	.0000
20100617	小型臺指            	MXF    	A         	7054	2625638.0000	7671	2859766.0000	-617	-234128.0000	1381	503595.0000	5246	1912951.0000	-3865	-1409356.0000
20100617	小型臺指            	MXF    	B         	0	.0000	0	.0000	0	.0000	0	.0000	0	.0000	0	.0000
20100617	小型臺指            	MXF    	C         	3349	1244083.0000	3546	1319488.0000	-197	-75405.0000	3768	1378733.0000	62	22782.0000	3706	1355951.0000
20100617	股票期貨            	STF    	A         	3433	285202.0000	3524	278385.0000	-91	6817.0000	3882	409402.0000	5152	395537.0000	-1270	13865.0000
20100617	股票期貨            	STF    	B         	0	.0000	0	.0000	0	.0000	0	.0000	0	.0000	0	.0000
20100617	股票期貨            	STF    	C         	233	34781.0000	119	21798.0000	114	12983.0000	37	7805.0000	566	37912.0000	-529	-30107.0000
20100617	臺灣50期貨          	T5F    	A         	0	.0000	0	.0000	0	.0000	0	.0000	0	.0000	0	.0000
20100617	臺灣50期貨          	T5F    	B         	0	.0000	0	.0000	0	.0000	0	.0000	0	.0000	0	.0000
20100617	臺灣50期貨          	T5F    	C         	0	.0000	0	.0000	0	.0000	0	.0000	0	.0000	0	.0000
20100617	臺股期貨            	TXF    	A         	21677	32392583.0000	20190	30125180.0000	1487	2267403.0000	4472	6552147.0000	6767	9853629.0000	-2295	-3301482.0000
20100617	臺股期貨            	TXF    	B         	1852	2765813.0000	1202	1786774.0000	650	979039.0000	1418	2084176.0000	2087	3065501.0000	-669	-981325.0000
20100617	臺股期貨            	TXF    	C         	18460	27360195.0000	20474	30505891.0000	-2014	-3145696.0000	27313	39972016.0000	16356	23992663.0000	10957	15979353.0000
20100617	非金電期貨          	XIF    	A         	189	172408.0000	227	206214.0000	-38	-33806.0000	28	25215.0000	119	107138.0000	-91	-81923.0000
20100617	非金電期貨          	XIF    	B         	0	.0000	0	.0000	0	.0000	21	18921.0000	0	.0000	21	18921.0000
20100617	非金電期貨          	XIF    	C         	113	102123.0000	68	61728.0000	45	40395.0000	80	72028.0000	7	6307.0000	73	65721.0000
20100618	電子期貨            	EXF    	A         	356	427152.0000	520	623641.0000	-164	-196490.0000	182	217220.0000	443	530607.0000	-261	-313387.0000
20100618	電子期貨            	EXF    	B         	0	.0000	0	.0000	0	.0000	216	259459.0000	56	67267.0000	160	192192.0000
20100618	電子期貨            	EXF    	C         	830	995170.0000	590	707088.0000	240	288083.0000	2006	2409607.0000	2048	2459999.0000	-42	-50392.0000
20100618	金融期貨            	FXF    	A         	317	247860.0000	269	210165.0000	48	37695.0000	493	384014.0000	278	215500.0000	215	168514.0000
20100618	金融期貨            	FXF    	B         	0	.0000	0	.0000	0	.0000	192	150182.0000	0	.0000	192	150182.0000
20100618	金融期貨            	FXF    	C         	613	478963.0000	680	531263.0000	-67	-52299.0000	675	527985.0000	2578	2016512.0000	-1903	-1488527.0000
20100618	櫃買期貨            	GTF    	A         	67	35236.0000	85	44736.0000	-18	-9500.0000	29	15217.0000	125	65620.0000	-96	-50403.0000
20100618	櫃買期貨            	GTF    	B         	0	.0000	0	.0000	0	.0000	0	.0000	0	.0000	0	.0000
20100618	櫃買期貨            	GTF    	C         	0	.0000	0	.0000	0	.0000	0	.0000	0	.0000	0	.0000
20100618	摩臺期              	MSF    	A         	6	5042.0000	6	5042.0000	0	.0000	6	5039.0000	6	5039.0000	0	.0000
20100618	摩臺期              	MSF    	B         	0	.0000	0	.0000	0	.0000	0	.0000	0	.0000	0	.0000
20100618	摩臺期              	MSF    	C         	0	.0000	0	.0000	0	.0000	0	.0000	0	.0000	0	.0000
20100618	小型臺指            	MXF    	A         	9966	3656865.0000	10265	3761681.0000	-299	-104816.0000	2129	778001.0000	6261	2282488.0000	-4132	-1504487.0000
20100618	小型臺指            	MXF    	B         	0	.0000	0	.0000	0	.0000	0	.0000	0	.0000	0	.0000
20100618	小型臺指            	MXF    	C         	4543	1665920.0000	4841	1776804.0000	-298	-110884.0000	3734	1364311.0000	222	81013.0000	3512	1283298.0000
20100618	股票期貨            	STF    	A         	1548	158127.0000	1751	163504.0000	-203	-5378.0000	4332	479770.0000	5805	471696.0000	-1473	8074.0000
20100618	股票期貨            	STF    	B         	0	.0000	0	.0000	0	.0000	0	.0000	0	.0000	0	.0000
20100618	股票期貨            	STF    	C         	64	10050.0000	22	2035.0000	42	8015.0000	47	9209.0000	534	31023.0000	-487	-21814.0000
20100618	臺灣50期貨          	T5F    	A         	0	.0000	0	.0000	0	.0000	0	.0000	0	.0000	0	.0000
20100618	臺灣50期貨          	T5F    	B         	0	.0000	0	.0000	0	.0000	0	.0000	0	.0000	0	.0000
20100618	臺灣50期貨          	T5F    	C         	0	.0000	0	.0000	0	.0000	0	.0000	0	.0000	0	.0000
20100618	臺股期貨            	TXF    	A         	19336	28384806.0000	18654	27368914.0000	682	1015892.0000	5744	8421918.0000	7365	10721224.0000	-1621	-2299306.0000
20100618	臺股期貨            	TXF    	B         	64	93934.0000	59	86680.0000	5	7254.0000	1418	2084176.0000	2082	3058276.0000	-664	-974100.0000
20100618	臺股期貨            	TXF    	C         	7754	11375228.0000	7403	10864856.0000	351	510373.0000	28213	41289357.0000	16931	24839658.0000	11282	16449699.0000
20100618	非金電期貨          	XIF    	A         	129	115542.0000	113	101096.0000	16	14446.0000	68	60813.0000	143	127833.0000	-75	-67020.0000
20100618	非金電期貨          	XIF    	B         	0	.0000	0	.0000	0	.0000	21	18785.0000	0	.0000	21	18785.0000
20100618	非金電期貨          	XIF    	C         	24	21499.0000	43	38596.0000	-19	-17097.0000	98	87609.0000	44	39358.0000	54	48251.0000
20100621	電子期貨            	EXF    	A         	573	698464.0000	491	598604.0000	82	99860.0000	182	221366.0000	361	440391.0000	-179	-219025.0000
20100621	電子期貨            	EXF    	B         	0	.0000	0	.0000	0	.0000	216	264427.0000	56	68555.0000	160	195872.0000
20100621	電子期貨            	EXF    	C         	896	1092934.0000	772	941124.0000	124	151809.0000	2125	2601425.0000	2043	2500981.0000	82	100444.0000
20100621	金融期貨            	FXF    	A         	449	359358.0000	259	207432.0000	190	151926.0000	679	545194.0000	274	218709.0000	405	326485.0000
20100621	金融期貨            	FXF    	B         	0	.0000	0	.0000	0	.0000	192	154637.0000	0	.0000	192	154637.0000
20100621	金融期貨            	FXF    	C         	1265	1013314.0000	1626	1301497.0000	-361	-288183.0000	911	733719.0000	3175	2557145.0000	-2264	-1823426.0000
20100621	櫃買期貨            	GTF    	A         	97	51588.0000	97	51589.0000	0	-1.0000	25	13341.0000	121	64608.0000	-96	-51267.0000
20100621	櫃買期貨            	GTF    	B         	0	.0000	0	.0000	0	.0000	0	.0000	0	.0000	0	.0000
20100621	櫃買期貨            	GTF    	C         	0	.0000	0	.0000	0	.0000	0	.0000	0	.0000	0	.0000
20100621	摩臺期              	MSF    	A         	1	850.0000	1	850.0000	0	.0000	6	5099.0000	6	5099.0000	0	.0000
20100621	摩臺期              	MSF    	B         	0	.0000	0	.0000	0	.0000	0	.0000	0	.0000	0	.0000
20100621	摩臺期              	MSF    	C         	0	.0000	0	.0000	0	.0000	0	.0000	0	.0000	0	.0000
20100621	小型臺指            	MXF    	A         	12747	4761862.0000	12062	4506462.0000	685	255401.0000	2088	780969.0000	6423	2398259.0000	-4335	-1617290.0000
20100621	小型臺指            	MXF    	B         	0	.0000	0	.0000	0	.0000	0	.0000	0	.0000	0	.0000
20100621	小型臺指            	MXF    	C         	6332	2366320.0000	6786	2538119.0000	-454	-171798.0000	3684	1377127.0000	614	230397.0000	3070	1146730.0000
20100621	股票期貨            	STF    	A         	1589	125404.0000	1804	145475.0000	-215	-20071.0000	3996	448302.0000	5684	458724.0000	-1688	-10422.0000
20100621	股票期貨            	STF    	B         	0	.0000	0	.0000	0	.0000	0	.0000	0	.0000	0	.0000
20100621	股票期貨            	STF    	C         	7	428.0000	18	1987.0000	-11	-1559.0000	40	8065.0000	538	31874.0000	-498	-23809.0000
20100621	臺灣50期貨          	T5F    	A         	0	.0000	0	.0000	0	.0000	0	.0000	0	.0000	0	.0000
20100621	臺灣50期貨          	T5F    	B         	0	.0000	0	.0000	0	.0000	0	.0000	0	.0000	0	.0000
20100621	臺灣50期貨          	T5F    	C         	0	.0000	0	.0000	0	.0000	0	.0000	0	.0000	0	.0000
20100621	臺股期貨            	TXF    	A         	25193	37700964.0000	22642	33876410.0000	2551	3824554.0000	6854	10288038.0000	5702	8470104.0000	1152	1817934.0000
20100621	臺股期貨            	TXF    	B         	280	416899.0000	19	28509.0000	261	388390.0000	1415	2128443.0000	1818	2732698.0000	-403	-604255.0000
20100621	臺股期貨            	TXF    	C         	13060	19533098.0000	14329	21417028.0000	-1269	-1883930.0000	28076	42047929.0000	18066	27126714.0000	10010	14921215.0000
20100621	非金電期貨          	XIF    	A         	221	201876.0000	189	172744.0000	32	29132.0000	35	32092.0000	78	71515.0000	-43	-39423.0000
20100621	非金電期貨          	XIF    	B         	0	.0000	0	.0000	0	.0000	21	19276.0000	0	.0000	21	19276.0000
20100621	非金電期貨          	XIF    	C         	34	31127.0000	74	67641.0000	-40	-36514.0000	76	69708.0000	62	56910.0000	14	12798.0000
20100622	電子期貨            	EXF    	A         	314	382015.0000	304	369767.0000	10	12249.0000	192	232054.0000	361	437353.0000	-169	-205299.0000
20100622	電子期貨            	EXF    	B         	0	.0000	0	.0000	0	.0000	216	262656.0000	56	68096.0000	160	194560.0000
20100622	電子期貨            	EXF    	C         	288	350398.0000	450	547527.0000	-162	-197130.0000	2085	2535360.0000	2165	2632581.0000	-80	-97221.0000
20100622	金融期貨            	FXF    	A         	265	212262.0000	203	162550.0000	62	49712.0000	739	590456.0000	272	215938.0000	467	374518.0000
20100622	金融期貨            	FXF    	B         	0	.0000	0	.0000	0	.0000	192	153830.0000	0	.0000	192	153830.0000
20100622	金融期貨            	FXF    	C         	290	232259.0000	442	354081.0000	-152	-121822.0000	978	783574.0000	3394	2719273.0000	-2416	-1935699.0000
20100622	櫃買期貨            	GTF    	A         	88	46803.0000	84	44672.0000	4	2131.0000	43	22889.0000	135	72093.0000	-92	-49204.0000
20100622	櫃買期貨            	GTF    	B         	0	.0000	0	.0000	0	.0000	0	.0000	0	.0000	0	.0000
20100622	櫃買期貨            	GTF    	C         	0	.0000	0	.0000	0	.0000	0	.0000	0	.0000	0	.0000
20100622	摩臺期              	MSF    	A         	0	.0000	0	.0000	0	.0000	6	5047.0000	6	5047.0000	0	.0000
20100622	摩臺期              	MSF    	B         	0	.0000	0	.0000	0	.0000	0	.0000	0	.0000	0	.0000
20100622	摩臺期              	MSF    	C         	0	.0000	0	.0000	0	.0000	0	.0000	0	.0000	0	.0000
20100622	小型臺指            	MXF    	A         	3635	1359498.0000	4660	1741998.0000	-1025	-382500.0000	1586	589160.0000	6394	2373803.0000	-4808	-1784643.0000
20100622	小型臺指            	MXF    	B         	0	.0000	0	.0000	0	.0000	0	.0000	0	.0000	0	.0000
20100622	小型臺指            	MXF    	C         	2453	917463.0000	2645	989266.0000	-192	-71803.0000	3701	1375821.0000	711	264970.0000	2990	1110851.0000
20100622	股票期貨            	STF    	A         	989	94815.0000	1052	107186.0000	-63	-12371.0000	3705	407468.0000	5456	428810.0000	-1751	-21342.0000
20100622	股票期貨            	STF    	B         	0	.0000	0	.0000	0	.0000	0	.0000	0	.0000	0	.0000
20100622	股票期貨            	STF    	C         	1	69.0000	10	626.0000	-9	-557.0000	41	8038.0000	548	32475.0000	-507	-24437.0000
20100622	臺灣50期貨          	T5F    	A         	5	2525.0000	0	.0000	5	2525.0000	5	2534.0000	0	.0000	5	2534.0000
20100622	臺灣50期貨          	T5F    	B         	0	.0000	0	.0000	0	.0000	0	.0000	0	.0000	0	.0000
20100622	臺灣50期貨          	T5F    	C         	0	.0000	0	.0000	0	.0000	0	.0000	0	.0000	0	.0000
20100622	臺股期貨            	TXF    	A         	9542	14285353.0000	9858	14752967.0000	-316	-467615.0000	6401	9555700.0000	5703	8422468.0000	698	1133232.0000
20100622	臺股期貨            	TXF    	B         	180	269589.0000	33	49382.0000	147	220207.0000	1392	2082710.0000	1648	2463845.0000	-256	-381135.0000
20100622	臺股期貨            	TXF    	C         	5969	8934853.0000	7402	11078337.0000	-1433	-2143484.0000	26260	39105914.0000	17711	26449567.0000	8549	12656347.0000
20100622	非金電期貨          	XIF    	A         	168	154000.0000	118	108167.0000	50	45833.0000	66	60343.0000	59	53892.0000	7	6451.0000
20100622	非金電期貨          	XIF    	B         	0	.0000	0	.0000	0	.0000	21	19211.0000	0	.0000	21	19211.0000
20100622	非金電期貨          	XIF    	C         	18	16498.0000	94	86213.0000	-76	-69715.0000	37	33796.0000	99	90565.0000	-62	-56769.0000
20100623	電子期貨            	EXF    	A         	489	590005.0000	337	406676.0000	152	183330.0000	223	267785.0000	240	288065.0000	-17	-20280.0000
20100623	電子期貨            	EXF    	B         	0	.0000	15	18124.0000	-15	-18124.0000	201	242687.0000	56	67614.0000	145	175073.0000
20100623	電子期貨            	EXF    	C         	702	847857.0000	792	955285.0000	-90	-107428.0000	2085	2517429.0000	2255	2722481.0000	-170	-205052.0000
20100623	金融期貨            	FXF    	A         	312	248272.0000	351	279306.0000	-39	-31034.0000	667	528831.0000	239	188054.0000	428	340777.0000
20100623	金融期貨            	FXF    	B         	0	.0000	0	.0000	0	.0000	192	152717.0000	0	.0000	192	152717.0000
20100623	金融期貨            	FXF    	C         	476	379154.0000	518	412434.0000	-42	-33280.0000	824	655410.0000	3282	2610503.0000	-2458	-1955093.0000
20100623	櫃買期貨            	GTF    	A         	46	24461.0000	46	24459.0000	0	2.0000	46	24393.0000	138	73394.0000	-92	-49001.0000
20100623	櫃買期貨            	GTF    	B         	0	.0000	0	.0000	0	.0000	0	.0000	0	.0000	0	.0000
20100623	櫃買期貨            	GTF    	C         	0	.0000	0	.0000	0	.0000	0	.0000	0	.0000	0	.0000
20100623	摩臺期              	MSF    	A         	0	.0000	0	.0000	0	.0000	6	5035.0000	6	5035.0000	0	.0000
20100623	摩臺期              	MSF    	B         	0	.0000	0	.0000	0	.0000	0	.0000	0	.0000	0	.0000
20100623	摩臺期              	MSF    	C         	0	.0000	0	.0000	0	.0000	0	.0000	0	.0000	0	.0000
20100623	小型臺指            	MXF    	A         	7688	2856943.0000	10229	3796550.0000	-2541	-939606.0000	1315	484627.0000	7328	2705345.0000	-6013	-2220718.0000
20100623	小型臺指            	MXF    	B         	0	.0000	0	.0000	0	.0000	0	.0000	0	.0000	0	.0000
20100623	小型臺指            	MXF    	C         	5144	1910709.0000	5499	2041922.0000	-355	-131213.0000	3839	1417947.0000	800	296166.0000	3039	1121781.0000
20100623	股票期貨            	STF    	A         	1142	93276.0000	1472	129907.0000	-330	-36632.0000	3315	345400.0000	5396	402077.0000	-2081	-56677.0000
20100623	股票期貨            	STF    	B         	0	.0000	0	.0000	0	.0000	0	.0000	0	.0000	0	.0000
20100623	股票期貨            	STF    	C         	0	.0000	18	1030.0000	-18	-1030.0000	41	7950.0000	566	33149.0000	-525	-25199.0000
20100623	臺灣50期貨          	T5F    	A         	0	.0000	0	.0000	0	.0000	5	2498.0000	0	.0000	5	2498.0000
20100623	臺灣50期貨          	T5F    	B         	0	.0000	0	.0000	0	.0000	0	.0000	0	.0000	0	.0000
20100623	臺灣50期貨          	T5F    	C         	0	.0000	0	.0000	0	.0000	0	.0000	0	.0000	0	.0000
20100623	臺股期貨            	TXF    	A         	18788	27924101.0000	18293	27185237.0000	495	738864.0000	6336	9397188.0000	5477	8034866.0000	859	1362322.0000
20100623	臺股期貨            	TXF    	B         	68	101126.0000	81	120370.0000	-13	-19244.0000	1398	2078267.0000	1667	2476337.0000	-269	-398070.0000
20100623	臺股期貨            	TXF    	C         	11171	16606538.0000	16126	23943349.0000	-4955	-7336811.0000	26602	39356267.0000	23109	34295167.0000	3493	5061100.0000
20100623	非金電期貨          	XIF    	A         	185	168219.0000	176	160019.0000	9	8200.0000	89	80868.0000	73	66278.0000	16	14590.0000
20100623	非金電期貨          	XIF    	B         	0	.0000	0	.0000	0	.0000	21	19097.0000	0	.0000	21	19097.0000
20100623	非金電期貨          	XIF    	C         	65	59145.0000	88	80041.0000	-23	-20895.0000	12	10861.0000	97	88212.0000	-85	-77351.0000
20100624	電子期貨            	EXF    	A         	371	447816.0000	384	463284.0000	-13	-15468.0000	220	263810.0000	250	299587.0000	-30	-35777.0000
20100624	電子期貨            	EXF    	B         	0	.0000	0	.0000	0	.0000	201	242446.0000	56	67547.0000	145	174899.0000
20100624	電子期貨            	EXF    	C         	331	399382.0000	276	333067.0000	55	66315.0000	2127	2565587.0000	2242	2704056.0000	-115	-138469.0000
20100624	金融期貨            	FXF    	A         	357	284953.0000	425	338975.0000	-68	-54021.0000	590	468984.0000	230	181339.0000	360	287645.0000
20100624	金融期貨            	FXF    	B         	0	.0000	0	.0000	0	.0000	192	153178.0000	0	.0000	192	153178.0000
20100624	金融期貨            	FXF    	C         	675	538673.0000	708	565428.0000	-33	-26754.0000	832	663770.0000	3323	2651089.0000	-2491	-1987319.0000
20100624	櫃買期貨            	GTF    	A         	137	73184.0000	141	75291.0000	-4	-2106.0000	52	27684.0000	148	78965.0000	-96	-51281.0000
20100624	櫃買期貨            	GTF    	B         	0	.0000	0	.0000	0	.0000	0	.0000	0	.0000	0	.0000
20100624	櫃買期貨            	GTF    	C         	0	.0000	0	.0000	0	.0000	0	.0000	0	.0000	0	.0000
20100624	摩臺期              	MSF    	A         	0	.0000	0	.0000	0	.0000	6	5053.0000	6	5053.0000	0	.0000
20100624	摩臺期              	MSF    	B         	0	.0000	0	.0000	0	.0000	0	.0000	0	.0000	0	.0000
20100624	摩臺期              	MSF    	C         	0	.0000	0	.0000	0	.0000	0	.0000	0	.0000	0	.0000
20100624	小型臺指            	MXF    	A         	6083	2259756.0000	5967	2215258.0000	116	44499.0000	1412	520299.0000	7305	2694207.0000	-5893	-2173908.0000
20100624	小型臺指            	MXF    	B         	0	.0000	0	.0000	0	.0000	0	.0000	0	.0000	0	.0000
20100624	小型臺指            	MXF    	C         	4140	1537796.0000	3953	1469169.0000	187	68627.0000	4089	1509471.0000	695	256975.0000	3394	1252496.0000
20100624	股票期貨            	STF    	A         	1440	114810.0000	1595	121224.0000	-155	-6415.0000	3164	343208.0000	5400	406301.0000	-2236	-63093.0000
20100624	股票期貨            	STF    	B         	0	.0000	0	.0000	0	.0000	0	.0000	0	.0000	0	.0000
20100624	股票期貨            	STF    	C         	20	906.0000	27	1354.0000	-7	-448.0000	41	7943.0000	573	33826.0000	-532	-25883.0000
20100624	臺灣50期貨          	T5F    	A         	0	.0000	0	.0000	0	.0000	5	2519.0000	0	.0000	5	2519.0000
20100624	臺灣50期貨          	T5F    	B         	0	.0000	0	.0000	0	.0000	0	.0000	0	.0000	0	.0000
20100624	臺灣50期貨          	T5F    	C         	0	.0000	0	.0000	0	.0000	0	.0000	0	.0000	0	.0000
20100624	臺股期貨            	TXF    	A         	12738	18933800.0000	12975	19282052.0000	-237	-348252.0000	6224	9224581.0000	5603	8218664.0000	621	1005917.0000
20100624	臺股期貨            	TXF    	B         	40	59475.0000	25	37219.0000	15	22257.0000	1420	2109552.0000	1674	2485091.0000	-254	-375539.0000
20100624	臺股期貨            	TXF    	C         	5645	8391300.0000	5168	7683781.0000	477	707518.0000	26991	39909864.0000	23063	34203806.0000	3928	5706058.0000
20100624	非金電期貨          	XIF    	A         	37	33660.0000	38	34539.0000	-1	-879.0000	91	82767.0000	76	69034.0000	15	13733.0000
20100624	非金電期貨          	XIF    	B         	0	.0000	0	.0000	0	.0000	21	19112.0000	0	.0000	21	19112.0000
20100624	非金電期貨          	XIF    	C         	4	3643.0000	5	4556.0000	-1	-914.0000	12	10869.0000	98	89190.0000	-86	-78321.0000
20100625	電子期貨            	EXF    	A         	436	518414.0000	425	504972.0000	11	13442.0000	305	359693.0000	324	381562.0000	-19	-21869.0000
20100625	電子期貨            	EXF    	B         	40	47411.0000	120	142483.0000	-80	-95072.0000	201	238064.0000	136	161078.0000	65	76986.0000
20100625	電子期貨            	EXF    	C         	613	728051.0000	692	822362.0000	-79	-94310.0000	2088	2473027.0000	2282	2702562.0000	-194	-229535.0000
20100625	金融期貨            	FXF    	A         	1788	1435457.0000	1103	887774.0000	685	547683.0000	1434	1146077.0000	389	309199.0000	1045	836878.0000
20100625	金融期貨            	FXF    	B         	2	1610.0000	62	49431.0000	-60	-47821.0000	132	105653.0000	0	.0000	132	105653.0000
20100625	金融期貨            	FXF    	C         	837	672577.0000	1292	1038891.0000	-455	-366314.0000	734	587494.0000	3680	2945472.0000	-2946	-2357978.0000
20100625	櫃買期貨            	GTF    	A         	153	80435.0000	41	21545.0000	112	58889.0000	81	42109.0000	65	33689.0000	16	8420.0000
20100625	櫃買期貨            	GTF    	B         	0	.0000	0	.0000	0	.0000	0	.0000	0	.0000	0	.0000
20100625	櫃買期貨            	GTF    	C         	0	.0000	0	.0000	0	.0000	0	.0000	0	.0000	0	.0000
20100625	摩臺期              	MSF    	A         	1	834.0000	0	.0000	1	834.0000	6	5007.0000	5	4172.0000	1	835.0000
20100625	摩臺期              	MSF    	B         	0	.0000	0	.0000	0	.0000	0	.0000	0	.0000	0	.0000
20100625	摩臺期              	MSF    	C         	0	.0000	0	.0000	0	.0000	0	.0000	0	.0000	0	.0000
20100625	小型臺指            	MXF    	A         	8983	3296597.0000	10955	4015496.0000	-1972	-718900.0000	1411	512638.0000	8500	3090577.0000	-7089	-2577939.0000
20100625	小型臺指            	MXF    	B         	0	.0000	0	.0000	0	.0000	0	.0000	0	.0000	0	.0000
20100625	小型臺指            	MXF    	C         	4219	1547765.0000	4671	1714068.0000	-452	-166303.0000	4096	1490131.0000	1122	409598.0000	2974	1080533.0000
20100625	股票期貨            	STF    	A         	1175	76196.0000	1263	82815.0000	-88	-6618.0000	3094	341824.0000	5418	412152.0000	-2324	-70328.0000
20100625	股票期貨            	STF    	B         	0	.0000	0	.0000	0	.0000	0	.0000	0	.0000	0	.0000
20100625	股票期貨            	STF    	C         	21	2236.0000	72	5796.0000	-51	-3560.0000	40	7777.0000	623	36884.0000	-583	-29107.0000
20100625	臺灣50期貨          	T5F    	A         	0	.0000	0	.0000	0	.0000	5	2494.0000	0	.0000	5	2494.0000
20100625	臺灣50期貨          	T5F    	B         	0	.0000	0	.0000	0	.0000	0	.0000	0	.0000	0	.0000
20100625	臺灣50期貨          	T5F    	C         	0	.0000	0	.0000	0	.0000	0	.0000	0	.0000	0	.0000
20100625	臺股期貨            	TXF    	A         	20345	29859046.0000	21303	31266662.0000	-958	-1407616.0000	5186	7573349.0000	5717	8266660.0000	-531	-693311.0000
20100625	臺股期貨            	TXF    	B         	77	113291.0000	946	1389135.0000	-869	-1275844.0000	1448	2120451.0000	2571	3763214.0000	-1123	-1642763.0000
20100625	臺股期貨            	TXF    	C         	12994	19088250.0000	12118	17781167.0000	876	1307082.0000	26901	39205704.0000	22105	32310465.0000	4796	6895239.0000
20100625	非金電期貨          	XIF    	A         	136	121843.0000	131	117422.0000	5	4421.0000	125	111819.0000	105	93843.0000	20	17976.0000
20100625	非金電期貨          	XIF    	B         	0	.0000	0	.0000	0	.0000	21	18793.0000	0	.0000	21	18793.0000
20100625	非金電期貨          	XIF    	C         	81	72621.0000	54	48397.0000	27	24224.0000	21	18741.0000	80	71592.0000	-59	-52851.0000
20100628	電子期貨            	EXF    	A         	406	481251.0000	428	507273.0000	-22	-26022.0000	425	502202.0000	466	550312.0000	-41	-48110.0000
20100628	電子期貨            	EXF    	B         	0	.0000	0	.0000	0	.0000	201	238386.0000	136	161296.0000	65	77090.0000
20100628	電子期貨            	EXF    	C         	494	585756.0000	394	467182.0000	100	118574.0000	2276	2699336.0000	2370	2810439.0000	-94	-111103.0000
20100628	金融期貨            	FXF    	A         	982	801636.0000	670	547106.0000	312	254530.0000	1675	1369708.0000	318	258209.0000	1357	1111499.0000
20100628	金融期貨            	FXF    	B         	0	.0000	18	14608.0000	-18	-14608.0000	114	93343.0000	0	.0000	114	93343.0000
20100628	金融期貨            	FXF    	C         	643	524126.0000	717	584847.0000	-74	-60721.0000	922	754934.0000	3942	3227664.0000	-3020	-2472730.0000
20100628	櫃買期貨            	GTF    	A         	24	12560.0000	34	17771.0000	-10	-5210.0000	83	43088.0000	77	39893.0000	6	3195.0000
20100628	櫃買期貨            	GTF    	B         	0	.0000	0	.0000	0	.0000	0	.0000	0	.0000	0	.0000
20100628	櫃買期貨            	GTF    	C         	0	.0000	0	.0000	0	.0000	0	.0000	0	.0000	0	.0000
20100628	摩臺期              	MSF    	A         	0	.0000	0	.0000	0	.0000	6	4991.0000	5	4159.0000	1	832.0000
20100628	摩臺期              	MSF    	B         	0	.0000	0	.0000	0	.0000	0	.0000	0	.0000	0	.0000
20100628	摩臺期              	MSF    	C         	0	.0000	0	.0000	0	.0000	0	.0000	0	.0000	0	.0000
20100628	小型臺指            	MXF    	A         	4549	1670854.0000	4295	1577779.0000	254	93076.0000	1478	540012.0000	8533	3120692.0000	-7055	-2580680.0000
20100628	小型臺指            	MXF    	B         	0	.0000	0	.0000	0	.0000	0	.0000	0	.0000	0	.0000
20100628	小型臺指            	MXF    	C         	2862	1051724.0000	2183	802245.0000	679	249479.0000	4372	1599874.0000	727	266347.0000	3645	1333527.0000
20100628	股票期貨            	STF    	A         	683	54179.0000	668	77940.0000	15	-23761.0000	3109	334257.0000	5418	431375.0000	-2309	-97118.0000
20100628	股票期貨            	STF    	B         	0	.0000	0	.0000	0	.0000	0	.0000	0	.0000	0	.0000
20100628	股票期貨            	STF    	C         	42	1089.0000	121	34930.0000	-79	-33841.0000	40	7744.0000	702	70708.0000	-662	-62964.0000
20100628	臺灣50期貨          	T5F    	A         	4	1970.0000	0	.0000	4	1970.0000	9	4490.0000	0	.0000	9	4490.0000
20100628	臺灣50期貨          	T5F    	B         	0	.0000	0	.0000	0	.0000	0	.0000	0	.0000	0	.0000
20100628	臺灣50期貨          	T5F    	C         	0	.0000	0	.0000	0	.0000	0	.0000	0	.0000	0	.0000
20100628	臺股期貨            	TXF    	A         	9915	14581286.0000	10030	14750827.0000	-115	-169540.0000	5170	7591378.0000	5761	8378530.0000	-591	-787152.0000
20100628	臺股期貨            	TXF    	B         	135	198727.0000	542	797267.0000	-407	-598540.0000	1435	2113181.0000	2965	4364406.0000	-1530	-2251225.0000
20100628	臺股期貨            	TXF    	C         	6819	10026221.0000	5154	7577451.0000	1665	2448770.0000	28392	41613217.0000	21929	32230073.0000	6463	9383144.0000
20100628	非金電期貨          	XIF    	A         	119	107013.0000	81	72826.0000	38	34187.0000	151	136083.0000	93	83718.0000	58	52365.0000
20100628	非金電期貨          	XIF    	B         	0	.0000	0	.0000	0	.0000	21	18932.0000	0	.0000	21	18932.0000
20100628	非金電期貨          	XIF    	C         	15	13485.0000	71	63870.0000	-56	-50385.0000	12	10766.0000	127	114491.0000	-115	-103725.0000
20100629	電子期貨            	EXF    	A         	764	908264.0000	689	819350.0000	75	88914.0000	482	563638.0000	448	523255.0000	34	40383.0000
20100629	電子期貨            	EXF    	B         	3	3519.0000	30	35244.0000	-27	-31725.0000	174	204137.0000	136	159555.0000	38	44582.0000
20100629	電子期貨            	EXF    	C         	1142	1359050.0000	1139	1355216.0000	3	3834.0000	2498	2930654.0000	2576	3021798.0000	-78	-91144.0000
20100629	金融期貨            	FXF    	A         	1037	845331.0000	1096	890084.0000	-59	-44754.0000	1685	1346855.0000	387	307470.0000	1298	1039385.0000
20100629	金融期貨            	FXF    	B         	6	4887.0000	5	4114.0000	1	773.0000	115	92046.0000	0	.0000	115	92046.0000
20100629	金融期貨            	FXF    	C         	481	391424.0000	616	501848.0000	-135	-110425.0000	849	679540.0000	4004	3204700.0000	-3155	-2525160.0000
20100629	櫃買期貨            	GTF    	A         	62	32322.0000	87	45621.0000	-25	-13299.0000	75	38429.0000	94	48123.0000	-19	-9694.0000
20100629	櫃買期貨            	GTF    	B         	0	.0000	0	.0000	0	.0000	0	.0000	0	.0000	0	.0000
20100629	櫃買期貨            	GTF    	C         	0	.0000	0	.0000	0	.0000	0	.0000	0	.0000	0	.0000
20100629	摩臺期              	MSF    	A         	0	.0000	0	.0000	0	.0000	6	5004.0000	5	4170.0000	1	834.0000
20100629	摩臺期              	MSF    	B         	0	.0000	0	.0000	0	.0000	0	.0000	0	.0000	0	.0000
20100629	摩臺期              	MSF    	C         	0	.0000	0	.0000	0	.0000	0	.0000	0	.0000	0	.0000
20100629	小型臺指            	MXF    	A         	14238	5227095.0000	17700	6501097.0000	-3462	-1274003.0000	1479	532321.0000	11220	4046751.0000	-9741	-3514430.0000
20100629	小型臺指            	MXF    	B         	0	.0000	0	.0000	0	.0000	0	.0000	0	.0000	0	.0000
20100629	小型臺指            	MXF    	C         	7310	2681077.0000	7881	2892019.0000	-571	-210942.0000	4752	1713437.0000	1474	532722.0000	3278	1180715.0000
20100629	股票期貨            	STF    	A         	1132	70125.0000	1410	87067.0000	-278	-16943.0000	3203	347119.0000	5790	458304.0000	-2587	-111185.0000
20100629	股票期貨            	STF    	B         	0	.0000	0	.0000	0	.0000	0	.0000	0	.0000	0	.0000
20100629	股票期貨            	STF    	C         	14	370.0000	79	5153.0000	-65	-4783.0000	52	8020.0000	779	75379.0000	-727	-67359.0000
20100629	臺灣50期貨          	T5F    	A         	4	1968.0000	0	.0000	4	1968.0000	13	6397.0000	0	.0000	13	6397.0000
20100629	臺灣50期貨          	T5F    	B         	0	.0000	0	.0000	0	.0000	0	.0000	0	.0000	0	.0000
20100629	臺灣50期貨          	T5F    	C         	0	.0000	0	.0000	0	.0000	0	.0000	0	.0000	0	.0000
20100629	臺股期貨            	TXF    	A         	30070	44153655.0000	30779	45210373.0000	-709	-1056718.0000	5042	7293922.0000	6536	9379733.0000	-1494	-2085811.0000
20100629	臺股期貨            	TXF    	B         	216	317198.0000	909	1330897.0000	-693	-1013699.0000	1430	2074644.0000	3653	5297943.0000	-2223	-3223299.0000
20100629	臺股期貨            	TXF    	C         	13069	19180126.0000	16041	23588127.0000	-2972	-4408001.0000	26101	37671715.0000	22661	32808858.0000	3440	4862857.0000
20100629	非金電期貨          	XIF    	A         	129	115785.0000	124	110965.0000	5	4820.0000	155	137137.0000	92	81297.0000	63	55840.0000
20100629	非金電期貨          	XIF    	B         	0	.0000	0	.0000	0	.0000	21	18585.0000	0	.0000	21	18585.0000
20100629	非金電期貨          	XIF    	C         	59	52935.0000	45	40467.0000	14	12468.0000	28	24728.0000	129	114165.0000	-101	-89437.0000
20100630	電子期貨            	EXF    	A         	544	626936.0000	416	479235.0000	128	147701.0000	606	697234.0000	444	509660.0000	162	187574.0000
20100630	電子期貨            	EXF    	B         	120	138380.0000	0	.0000	120	138380.0000	174	200726.0000	16	18458.0000	158	182268.0000
20100630	電子期貨            	EXF    	C         	528	608722.0000	623	718280.0000	-95	-109558.0000	2662	3070883.0000	2835	3270075.0000	-173	-199192.0000
20100630	金融期貨            	FXF    	A         	534	419758.0000	725	569736.0000	-191	-149977.0000	1522	1197892.0000	415	324477.0000	1107	873415.0000
20100630	金融期貨            	FXF    	B         	6	4718.0000	0	.0000	6	4718.0000	121	95396.0000	0	.0000	121	95396.0000
20100630	金融期貨            	FXF    	C         	357	280512.0000	509	400143.0000	-152	-119630.0000	869	685120.0000	4176	3292165.0000	-3307	-2607045.0000
20100630	櫃買期貨            	GTF    	A         	30	15041.0000	7	3522.0000	23	11519.0000	105	52862.0000	101	50772.0000	4	2090.0000
20100630	櫃買期貨            	GTF    	B         	0	.0000	0	.0000	0	.0000	0	.0000	0	.0000	0	.0000
20100630	櫃買期貨            	GTF    	C         	0	.0000	0	.0000	0	.0000	0	.0000	0	.0000	0	.0000
20100630	摩臺期              	MSF    	A         	0	.0000	0	.0000	0	.0000	6	4880.0000	5	4066.0000	1	814.0000
20100630	摩臺期              	MSF    	B         	0	.0000	0	.0000	0	.0000	0	.0000	0	.0000	0	.0000
20100630	摩臺期              	MSF    	C         	0	.0000	0	.0000	0	.0000	0	.0000	0	.0000	0	.0000
20100630	小型臺指            	MXF    	A         	7080	2524865.0000	6718	2393036.0000	362	131829.0000	1413	501077.0000	11056	3930164.0000	-9643	-3429087.0000
20100630	小型臺指            	MXF    	B         	0	.0000	0	.0000	0	.0000	0	.0000	0	.0000	0	.0000
20100630	小型臺指            	MXF    	C         	4785	1704607.0000	5127	1828420.0000	-342	-123813.0000	4397	1561177.0000	1389	495530.0000	3008	1065647.0000
20100630	股票期貨            	STF    	A         	876	61643.0000	831	67074.0000	45	-5431.0000	3229	354287.0000	5771	465481.0000	-2542	-111194.0000
20100630	股票期貨            	STF    	B         	0	.0000	0	.0000	0	.0000	0	.0000	0	.0000	0	.0000
20100630	股票期貨            	STF    	C         	21	743.0000	61	3288.0000	-40	-2544.0000	72	8296.0000	839	77255.0000	-767	-68959.0000
20100630	臺灣50期貨          	T5F    	A         	0	.0000	0	.0000	0	.0000	13	6247.0000	0	.0000	13	6247.0000
20100630	臺灣50期貨          	T5F    	B         	0	.0000	0	.0000	0	.0000	0	.0000	0	.0000	0	.0000
20100630	臺灣50期貨          	T5F    	C         	0	.0000	0	.0000	0	.0000	0	.0000	0	.0000	0	.0000
20100630	臺股期貨            	TXF    	A         	17001	24256070.0000	17014	24270891.0000	-13	-14820.0000	5226	7453212.0000	6667	9431539.0000	-1441	-1978327.0000
20100630	臺股期貨            	TXF    	B         	407	581714.0000	505	720501.0000	-98	-138787.0000	1427	2041466.0000	3748	5359965.0000	-2321	-3318499.0000
20100630	臺股期貨            	TXF    	C         	11397	16252621.0000	7250	10337538.0000	4147	5915083.0000	27572	39239230.0000	20003	28543026.0000	7569	10696204.0000
20100630	非金電期貨          	XIF    	A         	85	74207.0000	95	82847.0000	-10	-8641.0000	151	132280.0000	98	85743.0000	53	46537.0000
20100630	非金電期貨          	XIF    	B         	0	.0000	0	.0000	0	.0000	21	18407.0000	0	.0000	21	18407.0000
20100630	非金電期貨          	XIF    	C         	28	24432.0000	31	27100.0000	-3	-2668.0000	16	13972.0000	120	105180.0000	-104	-91208.0000
