20100401	電子期貨            	EXF    	A         	726	956900.0000	579	762660.0000	147	194240.0000	817	1074854.0000	510	669090.0000	307	405764.0000
20100401	電子期貨            	EXF    	B         	0	.0000	2	2639.0000	-2	-2639.0000	193	254683.0000	124	163630.0000	69	91053.0000
20100401	電子期貨            	EXF    	C         	410	539677.0000	542	715604.0000	-132	-175928.0000	1807	2384517.0000	2427	3202669.0000	-620	-818152.0000
20100401	金融期貨            	FXF    	A         	948	805749.0000	783	665229.0000	165	140520.0000	769	652919.0000	473	399269.0000	296	253650.0000
20100401	金融期貨            	FXF    	B         	0	.0000	11	9373.0000	-11	-9373.0000	126	107453.0000	15	12792.0000	111	94661.0000
20100401	金融期貨            	FXF    	C         	594	504181.0000	509	432785.0000	85	71397.0000	1438	1226326.0000	4274	3644863.0000	-2836	-2418537.0000
20100401	櫃買期貨            	GTF    	A         	84	49140.0000	111	64898.0000	-27	-15758.0000	58	33741.0000	181	105466.0000	-123	-71725.0000
20100401	櫃買期貨            	GTF    	B         	0	.0000	0	.0000	0	.0000	0	.0000	27	15768.0000	-27	-15768.0000
20100401	櫃買期貨            	GTF    	C         	0	.0000	0	.0000	0	.0000	0	.0000	39	22776.0000	-39	-22776.0000
20100401	摩臺期              	MSF    	A         	0	.0000	0	.0000	0	.0000	1	908.0000	0	.0000	1	908.0000
20100401	摩臺期              	MSF    	B         	0	.0000	0	.0000	0	.0000	0	.0000	0	.0000	0	.0000
20100401	摩臺期              	MSF    	C         	0	.0000	0	.0000	0	.0000	0	.0000	1	908.0000	-1	-908.0000
20100401	小型臺指            	MXF    	A         	13304	5314494.0000	10109	4043960.0000	3195	1270534.0000	3928	1572035.0000	2743	1095421.0000	1185	476614.0000
20100401	小型臺指            	MXF    	B         	0	.0000	0	.0000	0	.0000	0	.0000	0	.0000	0	.0000
20100401	小型臺指            	MXF    	C         	1231	491455.0000	836	334915.0000	395	156540.0000	741	297179.0000	710	284849.0000	31	12330.0000
20100401	股票期貨            	STF    	A         	69	8364.0000	92	11151.0000	-23	-2787.0000	157	16536.0000	1411	88068.0000	-1254	-71532.0000
20100401	股票期貨            	STF    	B         	0	.0000	0	.0000	0	.0000	0	.0000	0	.0000	0	.0000
20100401	股票期貨            	STF    	C         	21	1003.0000	46	2980.0000	-25	-1977.0000	32	1210.0000	649	54549.0000	-617	-53339.0000
20100401	臺灣50期貨          	T5F    	A         	0	.0000	0	.0000	0	.0000	0	.0000	0	.0000	0	.0000
20100401	臺灣50期貨          	T5F    	B         	0	.0000	0	.0000	0	.0000	0	.0000	0	.0000	0	.0000
20100401	臺灣50期貨          	T5F    	C         	0	.0000	0	.0000	0	.0000	0	.0000	0	.0000	0	.0000
20100401	臺股期貨            	TXF    	A         	24042	38483646.0000	22825	36546477.0000	1217	1937169.0000	7652	12243685.0000	7188	11471222.0000	464	772463.0000
20100401	臺股期貨            	TXF    	B         	186	297429.0000	71	113902.0000	115	183527.0000	1601	2569285.0000	1151	1847125.0000	450	722160.0000
20100401	臺股期貨            	TXF    	C         	8455	13521120.0000	8460	13561013.0000	-5	-39893.0000	22394	35779575.0000	23334	37370487.0000	-940	-1590912.0000
20100401	非金電期貨          	XIF    	A         	190	182140.0000	196	187887.0000	-6	-5747.0000	240	230611.0000	124	118510.0000	116	112101.0000
20100401	非金電期貨          	XIF    	B         	0	.0000	0	.0000	0	.0000	21	20236.0000	0	.0000	21	20236.0000
20100401	非金電期貨          	XIF    	C         	27	25902.0000	4	3833.0000	23	22069.0000	146	140647.0000	228	219701.0000	-82	-79054.0000
20100402	電子期貨            	EXF    	A         	229	302700.0000	250	330493.0000	-21	-27793.0000	805	1062300.0000	519	683091.0000	286	379209.0000
20100402	電子期貨            	EXF    	B         	0	.0000	0	.0000	0	.0000	193	255493.0000	124	164151.0000	69	91342.0000
20100402	電子期貨            	EXF    	C         	209	276343.0000	186	245897.0000	23	30446.0000	1857	2458297.0000	2454	3248605.0000	-597	-790308.0000
20100402	金融期貨            	FXF    	A         	313	267009.0000	439	374388.0000	-126	-107380.0000	648	550213.0000	478	403913.0000	170	146300.0000
20100402	金融期貨            	FXF    	B         	0	.0000	0	.0000	0	.0000	126	107528.0000	15	12801.0000	111	94727.0000
20100402	金融期貨            	FXF    	C         	315	268673.0000	154	131429.0000	161	137244.0000	1534	1309116.0000	4209	3591957.0000	-2675	-2282841.0000
20100402	櫃買期貨            	GTF    	A         	34	19959.0000	23	13505.0000	11	6454.0000	58	34008.0000	170	99824.0000	-112	-65816.0000
20100402	櫃買期貨            	GTF    	B         	0	.0000	0	.0000	0	.0000	0	.0000	27	15892.0000	-27	-15892.0000
20100402	櫃買期貨            	GTF    	C         	0	.0000	0	.0000	0	.0000	0	.0000	39	22955.0000	-39	-22955.0000
20100402	摩臺期              	MSF    	A         	0	.0000	0	.0000	0	.0000	1	910.0000	0	.0000	1	910.0000
20100402	摩臺期              	MSF    	B         	0	.0000	0	.0000	0	.0000	0	.0000	0	.0000	0	.0000
20100402	摩臺期              	MSF    	C         	0	.0000	0	.0000	0	.0000	0	.0000	1	910.0000	-1	-910.0000
20100402	小型臺指            	MXF    	A         	3818	1532209.0000	3272	1312795.0000	546	219414.0000	2393	957806.0000	2674	1069074.0000	-281	-111268.0000
20100402	小型臺指            	MXF    	B         	0	.0000	0	.0000	0	.0000	0	.0000	0	.0000	0	.0000
20100402	小型臺指            	MXF    	C         	177	71025.0000	833	334339.0000	-656	-263314.0000	277	111204.0000	902	362462.0000	-625	-251258.0000
20100402	股票期貨            	STF    	A         	38	3064.0000	57	6000.0000	-19	-2936.0000	172	17453.0000	1445	92198.0000	-1273	-74745.0000
20100402	股票期貨            	STF    	B         	0	.0000	0	.0000	0	.0000	0	.0000	0	.0000	0	.0000
20100402	股票期貨            	STF    	C         	1	99.0000	0	.0000	1	99.0000	33	1311.0000	649	54737.0000	-616	-53426.0000
20100402	臺灣50期貨          	T5F    	A         	0	.0000	0	.0000	0	.0000	0	.0000	0	.0000	0	.0000
20100402	臺灣50期貨          	T5F    	B         	0	.0000	0	.0000	0	.0000	0	.0000	0	.0000	0	.0000
20100402	臺灣50期貨          	T5F    	C         	0	.0000	0	.0000	0	.0000	0	.0000	0	.0000	0	.0000
20100402	臺股期貨            	TXF    	A         	7670	12313488.0000	7901	12682749.0000	-231	-369261.0000	7588	12160718.0000	6852	10949414.0000	736	1211304.0000
20100402	臺股期貨            	TXF    	B         	340	545856.0000	65	104349.0000	275	441508.0000	1601	2573447.0000	871	1400045.0000	730	1173402.0000
20100402	臺股期貨            	TXF    	C         	3560	5711963.0000	3166	5083086.0000	394	628877.0000	21676	34681461.0000	22222	35643972.0000	-546	-962511.0000
20100402	非金電期貨          	XIF    	A         	133	128284.0000	116	111898.0000	17	16386.0000	243	233842.0000	110	105196.0000	133	128646.0000
20100402	非金電期貨          	XIF    	B         	0	.0000	0	.0000	0	.0000	21	20261.0000	0	.0000	21	20261.0000
20100402	非金電期貨          	XIF    	C         	8	7725.0000	2	1930.0000	6	5795.0000	152	146611.0000	228	219974.0000	-76	-73363.0000
20100406	電子期貨            	EXF    	A         	640	855630.0000	572	764638.0000	68	90991.0000	878	1169336.0000	524	695986.0000	354	473350.0000
20100406	電子期貨            	EXF    	B         	0	.0000	0	.0000	0	.0000	193	257771.0000	124	165614.0000	69	92157.0000
20100406	電子期貨            	EXF    	C         	469	627321.0000	562	751202.0000	-93	-123880.0000	1837	2453407.0000	2527	3374935.0000	-690	-921528.0000
20100406	金融期貨            	FXF    	A         	597	511203.0000	615	526499.0000	-18	-15296.0000	663	563524.0000	511	432578.0000	152	130946.0000
20100406	金融期貨            	FXF    	B         	0	.0000	0	.0000	0	.0000	126	107604.0000	15	12810.0000	111	94794.0000
20100406	金融期貨            	FXF    	C         	241	206616.0000	507	434238.0000	-266	-227621.0000	1412	1205848.0000	4353	3717438.0000	-2941	-2511590.0000
20100406	櫃買期貨            	GTF    	A         	102	60372.0000	101	59753.0000	1	619.0000	60	35315.0000	171	100888.0000	-111	-65573.0000
20100406	櫃買期貨            	GTF    	B         	4	2368.0000	0	.0000	4	2368.0000	0	.0000	23	13611.0000	-23	-13611.0000
20100406	櫃買期貨            	GTF    	C         	0	.0000	0	.0000	0	.0000	0	.0000	39	23080.0000	-39	-23080.0000
20100406	摩臺期              	MSF    	A         	0	.0000	0	.0000	0	.0000	1	916.0000	0	.0000	1	916.0000
20100406	摩臺期              	MSF    	B         	0	.0000	0	.0000	0	.0000	0	.0000	0	.0000	0	.0000
20100406	摩臺期              	MSF    	C         	0	.0000	0	.0000	0	.0000	0	.0000	1	916.0000	-1	-916.0000
20100406	小型臺指            	MXF    	A         	11413	4625093.0000	10606	4296677.0000	807	328416.0000	1386	557015.0000	2922	1176802.0000	-1536	-619787.0000
20100406	小型臺指            	MXF    	B         	0	.0000	0	.0000	0	.0000	0	.0000	0	.0000	0	.0000
20100406	小型臺指            	MXF    	C         	1211	491329.0000	1313	532321.0000	-102	-40992.0000	295	119293.0000	1022	413649.0000	-727	-294356.0000
20100406	股票期貨            	STF    	A         	65	7392.0000	90	8168.0000	-25	-777.0000	163	16082.0000	1461	91837.0000	-1298	-75755.0000
20100406	股票期貨            	STF    	B         	0	.0000	0	.0000	0	.0000	0	.0000	0	.0000	0	.0000
20100406	股票期貨            	STF    	C         	9	1574.0000	4	128.0000	5	1446.0000	37	1591.0000	648	53826.0000	-611	-52235.0000
20100406	臺灣50期貨          	T5F    	A         	0	.0000	0	.0000	0	.0000	0	.0000	0	.0000	0	.0000
20100406	臺灣50期貨          	T5F    	B         	0	.0000	0	.0000	0	.0000	0	.0000	0	.0000	0	.0000
20100406	臺灣50期貨          	T5F    	C         	0	.0000	0	.0000	0	.0000	0	.0000	0	.0000	0	.0000
20100406	臺股期貨            	TXF    	A         	21371	34651705.0000	21485	34833495.0000	-114	-181790.0000	7976	12875217.0000	6838	11008538.0000	1138	1866679.0000
20100406	臺股期貨            	TXF    	B         	118	191686.0000	113	183021.0000	5	8665.0000	1590	2574210.0000	855	1384245.0000	735	1189965.0000
20100406	臺股期貨            	TXF    	C         	12437	20170777.0000	10526	17065925.0000	1911	3104852.0000	26951	43470168.0000	25586	41341934.0000	1365	2128234.0000
20100406	非金電期貨          	XIF    	A         	104	101060.0000	104	101104.0000	0	-44.0000	246	238362.0000	113	108949.0000	133	129413.0000
20100406	非金電期貨          	XIF    	B         	0	.0000	0	.0000	0	.0000	21	20376.0000	0	.0000	21	20376.0000
20100406	非金電期貨          	XIF    	C         	9	8761.0000	0	.0000	9	8761.0000	161	156180.0000	228	221228.0000	-67	-65048.0000
20100407	電子期貨            	EXF    	A         	444	594507.0000	464	621065.0000	-20	-26558.0000	888	1185031.0000	554	737510.0000	334	447521.0000
20100407	電子期貨            	EXF    	B         	0	.0000	0	.0000	0	.0000	193	258273.0000	124	165937.0000	69	92336.0000
20100407	電子期貨            	EXF    	C         	332	444552.0000	266	356190.0000	66	88362.0000	1933	2586657.0000	2557	3421660.0000	-624	-835003.0000
20100407	金融期貨            	FXF    	A         	331	283791.0000	359	307552.0000	-28	-23761.0000	629	537371.0000	505	429739.0000	124	107632.0000
20100407	金融期貨            	FXF    	B         	0	.0000	0	.0000	0	.0000	126	108184.0000	15	12879.0000	111	95305.0000
20100407	金融期貨            	FXF    	C         	526	450794.0000	411	352241.0000	115	98552.0000	1625	1395225.0000	4451	3821601.0000	-2826	-2426376.0000
20100407	櫃買期貨            	GTF    	A         	142	84252.0000	139	82467.0000	3	1785.0000	69	40919.0000	177	104960.0000	-108	-64041.0000
20100407	櫃買期貨            	GTF    	B         	0	.0000	0	.0000	0	.0000	0	.0000	23	13662.0000	-23	-13662.0000
20100407	櫃買期貨            	GTF    	C         	0	.0000	0	.0000	0	.0000	0	.0000	39	23166.0000	-39	-23166.0000
20100407	摩臺期              	MSF    	A         	0	.0000	0	.0000	0	.0000	1	917.0000	0	.0000	1	917.0000
20100407	摩臺期              	MSF    	B         	0	.0000	0	.0000	0	.0000	0	.0000	0	.0000	0	.0000
20100407	摩臺期              	MSF    	C         	0	.0000	0	.0000	0	.0000	0	.0000	1	917.0000	-1	-917.0000
20100407	小型臺指            	MXF    	A         	5962	2419211.0000	6385	2590675.0000	-423	-171464.0000	1467	591512.0000	3430	1387016.0000	-1963	-795504.0000
20100407	小型臺指            	MXF    	B         	0	.0000	0	.0000	0	.0000	0	.0000	0	.0000	0	.0000
20100407	小型臺指            	MXF    	C         	393	159523.0000	393	159516.0000	0	7.0000	313	127029.0000	1024	415949.0000	-711	-288920.0000
20100407	股票期貨            	STF    	A         	97	14320.0000	110	15273.0000	-13	-953.0000	158	14832.0000	1469	91622.0000	-1311	-76790.0000
20100407	股票期貨            	STF    	B         	0	.0000	0	.0000	0	.0000	0	.0000	0	.0000	0	.0000
20100407	股票期貨            	STF    	C         	30	3980.0000	37	3274.0000	-7	706.0000	36	1550.0000	654	53230.0000	-618	-51680.0000
20100407	臺灣50期貨          	T5F    	A         	0	.0000	0	.0000	0	.0000	0	.0000	0	.0000	0	.0000
20100407	臺灣50期貨          	T5F    	B         	0	.0000	0	.0000	0	.0000	0	.0000	0	.0000	0	.0000
20100407	臺灣50期貨          	T5F    	C         	0	.0000	0	.0000	0	.0000	0	.0000	0	.0000	0	.0000
20100407	臺股期貨            	TXF    	A         	12193	19794850.0000	10734	17411727.0000	1459	2383123.0000	9358	15163720.0000	6760	10907634.0000	2598	4256086.0000
20100407	臺股期貨            	TXF    	B         	91	147786.0000	68	110323.0000	23	37462.0000	1596	2593181.0000	838	1361582.0000	758	1231599.0000
20100407	臺股期貨            	TXF    	C         	6461	10467325.0000	8724	14156507.0000	-2263	-3689182.0000	27267	44119202.0000	28169	45679434.0000	-902	-1560232.0000
20100407	非金電期貨          	XIF    	A         	215	209257.0000	184	179423.0000	31	29834.0000	299	291292.0000	135	131024.0000	164	160268.0000
20100407	非金電期貨          	XIF    	B         	0	.0000	0	.0000	0	.0000	21	20530.0000	0	.0000	21	20530.0000
20100407	非金電期貨          	XIF    	C         	7	6829.0000	102	99392.0000	-95	-92563.0000	160	156377.0000	322	314787.0000	-162	-158410.0000
20100408	電子期貨            	EXF    	A         	968	1287083.0000	1168	1553179.0000	-200	-266096.0000	815	1074417.0000	681	896574.0000	134	177843.0000
20100408	電子期貨            	EXF    	B         	0	.0000	0	.0000	0	.0000	193	255223.0000	124	163978.0000	69	91245.0000
20100408	電子期貨            	EXF    	C         	760	1011157.0000	948	1260389.0000	-188	-249232.0000	1835	2426486.0000	2647	3500201.0000	-812	-1073715.0000
20100408	金融期貨            	FXF    	A         	1890	1636583.0000	1757	1518599.0000	133	117984.0000	968	832827.0000	711	609689.0000	257	223138.0000
20100408	金融期貨            	FXF    	B         	13	11351.0000	0	.0000	13	11351.0000	126	108763.0000	2	1726.0000	124	107037.0000
20100408	金融期貨            	FXF    	C         	1348	1164132.0000	1757	1520035.0000	-409	-355903.0000	1502	1296492.0000	4737	4088902.0000	-3235	-2792410.0000
20100408	櫃買期貨            	GTF    	A         	249	148638.0000	249	148642.0000	0	-3.0000	82	48629.0000	190	112765.0000	-108	-64136.0000
20100408	櫃買期貨            	GTF    	B         	0	.0000	0	.0000	0	.0000	0	.0000	23	13680.0000	-23	-13680.0000
20100408	櫃買期貨            	GTF    	C         	0	.0000	0	.0000	0	.0000	0	.0000	39	23197.0000	-39	-23197.0000
20100408	摩臺期              	MSF    	A         	0	.0000	0	.0000	0	.0000	1	910.0000	0	.0000	1	910.0000
20100408	摩臺期              	MSF    	B         	0	.0000	0	.0000	0	.0000	0	.0000	0	.0000	0	.0000
20100408	摩臺期              	MSF    	C         	0	.0000	0	.0000	0	.0000	0	.0000	1	910.0000	-1	-910.0000
20100408	小型臺指            	MXF    	A         	17276	6992190.0000	19712	7974234.0000	-2436	-982045.0000	1473	590400.0000	4484	1803773.0000	-3011	-1213373.0000
20100408	小型臺指            	MXF    	B         	0	.0000	0	.0000	0	.0000	0	.0000	0	.0000	0	.0000
20100408	小型臺指            	MXF    	C         	3168	1282911.0000	3955	1601180.0000	-787	-318269.0000	219	88379.0000	1625	656570.0000	-1406	-568191.0000
20100408	股票期貨            	STF    	A         	109	9988.0000	95	9573.0000	14	415.0000	169	15137.0000	1466	91159.0000	-1297	-76022.0000
20100408	股票期貨            	STF    	B         	0	.0000	0	.0000	0	.0000	0	.0000	0	.0000	0	.0000
20100408	股票期貨            	STF    	C         	60	5991.0000	68	6963.0000	-8	-972.0000	45	2848.0000	671	55044.0000	-626	-52196.0000
20100408	臺灣50期貨          	T5F    	A         	0	.0000	0	.0000	0	.0000	0	.0000	0	.0000	0	.0000
20100408	臺灣50期貨          	T5F    	B         	0	.0000	0	.0000	0	.0000	0	.0000	0	.0000	0	.0000
20100408	臺灣50期貨          	T5F    	C         	0	.0000	0	.0000	0	.0000	0	.0000	0	.0000	0	.0000
20100408	臺股期貨            	TXF    	A         	32847	53177915.0000	32740	52983412.0000	107	194503.0000	8961	14441248.0000	6603	10589677.0000	2358	3851571.0000
20100408	臺股期貨            	TXF    	B         	137	222780.0000	256	413560.0000	-119	-190779.0000	1611	2603698.0000	972	1570946.0000	639	1032752.0000
20100408	臺股期貨            	TXF    	C         	10822	17512913.0000	12390	20059299.0000	-1568	-2546386.0000	27202	43772644.0000	29477	47546769.0000	-2275	-3774125.0000
20100408	非金電期貨          	XIF    	A         	378	369380.0000	360	351691.0000	18	17689.0000	296	291513.0000	114	111657.0000	182	179856.0000
20100408	非金電期貨          	XIF    	B         	0	.0000	0	.0000	0	.0000	21	20756.0000	0	.0000	21	20756.0000
20100408	非金電期貨          	XIF    	C         	20	19547.0000	36	35167.0000	-16	-15619.0000	159	157116.0000	337	333091.0000	-178	-175975.0000
20100409	電子期貨            	EXF    	A         	659	870920.0000	445	588041.0000	214	282879.0000	908	1198979.0000	560	737538.0000	348	461441.0000
20100409	電子期貨            	EXF    	B         	0	.0000	0	.0000	0	.0000	193	255532.0000	124	164176.0000	69	91356.0000
20100409	電子期貨            	EXF    	C         	610	806599.0000	886	1170172.0000	-276	-363572.0000	1863	2466528.0000	2951	3906988.0000	-1088	-1440460.0000
20100409	金融期貨            	FXF    	A         	480	416072.0000	642	556282.0000	-162	-140210.0000	882	763542.0000	787	679948.0000	95	83594.0000
20100409	金融期貨            	FXF    	B         	0	.0000	0	.0000	0	.0000	126	109469.0000	2	1738.0000	124	107731.0000
20100409	金融期貨            	FXF    	C         	1139	986962.0000	956	828347.0000	183	158614.0000	2011	1747123.0000	5063	4398639.0000	-3052	-2651516.0000
20100409	櫃買期貨            	GTF    	A         	111	65776.0000	123	72918.0000	-12	-7141.0000	107	63532.0000	227	134875.0000	-120	-71343.0000
20100409	櫃買期貨            	GTF    	B         	0	.0000	0	.0000	0	.0000	0	.0000	23	13690.0000	-23	-13690.0000
20100409	櫃買期貨            	GTF    	C         	0	.0000	0	.0000	0	.0000	0	.0000	39	23213.0000	-39	-23213.0000
20100409	摩臺期              	MSF    	A         	0	.0000	0	.0000	0	.0000	1	913.0000	0	.0000	1	913.0000
20100409	摩臺期              	MSF    	B         	0	.0000	0	.0000	0	.0000	0	.0000	0	.0000	0	.0000
20100409	摩臺期              	MSF    	C         	0	.0000	0	.0000	0	.0000	0	.0000	1	913.0000	-1	-913.0000
20100409	小型臺指            	MXF    	A         	7878	3180869.0000	7945	3207533.0000	-67	-26664.0000	2317	933149.0000	4675	1885131.0000	-2358	-951982.0000
20100409	小型臺指            	MXF    	B         	0	.0000	0	.0000	0	.0000	0	.0000	0	.0000	0	.0000
20100409	小型臺指            	MXF    	C         	2137	863281.0000	1815	733151.0000	322	130130.0000	349	141219.0000	1205	487965.0000	-856	-346746.0000
20100409	股票期貨            	STF    	A         	89	7131.0000	85	7273.0000	4	-142.0000	200	17363.0000	1493	94295.0000	-1293	-76932.0000
20100409	股票期貨            	STF    	B         	0	.0000	0	.0000	0	.0000	0	.0000	0	.0000	0	.0000
20100409	股票期貨            	STF    	C         	18	1529.0000	17	1059.0000	1	469.0000	48	3538.0000	673	55471.0000	-625	-51933.0000
20100409	臺灣50期貨          	T5F    	A         	0	.0000	0	.0000	0	.0000	0	.0000	0	.0000	0	.0000
20100409	臺灣50期貨          	T5F    	B         	0	.0000	0	.0000	0	.0000	0	.0000	0	.0000	0	.0000
20100409	臺灣50期貨          	T5F    	C         	0	.0000	0	.0000	0	.0000	0	.0000	0	.0000	0	.0000
20100409	臺股期貨            	TXF    	A         	13853	22385338.0000	12319	19903611.0000	1534	2481727.0000	10407	16816352.0000	6695	10762224.0000	3712	6054128.0000
20100409	臺股期貨            	TXF    	B         	121	195647.0000	363	586230.0000	-242	-390583.0000	1607	2603019.0000	1210	1959958.0000	397	643061.0000
20100409	臺股期貨            	TXF    	C         	6104	9860212.0000	7729	12483047.0000	-1625	-2622835.0000	27515	44377004.0000	31472	50884927.0000	-3957	-6507923.0000
20100409	非金電期貨          	XIF    	A         	253	247602.0000	178	174181.0000	75	73422.0000	363	354726.0000	106	102897.0000	257	251829.0000
20100409	非金電期貨          	XIF    	B         	0	.0000	0	.0000	0	.0000	21	20580.0000	0	.0000	21	20580.0000
20100409	非金電期貨          	XIF    	C         	10	9799.0000	81	79287.0000	-71	-69488.0000	164	160681.0000	413	404740.0000	-249	-244059.0000
20100412	電子期貨            	EXF    	A         	445	590786.0000	434	576499.0000	11	14287.0000	932	1233650.0000	573	756657.0000	359	476993.0000
20100412	電子期貨            	EXF    	B         	0	.0000	0	.0000	0	.0000	193	256150.0000	124	164573.0000	69	91577.0000
20100412	電子期貨            	EXF    	C         	326	433053.0000	306	406461.0000	20	26592.0000	1967	2610504.0000	3035	4027854.0000	-1068	-1417350.0000
20100412	金融期貨            	FXF    	A         	556	484321.0000	412	358586.0000	144	125735.0000	1013	877971.0000	774	668971.0000	239	209000.0000
20100412	金融期貨            	FXF    	B         	0	.0000	0	.0000	0	.0000	126	109544.0000	2	1739.0000	124	107805.0000
20100412	金融期貨            	FXF    	C         	530	461501.0000	896	780586.0000	-366	-319085.0000	2090	1817015.0000	5508	4788502.0000	-3418	-2971487.0000
20100412	櫃買期貨            	GTF    	A         	50	29913.0000	69	41312.0000	-19	-11399.0000	106	63501.0000	245	146869.0000	-139	-83368.0000
20100412	櫃買期貨            	GTF    	B         	0	.0000	0	.0000	0	.0000	0	.0000	23	13809.0000	-23	-13809.0000
20100412	櫃買期貨            	GTF    	C         	0	.0000	0	.0000	0	.0000	0	.0000	39	23416.0000	-39	-23416.0000
20100412	摩臺期              	MSF    	A         	0	.0000	1	913.0000	-1	-913.0000	0	.0000	0	.0000	0	.0000
20100412	摩臺期              	MSF    	B         	0	.0000	0	.0000	0	.0000	0	.0000	0	.0000	0	.0000
20100412	摩臺期              	MSF    	C         	0	.0000	0	.0000	0	.0000	0	.0000	1	913.0000	-1	-913.0000
20100412	小型臺指            	MXF    	A         	8666	3519479.0000	10546	4280314.0000	-1880	-760835.0000	1948	786607.0000	6098	2468133.0000	-4150	-1681526.0000
20100412	小型臺指            	MXF    	B         	0	.0000	0	.0000	0	.0000	0	.0000	0	.0000	0	.0000
20100412	小型臺指            	MXF    	C         	2293	931474.0000	2423	984411.0000	-130	-52937.0000	257	104303.0000	1419	576540.0000	-1162	-472237.0000
20100412	股票期貨            	STF    	A         	44	5596.0000	126	8064.0000	-82	-2467.0000	200	18278.0000	1575	98205.0000	-1375	-79927.0000
20100412	股票期貨            	STF    	B         	0	.0000	0	.0000	0	.0000	0	.0000	0	.0000	0	.0000
20100412	股票期貨            	STF    	C         	43	5554.0000	68	9698.0000	-25	-4144.0000	49	3600.0000	699	59998.0000	-650	-56398.0000
20100412	臺灣50期貨          	T5F    	A         	0	.0000	0	.0000	0	.0000	0	.0000	0	.0000	0	.0000
20100412	臺灣50期貨          	T5F    	B         	0	.0000	0	.0000	0	.0000	0	.0000	0	.0000	0	.0000
20100412	臺灣50期貨          	T5F    	C         	0	.0000	0	.0000	0	.0000	0	.0000	0	.0000	0	.0000
20100412	臺股期貨            	TXF    	A         	17865	29024614.0000	17144	27851132.0000	721	1173482.0000	11396	18475557.0000	6985	11267927.0000	4411	7207630.0000
20100412	臺股期貨            	TXF    	B         	172	279650.0000	219	356196.0000	-47	-76547.0000	1562	2538562.0000	1212	1969742.0000	350	568820.0000
20100412	臺股期貨            	TXF    	C         	6866	11154137.0000	9109	14797312.0000	-2243	-3643175.0000	27673	44771497.0000	33829	54875525.0000	-6156	-10104028.0000
20100412	非金電期貨          	XIF    	A         	309	303890.0000	243	238936.0000	66	64954.0000	446	438646.0000	123	120243.0000	323	318403.0000
20100412	非金電期貨          	XIF    	B         	0	.0000	0	.0000	0	.0000	21	20702.0000	0	.0000	21	20702.0000
20100412	非金電期貨          	XIF    	C         	8	7878.0000	90	88584.0000	-82	-80706.0000	171	168533.0000	502	494872.0000	-331	-326339.0000
20100413	電子期貨            	EXF    	A         	628	825995.0000	748	983972.0000	-120	-157977.0000	903	1179348.0000	664	865907.0000	239	313441.0000
20100413	電子期貨            	EXF    	B         	0	.0000	0	.0000	0	.0000	193	252791.0000	124	162415.0000	69	90376.0000
20100413	電子期貨            	EXF    	C         	644	848010.0000	781	1027838.0000	-137	-179828.0000	1972	2582815.0000	3177	4160985.0000	-1205	-1578170.0000
20100413	金融期貨            	FXF    	A         	618	529848.0000	801	687113.0000	-183	-157266.0000	887	752633.0000	831	703735.0000	56	48898.0000
20100413	金融期貨            	FXF    	B         	5	4297.0000	0	.0000	5	4297.0000	131	111560.0000	2	1703.0000	129	109857.0000
20100413	金融期貨            	FXF    	C         	588	505594.0000	725	622448.0000	-137	-116854.0000	2069	1761930.0000	5624	4789113.0000	-3555	-3027183.0000
20100413	櫃買期貨            	GTF    	A         	197	116757.0000	104	61679.0000	93	55078.0000	147	86205.0000	193	113072.0000	-46	-26867.0000
20100413	櫃買期貨            	GTF    	B         	0	.0000	0	.0000	0	.0000	0	.0000	23	13506.0000	-23	-13506.0000
20100413	櫃買期貨            	GTF    	C         	0	.0000	0	.0000	0	.0000	0	.0000	39	22901.0000	-39	-22901.0000
20100413	摩臺期              	MSF    	A         	0	.0000	0	.0000	0	.0000	0	.0000	0	.0000	0	.0000
20100413	摩臺期              	MSF    	B         	0	.0000	0	.0000	0	.0000	0	.0000	0	.0000	0	.0000
20100413	摩臺期              	MSF    	C         	0	.0000	0	.0000	0	.0000	0	.0000	1	902.0000	-1	-902.0000
20100413	小型臺指            	MXF    	A         	15317	6174139.0000	18960	7637097.0000	-3643	-1462958.0000	1867	745166.0000	6260	2499504.0000	-4393	-1754338.0000
20100413	小型臺指            	MXF    	B         	0	.0000	0	.0000	0	.0000	0	.0000	0	.0000	0	.0000
20100413	小型臺指            	MXF    	C         	3154	1271547.0000	3082	1242483.0000	72	29064.0000	307	122982.0000	1429	572919.0000	-1122	-449937.0000
20100413	股票期貨            	STF    	A         	92	7304.0000	125	11453.0000	-33	-4149.0000	213	19829.0000	1621	102709.0000	-1408	-82880.0000
20100413	股票期貨            	STF    	B         	0	.0000	0	.0000	0	.0000	0	.0000	0	.0000	0	.0000
20100413	股票期貨            	STF    	C         	52	5451.0000	76	9980.0000	-24	-4529.0000	60	3617.0000	734	63915.0000	-674	-60298.0000
20100413	臺灣50期貨          	T5F    	A         	0	.0000	0	.0000	0	.0000	0	.0000	0	.0000	0	.0000
20100413	臺灣50期貨          	T5F    	B         	0	.0000	0	.0000	0	.0000	0	.0000	0	.0000	0	.0000
20100413	臺灣50期貨          	T5F    	C         	0	.0000	0	.0000	0	.0000	0	.0000	0	.0000	0	.0000
20100413	臺股期貨            	TXF    	A         	29888	48170206.0000	30788	49623193.0000	-900	-1452987.0000	10139	16218070.0000	7478	11905746.0000	2661	4312324.0000
20100413	臺股期貨            	TXF    	B         	198	319377.0000	368	592233.0000	-170	-272856.0000	1614	2588533.0000	1434	2299849.0000	180	288684.0000
20100413	臺股期貨            	TXF    	C         	12672	20443829.0000	13097	21101074.0000	-425	-657244.0000	27063	43199894.0000	33636	53840530.0000	-6573	-10640636.0000
20100413	非金電期貨          	XIF    	A         	248	243072.0000	228	223383.0000	20	19689.0000	477	464467.0000	134	130106.0000	343	334361.0000
20100413	非金電期貨          	XIF    	B         	0	.0000	0	.0000	0	.0000	21	20475.0000	0	.0000	21	20475.0000
20100413	非金電期貨          	XIF    	C         	13	12713.0000	20	19630.0000	-7	-6918.0000	180	175467.0000	518	505050.0000	-338	-329583.0000
20100414	電子期貨            	EXF    	A         	499	658845.0000	567	748201.0000	-68	-89355.0000	889	1173672.0000	718	946899.0000	171	226773.0000
20100414	電子期貨            	EXF    	B         	0	.0000	50	66057.0000	-50	-66057.0000	193	255532.0000	174	230376.0000	19	25156.0000
20100414	電子期貨            	EXF    	C         	610	805083.0000	399	526761.0000	211	278322.0000	2172	2875625.0000	3166	4191546.0000	-994	-1315921.0000
20100414	金融期貨            	FXF    	A         	689	591064.0000	485	415600.0000	204	175464.0000	1053	904495.0000	793	678957.0000	260	225538.0000
20100414	金融期貨            	FXF    	B         	0	.0000	0	.0000	0	.0000	131	112870.0000	2	1723.0000	129	111147.0000
20100414	金融期貨            	FXF    	C         	278	238361.0000	344	294742.0000	-66	-56381.0000	2064	1778298.0000	5685	4897736.0000	-3621	-3119438.0000
20100414	櫃買期貨            	GTF    	A         	159	94180.0000	244	144646.0000	-85	-50466.0000	122	72695.0000	253	150538.0000	-131	-77843.0000
20100414	櫃買期貨            	GTF    	B         	0	.0000	0	.0000	0	.0000	0	.0000	23	13731.0000	-23	-13731.0000
20100414	櫃買期貨            	GTF    	C         	0	.0000	0	.0000	0	.0000	0	.0000	39	23283.0000	-39	-23283.0000
20100414	摩臺期              	MSF    	A         	2	1814.0000	2	1814.0000	0	.0000	0	.0000	0	.0000	0	.0000
20100414	摩臺期              	MSF    	B         	0	.0000	0	.0000	0	.0000	0	.0000	0	.0000	0	.0000
20100414	摩臺期              	MSF    	C         	0	.0000	0	.0000	0	.0000	0	.0000	1	908.0000	-1	-908.0000
20100414	小型臺指            	MXF    	A         	9626	3882209.0000	7819	3153946.0000	1807	728263.0000	1887	761363.0000	5081	2051583.0000	-3194	-1290220.0000
20100414	小型臺指            	MXF    	B         	0	.0000	0	.0000	0	.0000	0	.0000	0	.0000	0	.0000
20100414	小型臺指            	MXF    	C         	2350	947879.0000	1570	633326.0000	780	314553.0000	418	169408.0000	848	343898.0000	-430	-174490.0000
20100414	股票期貨            	STF    	A         	53	5328.0000	85	7608.0000	-32	-2280.0000	213	18963.0000	1653	104354.0000	-1440	-85391.0000
20100414	股票期貨            	STF    	B         	0	.0000	0	.0000	0	.0000	0	.0000	0	.0000	0	.0000
20100414	股票期貨            	STF    	C         	35	3445.0000	34	2724.0000	1	722.0000	66	4804.0000	741	64764.0000	-675	-59960.0000
20100414	臺灣50期貨          	T5F    	A         	0	.0000	0	.0000	0	.0000	0	.0000	0	.0000	0	.0000
20100414	臺灣50期貨          	T5F    	B         	0	.0000	0	.0000	0	.0000	0	.0000	0	.0000	0	.0000
20100414	臺灣50期貨          	T5F    	C         	0	.0000	0	.0000	0	.0000	0	.0000	0	.0000	0	.0000
20100414	臺股期貨            	TXF    	A         	17814	28759504.0000	16623	26838690.0000	1191	1920814.0000	11353	18369641.0000	7349	11833692.0000	4004	6535949.0000
20100414	臺股期貨            	TXF    	B         	262	423188.0000	142	228947.0000	120	194241.0000	1562	2533876.0000	1262	2047216.0000	300	486660.0000
20100414	臺股期貨            	TXF    	C         	7455	12025599.0000	5665	9138507.0000	1790	2887093.0000	28564	46122173.0000	33325	53944944.0000	-4761	-7822771.0000
20100414	非金電期貨          	XIF    	A         	144	141357.0000	142	139408.0000	2	1949.0000	485	478000.0000	140	137184.0000	345	340816.0000
20100414	非金電期貨          	XIF    	B         	0	.0000	0	.0000	0	.0000	21	20748.0000	0	.0000	21	20748.0000
20100414	非金電期貨          	XIF    	C         	11	10781.0000	14	13777.0000	-3	-2996.0000	177	174836.0000	518	511784.0000	-341	-336948.0000
20100415	電子期貨            	EXF    	A         	657	875132.0000	706	941168.0000	-49	-66036.0000	871	1155257.0000	749	992686.0000	122	162571.0000
20100415	電子期貨            	EXF    	B         	0	.0000	0	.0000	0	.0000	193	256729.0000	174	231455.0000	19	25274.0000
20100415	電子期貨            	EXF    	C         	821	1094934.0000	635	845335.0000	186	249598.0000	2250	2992840.0000	3058	4067262.0000	-808	-1074422.0000
20100415	金融期貨            	FXF    	A         	821	707790.0000	767	660862.0000	54	46928.0000	1200	1032728.0000	886	760238.0000	314	272490.0000
20100415	金融期貨            	FXF    	B         	0	.0000	0	.0000	0	.0000	131	113079.0000	2	1726.0000	129	111353.0000
20100415	金融期貨            	FXF    	C         	1077	928266.0000	1157	996351.0000	-80	-68085.0000	2175	1877036.0000	5876	5070871.0000	-3701	-3193835.0000
20100415	櫃買期貨            	GTF    	A         	117	70580.0000	118	71189.0000	-1	-610.0000	119	71595.0000	251	150964.0000	-132	-79369.0000
20100415	櫃買期貨            	GTF    	B         	0	.0000	0	.0000	0	.0000	0	.0000	23	13855.0000	-23	-13855.0000
20100415	櫃買期貨            	GTF    	C         	0	.0000	0	.0000	0	.0000	0	.0000	39	23494.0000	-39	-23494.0000
20100415	摩臺期              	MSF    	A         	1	913.0000	1	913.0000	0	.0000	0	.0000	0	.0000	0	.0000
20100415	摩臺期              	MSF    	B         	0	.0000	0	.0000	0	.0000	0	.0000	0	.0000	0	.0000
20100415	摩臺期              	MSF    	C         	0	.0000	0	.0000	0	.0000	0	.0000	1	913.0000	-1	-913.0000
20100415	小型臺指            	MXF    	A         	10007	4080301.0000	9682	3947672.0000	325	132629.0000	1519	615890.0000	4704	1911219.0000	-3185	-1295329.0000
20100415	小型臺指            	MXF    	B         	0	.0000	0	.0000	0	.0000	0	.0000	0	.0000	0	.0000
20100415	小型臺指            	MXF    	C         	1692	690053.0000	1879	766225.0000	-187	-76172.0000	373	152110.0000	970	395854.0000	-597	-243744.0000
20100415	股票期貨            	STF    	A         	117	14693.0000	147	12934.0000	-30	1759.0000	209	19847.0000	1679	103980.0000	-1470	-84133.0000
20100415	股票期貨            	STF    	B         	0	.0000	0	.0000	0	.0000	0	.0000	0	.0000	0	.0000
20100415	股票期貨            	STF    	C         	36	2507.0000	35	2384.0000	1	123.0000	69	4619.0000	741	64743.0000	-672	-60124.0000
20100415	臺灣50期貨          	T5F    	A         	0	.0000	0	.0000	0	.0000	0	.0000	0	.0000	0	.0000
20100415	臺灣50期貨          	T5F    	B         	0	.0000	0	.0000	0	.0000	0	.0000	0	.0000	0	.0000
20100415	臺灣50期貨          	T5F    	C         	0	.0000	0	.0000	0	.0000	0	.0000	0	.0000	0	.0000
20100415	臺股期貨            	TXF    	A         	19323	31533323.0000	19180	31297512.0000	143	235811.0000	12166	19812255.0000	7940	12875147.0000	4226	6937108.0000
20100415	臺股期貨            	TXF    	B         	196	320217.0000	113	184265.0000	83	135952.0000	1563	2551441.0000	1180	1926232.0000	383	625209.0000
20100415	臺股期貨            	TXF    	C         	8952	14604577.0000	7740	12619538.0000	1212	1985039.0000	29280	47578394.0000	32834	53477067.0000	-3554	-5898673.0000
20100415	非金電期貨          	XIF    	A         	150	149281.0000	146	145258.0000	4	4023.0000	487	485694.0000	138	136767.0000	349	348927.0000
20100415	非金電期貨          	XIF    	B         	0	.0000	0	.0000	0	.0000	21	20998.0000	0	.0000	21	20998.0000
20100415	非金電期貨          	XIF    	C         	4	3982.0000	19	18920.0000	-15	-14938.0000	176	175942.0000	532	531947.0000	-356	-356005.0000
20100416	電子期貨            	EXF    	A         	823	1086622.0000	701	926090.0000	122	160532.0000	886	1166260.0000	642	843856.0000	244	322404.0000
20100416	電子期貨            	EXF    	B         	0	.0000	0	.0000	0	.0000	193	254799.0000	174	229715.0000	19	25084.0000
20100416	電子期貨            	EXF    	C         	1099	1452141.0000	1004	1325040.0000	95	127101.0000	2117	2794731.0000	2830	3735470.0000	-713	-940739.0000
20100416	金融期貨            	FXF    	A         	681	583006.0000	660	564655.0000	21	18351.0000	1188	1011482.0000	853	723966.0000	335	287516.0000
20100416	金融期貨            	FXF    	B         	0	.0000	0	.0000	0	.0000	131	111874.0000	2	1708.0000	129	110166.0000
20100416	金融期貨            	FXF    	C         	561	480037.0000	956	817690.0000	-395	-337653.0000	2093	1787040.0000	6189	5283815.0000	-4096	-3496775.0000
20100416	櫃買期貨            	GTF    	A         	148	89098.0000	139	83782.0000	9	5316.0000	123	73594.0000	246	147186.0000	-123	-73592.0000
20100416	櫃買期貨            	GTF    	B         	2	1200.0000	0	.0000	2	1200.0000	0	.0000	21	12587.0000	-21	-12587.0000
20100416	櫃買期貨            	GTF    	C         	0	.0000	0	.0000	0	.0000	0	.0000	39	23377.0000	-39	-23377.0000
20100416	摩臺期              	MSF    	A         	1	907.0000	0	.0000	1	907.0000	1	907.0000	0	.0000	1	907.0000
20100416	摩臺期              	MSF    	B         	0	.0000	0	.0000	0	.0000	0	.0000	0	.0000	0	.0000
20100416	摩臺期              	MSF    	C         	0	.0000	0	.0000	0	.0000	0	.0000	1	907.0000	-1	-907.0000
20100416	小型臺指            	MXF    	A         	10722	4347489.0000	13215	5355105.0000	-2493	-1007616.0000	1680	677315.0000	6182	2494934.0000	-4502	-1817619.0000
20100416	小型臺指            	MXF    	B         	0	.0000	0	.0000	0	.0000	0	.0000	0	.0000	0	.0000
20100416	小型臺指            	MXF    	C         	1902	771598.0000	2052	832511.0000	-150	-60913.0000	538	217828.0000	1157	468701.0000	-619	-250873.0000
20100416	股票期貨            	STF    	A         	39	3699.0000	142	16512.0000	-103	-12813.0000	205	18717.0000	1778	115247.0000	-1573	-96530.0000
20100416	股票期貨            	STF    	B         	0	.0000	0	.0000	0	.0000	0	.0000	0	.0000	0	.0000
20100416	股票期貨            	STF    	C         	34	3514.0000	50	5946.0000	-16	-2433.0000	67	4480.0000	755	67143.0000	-688	-62663.0000
20100416	臺灣50期貨          	T5F    	A         	0	.0000	0	.0000	0	.0000	0	.0000	0	.0000	0	.0000
20100416	臺灣50期貨          	T5F    	B         	0	.0000	0	.0000	0	.0000	0	.0000	0	.0000	0	.0000
20100416	臺灣50期貨          	T5F    	C         	0	.0000	0	.0000	0	.0000	0	.0000	0	.0000	0	.0000
20100416	臺股期貨            	TXF    	A         	24117	39113755.0000	23691	38422362.0000	426	691393.0000	11711	18932301.0000	7353	11829326.0000	4358	7102975.0000
20100416	臺股期貨            	TXF    	B         	223	361137.0000	532	861000.0000	-309	-499863.0000	1355	2195322.0000	1281	2075201.0000	74	120121.0000
20100416	臺股期貨            	TXF    	C         	13011	21114040.0000	14410	23366632.0000	-1399	-2252592.0000	28414	45819560.0000	33399	53992471.0000	-4985	-8172911.0000
20100416	非金電期貨          	XIF    	A         	264	262913.0000	215	214060.0000	49	48853.0000	542	538402.0000	144	142204.0000	398	396198.0000
20100416	非金電期貨          	XIF    	B         	0	.0000	0	.0000	0	.0000	21	20906.0000	0	.0000	21	20906.0000
20100416	非金電期貨          	XIF    	C         	13	12952.0000	78	77772.0000	-65	-64820.0000	179	178157.0000	600	597300.0000	-421	-419143.0000
20100419	電子期貨            	EXF    	A         	1222	1585501.0000	1306	1693266.0000	-84	-107764.0000	840	1072684.0000	680	866609.0000	160	206075.0000
20100419	電子期貨            	EXF    	B         	16	20502.0000	90	116478.0000	-74	-95976.0000	209	267645.0000	264	337628.0000	-55	-69983.0000
20100419	電子期貨            	EXF    	C         	3116	4040634.0000	3571	4632981.0000	-455	-592346.0000	2414	3085528.0000	3580	4578433.0000	-1166	-1492905.0000
20100419	金融期貨            	FXF    	A         	1891	1566259.0000	1418	1174729.0000	473	391530.0000	1436	1169521.0000	628	508212.0000	808	661309.0000
20100419	金融期貨            	FXF    	B         	40	33311.0000	0	.0000	40	33311.0000	171	139639.0000	2	1633.0000	169	138006.0000
20100419	金融期貨            	FXF    	C         	1992	1652389.0000	2317	1924424.0000	-325	-272035.0000	2050	1672313.0000	6471	5280173.0000	-4421	-3607860.0000
20100419	櫃買期貨            	GTF    	A         	306	178694.0000	244	143380.0000	62	35314.0000	144	82199.0000	205	117064.0000	-61	-34865.0000
20100419	櫃買期貨            	GTF    	B         	1	599.0000	0	.0000	1	599.0000	0	.0000	20	11448.0000	-20	-11448.0000
20100419	櫃買期貨            	GTF    	C         	0	.0000	0	.0000	0	.0000	0	.0000	39	22324.0000	-39	-22324.0000
20100419	摩臺期              	MSF    	A         	0	.0000	0	.0000	0	.0000	1	880.0000	0	.0000	1	880.0000
20100419	摩臺期              	MSF    	B         	0	.0000	0	.0000	0	.0000	0	.0000	0	.0000	0	.0000
20100419	摩臺期              	MSF    	C         	0	.0000	0	.0000	0	.0000	0	.0000	1	880.0000	-1	-880.0000
20100419	小型臺指            	MXF    	A         	17353	6877633.0000	21424	8499514.0000	-4071	-1621881.0000	3474	1356048.0000	8867	3455557.0000	-5393	-2099509.0000
20100419	小型臺指            	MXF    	B         	0	.0000	0	.0000	0	.0000	0	.0000	0	.0000	0	.0000
20100419	小型臺指            	MXF    	C         	3094	1227998.0000	2753	1094028.0000	341	133970.0000	846	330890.0000	956	373999.0000	-110	-43109.0000
20100419	股票期貨            	STF    	A         	10213	404547.0000	10169	403852.0000	44	696.0000	592	47784.0000	2121	140548.0000	-1529	-92764.0000
20100419	股票期貨            	STF    	B         	0	.0000	0	.0000	0	.0000	0	.0000	0	.0000	0	.0000
20100419	股票期貨            	STF    	C         	128	8510.0000	96	6188.0000	32	2322.0000	70	4437.0000	740	64474.0000	-670	-60037.0000
20100419	臺灣50期貨          	T5F    	A         	1	539.0000	0	.0000	1	539.0000	1	539.0000	0	.0000	1	539.0000
20100419	臺灣50期貨          	T5F    	B         	0	.0000	0	.0000	0	.0000	0	.0000	0	.0000	0	.0000
20100419	臺灣50期貨          	T5F    	C         	0	.0000	0	.0000	0	.0000	0	.0000	0	.0000	0	.0000
20100419	臺股期貨            	TXF    	A         	36059	57165525.0000	36173	57404959.0000	-114	-239434.0000	11993	18731215.0000	8544	13277790.0000	3449	5453425.0000
20100419	臺股期貨            	TXF    	B         	839	1330913.0000	1615	2560897.0000	-776	-1229984.0000	1290	2016650.0000	1992	3112525.0000	-702	-1095875.0000
20100419	臺股期貨            	TXF    	C         	22593	35903889.0000	25030	39815907.0000	-2437	-3912018.0000	31038	48338630.0000	38502	60118855.0000	-7464	-11780225.0000
20100419	非金電期貨          	XIF    	A         	348	338073.0000	314	305056.0000	34	33017.0000	587	560453.0000	155	147309.0000	432	413144.0000
20100419	非金電期貨          	XIF    	B         	0	.0000	0	.0000	0	.0000	21	20080.0000	0	.0000	21	20080.0000
20100419	非金電期貨          	XIF    	C         	54	52693.0000	36	35099.0000	18	17594.0000	184	175887.0000	587	561274.0000	-403	-385387.0000
20100420	電子期貨            	EXF    	A         	1378	1777982.0000	1086	1403462.0000	292	374520.0000	1180	1521403.0000	728	938005.0000	452	583398.0000
20100420	電子期貨            	EXF    	B         	122	157220.0000	197	254034.0000	-75	-96814.0000	179	231246.0000	309	398936.0000	-130	-167690.0000
20100420	電子期貨            	EXF    	C         	3352	4322210.0000	3204	4127016.0000	148	195194.0000	3032	3913533.0000	4050	5227357.0000	-1018	-1313824.0000
20100420	金融期貨            	FXF    	A         	930	764100.0000	1055	867954.0000	-125	-103854.0000	1285	1053515.0000	602	490798.0000	683	562717.0000
20100420	金融期貨            	FXF    	B         	47	38485.0000	47	38644.0000	0	-160.0000	171	140604.0000	2	1647.0000	169	138957.0000
20100420	金融期貨            	FXF    	C         	3699	3041851.0000	3516	2886519.0000	183	155332.0000	1913	1571472.0000	6151	5052259.0000	-4238	-3480787.0000
20100420	櫃買期貨            	GTF    	A         	243	140250.0000	269	155210.0000	-26	-14960.0000	133	76663.0000	220	127155.0000	-87	-50492.0000
20100420	櫃買期貨            	GTF    	B         	0	.0000	0	.0000	0	.0000	0	.0000	20	11588.0000	-20	-11588.0000
20100420	櫃買期貨            	GTF    	C         	0	.0000	0	.0000	0	.0000	0	.0000	39	22597.0000	-39	-22597.0000
20100420	摩臺期              	MSF    	A         	1	884.0000	1	884.0000	0	.0000	1	884.0000	0	.0000	1	884.0000
20100420	摩臺期              	MSF    	B         	0	.0000	0	.0000	0	.0000	0	.0000	0	.0000	0	.0000
20100420	摩臺期              	MSF    	C         	0	.0000	0	.0000	0	.0000	0	.0000	1	884.0000	-1	-884.0000
20100420	小型臺指            	MXF    	A         	13885	5463480.0000	11635	4576666.0000	2250	886814.0000	4408	1732982.0000	5167	2022001.0000	-759	-289019.0000
20100420	小型臺指            	MXF    	B         	0	.0000	10	3911.0000	-10	-3911.0000	0	.0000	10	3927.0000	-10	-3927.0000
20100420	小型臺指            	MXF    	C         	2016	793643.0000	1164	458093.0000	852	335551.0000	1121	441399.0000	495	194921.0000	626	246478.0000
20100420	股票期貨            	STF    	A         	2890	239616.0000	2736	214556.0000	154	25060.0000	823	71977.0000	2198	139643.0000	-1375	-67666.0000
20100420	股票期貨            	STF    	B         	0	.0000	0	.0000	0	.0000	0	.0000	0	.0000	0	.0000
20100420	股票期貨            	STF    	C         	128	14050.0000	101	8404.0000	27	5646.0000	104	9967.0000	747	64273.0000	-643	-54306.0000
20100420	臺灣50期貨          	T5F    	A         	0	.0000	0	.0000	0	.0000	1	538.0000	0	.0000	1	538.0000
20100420	臺灣50期貨          	T5F    	B         	0	.0000	0	.0000	0	.0000	0	.0000	0	.0000	0	.0000
20100420	臺灣50期貨          	T5F    	C         	0	.0000	0	.0000	0	.0000	0	.0000	0	.0000	0	.0000
20100420	臺股期貨            	TXF    	A         	23427	36890303.0000	22533	35476121.0000	894	1414182.0000	11486	18055112.0000	7739	12093444.0000	3747	5961668.0000
20100420	臺股期貨            	TXF    	B         	986	1551478.0000	1140	1792713.0000	-154	-241235.0000	1245	1957192.0000	2101	3302586.0000	-856	-1345394.0000
20100420	臺股期貨            	TXF    	C         	24633	38757494.0000	21066	33141346.0000	3567	5616148.0000	35306	55359909.0000	39174	61560314.0000	-3868	-6200405.0000
20100420	非金電期貨          	XIF    	A         	526	503613.0000	502	480742.0000	24	22871.0000	709	677100.0000	253	241068.0000	456	436032.0000
20100420	非金電期貨          	XIF    	B         	5	4779.0000	5	4787.0000	0	-9.0000	21	20082.0000	0	.0000	21	20082.0000
20100420	非金電期貨          	XIF    	C         	221	211780.0000	209	200158.0000	12	11622.0000	210	200827.0000	601	574676.0000	-391	-373849.0000
20100421	電子期貨            	EXF    	A         	1543	2021308.0000	1383	1812018.0000	160	209290.0000	720	943421.0000	307	400236.0000	413	543185.0000
20100421	電子期貨            	EXF    	B         	179	234619.0000	165	216341.0000	14	18279.0000	177	232543.0000	259	340274.0000	-82	-107731.0000
20100421	電子期貨            	EXF    	C         	1727	2261394.0000	1397	1828851.0000	330	432543.0000	2332	3063782.0000	2676	3515729.0000	-344	-451947.0000
20100421	金融期貨            	FXF    	A         	1443	1195279.0000	1164	965019.0000	279	230260.0000	763	627392.0000	270	219522.0000	493	407870.0000
20100421	金融期貨            	FXF    	B         	103	85088.0000	130	107821.0000	-27	-22733.0000	150	123810.0000	0	.0000	150	123810.0000
20100421	金融期貨            	FXF    	C         	2799	2320665.0000	2802	2318137.0000	-3	2528.0000	1027	847686.0000	4441	3665601.0000	-3414	-2817915.0000
20100421	櫃買期貨            	GTF    	A         	227	133842.0000	317	186813.0000	-90	-52971.0000	31	18264.0000	84	49462.0000	-53	-31198.0000
20100421	櫃買期貨            	GTF    	B         	0	.0000	0	.0000	0	.0000	0	.0000	0	.0000	0	.0000
20100421	櫃買期貨            	GTF    	C         	0	.0000	0	.0000	0	.0000	0	.0000	0	.0000	0	.0000
20100421	摩臺期              	MSF    	A         	1	891.0000	1	891.0000	0	.0000	0	.0000	0	.0000	0	.0000
20100421	摩臺期              	MSF    	B         	0	.0000	0	.0000	0	.0000	0	.0000	0	.0000	0	.0000
20100421	摩臺期              	MSF    	C         	0	.0000	0	.0000	0	.0000	0	.0000	0	.0000	0	.0000
20100421	小型臺指            	MXF    	A         	13681	5436948.0000	11431	4544780.0000	2250	892168.0000	397	154727.0000	2159	850434.0000	-1762	-695707.0000
20100421	小型臺指            	MXF    	B         	0	.0000	0	.0000	0	.0000	0	.0000	10	3978.0000	-10	-3978.0000
20100421	小型臺指            	MXF    	C         	2632	1045649.0000	1428	567949.0000	1204	477701.0000	897	356723.0000	111	44156.0000	786	312567.0000
20100421	股票期貨            	STF    	A         	2391	213551.0000	2479	216838.0000	-88	-3287.0000	601	52685.0000	1530	86057.0000	-929	-33372.0000
20100421	股票期貨            	STF    	B         	0	.0000	0	.0000	0	.0000	0	.0000	0	.0000	0	.0000
20100421	股票期貨            	STF    	C         	71	7102.0000	89	6155.0000	-18	947.0000	81	11210.0000	540	48269.0000	-459	-37059.0000
20100421	臺灣50期貨          	T5F    	A         	0	.0000	0	.0000	0	.0000	0	.0000	0	.0000	0	.0000
20100421	臺灣50期貨          	T5F    	B         	0	.0000	0	.0000	0	.0000	0	.0000	0	.0000	0	.0000
20100421	臺灣50期貨          	T5F    	C         	0	.0000	0	.0000	0	.0000	0	.0000	0	.0000	0	.0000
20100421	臺股期貨            	TXF    	A         	33079	52653606.0000	32533	51794440.0000	546	859166.0000	4558	7223437.0000	4226	6645376.0000	332	578061.0000
20100421	臺股期貨            	TXF    	B         	1264	2011453.0000	823	1307941.0000	441	703512.0000	1252	1992182.0000	1586	2523643.0000	-334	-531461.0000
20100421	臺股期貨            	TXF    	C         	24229	38543544.0000	22183	35274459.0000	2046	3269085.0000	24687	39125874.0000	23342	37079673.0000	1345	2046201.0000
20100421	非金電期貨          	XIF    	A         	294	283136.0000	339	326693.0000	-45	-43557.0000	289	276672.0000	94	89503.0000	195	187169.0000
20100421	非金電期貨          	XIF    	B         	16	15383.0000	16	15423.0000	0	-41.0000	21	20152.0000	0	.0000	21	20152.0000
20100421	非金電期貨          	XIF    	C         	163	156971.0000	182	175178.0000	-19	-18207.0000	75	71941.0000	281	269648.0000	-206	-197707.0000
20100422	電子期貨            	EXF    	A         	616	805398.0000	789	1031050.0000	-173	-225652.0000	628	822289.0000	388	506554.0000	240	315735.0000
20100422	電子期貨            	EXF    	B         	2	2606.0000	0	.0000	2	2606.0000	179	235063.0000	259	340119.0000	-80	-105056.0000
20100422	電子期貨            	EXF    	C         	654	854994.0000	591	772627.0000	63	82367.0000	2437	3200268.0000	2723	3575844.0000	-286	-375576.0000
20100422	金融期貨            	FXF    	A         	675	549622.0000	772	628199.0000	-97	-78577.0000	795	647421.0000	399	322125.0000	396	325296.0000
20100422	金融期貨            	FXF    	B         	50	40988.0000	0	.0000	50	40988.0000	200	163480.0000	0	.0000	200	163480.0000
20100422	金融期貨            	FXF    	C         	734	596894.0000	756	615501.0000	-22	-18607.0000	1021	834565.0000	4457	3643152.0000	-3436	-2808587.0000
20100422	櫃買期貨            	GTF    	A         	263	154044.0000	225	131964.0000	38	22080.0000	56	32964.0000	71	41692.0000	-15	-8728.0000
20100422	櫃買期貨            	GTF    	B         	0	.0000	0	.0000	0	.0000	0	.0000	0	.0000	0	.0000
20100422	櫃買期貨            	GTF    	C         	0	.0000	0	.0000	0	.0000	0	.0000	0	.0000	0	.0000
20100422	摩臺期              	MSF    	A         	1	890.0000	1	890.0000	0	.0000	0	.0000	0	.0000	0	.0000
20100422	摩臺期              	MSF    	B         	0	.0000	0	.0000	0	.0000	0	.0000	0	.0000	0	.0000
20100422	摩臺期              	MSF    	C         	0	.0000	0	.0000	0	.0000	0	.0000	0	.0000	0	.0000
20100422	小型臺指            	MXF    	A         	14585	5754786.0000	15006	5917256.0000	-421	-162471.0000	403	156508.0000	2878	1131186.0000	-2475	-974678.0000
20100422	小型臺指            	MXF    	B         	0	.0000	0	.0000	0	.0000	0	.0000	10	3962.0000	-10	-3962.0000
20100422	小型臺指            	MXF    	C         	2589	1021777.0000	2314	912483.0000	275	109293.0000	1657	656317.0000	68	26938.0000	1589	629379.0000
20100422	股票期貨            	STF    	A         	2491	206198.0000	2733	236420.0000	-242	-30223.0000	857	69577.0000	2028	132432.0000	-1171	-62855.0000
20100422	股票期貨            	STF    	B         	0	.0000	0	.0000	0	.0000	0	.0000	0	.0000	0	.0000
20100422	股票期貨            	STF    	C         	83	5328.0000	187	13650.0000	-104	-8321.0000	80	11158.0000	643	56452.0000	-563	-45294.0000
20100422	臺灣50期貨          	T5F    	A         	1	531.0000	0	.0000	1	531.0000	1	545.0000	0	.0000	1	545.0000
20100422	臺灣50期貨          	T5F    	B         	0	.0000	0	.0000	0	.0000	0	.0000	0	.0000	0	.0000
20100422	臺灣50期貨          	T5F    	C         	0	.0000	0	.0000	0	.0000	0	.0000	0	.0000	0	.0000
20100422	臺股期貨            	TXF    	A         	24859	39252208.0000	23974	37832820.0000	885	1419388.0000	5497	8680589.0000	4207	6585848.0000	1290	2094741.0000
20100422	臺股期貨            	TXF    	B         	182	288273.0000	228	359224.0000	-46	-70952.0000	1262	1999765.0000	1642	2601913.0000	-380	-602148.0000
20100422	臺股期貨            	TXF    	C         	12027	18977019.0000	10187	16084825.0000	1840	2892194.0000	25477	40213380.0000	22424	35468231.0000	3053	4745149.0000
20100422	非金電期貨          	XIF    	A         	243	230973.0000	297	282256.0000	-54	-51283.0000	197	187077.0000	56	52658.0000	141	134419.0000
20100422	非金電期貨          	XIF    	B         	0	.0000	0	.0000	0	.0000	21	20013.0000	0	.0000	21	20013.0000
20100422	非金電期貨          	XIF    	C         	128	121537.0000	41	38982.0000	87	82554.0000	162	154357.0000	281	267793.0000	-119	-113436.0000
20100423	電子期貨            	EXF    	A         	398	525498.0000	637	841481.0000	-239	-315983.0000	428	563141.0000	427	561304.0000	1	1837.0000
20100423	電子期貨            	EXF    	B         	0	.0000	0	.0000	0	.0000	179	236566.0000	259	342294.0000	-80	-105728.0000
20100423	電子期貨            	EXF    	C         	1151	1520470.0000	753	993829.0000	398	526641.0000	2884	3811494.0000	2772	3663475.0000	112	148019.0000
20100423	金融期貨            	FXF    	A         	397	324928.0000	486	397680.0000	-89	-72751.0000	742	604551.0000	435	351984.0000	307	252567.0000
20100423	金融期貨            	FXF    	B         	0	.0000	0	.0000	0	.0000	200	163600.0000	0	.0000	200	163600.0000
20100423	金融期貨            	FXF    	C         	331	270947.0000	520	425719.0000	-189	-154771.0000	1047	856446.0000	4672	3821696.0000	-3625	-2965250.0000
20100423	櫃買期貨            	GTF    	A         	79	47054.0000	68	40488.0000	11	6566.0000	67	39856.0000	71	42115.0000	-4	-2259.0000
20100423	櫃買期貨            	GTF    	B         	0	.0000	0	.0000	0	.0000	0	.0000	0	.0000	0	.0000
20100423	櫃買期貨            	GTF    	C         	0	.0000	0	.0000	0	.0000	0	.0000	0	.0000	0	.0000
20100423	摩臺期              	MSF    	A         	1	892.0000	1	892.0000	0	.0000	0	.0000	0	.0000	0	.0000
20100423	摩臺期              	MSF    	B         	0	.0000	0	.0000	0	.0000	0	.0000	0	.0000	0	.0000
20100423	摩臺期              	MSF    	C         	0	.0000	0	.0000	0	.0000	0	.0000	0	.0000	0	.0000
20100423	小型臺指            	MXF    	A         	9221	3668096.0000	8017	3189200.0000	1204	478896.0000	772	303716.0000	2755	1087515.0000	-1983	-783799.0000
20100423	小型臺指            	MXF    	B         	0	.0000	0	.0000	0	.0000	0	.0000	10	3980.0000	-10	-3980.0000
20100423	小型臺指            	MXF    	C         	1909	759532.0000	1668	663653.0000	241	95879.0000	2198	874599.0000	324	128928.0000	1874	745671.0000
20100423	股票期貨            	STF    	A         	2946	198553.0000	3002	217455.0000	-56	-18902.0000	976	71551.0000	2203	153181.0000	-1227	-81630.0000
20100423	股票期貨            	STF    	B         	0	.0000	0	.0000	0	.0000	0	.0000	0	.0000	0	.0000
20100423	股票期貨            	STF    	C         	56	3287.0000	268	18422.0000	-212	-15135.0000	60	6536.0000	835	66833.0000	-775	-60297.0000
20100423	臺灣50期貨          	T5F    	A         	0	.0000	0	.0000	0	.0000	1	543.0000	0	.0000	1	543.0000
20100423	臺灣50期貨          	T5F    	B         	0	.0000	0	.0000	0	.0000	0	.0000	0	.0000	0	.0000
20100423	臺灣50期貨          	T5F    	C         	0	.0000	0	.0000	0	.0000	0	.0000	0	.0000	0	.0000
20100423	臺股期貨            	TXF    	A         	12582	20022873.0000	13183	20960637.0000	-601	-937765.0000	5759	9137799.0000	4892	7692320.0000	867	1445479.0000
20100423	臺股期貨            	TXF    	B         	180	286638.0000	92	146329.0000	88	140308.0000	1262	2008852.0000	1554	2473657.0000	-292	-464805.0000
20100423	臺股期貨            	TXF    	C         	8177	12988625.0000	7222	11490226.0000	955	1498399.0000	25044	39683327.0000	21047	33438033.0000	3997	6245294.0000
20100423	非金電期貨          	XIF    	A         	132	125956.0000	257	245226.0000	-125	-119269.0000	90	85185.0000	74	69871.0000	16	15314.0000
20100423	非金電期貨          	XIF    	B         	0	.0000	0	.0000	0	.0000	21	20036.0000	0	.0000	21	20036.0000
20100423	非金電期貨          	XIF    	C         	183	174616.0000	17	16229.0000	166	158387.0000	178	169800.0000	131	124987.0000	47	44813.0000
20100426	電子期貨            	EXF    	A         	636	856739.0000	358	482242.0000	278	374497.0000	600	807162.0000	321	430340.0000	279	376822.0000
20100426	電子期貨            	EXF    	B         	0	.0000	0	.0000	0	.0000	179	241471.0000	259	349391.0000	-80	-107920.0000
20100426	電子期貨            	EXF    	C         	590	794802.0000	745	1004069.0000	-155	-209268.0000	2940	3966060.0000	2983	4024067.0000	-43	-58007.0000
20100426	金融期貨            	FXF    	A         	1004	840051.0000	791	662510.0000	213	177540.0000	848	710112.0000	328	271867.0000	520	438245.0000
20100426	金融期貨            	FXF    	B         	0	.0000	20	16761.0000	-20	-16761.0000	180	151200.0000	0	.0000	180	151200.0000
20100426	金融期貨            	FXF    	C         	822	688358.0000	711	595602.0000	111	92757.0000	1181	992040.0000	4695	3943800.0000	-3514	-2951760.0000
20100426	櫃買期貨            	GTF    	A         	102	61686.0000	110	66525.0000	-8	-4839.0000	48	28946.0000	60	36082.0000	-12	-7136.0000
20100426	櫃買期貨            	GTF    	B         	0	.0000	0	.0000	0	.0000	0	.0000	0	.0000	0	.0000
20100426	櫃買期貨            	GTF    	C         	0	.0000	0	.0000	0	.0000	0	.0000	0	.0000	0	.0000
20100426	摩臺期              	MSF    	A         	0	.0000	0	.0000	0	.0000	0	.0000	0	.0000	0	.0000
20100426	摩臺期              	MSF    	B         	0	.0000	0	.0000	0	.0000	0	.0000	0	.0000	0	.0000
20100426	摩臺期              	MSF    	C         	0	.0000	0	.0000	0	.0000	0	.0000	0	.0000	0	.0000
20100426	小型臺指            	MXF    	A         	12021	4877066.0000	9288	3772812.0000	2733	1104255.0000	1027	414106.0000	2245	906488.0000	-1218	-492382.0000
20100426	小型臺指            	MXF    	B         	0	.0000	0	.0000	0	.0000	0	.0000	10	4073.0000	-10	-4073.0000
20100426	小型臺指            	MXF    	C         	2238	908615.0000	3176	1290240.0000	-938	-381625.0000	1076	438157.0000	192	78175.0000	884	359982.0000
20100426	股票期貨            	STF    	A         	2246	178150.0000	2121	173648.0000	125	4502.0000	1275	106206.0000	2377	185494.0000	-1102	-79288.0000
20100426	股票期貨            	STF    	B         	0	.0000	0	.0000	0	.0000	0	.0000	0	.0000	0	.0000
20100426	股票期貨            	STF    	C         	119	7643.0000	415	29152.0000	-296	-21509.0000	52	6108.0000	1123	89426.0000	-1071	-83318.0000
20100426	臺灣50期貨          	T5F    	A         	0	.0000	0	.0000	0	.0000	1	556.0000	0	.0000	1	556.0000
20100426	臺灣50期貨          	T5F    	B         	0	.0000	0	.0000	0	.0000	0	.0000	0	.0000	0	.0000
20100426	臺灣50期貨          	T5F    	C         	0	.0000	0	.0000	0	.0000	0	.0000	0	.0000	0	.0000
20100426	臺股期貨            	TXF    	A         	22320	36281788.0000	19874	32307638.0000	2446	3974151.0000	8063	13105429.0000	4257	6837287.0000	3806	6268142.0000
20100426	臺股期貨            	TXF    	B         	1107	1800758.0000	66	107416.0000	1041	1693342.0000	1490	2427508.0000	741	1207237.0000	749	1220271.0000
20100426	臺股期貨            	TXF    	C         	7034	11418834.0000	9506	15461176.0000	-2472	-4042341.0000	25417	41212576.0000	23880	38839596.0000	1537	2372980.0000
20100426	非金電期貨          	XIF    	A         	146	142537.0000	168	163888.0000	-22	-21351.0000	109	106032.0000	115	111813.0000	-6	-5781.0000
20100426	非金電期貨          	XIF    	B         	0	.0000	0	.0000	0	.0000	21	20561.0000	0	.0000	21	20561.0000
20100426	非金電期貨          	XIF    	C         	89	86674.0000	77	75211.0000	12	11463.0000	190	185707.0000	131	128262.0000	59	57445.0000
20100427	電子期貨            	EXF    	A         	452	608960.0000	418	563099.0000	34	45861.0000	594	797122.0000	281	375500.0000	313	421622.0000
20100427	電子期貨            	EXF    	B         	35	47231.0000	0	.0000	35	47231.0000	214	287958.0000	259	348510.0000	-45	-60552.0000
20100427	電子期貨            	EXF    	C         	320	431035.0000	692	931947.0000	-372	-500912.0000	2820	3794592.0000	3235	4353016.0000	-415	-558424.0000
20100427	金融期貨            	FXF    	A         	461	386338.0000	366	306526.0000	95	79812.0000	910	759828.0000	295	243337.0000	615	516491.0000
20100427	金融期貨            	FXF    	B         	0	.0000	0	.0000	0	.0000	180	150732.0000	0	.0000	180	150732.0000
20100427	金融期貨            	FXF    	C         	283	237142.0000	460	385470.0000	-177	-148327.0000	1212	1014929.0000	4903	4105772.0000	-3691	-3090843.0000
20100427	櫃買期貨            	GTF    	A         	77	46234.0000	46	27589.0000	31	18645.0000	76	45138.0000	57	33712.0000	19	11426.0000
20100427	櫃買期貨            	GTF    	B         	0	.0000	20	12028.0000	-20	-12028.0000	0	.0000	20	11900.0000	-20	-11900.0000
20100427	櫃買期貨            	GTF    	C         	0	.0000	0	.0000	0	.0000	0	.0000	0	.0000	0	.0000
20100427	摩臺期              	MSF    	A         	1	911.0000	1	911.0000	0	.0000	0	.0000	0	.0000	0	.0000
20100427	摩臺期              	MSF    	B         	0	.0000	0	.0000	0	.0000	0	.0000	0	.0000	0	.0000
20100427	摩臺期              	MSF    	C         	0	.0000	0	.0000	0	.0000	0	.0000	0	.0000	0	.0000
20100427	小型臺指            	MXF    	A         	5394	2192659.0000	6464	2626519.0000	-1070	-433860.0000	1115	449128.0000	3639	1470935.0000	-2524	-1021807.0000
20100427	小型臺指            	MXF    	B         	0	.0000	0	.0000	0	.0000	0	.0000	10	4065.0000	-10	-4065.0000
20100427	小型臺指            	MXF    	C         	973	395560.0000	1581	642740.0000	-608	-247179.0000	743	301897.0000	351	142607.0000	392	159290.0000
20100427	股票期貨            	STF    	A         	2495	302061.0000	2472	266646.0000	23	35415.0000	1499	143220.0000	2578	187528.0000	-1079	-44308.0000
20100427	股票期貨            	STF    	B         	0	.0000	0	.0000	0	.0000	0	.0000	0	.0000	0	.0000
20100427	股票期貨            	STF    	C         	119	7649.0000	253	19126.0000	-134	-11476.0000	60	8694.0000	1265	103802.0000	-1205	-95108.0000
20100427	臺灣50期貨          	T5F    	A         	0	.0000	2	1118.0000	-2	-1118.0000	0	.0000	1	559.0000	-1	-559.0000
20100427	臺灣50期貨          	T5F    	B         	0	.0000	0	.0000	0	.0000	0	.0000	0	.0000	0	.0000
20100427	臺灣50期貨          	T5F    	C         	0	.0000	0	.0000	0	.0000	0	.0000	0	.0000	0	.0000
20100427	臺股期貨            	TXF    	A         	11440	18603970.0000	11361	18472530.0000	79	131440.0000	8250	13381703.0000	4306	6904689.0000	3944	6477014.0000
20100427	臺股期貨            	TXF    	B         	169	274872.0000	144	233745.0000	25	41128.0000	1525	2479345.0000	751	1220856.0000	774	1258489.0000
20100427	臺股期貨            	TXF    	C         	4198	6822691.0000	5907	9601915.0000	-1709	-2779224.0000	24480	39602703.0000	24681	40057917.0000	-201	-455214.0000
20100427	非金電期貨          	XIF    	A         	106	103614.0000	92	89964.0000	14	13650.0000	121	117660.0000	113	109739.0000	8	7921.0000
20100427	非金電期貨          	XIF    	B         	0	.0000	0	.0000	0	.0000	21	20540.0000	0	.0000	21	20540.0000
20100427	非金電期貨          	XIF    	C         	41	40073.0000	24	23470.0000	17	16603.0000	201	196276.0000	125	122263.0000	76	74013.0000
20100428	電子期貨            	EXF    	A         	561	744802.0000	700	928827.0000	-139	-184025.0000	523	695193.0000	349	462753.0000	174	232440.0000
20100428	電子期貨            	EXF    	B         	10	13320.0000	0	.0000	10	13320.0000	224	298682.0000	259	345351.0000	-35	-46669.0000
20100428	電子期貨            	EXF    	C         	781	1037729.0000	713	946247.0000	68	91482.0000	2854	3805524.0000	3201	4268213.0000	-347	-462689.0000
20100428	金融期貨            	FXF    	A         	692	566698.0000	1128	921156.0000	-436	-354458.0000	561	457724.0000	382	309595.0000	179	148129.0000
20100428	金融期貨            	FXF    	B         	0	.0000	0	.0000	0	.0000	180	147492.0000	0	.0000	180	147492.0000
20100428	金融期貨            	FXF    	C         	831	679184.0000	630	515902.0000	201	163282.0000	1207	989016.0000	4697	3848722.0000	-3490	-2859706.0000
20100428	櫃買期貨            	GTF    	A         	166	96372.0000	139	81100.0000	27	15272.0000	129	75870.0000	83	48774.0000	46	27096.0000
20100428	櫃買期貨            	GTF    	B         	0	.0000	0	.0000	0	.0000	0	.0000	20	11784.0000	-20	-11784.0000
20100428	櫃買期貨            	GTF    	C         	0	.0000	0	.0000	0	.0000	0	.0000	0	.0000	0	.0000
20100428	摩臺期              	MSF    	A         	1	903.0000	1	903.0000	0	.0000	0	.0000	0	.0000	0	.0000
20100428	摩臺期              	MSF    	B         	0	.0000	0	.0000	0	.0000	0	.0000	0	.0000	0	.0000
20100428	摩臺期              	MSF    	C         	0	.0000	0	.0000	0	.0000	0	.0000	0	.0000	0	.0000
20100428	小型臺指            	MXF    	A         	13095	5240676.0000	14620	5846512.0000	-1525	-605837.0000	1373	547855.0000	4710	1882876.0000	-3337	-1335021.0000
20100428	小型臺指            	MXF    	B         	10	3990.0000	0	.0000	10	3990.0000	0	.0000	0	.0000	0	.0000
20100428	小型臺指            	MXF    	C         	2837	1135058.0000	2575	1029532.0000	262	105526.0000	1009	405320.0000	223	89561.0000	786	315759.0000
20100428	股票期貨            	STF    	A         	5149	466255.0000	5238	469804.0000	-89	-3548.0000	1850	175262.0000	3018	221074.0000	-1168	-45812.0000
20100428	股票期貨            	STF    	B         	0	.0000	0	.0000	0	.0000	0	.0000	0	.0000	0	.0000
20100428	股票期貨            	STF    	C         	131	10387.0000	207	17370.0000	-76	-6983.0000	74	11524.0000	1355	112386.0000	-1281	-100862.0000
20100428	臺灣50期貨          	T5F    	A         	0	.0000	0	.0000	0	.0000	0	.0000	1	551.0000	-1	-551.0000
20100428	臺灣50期貨          	T5F    	B         	0	.0000	0	.0000	0	.0000	0	.0000	0	.0000	0	.0000
20100428	臺灣50期貨          	T5F    	C         	0	.0000	0	.0000	0	.0000	0	.0000	0	.0000	0	.0000
20100428	臺股期貨            	TXF    	A         	24862	39813489.0000	25203	40334449.0000	-341	-520960.0000	7701	12347114.0000	4276	6774143.0000	3425	5572971.0000
20100428	臺股期貨            	TXF    	B         	235	376852.0000	294	470727.0000	-59	-93875.0000	1576	2532947.0000	861	1383683.0000	715	1149264.0000
20100428	臺股期貨            	TXF    	C         	10656	17068366.0000	13516	21663312.0000	-2860	-4594946.0000	23975	38331196.0000	27069	43436258.0000	-3094	-5105062.0000
20100428	非金電期貨          	XIF    	A         	68	65707.0000	64	61734.0000	4	3974.0000	110	105818.0000	98	94106.0000	12	11712.0000
20100428	非金電期貨          	XIF    	B         	0	.0000	0	.0000	0	.0000	21	20330.0000	0	.0000	21	20330.0000
20100428	非金電期貨          	XIF    	C         	21	20204.0000	45	43449.0000	-24	-23244.0000	186	179744.0000	134	129725.0000	52	50019.0000
20100429	電子期貨            	EXF    	A         	479	637668.0000	431	573636.0000	48	64032.0000	516	684306.0000	294	388528.0000	222	295778.0000
20100429	電子期貨            	EXF    	B         	0	.0000	0	.0000	0	.0000	224	298010.0000	259	344574.0000	-35	-46564.0000
20100429	電子期貨            	EXF    	C         	715	952602.0000	769	1024295.0000	-54	-71692.0000	3188	4241315.0000	3589	4774806.0000	-401	-533491.0000
20100429	金融期貨            	FXF    	A         	291	238906.0000	316	259315.0000	-25	-20409.0000	583	476778.0000	429	348316.0000	154	128462.0000
20100429	金融期貨            	FXF    	B         	0	.0000	0	.0000	0	.0000	180	147960.0000	0	.0000	180	147960.0000
20100429	金融期貨            	FXF    	C         	210	172377.0000	364	298762.0000	-154	-126385.0000	1092	897624.0000	4736	3892992.0000	-3644	-2995368.0000
20100429	櫃買期貨            	GTF    	A         	67	39964.0000	85	50686.0000	-18	-10721.0000	111	66195.0000	83	49467.0000	28	16728.0000
20100429	櫃買期貨            	GTF    	B         	0	.0000	0	.0000	0	.0000	0	.0000	20	11952.0000	-20	-11952.0000
20100429	櫃買期貨            	GTF    	C         	0	.0000	0	.0000	0	.0000	0	.0000	0	.0000	0	.0000
20100429	摩臺期              	MSF    	A         	1	901.0000	1	901.0000	0	.0000	0	.0000	0	.0000	0	.0000
20100429	摩臺期              	MSF    	B         	0	.0000	0	.0000	0	.0000	0	.0000	0	.0000	0	.0000
20100429	摩臺期              	MSF    	C         	0	.0000	0	.0000	0	.0000	0	.0000	0	.0000	0	.0000
20100429	小型臺指            	MXF    	A         	6905	2775018.0000	6888	2766973.0000	17	8045.0000	2189	876312.0000	4969	1987927.0000	-2780	-1111615.0000
20100429	小型臺指            	MXF    	B         	0	.0000	0	.0000	0	.0000	0	.0000	0	.0000	0	.0000
20100429	小型臺指            	MXF    	C         	1390	558789.0000	1565	629121.0000	-175	-70332.0000	1407	565728.0000	748	300796.0000	659	264932.0000
20100429	股票期貨            	STF    	A         	4282	389765.0000	4447	420385.0000	-165	-30620.0000	2192	176413.0000	3525	252481.0000	-1333	-76068.0000
20100429	股票期貨            	STF    	B         	0	.0000	0	.0000	0	.0000	0	.0000	0	.0000	0	.0000
20100429	股票期貨            	STF    	C         	53	9527.0000	135	18760.0000	-82	-9233.0000	99	17659.0000	1462	127367.0000	-1363	-109708.0000
20100429	臺灣50期貨          	T5F    	A         	1	545.0000	0	.0000	1	545.0000	0	.0000	0	.0000	0	.0000
20100429	臺灣50期貨          	T5F    	B         	0	.0000	0	.0000	0	.0000	0	.0000	0	.0000	0	.0000
20100429	臺灣50期貨          	T5F    	C         	0	.0000	0	.0000	0	.0000	0	.0000	0	.0000	0	.0000
20100429	臺股期貨            	TXF    	A         	10427	16763953.0000	12011	19305576.0000	-1584	-2541624.0000	6724	10785971.0000	5018	7970923.0000	1706	2815048.0000
20100429	臺股期貨            	TXF    	B         	73	117333.0000	114	183203.0000	-41	-65869.0000	1570	2525442.0000	896	1441186.0000	674	1084256.0000
20100429	臺股期貨            	TXF    	C         	9306	14964276.0000	5932	9536381.0000	3374	5427895.0000	22906	36640497.0000	22638	36343758.0000	268	296739.0000
20100429	非金電期貨          	XIF    	A         	61	59212.0000	67	65004.0000	-6	-5792.0000	97	93635.0000	91	87708.0000	6	5927.0000
20100429	非金電期貨          	XIF    	B         	0	.0000	0	.0000	0	.0000	21	20420.0000	0	.0000	21	20420.0000
20100429	非金電期貨          	XIF    	C         	9	8731.0000	44	42723.0000	-35	-33992.0000	160	155262.0000	143	139053.0000	17	16209.0000
20100430	電子期貨            	EXF    	A         	874	1161695.0000	651	865202.0000	223	296493.0000	792	1038831.0000	347	453057.0000	445	585774.0000
20100430	電子期貨            	EXF    	B         	0	.0000	0	.0000	0	.0000	224	294515.0000	259	340533.0000	-35	-46018.0000
20100430	電子期貨            	EXF    	C         	963	1278978.0000	1286	1706134.0000	-323	-427157.0000	2967	3901012.0000	3691	4852927.0000	-724	-951915.0000
20100430	金融期貨            	FXF    	A         	1335	1112298.0000	1073	892331.0000	262	219966.0000	836	688316.0000	420	343474.0000	416	344842.0000
20100430	金融期貨            	FXF    	B         	25	20854.0000	20	16686.0000	5	4168.0000	185	152699.0000	0	.0000	185	152699.0000
20100430	金融期貨            	FXF    	C         	939	780433.0000	1179	980688.0000	-240	-200255.0000	1034	853464.0000	4918	4059317.0000	-3884	-3205853.0000
20100430	櫃買期貨            	GTF    	A         	121	71952.0000	109	64791.0000	12	7161.0000	102	59574.0000	62	36117.0000	40	23457.0000
20100430	櫃買期貨            	GTF    	B         	0	.0000	0	.0000	0	.0000	0	.0000	20	11720.0000	-20	-11720.0000
20100430	櫃買期貨            	GTF    	C         	0	.0000	0	.0000	0	.0000	0	.0000	0	.0000	0	.0000
20100430	摩臺期              	MSF    	A         	0	.0000	0	.0000	0	.0000	0	.0000	0	.0000	0	.0000
20100430	摩臺期              	MSF    	B         	0	.0000	0	.0000	0	.0000	0	.0000	0	.0000	0	.0000
20100430	摩臺期              	MSF    	C         	0	.0000	0	.0000	0	.0000	0	.0000	0	.0000	0	.0000
20100430	小型臺指            	MXF    	A         	16244	6543942.0000	18610	7492955.0000	-2366	-949013.0000	2307	916070.0000	7437	2957134.0000	-5130	-2041064.0000
20100430	小型臺指            	MXF    	B         	0	.0000	0	.0000	0	.0000	0	.0000	0	.0000	0	.0000
20100430	小型臺指            	MXF    	C         	3604	1453457.0000	4686	1890899.0000	-1082	-437442.0000	595	237554.0000	762	304331.0000	-167	-66777.0000
20100430	股票期貨            	STF    	A         	3563	316685.0000	3469	322557.0000	94	-5872.0000	2326	166340.0000	3565	249387.0000	-1239	-83047.0000
20100430	股票期貨            	STF    	B         	0	.0000	0	.0000	0	.0000	0	.0000	0	.0000	0	.0000
20100430	股票期貨            	STF    	C         	91	11955.0000	122	10802.0000	-31	1153.0000	147	26910.0000	1541	136224.0000	-1394	-109314.0000
20100430	臺灣50期貨          	T5F    	A         	0	.0000	0	.0000	0	.0000	0	.0000	0	.0000	0	.0000
20100430	臺灣50期貨          	T5F    	B         	0	.0000	0	.0000	0	.0000	0	.0000	0	.0000	0	.0000
20100430	臺灣50期貨          	T5F    	C         	0	.0000	0	.0000	0	.0000	0	.0000	0	.0000	0	.0000
20100430	臺股期貨            	TXF    	A         	28655	46219616.0000	29744	47976292.0000	-1089	-1756675.0000	5718	9104795.0000	5105	8054576.0000	613	1050219.0000
20100430	臺股期貨            	TXF    	B         	88	142757.0000	182	293505.0000	-94	-150748.0000	1552	2479724.0000	972	1552938.0000	580	926786.0000
20100430	臺股期貨            	TXF    	C         	12765	20577604.0000	14925	24077764.0000	-2160	-3500160.0000	22637	35956811.0000	24593	39214515.0000	-1956	-3257704.0000
20100430	非金電期貨          	XIF    	A         	263	257074.0000	162	158224.0000	101	98851.0000	209	202266.0000	102	98262.0000	107	104004.0000
20100430	非金電期貨          	XIF    	B         	0	.0000	0	.0000	0	.0000	21	20393.0000	0	.0000	21	20393.0000
20100430	非金電期貨          	XIF    	C         	90	87766.0000	167	163192.0000	-77	-75426.0000	156	151169.0000	216	209758.0000	-60	-58589.0000
