20081103	電子期貨            	EXF    	A         	1033	803495.0000	591	459888.0000	442	343606.0000	796	628140.0000	630	496680.0000	166	131460.0000
20081103	電子期貨            	EXF    	B         	10	7740.0000	59	46109.0000	-49	-38369.0000	204	161038.0000	579	457063.0000	-375	-296025.0000
20081103	電子期貨            	EXF    	C         	559	436789.0000	711	552843.0000	-152	-116054.0000	2994	2363400.0000	2667	2105330.0000	327	258070.0000
20081103	金融期貨            	FXF    	A         	560	306684.0000	421	231046.0000	139	75638.0000	540	302681.0000	210	117889.0000	330	184792.0000
20081103	金融期貨            	FXF    	B         	28	15535.0000	0	.0000	28	15535.0000	179	100562.0000	130	73034.0000	49	27528.0000
20081103	金融期貨            	FXF    	C         	291	160522.0000	544	299556.0000	-253	-139034.0000	767	430869.0000	2089	1173600.0000	-1322	-742731.0000
20081103	櫃買期貨            	GTF    	A         	759	213278.0000	786	220985.0000	-27	-7707.0000	35	10005.0000	81	23096.0000	-46	-13091.0000
20081103	櫃買期貨            	GTF    	B         	28	7926.0000	0	.0000	28	7926.0000	0	.0000	0	.0000	0	.0000
20081103	櫃買期貨            	GTF    	C         	0	.0000	0	.0000	0	.0000	0	.0000	0	.0000	0	.0000
20081103	摩臺期              	MSF    	A         	3	1837.0000	3	1837.0000	0	.0000	6	3702.0000	14	8638.0000	-8	-4936.0000
20081103	摩臺期              	MSF    	B         	0	.0000	0	.0000	0	.0000	0	.0000	0	.0000	0	.0000
20081103	摩臺期              	MSF    	C         	0	.0000	0	.0000	0	.0000	0	.0000	0	.0000	0	.0000
20081103	小型臺指            	MXF    	A         	14014	3434276.0000	12668	3107578.0000	1346	326698.0000	1076	264391.0000	3828	953394.0000	-2752	-689003.0000
20081103	小型臺指            	MXF    	B         	0	.0000	0	.0000	0	.0000	0	.0000	3	749.0000	-3	-749.0000
20081103	小型臺指            	MXF    	C         	792	194378.0000	1783	436901.0000	-991	-242524.0000	11	2687.0000	1765	440368.0000	-1754	-437681.0000
20081103	臺灣50期貨          	T5F    	A         	0	.0000	0	.0000	0	.0000	0	.0000	0	.0000	0	.0000
20081103	臺灣50期貨          	T5F    	B         	0	.0000	0	.0000	0	.0000	0	.0000	0	.0000	0	.0000
20081103	臺灣50期貨          	T5F    	C         	0	.0000	0	.0000	0	.0000	0	.0000	0	.0000	0	.0000
20081103	臺股期貨            	TXF    	A         	30134	29572101.0000	30691	30120831.0000	-557	-548730.0000	3064	3045684.0000	10970	10883927.0000	-7906	-7838243.0000
20081103	臺股期貨            	TXF    	B         	1724	1692789.0000	798	782365.0000	926	910425.0000	3109	3102485.0000	11123	11094882.0000	-8014	-7992397.0000
20081103	臺股期貨            	TXF    	C         	12294	12072736.0000	12911	12701150.0000	-617	-628414.0000	47106	46910288.0000	18830	18759167.0000	28276	28151121.0000
20081103	非金電期貨          	XIF    	A         	579	356412.0000	613	376882.0000	-34	-20470.0000	332	208442.0000	316	198453.0000	16	9989.0000
20081103	非金電期貨          	XIF    	B         	0	.0000	0	.0000	0	.0000	45	28314.0000	0	.0000	45	28314.0000
20081103	非金電期貨          	XIF    	C         	46	28317.0000	57	35146.0000	-11	-6829.0000	53	33310.0000	137	86200.0000	-84	-52890.0000
20081104	電子期貨            	EXF    	A         	937	730481.0000	653	509278.0000	284	221203.0000	1102	868325.0000	652	513239.0000	450	355086.0000
20081104	電子期貨            	EXF    	B         	210	164657.0000	261	204190.0000	-51	-39533.0000	204	160793.0000	630	496566.0000	-426	-335773.0000
20081104	電子期貨            	EXF    	C         	442	345489.0000	227	176132.0000	215	169356.0000	3226	2542369.0000	2684	2115529.0000	542	426840.0000
20081104	金融期貨            	FXF    	A         	729	401681.0000	863	473599.0000	-134	-71918.0000	558	313553.0000	362	203836.0000	196	109717.0000
20081104	金融期貨            	FXF    	B         	266	145806.0000	3	1624.0000	263	144182.0000	342	192683.0000	30	16902.0000	312	175781.0000
20081104	金融期貨            	FXF    	C         	470	258963.0000	162	88687.0000	308	170276.0000	1017	572891.0000	2031	1144265.0000	-1014	-571374.0000
20081104	櫃買期貨            	GTF    	A         	164	46051.0000	163	45796.0000	1	255.0000	43	12254.0000	88	24990.0000	-45	-12736.0000
20081104	櫃買期貨            	GTF    	B         	0	.0000	0	.0000	0	.0000	0	.0000	0	.0000	0	.0000
20081104	櫃買期貨            	GTF    	C         	0	.0000	0	.0000	0	.0000	0	.0000	0	.0000	0	.0000
20081104	摩臺期              	MSF    	A         	12	7376.0000	14	8609.0000	-2	-1233.0000	9	5589.0000	19	11798.0000	-10	-6209.0000
20081104	摩臺期              	MSF    	B         	0	.0000	0	.0000	0	.0000	0	.0000	0	.0000	0	.0000
20081104	摩臺期              	MSF    	C         	0	.0000	0	.0000	0	.0000	0	.0000	0	.0000	0	.0000
20081104	小型臺指            	MXF    	A         	10770	2649118.0000	10726	2637348.0000	44	11770.0000	1219	299788.0000	4891	1216614.0000	-3672	-916826.0000
20081104	小型臺指            	MXF    	B         	0	.0000	0	.0000	0	.0000	0	.0000	3	747.0000	-3	-747.0000
20081104	小型臺指            	MXF    	C         	460	113270.0000	710	173886.0000	-250	-60616.0000	11	2692.0000	2015	501937.0000	-2004	-499245.0000
20081104	臺灣50期貨          	T5F    	A         	0	.0000	0	.0000	0	.0000	0	.0000	0	.0000	0	.0000
20081104	臺灣50期貨          	T5F    	B         	0	.0000	0	.0000	0	.0000	0	.0000	0	.0000	0	.0000
20081104	臺灣50期貨          	T5F    	C         	0	.0000	0	.0000	0	.0000	0	.0000	0	.0000	0	.0000
20081104	臺股期貨            	TXF    	A         	25986	25564290.0000	25504	25099400.0000	482	464890.0000	3825	3800884.0000	11008	10908013.0000	-7183	-7107129.0000
20081104	臺股期貨            	TXF    	B         	1171	1149946.0000	774	758887.0000	397	391059.0000	3280	3267951.0000	10897	10852963.0000	-7617	-7585012.0000
20081104	臺股期貨            	TXF    	C         	10004	9854842.0000	11698	11534964.0000	-1694	-1680122.0000	45771	45508395.0000	19189	19086198.0000	26582	26422197.0000
20081104	非金電期貨          	XIF    	A         	703	433073.0000	709	436339.0000	-6	-3266.0000	336	209748.0000	326	203557.0000	10	6191.0000
20081104	非金電期貨          	XIF    	B         	0	.0000	4	2440.0000	-4	-2440.0000	41	25646.0000	0	.0000	41	25646.0000
20081104	非金電期貨          	XIF    	C         	57	35132.0000	50	31018.0000	7	4114.0000	62	38703.0000	139	86945.0000	-77	-48242.0000
20081105	電子期貨            	EXF    	A         	1147	898337.0000	501	390624.0000	646	507713.0000	1630	1247204.0000	534	408203.0000	1096	839001.0000
20081105	電子期貨            	EXF    	B         	25	19634.0000	1366	1069811.0000	-1341	-1050177.0000	204	156142.0000	1971	1508603.0000	-1767	-1352461.0000
20081105	電子期貨            	EXF    	C         	544	424728.0000	302	237713.0000	242	187015.0000	3593	2749713.0000	2809	2150009.0000	784	599704.0000
20081105	金融期貨            	FXF    	A         	818	473226.0000	568	329513.0000	250	143713.0000	801	457819.0000	355	203192.0000	446	254627.0000
20081105	金融期貨            	FXF    	B         	0	.0000	78	45000.0000	-78	-45000.0000	264	151219.0000	30	17184.0000	234	134035.0000
20081105	金融期貨            	FXF    	C         	468	271527.0000	302	173838.0000	166	97689.0000	995	569822.0000	1843	1055670.0000	-848	-485848.0000
20081105	櫃買期貨            	GTF    	A         	330	95504.0000	306	88582.0000	24	6921.0000	66	18664.0000	87	24555.0000	-21	-5891.0000
20081105	櫃買期貨            	GTF    	B         	0	.0000	12	3453.0000	-12	-3453.0000	0	.0000	12	3391.0000	-12	-3391.0000
20081105	櫃買期貨            	GTF    	C         	0	.0000	0	.0000	0	.0000	0	.0000	0	.0000	0	.0000
20081105	摩臺期              	MSF    	A         	7	4333.0000	8	4945.0000	-1	-611.0000	11	6719.0000	22	13438.0000	-11	-6719.0000
20081105	摩臺期              	MSF    	B         	0	.0000	0	.0000	0	.0000	0	.0000	0	.0000	0	.0000
20081105	摩臺期              	MSF    	C         	0	.0000	0	.0000	0	.0000	0	.0000	0	.0000	0	.0000
20081105	小型臺指            	MXF    	A         	10628	2649014.0000	10263	2561271.0000	365	87744.0000	1077	260341.0000	4900	1198843.0000	-3823	-938502.0000
20081105	小型臺指            	MXF    	B         	3	754.0000	0	.0000	3	754.0000	0	.0000	0	.0000	0	.0000
20081105	小型臺指            	MXF    	C         	373	93451.0000	424	105330.0000	-51	-11879.0000	11	2655.0000	2066	506170.0000	-2055	-503515.0000
20081105	臺灣50期貨          	T5F    	A         	0	.0000	0	.0000	0	.0000	0	.0000	0	.0000	0	.0000
20081105	臺灣50期貨          	T5F    	B         	0	.0000	0	.0000	0	.0000	0	.0000	0	.0000	0	.0000
20081105	臺灣50期貨          	T5F    	C         	0	.0000	0	.0000	0	.0000	0	.0000	0	.0000	0	.0000
20081105	臺股期貨            	TXF    	A         	27736	27679312.0000	26665	26608268.0000	1071	1071044.0000	5230	5115925.0000	11213	10928268.0000	-5983	-5812343.0000
20081105	臺股期貨            	TXF    	B         	933	938893.0000	6376	6370345.0000	-5443	-5431452.0000	2479	2429185.0000	15539	15222684.0000	-13060	-12793499.0000
20081105	臺股期貨            	TXF    	C         	8820	8818587.0000	7610	7608507.0000	1210	1210080.0000	46883	45848294.0000	19091	18675584.0000	27792	27172710.0000
20081105	非金電期貨          	XIF    	A         	485	305316.0000	461	289831.0000	24	15484.0000	343	212332.0000	309	191274.0000	34	21058.0000
20081105	非金電期貨          	XIF    	B         	0	.0000	0	.0000	0	.0000	41	25408.0000	0	.0000	41	25408.0000
20081105	非金電期貨          	XIF    	C         	69	43511.0000	16	10096.0000	53	33415.0000	74	45803.0000	98	60731.0000	-24	-14928.0000
20081106	電子期貨            	EXF    	A         	376	268447.0000	259	184810.0000	117	83637.0000	1798	1279827.0000	585	415942.0000	1213	863885.0000
20081106	電子期貨            	EXF    	B         	85	60520.0000	484	345367.0000	-399	-284847.0000	204	145248.0000	2370	1687440.0000	-2166	-1542192.0000
20081106	電子期貨            	EXF    	C         	352	251496.0000	320	227955.0000	32	23540.0000	3872	2756521.0000	3056	2175872.0000	816	580649.0000
20081106	金融期貨            	FXF    	A         	348	186099.0000	285	152301.0000	63	33798.0000	789	419503.0000	280	149042.0000	509	270461.0000
20081106	金融期貨            	FXF    	B         	0	.0000	334	178756.0000	-334	-178756.0000	261	139061.0000	361	192341.0000	-100	-53280.0000
20081106	金融期貨            	FXF    	C         	412	220296.0000	82	43992.0000	330	176304.0000	1367	728231.0000	1885	1004328.0000	-518	-276097.0000
20081106	櫃買期貨            	GTF    	A         	342	91576.0000	305	81679.0000	37	9897.0000	88	23464.0000	72	19177.0000	16	4287.0000
20081106	櫃買期貨            	GTF    	B         	0	.0000	2	538.0000	-2	-538.0000	0	.0000	14	3732.0000	-14	-3732.0000
20081106	櫃買期貨            	GTF    	C         	0	.0000	0	.0000	0	.0000	0	.0000	0	.0000	0	.0000
20081106	摩臺期              	MSF    	A         	2	1143.0000	5	2857.0000	-3	-1714.0000	9	5128.0000	23	13105.0000	-14	-7977.0000
20081106	摩臺期              	MSF    	B         	0	.0000	0	.0000	0	.0000	0	.0000	0	.0000	0	.0000
20081106	摩臺期              	MSF    	C         	0	.0000	0	.0000	0	.0000	0	.0000	0	.0000	0	.0000
20081106	小型臺指            	MXF    	A         	4085	940662.0000	5279	1213857.0000	-1194	-273195.0000	986	221635.0000	5179	1178098.0000	-4193	-956463.0000
20081106	小型臺指            	MXF    	B         	0	.0000	0	.0000	0	.0000	0	.0000	0	.0000	0	.0000
20081106	小型臺指            	MXF    	C         	270	62083.0000	107	24535.0000	163	37548.0000	11	2476.0000	1903	433599.0000	-1892	-431123.0000
20081106	臺灣50期貨          	T5F    	A         	0	.0000	0	.0000	0	.0000	0	.0000	0	.0000	0	.0000
20081106	臺灣50期貨          	T5F    	B         	0	.0000	0	.0000	0	.0000	0	.0000	0	.0000	0	.0000
20081106	臺灣50期貨          	T5F    	C         	0	.0000	0	.0000	0	.0000	0	.0000	0	.0000	0	.0000
20081106	臺股期貨            	TXF    	A         	12131	11157667.0000	12295	11306929.0000	-164	-149262.0000	5457	4964262.0000	11810	10708925.0000	-6353	-5744663.0000
20081106	臺股期貨            	TXF    	B         	685	627524.0000	7877	7242214.0000	-7192	-6614690.0000	2244	2044963.0000	22496	20495437.0000	-20252	-18450474.0000
20081106	臺股期貨            	TXF    	C         	8417	7738885.0000	4255	3907807.0000	4162	3831078.0000	51951	47258584.0000	19997	18193972.0000	31954	29064612.0000
20081106	非金電期貨          	XIF    	A         	378	222050.0000	483	283332.0000	-105	-61283.0000	258	150259.0000	329	191700.0000	-71	-41441.0000
20081106	非金電期貨          	XIF    	B         	0	.0000	0	.0000	0	.0000	41	23919.0000	0	.0000	41	23919.0000
20081106	非金電期貨          	XIF    	C         	136	80366.0000	3	1809.0000	133	78557.0000	165	96195.0000	56	32670.0000	109	63525.0000
20081107	電子期貨            	EXF    	A         	964	659093.0000	1371	940688.0000	-407	-281595.0000	1536	1089638.0000	730	516962.0000	806	572676.0000
20081107	電子期貨            	EXF    	B         	187	129053.0000	309	210332.0000	-122	-81279.0000	204	144799.0000	2492	1768822.0000	-2288	-1624023.0000
20081107	電子期貨            	EXF    	C         	1022	705618.0000	1036	709152.0000	-14	-3534.0000	3814	2706676.0000	3012	2137918.0000	802	568758.0000
20081107	金融期貨            	FXF    	A         	779	416078.0000	1197	650065.0000	-418	-233988.0000	649	360657.0000	558	310952.0000	91	49705.0000
20081107	金融期貨            	FXF    	B         	180	97990.0000	28	14709.0000	152	83281.0000	388	216271.0000	336	187286.0000	52	28985.0000
20081107	金融期貨            	FXF    	C         	276	148320.0000	496	272075.0000	-220	-123754.0000	1175	654829.0000	1913	1066306.0000	-738	-411477.0000
20081107	櫃買期貨            	GTF    	A         	868	229022.0000	878	231676.0000	-10	-2654.0000	83	22718.0000	77	21045.0000	6	1673.0000
20081107	櫃買期貨            	GTF    	B         	0	.0000	0	.0000	0	.0000	0	.0000	14	3836.0000	-14	-3836.0000
20081107	櫃買期貨            	GTF    	C         	0	.0000	0	.0000	0	.0000	0	.0000	0	.0000	0	.0000
20081107	摩臺期              	MSF    	A         	4	2226.0000	6	3313.0000	-2	-1086.0000	11	6275.0000	27	15402.0000	-16	-9127.0000
20081107	摩臺期              	MSF    	B         	0	.0000	0	.0000	0	.0000	0	.0000	0	.0000	0	.0000
20081107	摩臺期              	MSF    	C         	0	.0000	0	.0000	0	.0000	0	.0000	0	.0000	0	.0000
20081107	小型臺指            	MXF    	A         	18623	4176478.0000	16791	3793317.0000	1832	383161.0000	1761	403959.0000	4446	1026926.0000	-2685	-622967.0000
20081107	小型臺指            	MXF    	B         	0	.0000	0	.0000	0	.0000	0	.0000	0	.0000	0	.0000
20081107	小型臺指            	MXF    	C         	157	35823.0000	36	8152.0000	121	27671.0000	11	2498.0000	1782	412533.0000	-1771	-410035.0000
20081107	臺灣50期貨          	T5F    	A         	0	.0000	0	.0000	0	.0000	0	.0000	0	.0000	0	.0000
20081107	臺灣50期貨          	T5F    	B         	0	.0000	0	.0000	0	.0000	0	.0000	0	.0000	0	.0000
20081107	臺灣50期貨          	T5F    	C         	0	.0000	0	.0000	0	.0000	0	.0000	0	.0000	0	.0000
20081107	臺股期貨            	TXF    	A         	34153	30768749.0000	33462	30200487.0000	691	568262.0000	5510	5083610.0000	11091	10204033.0000	-5581	-5120423.0000
20081107	臺股期貨            	TXF    	B         	1497	1362056.0000	6055	5359343.0000	-4558	-3997287.0000	1385	1282208.0000	26195	24235812.0000	-24810	-22953604.0000
20081107	臺股期貨            	TXF    	C         	16791	15083721.0000	11345	10307276.0000	5446	4776445.0000	56450	52158671.0000	19050	17603455.0000	37400	34555216.0000
20081107	非金電期貨          	XIF    	A         	744	434381.0000	808	470429.0000	-64	-36048.0000	309	183817.0000	444	264522.0000	-135	-80705.0000
20081107	非金電期貨          	XIF    	B         	0	.0000	0	.0000	0	.0000	41	24477.0000	0	.0000	41	24477.0000
20081107	非金電期貨          	XIF    	C         	138	79846.0000	59	34851.0000	79	44994.0000	194	115664.0000	6	3582.0000	188	112082.0000
20081110	電子期貨            	EXF    	A         	715	497835.0000	664	462512.0000	51	35323.0000	1646	1146198.0000	789	548753.0000	857	597445.0000
20081110	電子期貨            	EXF    	B         	50	34754.0000	174	120291.0000	-124	-85537.0000	204	142188.0000	2616	1822702.0000	-2412	-1680514.0000
20081110	電子期貨            	EXF    	C         	623	434625.0000	152	105972.0000	471	328653.0000	4317	3008455.0000	3044	2121668.0000	1273	886787.0000
20081110	金融期貨            	FXF    	A         	582	322832.0000	681	377194.0000	-99	-54363.0000	683	376476.0000	691	381768.0000	-8	-5292.0000
20081110	金融期貨            	FXF    	B         	29	16072.0000	0	.0000	29	16072.0000	412	227671.0000	331	182911.0000	81	44760.0000
20081110	金融期貨            	FXF    	C         	369	203821.0000	235	130767.0000	134	73055.0000	1213	670205.0000	1817	1004074.0000	-604	-333869.0000
20081110	櫃買期貨            	GTF    	A         	307	83341.0000	297	80624.0000	10	2717.0000	79	21487.0000	63	17106.0000	16	4381.0000
20081110	櫃買期貨            	GTF    	B         	0	.0000	0	.0000	0	.0000	0	.0000	14	3808.0000	-14	-3808.0000
20081110	櫃買期貨            	GTF    	C         	0	.0000	0	.0000	0	.0000	0	.0000	0	.0000	0	.0000
20081110	摩臺期              	MSF    	A         	4	2279.0000	4	2279.0000	0	.0000	14	7956.0000	30	17049.0000	-16	-9093.0000
20081110	摩臺期              	MSF    	B         	0	.0000	0	.0000	0	.0000	0	.0000	0	.0000	0	.0000
20081110	摩臺期              	MSF    	C         	0	.0000	0	.0000	0	.0000	0	.0000	0	.0000	0	.0000
20081110	小型臺指            	MXF    	A         	11327	2615301.0000	10603	2449452.0000	724	165849.0000	1881	431549.0000	4842	1118942.0000	-2961	-687393.0000
20081110	小型臺指            	MXF    	B         	0	.0000	0	.0000	0	.0000	0	.0000	0	.0000	0	.0000
20081110	小型臺指            	MXF    	C         	364	84125.0000	364	84137.0000	0	-13.0000	11	2507.0000	1782	412889.0000	-1771	-410382.0000
20081110	臺灣50期貨          	T5F    	A         	0	.0000	0	.0000	0	.0000	0	.0000	0	.0000	0	.0000
20081110	臺灣50期貨          	T5F    	B         	0	.0000	0	.0000	0	.0000	0	.0000	0	.0000	0	.0000
20081110	臺灣50期貨          	T5F    	C         	0	.0000	0	.0000	0	.0000	0	.0000	0	.0000	0	.0000
20081110	臺股期貨            	TXF    	A         	19721	18243677.0000	19428	17949899.0000	293	293778.0000	5836	5388942.0000	10874	10013498.0000	-5038	-4624556.0000
20081110	臺股期貨            	TXF    	B         	1269	1172743.0000	1712	1579534.0000	-443	-406791.0000	1196	1108134.0000	26449	24485847.0000	-25253	-23377713.0000
20081110	臺股期貨            	TXF    	C         	10256	9479369.0000	8669	8025669.0000	1587	1453700.0000	59007	54566493.0000	20020	18517370.0000	38987	36049123.0000
20081110	非金電期貨          	XIF    	A         	706	430642.0000	742	452109.0000	-36	-21467.0000	321	197878.0000	492	303383.0000	-171	-105505.0000
20081110	非金電期貨          	XIF    	B         	0	.0000	0	.0000	0	.0000	41	25297.0000	0	.0000	41	25297.0000
20081110	非金電期貨          	XIF    	C         	58	35138.0000	40	24473.0000	18	10665.0000	212	130762.0000	6	3702.0000	206	127060.0000
20081111	電子期貨            	EXF    	A         	964	662563.0000	620	427458.0000	344	235105.0000	1890	1282338.0000	689	466677.0000	1201	815661.0000
20081111	電子期貨            	EXF    	B         	101	70459.0000	756	519302.0000	-655	-448844.0000	204	138557.0000	3271	2220903.0000	-3067	-2082346.0000
20081111	電子期貨            	EXF    	C         	415	284069.0000	219	150777.0000	196	133292.0000	4448	3020124.0000	2979	2023337.0000	1469	996787.0000
20081111	金融期貨            	FXF    	A         	696	364335.0000	386	201841.0000	310	162494.0000	817	419208.0000	515	264557.0000	302	154651.0000
20081111	金融期貨            	FXF    	B         	0	.0000	240	124377.0000	-240	-124377.0000	172	88408.0000	331	170134.0000	-159	-81726.0000
20081111	金融期貨            	FXF    	C         	663	345668.0000	75	39233.0000	588	306435.0000	1738	893192.0000	1754	901556.0000	-16	-8364.0000
20081111	櫃買期貨            	GTF    	A         	249	64442.0000	248	64183.0000	1	259.0000	68	17348.0000	51	12985.0000	17	4363.0000
20081111	櫃買期貨            	GTF    	B         	0	.0000	0	.0000	0	.0000	0	.0000	14	3570.0000	-14	-3570.0000
20081111	櫃買期貨            	GTF    	C         	0	.0000	0	.0000	0	.0000	0	.0000	0	.0000	0	.0000
20081111	摩臺期              	MSF    	A         	5	2817.0000	6	3391.0000	-1	-574.0000	16	8893.0000	33	18341.0000	-17	-9448.0000
20081111	摩臺期              	MSF    	B         	0	.0000	0	.0000	0	.0000	0	.0000	0	.0000	0	.0000
20081111	摩臺期              	MSF    	C         	0	.0000	0	.0000	0	.0000	0	.0000	0	.0000	0	.0000
20081111	小型臺指            	MXF    	A         	12427	2828814.0000	11309	2573797.0000	1118	255017.0000	1922	426009.0000	4413	984750.0000	-2491	-558741.0000
20081111	小型臺指            	MXF    	B         	0	.0000	0	.0000	0	.0000	0	.0000	0	.0000	0	.0000
20081111	小型臺指            	MXF    	C         	683	156166.0000	646	146930.0000	37	9236.0000	12	2636.0000	1746	390842.0000	-1734	-388206.0000
20081111	臺灣50期貨          	T5F    	A         	0	.0000	0	.0000	0	.0000	0	.0000	0	.0000	0	.0000
20081111	臺灣50期貨          	T5F    	B         	0	.0000	0	.0000	0	.0000	0	.0000	0	.0000	0	.0000
20081111	臺灣50期貨          	T5F    	C         	0	.0000	0	.0000	0	.0000	0	.0000	0	.0000	0	.0000
20081111	臺股期貨            	TXF    	A         	21035	19155199.0000	22280	20287994.0000	-1245	-1132795.0000	5642	5028292.0000	11763	10462308.0000	-6121	-5434016.0000
20081111	臺股期貨            	TXF    	B         	2346	2129103.0000	2421	2174948.0000	-75	-45845.0000	1206	1079516.0000	26544	23721214.0000	-25338	-22641698.0000
20081111	臺股期貨            	TXF    	C         	12626	11472487.0000	10009	9121147.0000	2617	2351340.0000	61065	54529470.0000	19461	17385824.0000	41604	37143646.0000
20081111	非金電期貨          	XIF    	A         	856	521729.0000	864	526219.0000	-8	-4490.0000	295	178183.0000	474	285819.0000	-179	-107636.0000
20081111	非金電期貨          	XIF    	B         	0	.0000	0	.0000	0	.0000	41	24682.0000	0	.0000	41	24682.0000
20081111	非金電期貨          	XIF    	C         	34	20774.0000	33	20151.0000	1	624.0000	213	128363.0000	6	3612.0000	207	124751.0000
20081112	電子期貨            	EXF    	A         	867	600526.0000	1031	712815.0000	-164	-112289.0000	1809	1252585.0000	772	533566.0000	1037	719019.0000
20081112	電子期貨            	EXF    	B         	418	288593.0000	282	194963.0000	136	93630.0000	204	141372.0000	3135	2171547.0000	-2931	-2030175.0000
20081112	電子期貨            	EXF    	C         	617	424964.0000	959	662968.0000	-342	-238004.0000	3976	2752546.0000	2849	1974281.0000	1127	778265.0000
20081112	金融期貨            	FXF    	A         	447	228455.0000	568	290826.0000	-121	-62371.0000	744	377542.0000	563	286270.0000	181	91272.0000
20081112	金融期貨            	FXF    	B         	0	.0000	124	62930.0000	-124	-62930.0000	98	49862.0000	381	193853.0000	-283	-143991.0000
20081112	金融期貨            	FXF    	C         	224	114531.0000	235	119130.0000	-11	-4598.0000	1725	877360.0000	1752	891402.0000	-27	-14042.0000
20081112	櫃買期貨            	GTF    	A         	239	61517.0000	233	59975.0000	6	1542.0000	79	20235.0000	56	14322.0000	23	5913.0000
20081112	櫃買期貨            	GTF    	B         	0	.0000	0	.0000	0	.0000	0	.0000	14	3581.0000	-14	-3581.0000
20081112	櫃買期貨            	GTF    	C         	0	.0000	0	.0000	0	.0000	0	.0000	0	.0000	0	.0000
20081112	摩臺期              	MSF    	A         	12	6769.0000	13	7331.0000	-1	-561.0000	22	12404.0000	40	22552.0000	-18	-10148.0000
20081112	摩臺期              	MSF    	B         	0	.0000	0	.0000	0	.0000	0	.0000	0	.0000	0	.0000
20081112	摩臺期              	MSF    	C         	0	.0000	0	.0000	0	.0000	0	.0000	0	.0000	0	.0000
20081112	小型臺指            	MXF    	A         	13681	3085541.0000	13606	3069477.0000	75	16064.0000	1426	317803.0000	4114	926657.0000	-2688	-608854.0000
20081112	小型臺指            	MXF    	B         	0	.0000	0	.0000	0	.0000	0	.0000	0	.0000	0	.0000
20081112	小型臺指            	MXF    	C         	349	79464.0000	295	66504.0000	54	12959.0000	11	2430.0000	1667	376909.0000	-1656	-374479.0000
20081112	臺灣50期貨          	T5F    	A         	0	.0000	0	.0000	0	.0000	0	.0000	0	.0000	0	.0000
20081112	臺灣50期貨          	T5F    	B         	0	.0000	0	.0000	0	.0000	0	.0000	0	.0000	0	.0000
20081112	臺灣50期貨          	T5F    	C         	0	.0000	0	.0000	0	.0000	0	.0000	0	.0000	0	.0000
20081112	臺股期貨            	TXF    	A         	21061	19024745.0000	20876	18857503.0000	185	167241.0000	5671	5097160.0000	11539	10358418.0000	-5868	-5261258.0000
20081112	臺股期貨            	TXF    	B         	3561	3211643.0000	5215	4659496.0000	-1654	-1447853.0000	1289	1165408.0000	28265	25459227.0000	-26976	-24293819.0000
20081112	臺股期貨            	TXF    	C         	13351	11997499.0000	13337	12055584.0000	14	-58085.0000	61731	55607486.0000	20119	18153675.0000	41612	37453811.0000
20081112	非金電期貨          	XIF    	A         	646	384789.0000	623	371025.0000	23	13764.0000	348	207665.0000	504	300903.0000	-156	-93238.0000
20081112	非金電期貨          	XIF    	B         	0	.0000	0	.0000	0	.0000	41	24498.0000	0	.0000	41	24498.0000
20081112	非金電期貨          	XIF    	C         	101	59989.0000	41	24382.0000	60	35606.0000	277	165495.0000	10	5967.0000	267	159528.0000
20081113	電子期貨            	EXF    	A         	532	346292.0000	715	462911.0000	-183	-116619.0000	1869	1212717.0000	1015	654787.0000	854	557930.0000
20081113	電子期貨            	EXF    	B         	175	114387.0000	75	47659.0000	100	66728.0000	204	132478.0000	3035	1968697.0000	-2831	-1836219.0000
20081113	電子期貨            	EXF    	C         	377	241756.0000	461	300225.0000	-84	-58469.0000	4011	2597428.0000	2968	1927333.0000	1043	670095.0000
20081113	金融期貨            	FXF    	A         	163	77428.0000	173	81729.0000	-10	-4301.0000	716	339673.0000	545	258811.0000	171	80862.0000
20081113	金融期貨            	FXF    	B         	0	.0000	0	.0000	0	.0000	98	46570.0000	381	181051.0000	-283	-134481.0000
20081113	金融期貨            	FXF    	C         	78	36785.0000	71	33696.0000	7	3089.0000	1739	825826.0000	1759	835862.0000	-20	-10036.0000
20081113	櫃買期貨            	GTF    	A         	233	56275.0000	231	55781.0000	2	494.0000	84	20239.0000	59	14186.0000	25	6053.0000
20081113	櫃買期貨            	GTF    	B         	0	.0000	0	.0000	0	.0000	0	.0000	14	3374.0000	-14	-3374.0000
20081113	櫃買期貨            	GTF    	C         	0	.0000	0	.0000	0	.0000	0	.0000	0	.0000	0	.0000
20081113	摩臺期              	MSF    	A         	7	3735.0000	7	3735.0000	0	.0000	23	12354.0000	41	22022.0000	-18	-9668.0000
20081113	摩臺期              	MSF    	B         	0	.0000	0	.0000	0	.0000	0	.0000	0	.0000	0	.0000
20081113	摩臺期              	MSF    	C         	0	.0000	0	.0000	0	.0000	0	.0000	0	.0000	0	.0000
20081113	小型臺指            	MXF    	A         	9464	2013276.0000	10057	2139130.0000	-593	-125854.0000	1792	379237.0000	4261	905618.0000	-2469	-526381.0000
20081113	小型臺指            	MXF    	B         	0	.0000	0	.0000	0	.0000	0	.0000	0	.0000	0	.0000
20081113	小型臺指            	MXF    	C         	204	43547.0000	460	98468.0000	-256	-54921.0000	11	2298.0000	1923	411522.0000	-1912	-409224.0000
20081113	臺灣50期貨          	T5F    	A         	0	.0000	0	.0000	0	.0000	0	.0000	0	.0000	0	.0000
20081113	臺灣50期貨          	T5F    	B         	0	.0000	0	.0000	0	.0000	0	.0000	0	.0000	0	.0000
20081113	臺灣50期貨          	T5F    	C         	0	.0000	0	.0000	0	.0000	0	.0000	0	.0000	0	.0000
20081113	臺股期貨            	TXF    	A         	22293	18961735.0000	23257	19799256.0000	-964	-837521.0000	5615	4759996.0000	12650	10752776.0000	-7035	-5992780.0000
20081113	臺股期貨            	TXF    	B         	1957	1665818.0000	2617	2199138.0000	-660	-533320.0000	1452	1239642.0000	29092	24751917.0000	-27640	-23512275.0000
20081113	臺股期貨            	TXF    	C         	14021	11866662.0000	11889	10115010.0000	2132	1751652.0000	63482	54026164.0000	19738	16842234.0000	43744	37183930.0000
20081113	非金電期貨          	XIF    	A         	529	302146.0000	590	337119.0000	-61	-34973.0000	316	182293.0000	533	308167.0000	-217	-125874.0000
20081113	非金電期貨          	XIF    	B         	0	.0000	0	.0000	0	.0000	41	23747.0000	0	.0000	41	23747.0000
20081113	非金電期貨          	XIF    	C         	45	25723.0000	32	18211.0000	13	7512.0000	310	179513.0000	30	17220.0000	280	162293.0000
20081114	電子期貨            	EXF    	A         	646	429301.0000	843	561775.0000	-197	-132474.0000	1709	1132723.0000	1052	694227.0000	657	438496.0000
20081114	電子期貨            	EXF    	B         	670	448018.0000	476	313898.0000	194	134120.0000	204	135334.0000	2841	1878390.0000	-2637	-1743056.0000
20081114	電子期貨            	EXF    	C         	961	638329.0000	468	311747.0000	493	326583.0000	4406	2910389.0000	2870	1903065.0000	1536	1007324.0000
20081114	金融期貨            	FXF    	A         	412	198358.0000	453	218302.0000	-41	-19944.0000	755	358022.0000	625	297318.0000	130	60704.0000
20081114	金融期貨            	FXF    	B         	4	1911.0000	186	90458.0000	-182	-88548.0000	93	44242.0000	558	265720.0000	-465	-221478.0000
20081114	金融期貨            	FXF    	C         	321	154831.0000	191	92442.0000	130	62388.0000	1763	838510.0000	1653	786935.0000	110	51575.0000
20081114	櫃買期貨            	GTF    	A         	356	86327.0000	352	85403.0000	4	923.0000	94	22575.0000	65	15579.0000	29	6996.0000
20081114	櫃買期貨            	GTF    	B         	0	.0000	0	.0000	0	.0000	0	.0000	14	3363.0000	-14	-3363.0000
20081114	櫃買期貨            	GTF    	C         	0	.0000	0	.0000	0	.0000	0	.0000	0	.0000	0	.0000
20081114	摩臺期              	MSF    	A         	4	2154.0000	4	2154.0000	0	.0000	25	13505.0000	43	23236.0000	-18	-9731.0000
20081114	摩臺期              	MSF    	B         	0	.0000	0	.0000	0	.0000	0	.0000	0	.0000	0	.0000
20081114	摩臺期              	MSF    	C         	0	.0000	0	.0000	0	.0000	0	.0000	0	.0000	0	.0000
20081114	小型臺指            	MXF    	A         	12518	2745217.0000	12073	2648317.0000	445	96900.0000	2042	441706.0000	5310	1153505.0000	-3268	-711799.0000
20081114	小型臺指            	MXF    	B         	0	.0000	0	.0000	0	.0000	0	.0000	0	.0000	0	.0000
20081114	小型臺指            	MXF    	C         	225	49639.0000	450	99088.0000	-225	-49449.0000	10	2131.0000	2147	470185.0000	-2137	-468054.0000
20081114	臺灣50期貨          	T5F    	A         	0	.0000	0	.0000	0	.0000	0	.0000	0	.0000	0	.0000
20081114	臺灣50期貨          	T5F    	B         	0	.0000	0	.0000	0	.0000	0	.0000	0	.0000	0	.0000
20081114	臺灣50期貨          	T5F    	C         	0	.0000	0	.0000	0	.0000	0	.0000	0	.0000	0	.0000
20081114	臺股期貨            	TXF    	A         	21918	19264824.0000	22771	20022690.0000	-853	-757866.0000	6108	5286918.0000	13689	11908377.0000	-7581	-6621459.0000
20081114	臺股期貨            	TXF    	B         	5867	5173299.0000	7676	6645857.0000	-1809	-1472558.0000	1420	1240534.0000	30855	26741751.0000	-29435	-25501217.0000
20081114	臺股期貨            	TXF    	C         	18570	16201621.0000	17771	15634431.0000	799	567190.0000	65990	57317148.0000	21447	18729335.0000	44543	38587813.0000
20081114	非金電期貨          	XIF    	A         	564	333924.0000	538	318724.0000	26	15200.0000	318	188116.0000	509	302169.0000	-191	-114053.0000
20081114	非金電期貨          	XIF    	B         	8	4711.0000	8	4747.0000	0	-36.0000	41	24334.0000	0	.0000	41	24334.0000
20081114	非金電期貨          	XIF    	C         	59	34985.0000	97	57497.0000	-38	-22512.0000	312	185526.0000	70	41164.0000	242	144362.0000
20081117	電子期貨            	EXF    	A         	842	546334.0000	626	407932.0000	216	138402.0000	1656	1073174.0000	783	506454.0000	873	566720.0000
20081117	電子期貨            	EXF    	B         	521	339870.0000	362	231891.0000	159	107980.0000	204	130774.0000	2682	1726208.0000	-2478	-1595434.0000
20081117	電子期貨            	EXF    	C         	749	482674.0000	877	568133.0000	-128	-85460.0000	4454	2865523.0000	3046	1970150.0000	1408	895373.0000
20081117	金融期貨            	FXF    	A         	441	215287.0000	438	211370.0000	3	3917.0000	824	404673.0000	691	338799.0000	133	65874.0000
20081117	金融期貨            	FXF    	B         	30	14594.0000	56	27236.0000	-26	-12642.0000	93	45516.0000	584	287247.0000	-491	-241731.0000
20081117	金融期貨            	FXF    	C         	394	189122.0000	341	165041.0000	53	24081.0000	1756	862289.0000	1593	783360.0000	163	78929.0000
20081117	櫃買期貨            	GTF    	A         	289	66656.0000	301	69510.0000	-12	-2854.0000	94	22005.0000	77	18009.0000	17	3996.0000
20081117	櫃買期貨            	GTF    	B         	14	3300.0000	0	.0000	14	3300.0000	0	.0000	0	.0000	0	.0000
20081117	櫃買期貨            	GTF    	C         	0	.0000	0	.0000	0	.0000	0	.0000	0	.0000	0	.0000
20081117	摩臺期              	MSF    	A         	2	1073.0000	2	1073.0000	0	.0000	26	14021.0000	44	23739.0000	-18	-9718.0000
20081117	摩臺期              	MSF    	B         	0	.0000	0	.0000	0	.0000	0	.0000	0	.0000	0	.0000
20081117	摩臺期              	MSF    	C         	0	.0000	0	.0000	0	.0000	0	.0000	0	.0000	0	.0000
20081117	小型臺指            	MXF    	A         	10174	2218197.0000	10052	2189242.0000	122	28956.0000	1390	297686.0000	4808	1037075.0000	-3418	-739389.0000
20081117	小型臺指            	MXF    	B         	0	.0000	0	.0000	0	.0000	0	.0000	0	.0000	0	.0000
20081117	小型臺指            	MXF    	C         	665	144609.0000	451	98006.0000	214	46603.0000	10	2113.0000	1933	421385.0000	-1923	-419272.0000
20081117	臺灣50期貨          	T5F    	A         	0	.0000	0	.0000	0	.0000	0	.0000	0	.0000	0	.0000
20081117	臺灣50期貨          	T5F    	B         	0	.0000	0	.0000	0	.0000	0	.0000	0	.0000	0	.0000
20081117	臺灣50期貨          	T5F    	C         	0	.0000	0	.0000	0	.0000	0	.0000	0	.0000	0	.0000
20081117	臺股期貨            	TXF    	A         	19299	16873321.0000	19152	16748740.0000	147	124581.0000	5944	5106126.0000	13310	11520114.0000	-7366	-6413988.0000
20081117	臺股期貨            	TXF    	B         	6848	5998494.0000	7008	6013552.0000	-160	-15057.0000	1400	1208336.0000	30995	26586379.0000	-29595	-25378043.0000
20081117	臺股期貨            	TXF    	C         	20555	17796924.0000	19857	17321440.0000	698	475485.0000	66755	57502456.0000	21514	18659447.0000	45241	38843009.0000
20081117	非金電期貨          	XIF    	A         	482	289142.0000	479	287328.0000	3	1813.0000	299	179161.0000	487	292695.0000	-188	-113534.0000
20081117	非金電期貨          	XIF    	B         	16	9552.0000	10	6048.0000	6	3504.0000	47	28162.0000	0	.0000	47	28162.0000
20081117	非金電期貨          	XIF    	C         	44	26321.0000	118	70975.0000	-74	-44655.0000	234	140826.0000	66	39356.0000	168	101470.0000
20081118	電子期貨            	EXF    	A         	1751	1059359.0000	1819	1130308.0000	-68	-70950.0000	1748	1051291.0000	943	580410.0000	805	470881.0000
20081118	電子期貨            	EXF    	B         	1044	649872.0000	775	466450.0000	269	183422.0000	204	121301.0000	2413	1446623.0000	-2209	-1325322.0000
20081118	電子期貨            	EXF    	C         	4769	2924708.0000	4760	2900667.0000	9	24041.0000	4878	2921839.0000	3461	2059020.0000	1417	862819.0000
20081118	金融期貨            	FXF    	A         	626	308545.0000	737	364091.0000	-111	-55545.0000	769	377105.0000	747	364581.0000	22	12524.0000
20081118	金融期貨            	FXF    	B         	393	196420.0000	285	139008.0000	108	57412.0000	93	45008.0000	478	233285.0000	-385	-188277.0000
20081118	金融期貨            	FXF    	C         	1411	697274.0000	1412	694919.0000	-1	2355.0000	1744	850133.0000	1582	769901.0000	162	80232.0000
20081118	櫃買期貨            	GTF    	A         	204	45375.0000	194	43159.0000	10	2216.0000	110	24204.0000	83	18256.0000	27	5948.0000
20081118	櫃買期貨            	GTF    	B         	0	.0000	0	.0000	0	.0000	0	.0000	0	.0000	0	.0000
20081118	櫃買期貨            	GTF    	C         	0	.0000	0	.0000	0	.0000	0	.0000	0	.0000	0	.0000
20081118	摩臺期              	MSF    	A         	5	2639.0000	5	2639.0000	0	.0000	30	15797.0000	48	25285.0000	-18	-9488.0000
20081118	摩臺期              	MSF    	B         	0	.0000	0	.0000	0	.0000	0	.0000	0	.0000	0	.0000
20081118	摩臺期              	MSF    	C         	0	.0000	0	.0000	0	.0000	0	.0000	0	.0000	0	.0000
20081118	小型臺指            	MXF    	A         	10989	2333501.0000	11360	2403629.0000	-371	-70127.0000	1398	290229.0000	6015	1254193.0000	-4617	-963964.0000
20081118	小型臺指            	MXF    	B         	0	.0000	0	.0000	0	.0000	0	.0000	0	.0000	0	.0000
20081118	小型臺指            	MXF    	C         	292	62476.0000	948	202640.0000	-656	-140164.0000	10	2036.0000	2589	549503.0000	-2579	-547467.0000
20081118	臺灣50期貨          	T5F    	A         	0	.0000	0	.0000	0	.0000	0	.0000	0	.0000	0	.0000
20081118	臺灣50期貨          	T5F    	B         	0	.0000	0	.0000	0	.0000	0	.0000	0	.0000	0	.0000
20081118	臺灣50期貨          	T5F    	C         	0	.0000	0	.0000	0	.0000	0	.0000	0	.0000	0	.0000
20081118	臺股期貨            	TXF    	A         	20820	17716050.0000	21874	18626015.0000	-1054	-909965.0000	5086	4214342.0000	13299	11175109.0000	-8213	-6960767.0000
20081118	臺股期貨            	TXF    	B         	5050	4320881.0000	6144	5130881.0000	-1094	-809999.0000	1373	1143117.0000	32071	26533581.0000	-30698	-25390464.0000
20081118	臺股期貨            	TXF    	C         	36543	30834575.0000	34783	29453984.0000	1760	1380592.0000	66720	55474562.0000	19719	16465055.0000	47001	39009507.0000
20081118	非金電期貨          	XIF    	A         	1046	616384.0000	964	567688.0000	82	48695.0000	349	208390.0000	455	271879.0000	-106	-63489.0000
20081118	非金電期貨          	XIF    	B         	7	4133.0000	9	5374.0000	-2	-1241.0000	45	26855.0000	0	.0000	45	26855.0000
20081118	非金電期貨          	XIF    	C         	73	43096.0000	114	67839.0000	-41	-24744.0000	165	98627.0000	38	22652.0000	127	75975.0000
20081119	電子期貨            	EXF    	A         	1352	823810.0000	1598	974419.0000	-246	-150610.0000	1459	892054.0000	900	557121.0000	559	334933.0000
20081119	電子期貨            	EXF    	B         	504	310012.0000	941	561842.0000	-437	-251830.0000	214	129256.0000	2862	1745356.0000	-2648	-1616100.0000
20081119	電子期貨            	EXF    	C         	1963	1189626.0000	1477	912369.0000	486	277256.0000	5132	3134928.0000	3230	1972935.0000	1902	1161993.0000
20081119	金融期貨            	FXF    	A         	833	412490.0000	1044	517567.0000	-211	-105077.0000	668	330654.0000	857	422955.0000	-189	-92301.0000
20081119	金融期貨            	FXF    	B         	271	136450.0000	164	80382.0000	107	56067.0000	103	50401.0000	381	187035.0000	-278	-136634.0000
20081119	金融期貨            	FXF    	C         	951	472831.0000	658	329903.0000	293	142928.0000	1662	819056.0000	1213	598301.0000	449	220755.0000
20081119	櫃買期貨            	GTF    	A         	258	55821.0000	289	62646.0000	-31	-6825.0000	92	21087.0000	96	21980.0000	-4	-893.0000
20081119	櫃買期貨            	GTF    	B         	0	.0000	0	.0000	0	.0000	0	.0000	0	.0000	0	.0000
20081119	櫃買期貨            	GTF    	C         	0	.0000	0	.0000	0	.0000	0	.0000	0	.0000	0	.0000
20081119	摩臺期              	MSF    	A         	4	2089.0000	4	2089.0000	0	.0000	33	17371.0000	51	26877.0000	-18	-9506.0000
20081119	摩臺期              	MSF    	B         	0	.0000	0	.0000	0	.0000	0	.0000	0	.0000	0	.0000
20081119	摩臺期              	MSF    	C         	0	.0000	0	.0000	0	.0000	0	.0000	0	.0000	0	.0000
20081119	小型臺指            	MXF    	A         	12126	2535590.0000	12331	2577224.0000	-205	-41635.0000	1046	215409.0000	6740	1411458.0000	-5694	-1196049.0000
20081119	小型臺指            	MXF    	B         	0	.0000	0	.0000	0	.0000	0	.0000	0	.0000	0	.0000
20081119	小型臺指            	MXF    	C         	1587	335792.0000	41	8414.0000	1546	327379.0000	65	13457.0000	1094	233175.0000	-1029	-219718.0000
20081119	臺灣50期貨          	T5F    	A         	0	.0000	0	.0000	0	.0000	0	.0000	0	.0000	0	.0000
20081119	臺灣50期貨          	T5F    	B         	0	.0000	0	.0000	0	.0000	0	.0000	0	.0000	0	.0000
20081119	臺灣50期貨          	T5F    	C         	0	.0000	0	.0000	0	.0000	0	.0000	0	.0000	0	.0000
20081119	臺股期貨            	TXF    	A         	23014	19314296.0000	23218	19474452.0000	-204	-160156.0000	5583	4656078.0000	13782	11615961.0000	-8199	-6959883.0000
20081119	臺股期貨            	TXF    	B         	3498	2950030.0000	4469	3685061.0000	-971	-735030.0000	1583	1320063.0000	33252	27590503.0000	-31669	-26270440.0000
20081119	臺股期貨            	TXF    	C         	18816	15697355.0000	16293	13659279.0000	2523	2038075.0000	69351	57847804.0000	19828	16596026.0000	49523	41251778.0000
20081119	非金電期貨          	XIF    	A         	575	332763.0000	515	298047.0000	60	34716.0000	346	201969.0000	392	229659.0000	-46	-27690.0000
20081119	非金電期貨          	XIF    	B         	14	8074.0000	14	8130.0000	0	-56.0000	45	26190.0000	0	.0000	45	26190.0000
20081119	非金電期貨          	XIF    	C         	81	47144.0000	96	55652.0000	-15	-8509.0000	205	120412.0000	93	54126.0000	112	66286.0000
20081120	電子期貨            	EXF    	A         	713	412277.0000	870	502763.0000	-157	-90487.0000	1038	590531.0000	539	306520.0000	499	284011.0000
20081120	電子期貨            	EXF    	B         	102	58898.0000	251	144987.0000	-149	-86089.0000	216	123034.0000	2311	1316346.0000	-2095	-1193312.0000
20081120	電子期貨            	EXF    	C         	416	240841.0000	237	136498.0000	179	104343.0000	3554	2024358.0000	2027	1154579.0000	1527	869779.0000
20081120	金融期貨            	FXF    	A         	452	207639.0000	461	212398.0000	-9	-4759.0000	300	136522.0000	512	233005.0000	-212	-96483.0000
20081120	金融期貨            	FXF    	B         	0	.0000	0	.0000	0	.0000	102	46410.0000	331	150605.0000	-229	-104195.0000
20081120	金融期貨            	FXF    	C         	211	97807.0000	160	73795.0000	51	24011.0000	1282	583310.0000	867	394485.0000	415	188825.0000
20081120	櫃買期貨            	GTF    	A         	173	36449.0000	162	34110.0000	11	2339.0000	40	8408.0000	29	6061.0000	11	2347.0000
20081120	櫃買期貨            	GTF    	B         	2	415.0000	0	.0000	2	415.0000	2	415.0000	0	.0000	2	415.0000
20081120	櫃買期貨            	GTF    	C         	0	.0000	0	.0000	0	.0000	0	.0000	0	.0000	0	.0000
20081120	摩臺期              	MSF    	A         	5	2463.0000	7	3449.0000	-2	-986.0000	5	2430.0000	7	3403.0000	-2	-973.0000
20081120	摩臺期              	MSF    	B         	0	.0000	0	.0000	0	.0000	0	.0000	0	.0000	0	.0000
20081120	摩臺期              	MSF    	C         	0	.0000	0	.0000	0	.0000	0	.0000	0	.0000	0	.0000
20081120	小型臺指            	MXF    	A         	8255	1628654.0000	7651	1511040.0000	604	117614.0000	1523	295228.0000	5055	984203.0000	-3532	-688975.0000
20081120	小型臺指            	MXF    	B         	0	.0000	0	.0000	0	.0000	0	.0000	0	.0000	0	.0000
20081120	小型臺指            	MXF    	C         	83	16456.0000	615	121761.0000	-532	-105305.0000	10	1914.0000	479	93453.0000	-469	-91539.0000
20081120	臺灣50期貨          	T5F    	A         	0	.0000	0	.0000	0	.0000	0	.0000	0	.0000	0	.0000
20081120	臺灣50期貨          	T5F    	B         	0	.0000	0	.0000	0	.0000	0	.0000	0	.0000	0	.0000
20081120	臺灣50期貨          	T5F    	C         	0	.0000	0	.0000	0	.0000	0	.0000	0	.0000	0	.0000
20081120	臺股期貨            	TXF    	A         	16974	13406522.0000	17080	13499681.0000	-106	-93159.0000	5057	3934326.0000	4890	3765350.0000	167	168976.0000
20081120	臺股期貨            	TXF    	B         	251	196591.0000	2632	2090520.0000	-2381	-1893929.0000	1149	896680.0000	34592	26984924.0000	-33443	-26088244.0000
20081120	臺股期貨            	TXF    	C         	9803	7755113.0000	8464	6702827.0000	1339	1052286.0000	52981	41250258.0000	11569	8984781.0000	41412	32265477.0000
20081120	非金電期貨          	XIF    	A         	364	202503.0000	368	204067.0000	-4	-1564.0000	257	140185.0000	144	78522.0000	113	61663.0000
20081120	非金電期貨          	XIF    	B         	0	.0000	0	.0000	0	.0000	45	24552.0000	0	.0000	45	24552.0000
20081120	非金電期貨          	XIF    	C         	32	17835.0000	27	15206.0000	5	2629.0000	23	12549.0000	96	52378.0000	-73	-39829.0000
20081121	電子期貨            	EXF    	A         	603	357351.0000	725	427589.0000	-122	-70238.0000	984	598899.0000	607	369283.0000	377	229616.0000
20081121	電子期貨            	EXF    	B         	460	272541.0000	313	184108.0000	147	88433.0000	236	143818.0000	2184	1330930.0000	-1948	-1187112.0000
20081121	電子期貨            	EXF    	C         	818	480331.0000	806	476233.0000	12	4098.0000	3986	2428857.0000	2447	1491202.0000	1539	937655.0000
20081121	金融期貨            	FXF    	A         	516	231045.0000	534	236500.0000	-18	-5455.0000	333	154167.0000	563	260728.0000	-230	-106561.0000
20081121	金融期貨            	FXF    	B         	74	33393.0000	180	81790.0000	-106	-48396.0000	146	67686.0000	481	222992.0000	-335	-155306.0000
20081121	金融期貨            	FXF    	C         	278	123613.0000	285	128480.0000	-7	-4867.0000	1342	622130.0000	934	433002.0000	408	189128.0000
20081121	櫃買期貨            	GTF    	A         	280	57412.0000	285	58465.0000	-5	-1053.0000	48	10510.0000	42	9144.0000	6	1366.0000
20081121	櫃買期貨            	GTF    	B         	0	.0000	1	220.0000	-1	-220.0000	2	435.0000	1	220.0000	1	215.0000
20081121	櫃買期貨            	GTF    	C         	0	.0000	0	.0000	0	.0000	0	.0000	0	.0000	0	.0000
20081121	摩臺期              	MSF    	A         	6	2965.0000	8	3940.0000	-2	-975.0000	5	2571.0000	9	4628.0000	-4	-2057.0000
20081121	摩臺期              	MSF    	B         	0	.0000	0	.0000	0	.0000	0	.0000	0	.0000	0	.0000
20081121	摩臺期              	MSF    	C         	0	.0000	0	.0000	0	.0000	0	.0000	0	.0000	0	.0000
20081121	小型臺指            	MXF    	A         	10693	2109645.0000	10939	2166184.0000	-246	-56539.0000	1671	341732.0000	5449	1119736.0000	-3778	-778004.0000
20081121	小型臺指            	MXF    	B         	0	.0000	0	.0000	0	.0000	0	.0000	0	.0000	0	.0000
20081121	小型臺指            	MXF    	C         	338	66238.0000	163	33332.0000	175	32906.0000	10	2014.0000	304	62609.0000	-294	-60595.0000
20081121	臺灣50期貨          	T5F    	A         	0	.0000	0	.0000	0	.0000	0	.0000	0	.0000	0	.0000
20081121	臺灣50期貨          	T5F    	B         	0	.0000	0	.0000	0	.0000	0	.0000	0	.0000	0	.0000
20081121	臺灣50期貨          	T5F    	C         	0	.0000	0	.0000	0	.0000	0	.0000	0	.0000	0	.0000
20081121	臺股期貨            	TXF    	A         	24346	19221285.0000	25144	19904499.0000	-798	-683214.0000	4239	3476271.0000	4870	3953008.0000	-631	-476737.0000
20081121	臺股期貨            	TXF    	B         	3263	2584647.0000	1766	1396926.0000	1497	1187721.0000	1143	941202.0000	33089	27244500.0000	-31946	-26303298.0000
20081121	臺股期貨            	TXF    	C         	12410	9802976.0000	11961	9501063.0000	449	301912.0000	53941	44325410.0000	12080	9902009.0000	41861	34423401.0000
20081121	非金電期貨          	XIF    	A         	679	361753.0000	604	319893.0000	75	41859.0000	307	172143.0000	119	66647.0000	188	105496.0000
20081121	非金電期貨          	XIF    	B         	0	.0000	6	3199.0000	-6	-3199.0000	39	21879.0000	0	.0000	39	21879.0000
20081121	非金電期貨          	XIF    	C         	98	51653.0000	17	9005.0000	81	42648.0000	49	27453.0000	41	23001.0000	8	4452.0000
20081124	電子期貨            	EXF    	A         	939	571451.0000	882	538003.0000	57	33448.0000	989	595813.0000	555	334043.0000	434	261770.0000
20081124	電子期貨            	EXF    	B         	295	180578.0000	489	296248.0000	-194	-115670.0000	236	142355.0000	2378	1434410.0000	-2142	-1292055.0000
20081124	電子期貨            	EXF    	C         	1106	672684.0000	1035	631256.0000	71	41428.0000	4178	2519609.0000	2568	1549018.0000	1610	970591.0000
20081124	金融期貨            	FXF    	A         	434	197345.0000	412	189160.0000	22	8184.0000	311	146752.0000	519	245008.0000	-208	-98256.0000
20081124	金融期貨            	FXF    	B         	0	.0000	76	34402.0000	-76	-34402.0000	146	69029.0000	557	263350.0000	-411	-194321.0000
20081124	金融期貨            	FXF    	C         	346	159562.0000	85	38691.0000	261	120871.0000	1653	781441.0000	984	465235.0000	669	316206.0000
20081124	櫃買期貨            	GTF    	A         	181	38824.0000	184	39477.0000	-3	-653.0000	45	9758.0000	42	9052.0000	3	706.0000
20081124	櫃買期貨            	GTF    	B         	0	.0000	0	.0000	0	.0000	2	427.0000	1	217.0000	1	210.0000
20081124	櫃買期貨            	GTF    	C         	0	.0000	0	.0000	0	.0000	0	.0000	0	.0000	0	.0000
20081124	摩臺期              	MSF    	A         	0	.0000	0	.0000	0	.0000	5	2523.0000	9	4541.0000	-4	-2018.0000
20081124	摩臺期              	MSF    	B         	0	.0000	0	.0000	0	.0000	0	.0000	0	.0000	0	.0000
20081124	摩臺期              	MSF    	C         	0	.0000	0	.0000	0	.0000	0	.0000	0	.0000	0	.0000
20081124	小型臺指            	MXF    	A         	8969	1809479.0000	7834	1579521.0000	1135	229958.0000	1514	304362.0000	4177	843175.0000	-2663	-538813.0000
20081124	小型臺指            	MXF    	B         	0	.0000	0	.0000	0	.0000	0	.0000	0	.0000	0	.0000
20081124	小型臺指            	MXF    	C         	186	37839.0000	379	76192.0000	-193	-38353.0000	10	1992.0000	497	100593.0000	-487	-98601.0000
20081124	臺灣50期貨          	T5F    	A         	0	.0000	0	.0000	0	.0000	0	.0000	0	.0000	0	.0000
20081124	臺灣50期貨          	T5F    	B         	0	.0000	0	.0000	0	.0000	0	.0000	0	.0000	0	.0000
20081124	臺灣50期貨          	T5F    	C         	0	.0000	0	.0000	0	.0000	0	.0000	0	.0000	0	.0000
20081124	臺股期貨            	TXF    	A         	17961	14493036.0000	18492	14926511.0000	-531	-433475.0000	3961	3193615.0000	5118	4095051.0000	-1157	-901436.0000
20081124	臺股期貨            	TXF    	B         	1117	907188.0000	1046	844007.0000	71	63181.0000	1183	957383.0000	33058	26750486.0000	-31875	-25793103.0000
20081124	臺股期貨            	TXF    	C         	7905	6383154.0000	6434	5192229.0000	1471	1190925.0000	55071	44487630.0000	11739	9458025.0000	43332	35029605.0000
20081124	非金電期貨          	XIF    	A         	518	282234.0000	586	319315.0000	-68	-37081.0000	226	124713.0000	106	58341.0000	120	66372.0000
20081124	非金電期貨          	XIF    	B         	0	.0000	0	.0000	0	.0000	39	21544.0000	0	.0000	39	21544.0000
20081124	非金電期貨          	XIF    	C         	63	34262.0000	95	52094.0000	-32	-17832.0000	62	34142.0000	86	47506.0000	-24	-13364.0000
20081125	電子期貨            	EXF    	A         	716	454476.0000	951	603917.0000	-235	-149441.0000	877	555137.0000	678	428833.0000	199	126304.0000
20081125	電子期貨            	EXF    	B         	67	42321.0000	200	126635.0000	-133	-84314.0000	251	159184.0000	2526	1601989.0000	-2275	-1442805.0000
20081125	電子期貨            	EXF    	C         	707	447011.0000	212	134375.0000	495	312636.0000	4320	2738635.0000	2215	1404753.0000	2105	1333882.0000
20081125	金融期貨            	FXF    	A         	287	142855.0000	428	213313.0000	-141	-70457.0000	204	100542.0000	553	272998.0000	-349	-172456.0000
20081125	金融期貨            	FXF    	B         	68	33760.0000	32	16113.0000	36	17648.0000	146	72153.0000	521	257478.0000	-375	-185325.0000
20081125	金融期貨            	FXF    	C         	204	100528.0000	258	127186.0000	-54	-26658.0000	1590	785653.0000	975	481845.0000	615	303808.0000
20081125	櫃買期貨            	GTF    	A         	601	133312.0000	631	140198.0000	-30	-6886.0000	37	8283.0000	64	14363.0000	-27	-6080.0000
20081125	櫃買期貨            	GTF    	B         	0	.0000	2	454.0000	-2	-454.0000	2	448.0000	3	677.0000	-1	-229.0000
20081125	櫃買期貨            	GTF    	C         	0	.0000	0	.0000	0	.0000	0	.0000	0	.0000	0	.0000
20081125	摩臺期              	MSF    	A         	9	4689.0000	12	6259.0000	-3	-1570.0000	5	2639.0000	12	6339.0000	-7	-3700.0000
20081125	摩臺期              	MSF    	B         	0	.0000	0	.0000	0	.0000	0	.0000	0	.0000	0	.0000
20081125	摩臺期              	MSF    	C         	0	.0000	0	.0000	0	.0000	0	.0000	0	.0000	0	.0000
20081125	小型臺指            	MXF    	A         	10130	2128106.0000	9124	1915564.0000	1006	212542.0000	1567	326640.0000	3276	685289.0000	-1709	-358649.0000
20081125	小型臺指            	MXF    	B         	0	.0000	0	.0000	0	.0000	0	.0000	0	.0000	0	.0000
20081125	小型臺指            	MXF    	C         	396	83645.0000	550	114837.0000	-154	-31192.0000	10	2059.0000	651	136645.0000	-641	-134586.0000
20081125	臺灣50期貨          	T5F    	A         	0	.0000	0	.0000	0	.0000	0	.0000	0	.0000	0	.0000
20081125	臺灣50期貨          	T5F    	B         	0	.0000	0	.0000	0	.0000	0	.0000	0	.0000	0	.0000
20081125	臺灣50期貨          	T5F    	C         	0	.0000	0	.0000	0	.0000	0	.0000	0	.0000	0	.0000
20081125	臺股期貨            	TXF    	A         	23091	19407127.0000	22315	18754419.0000	776	652708.0000	4973	4159533.0000	5341	4426138.0000	-368	-266605.0000
20081125	臺股期貨            	TXF    	B         	729	615207.0000	1831	1538488.0000	-1102	-923281.0000	1243	1043155.0000	34218	28715839.0000	-32975	-27672684.0000
20081125	臺股期貨            	TXF    	C         	9242	7771138.0000	9544	8022459.0000	-302	-251321.0000	55287	46310681.0000	12257	10242845.0000	43030	36067836.0000
20081125	非金電期貨          	XIF    	A         	478	266398.0000	490	272840.0000	-12	-6443.0000	217	121262.0000	109	60549.0000	108	60713.0000
20081125	非金電期貨          	XIF    	B         	0	.0000	0	.0000	0	.0000	39	21817.0000	0	.0000	39	21817.0000
20081125	非金電期貨          	XIF    	C         	88	48944.0000	57	31907.0000	31	17037.0000	79	43879.0000	72	40277.0000	7	3602.0000
20081126	電子期貨            	EXF    	A         	540	340286.0000	271	170778.0000	269	169507.0000	991	619250.0000	523	326381.0000	468	292869.0000
20081126	電子期貨            	EXF    	B         	15	9499.0000	203	127857.0000	-188	-118358.0000	211	132044.0000	2654	1660873.0000	-2443	-1528829.0000
20081126	電子期貨            	EXF    	C         	271	171130.0000	170	106842.0000	101	64288.0000	4484	2805323.0000	2278	1425572.0000	2206	1379751.0000
20081126	金融期貨            	FXF    	A         	284	142930.0000	510	256430.0000	-226	-113501.0000	263	132101.0000	838	421449.0000	-575	-289348.0000
20081126	金融期貨            	FXF    	B         	55	27687.0000	44	22203.0000	11	5484.0000	157	79034.0000	502	252707.0000	-345	-173673.0000
20081126	金融期貨            	FXF    	C         	211	106489.0000	135	67614.0000	76	38875.0000	1674	842549.0000	983	494842.0000	691	347707.0000
20081126	櫃買期貨            	GTF    	A         	194	43799.0000	187	42227.0000	7	1572.0000	42	9574.0000	62	14146.0000	-20	-4572.0000
20081126	櫃買期貨            	GTF    	B         	0	.0000	1	227.0000	-1	-227.0000	2	454.0000	4	917.0000	-2	-463.0000
20081126	櫃買期貨            	GTF    	C         	0	.0000	0	.0000	0	.0000	0	.0000	0	.0000	0	.0000
20081126	摩臺期              	MSF    	A         	3	1550.0000	5	2601.0000	-2	-1050.0000	4	2087.0000	13	6792.0000	-9	-4705.0000
20081126	摩臺期              	MSF    	B         	0	.0000	0	.0000	0	.0000	0	.0000	0	.0000	0	.0000
20081126	摩臺期              	MSF    	C         	0	.0000	0	.0000	0	.0000	0	.0000	0	.0000	0	.0000
20081126	小型臺指            	MXF    	A         	9462	1997269.0000	8766	1849059.0000	696	148210.0000	1835	383337.0000	3012	630966.0000	-1177	-247629.0000
20081126	小型臺指            	MXF    	B         	0	.0000	0	.0000	0	.0000	0	.0000	0	.0000	0	.0000
20081126	小型臺指            	MXF    	C         	371	78516.0000	145	30485.0000	226	48031.0000	10	2061.0000	425	89378.0000	-415	-87317.0000
20081126	臺灣50期貨          	T5F    	A         	0	.0000	0	.0000	0	.0000	0	.0000	0	.0000	0	.0000
20081126	臺灣50期貨          	T5F    	B         	0	.0000	0	.0000	0	.0000	0	.0000	0	.0000	0	.0000
20081126	臺灣50期貨          	T5F    	C         	0	.0000	0	.0000	0	.0000	0	.0000	0	.0000	0	.0000
20081126	臺股期貨            	TXF    	A         	18371	15509065.0000	19102	16125965.0000	-731	-616899.0000	4300	3601778.0000	5358	4450493.0000	-1058	-848715.0000
20081126	臺股期貨            	TXF    	B         	633	534329.0000	889	749411.0000	-256	-215082.0000	1308	1099770.0000	34485	28995746.0000	-33177	-27895976.0000
20081126	臺股期貨            	TXF    	C         	7574	6395282.0000	5428	4584561.0000	2146	1810721.0000	57401	48181213.0000	12225	10237203.0000	45176	37944010.0000
20081126	非金電期貨          	XIF    	A         	547	308500.0000	573	323311.0000	-26	-14811.0000	212	120277.0000	130	73502.0000	82	46775.0000
20081126	非金電期貨          	XIF    	B         	0	.0000	0	.0000	0	.0000	39	22148.0000	0	.0000	39	22148.0000
20081126	非金電期貨          	XIF    	C         	95	53888.0000	77	43562.0000	18	10327.0000	81	45799.0000	56	31802.0000	25	13997.0000
20081127	電子期貨            	EXF    	A         	733	480220.0000	634	418829.0000	99	61391.0000	952	627238.0000	385	253014.0000	567	374224.0000
20081127	電子期貨            	EXF    	B         	433	288021.0000	860	562352.0000	-427	-274330.0000	418	275713.0000	3288	2168765.0000	-2870	-1893052.0000
20081127	電子期貨            	EXF    	C         	610	401647.0000	149	98559.0000	461	303088.0000	4664	3075683.0000	1997	1317221.0000	2667	1758462.0000
20081127	金融期貨            	FXF    	A         	627	333514.0000	201	107009.0000	426	226506.0000	283	152088.0000	432	232202.0000	-149	-80114.0000
20081127	金融期貨            	FXF    	B         	15	7975.0000	45	23632.0000	-30	-15657.0000	127	68402.0000	502	270377.0000	-375	-201975.0000
20081127	金融期貨            	FXF    	C         	157	82187.0000	228	120802.0000	-71	-38615.0000	1686	907927.0000	1059	570377.0000	627	337550.0000
20081127	櫃買期貨            	GTF    	A         	209	49742.0000	215	51131.0000	-6	-1389.0000	42	10078.0000	68	16327.0000	-26	-6249.0000
20081127	櫃買期貨            	GTF    	B         	0	.0000	5	1207.0000	-5	-1207.0000	2	480.0000	9	2169.0000	-7	-1689.0000
20081127	櫃買期貨            	GTF    	C         	0	.0000	0	.0000	0	.0000	0	.0000	0	.0000	0	.0000
20081127	摩臺期              	MSF    	A         	4	2211.0000	5	2756.0000	-1	-545.0000	3	1649.0000	13	7159.0000	-10	-5510.0000
20081127	摩臺期              	MSF    	B         	0	.0000	0	.0000	0	.0000	0	.0000	0	.0000	0	.0000
20081127	摩臺期              	MSF    	C         	0	.0000	0	.0000	0	.0000	0	.0000	0	.0000	0	.0000
20081127	小型臺指            	MXF    	A         	9413	2064244.0000	7980	1755306.0000	1433	308938.0000	2387	525187.0000	2207	485800.0000	180	39387.0000
20081127	小型臺指            	MXF    	B         	0	.0000	0	.0000	0	.0000	0	.0000	0	.0000	0	.0000
20081127	小型臺指            	MXF    	C         	333	72676.0000	63	13935.0000	270	58741.0000	10	2165.0000	155	34317.0000	-145	-32152.0000
20081127	臺灣50期貨          	T5F    	A         	0	.0000	0	.0000	0	.0000	0	.0000	0	.0000	0	.0000
20081127	臺灣50期貨          	T5F    	B         	0	.0000	0	.0000	0	.0000	0	.0000	0	.0000	0	.0000
20081127	臺灣50期貨          	T5F    	C         	0	.0000	0	.0000	0	.0000	0	.0000	0	.0000	0	.0000
20081127	臺股期貨            	TXF    	A         	15226	13369629.0000	17637	15516363.0000	-2411	-2146734.0000	3370	2967673.0000	6820	5974684.0000	-3450	-3007011.0000
20081127	臺股期貨            	TXF    	B         	6295	5571270.0000	546	477748.0000	5749	5093522.0000	1383	1224301.0000	28815	25503914.0000	-27432	-24279613.0000
20081127	臺股期貨            	TXF    	C         	7026	6179015.0000	11336	9977466.0000	-4310	-3798451.0000	53940	47649848.0000	13074	11525840.0000	40866	36124008.0000
20081127	非金電期貨          	XIF    	A         	465	269594.0000	485	281400.0000	-20	-11806.0000	207	121872.0000	145	85066.0000	62	36806.0000
20081127	非金電期貨          	XIF    	B         	0	.0000	0	.0000	0	.0000	39	22991.0000	0	.0000	39	22991.0000
20081127	非金電期貨          	XIF    	C         	63	36848.0000	37	21591.0000	26	15257.0000	89	52226.0000	38	22401.0000	51	29825.0000
20081128	電子期貨            	EXF    	A         	641	426544.0000	470	313396.0000	171	113149.0000	1126	756963.0000	388	259838.0000	738	497125.0000
20081128	電子期貨            	EXF    	B         	244	163652.0000	120	80068.0000	124	83584.0000	418	281314.0000	3164	2129372.0000	-2746	-1848058.0000
20081128	電子期貨            	EXF    	C         	459	305885.0000	446	296902.0000	13	8983.0000	4831	3249998.0000	2151	1447623.0000	2680	1802375.0000
20081128	金融期貨            	FXF    	A         	312	165718.0000	492	262050.0000	-180	-96332.0000	295	159431.0000	624	337465.0000	-329	-178034.0000
20081128	金融期貨            	FXF    	B         	150	80063.0000	0	.0000	150	80063.0000	277	149968.0000	502	271783.0000	-225	-121815.0000
20081128	金融期貨            	FXF    	C         	111	59080.0000	96	51077.0000	15	8003.0000	1727	934845.0000	1085	587419.0000	642	347426.0000
20081128	櫃買期貨            	GTF    	A         	210	50539.0000	210	50546.0000	0	-7.0000	46	11100.0000	72	17395.0000	-26	-6295.0000
20081128	櫃買期貨            	GTF    	B         	0	.0000	3	726.0000	-3	-726.0000	2	484.0000	12	2904.0000	-10	-2420.0000
20081128	櫃買期貨            	GTF    	C         	0	.0000	0	.0000	0	.0000	0	.0000	0	.0000	0	.0000
20081128	摩臺期              	MSF    	A         	5	2762.0000	5	2762.0000	0	.0000	2	1113.0000	12	6697.0000	-10	-5584.0000
20081128	摩臺期              	MSF    	B         	0	.0000	0	.0000	0	.0000	0	.0000	0	.0000	0	.0000
20081128	摩臺期              	MSF    	C         	0	.0000	0	.0000	0	.0000	0	.0000	0	.0000	0	.0000
20081128	小型臺指            	MXF    	A         	6223	1377772.0000	5211	1153912.0000	1012	223860.0000	3383	750603.0000	2247	498046.0000	1136	252557.0000
20081128	小型臺指            	MXF    	B         	0	.0000	0	.0000	0	.0000	0	.0000	0	.0000	0	.0000
20081128	小型臺指            	MXF    	C         	47	10418.0000	206	45573.0000	-159	-35155.0000	10	2181.0000	314	70006.0000	-304	-67825.0000
20081128	臺灣50期貨          	T5F    	A         	0	.0000	0	.0000	0	.0000	0	.0000	0	.0000	0	.0000
20081128	臺灣50期貨          	T5F    	B         	0	.0000	0	.0000	0	.0000	0	.0000	0	.0000	0	.0000
20081128	臺灣50期貨          	T5F    	C         	0	.0000	0	.0000	0	.0000	0	.0000	0	.0000	0	.0000
20081128	臺股期貨            	TXF    	A         	11833	10478949.0000	12688	11238433.0000	-855	-759484.0000	3614	3204277.0000	7905	6976971.0000	-4291	-3772694.0000
20081128	臺股期貨            	TXF    	B         	3671	3252447.0000	964	855783.0000	2707	2396664.0000	1483	1322108.0000	26208	23356590.0000	-24725	-22034482.0000
20081128	臺股期貨            	TXF    	C         	7360	6525599.0000	7022	6219641.0000	338	305958.0000	54991	48907981.0000	13787	12237962.0000	41204	36670019.0000
20081128	非金電期貨          	XIF    	A         	338	197381.0000	355	207442.0000	-17	-10061.0000	193	112876.0000	148	86344.0000	45	26532.0000
20081128	非金電期貨          	XIF    	B         	0	.0000	0	.0000	0	.0000	39	22831.0000	0	.0000	39	22831.0000
20081128	非金電期貨          	XIF    	C         	78	45830.0000	98	57542.0000	-20	-11712.0000	81	47246.0000	50	29270.0000	31	17976.0000
