20090601	電子期貨            	EXF    	A         	726	793652.0000	887	969764.0000	-161	-176112.0000	792	863731.0000	874	952334.0000	-82	-88603.0000
20090601	電子期貨            	EXF    	B         	0	.0000	3	3273.0000	-3	-3273.0000	199	217507.0000	84	91812.0000	115	125695.0000
20090601	電子期貨            	EXF    	C         	510	557937.0000	505	552169.0000	5	5768.0000	2409	2633037.0000	2335	2552155.0000	74	80882.0000
20090601	金融期貨            	FXF    	A         	549	474555.0000	870	752110.0000	-321	-277555.0000	613	531066.0000	716	620288.0000	-103	-89222.0000
20090601	金融期貨            	FXF    	B         	18	15592.0000	7	6072.0000	11	9519.0000	164	142188.0000	208	180336.0000	-44	-38148.0000
20090601	金融期貨            	FXF    	C         	460	398069.0000	681	589177.0000	-221	-191108.0000	1803	1563201.0000	3152	2732784.0000	-1349	-1169583.0000
20090601	櫃買期貨            	GTF    	A         	1423	615754.0000	1410	609940.0000	13	5814.0000	64	28223.0000	87	38372.0000	-23	-10149.0000
20090601	櫃買期貨            	GTF    	B         	0	.0000	0	.0000	0	.0000	0	.0000	0	.0000	0	.0000
20090601	櫃買期貨            	GTF    	C         	0	.0000	0	.0000	0	.0000	0	.0000	0	.0000	0	.0000
20090601	摩臺期              	MSF    	A         	0	.0000	0	.0000	0	.0000	3	2439.0000	0	.0000	3	2439.0000
20090601	摩臺期              	MSF    	B         	0	.0000	0	.0000	0	.0000	0	.0000	0	.0000	0	.0000
20090601	摩臺期              	MSF    	C         	0	.0000	0	.0000	0	.0000	0	.0000	0	.0000	0	.0000
20090601	小型臺指            	MXF    	A         	8958	3108450.0000	9809	3402782.0000	-851	-294332.0000	1896	648939.0000	3444	1195360.0000	-1548	-546421.0000
20090601	小型臺指            	MXF    	B         	0	.0000	0	.0000	0	.0000	16	5566.0000	0	.0000	16	5566.0000
20090601	小型臺指            	MXF    	C         	337	116928.0000	942	326760.0000	-605	-209832.0000	116	40351.0000	377	131139.0000	-261	-90788.0000
20090601	臺灣50期貨          	T5F    	A         	0	.0000	0	.0000	0	.0000	0	.0000	0	.0000	0	.0000
20090601	臺灣50期貨          	T5F    	B         	0	.0000	0	.0000	0	.0000	0	.0000	0	.0000	0	.0000
20090601	臺灣50期貨          	T5F    	C         	0	.0000	0	.0000	0	.0000	0	.0000	0	.0000	0	.0000
20090601	臺股期貨            	TXF    	A         	16089	22334607.0000	14768	20493343.0000	1321	1841263.0000	5460	7490702.0000	3613	5013142.0000	1847	2477560.0000
20090601	臺股期貨            	TXF    	B         	349	484971.0000	156	217255.0000	193	267716.0000	1374	1911784.0000	1775	2458659.0000	-401	-546875.0000
20090601	臺股期貨            	TXF    	C         	4212	5850111.0000	5898	8185235.0000	-1686	-2335124.0000	24207	33589618.0000	17789	24594178.0000	6418	8995440.0000
20090601	非金電期貨          	XIF    	A         	549	460027.0000	553	463121.0000	-4	-3094.0000	274	230659.0000	314	263735.0000	-40	-33076.0000
20090601	非金電期貨          	XIF    	B         	0	.0000	0	.0000	0	.0000	17	14345.0000	0	.0000	17	14345.0000
20090601	非金電期貨          	XIF    	C         	5	4182.0000	0	.0000	5	4182.0000	39	32908.0000	68	57378.0000	-29	-24470.0000
20090602	電子期貨            	EXF    	A         	622	683091.0000	729	801233.0000	-107	-118142.0000	719	782699.0000	908	987392.0000	-189	-204693.0000
20090602	電子期貨            	EXF    	B         	3	3271.0000	0	.0000	3	3271.0000	200	218240.0000	82	89478.0000	118	128762.0000
20090602	電子期貨            	EXF    	C         	564	620907.0000	339	370749.0000	225	250158.0000	2441	2663619.0000	2142	2337350.0000	299	326269.0000
20090602	金融期貨            	FXF    	A         	808	704780.0000	525	454172.0000	283	250608.0000	714	608068.0000	534	454551.0000	180	153517.0000
20090602	金融期貨            	FXF    	B         	108	95044.0000	0	.0000	108	95044.0000	164	139761.0000	100	85220.0000	64	54541.0000
20090602	金融期貨            	FXF    	C         	525	454350.0000	696	605048.0000	-171	-150698.0000	1423	1212681.0000	2943	2508025.0000	-1520	-1295344.0000
20090602	櫃買期貨            	GTF    	A         	783	338800.0000	751	324719.0000	32	14081.0000	97	41411.0000	88	37431.0000	9	3980.0000
20090602	櫃買期貨            	GTF    	B         	0	.0000	0	.0000	0	.0000	0	.0000	0	.0000	0	.0000
20090602	櫃買期貨            	GTF    	C         	0	.0000	0	.0000	0	.0000	0	.0000	0	.0000	0	.0000
20090602	摩臺期              	MSF    	A         	0	.0000	0	.0000	0	.0000	3	2430.0000	0	.0000	3	2430.0000
20090602	摩臺期              	MSF    	B         	0	.0000	0	.0000	0	.0000	0	.0000	0	.0000	0	.0000
20090602	摩臺期              	MSF    	C         	0	.0000	0	.0000	0	.0000	0	.0000	0	.0000	0	.0000
20090602	小型臺指            	MXF    	A         	11339	3950666.0000	11302	3936983.0000	37	13683.0000	2836	969405.0000	3531	1217356.0000	-695	-247951.0000
20090602	小型臺指            	MXF    	B         	0	.0000	17	5867.0000	-17	-5867.0000	16	5534.0000	17	5880.0000	-1	-346.0000
20090602	小型臺指            	MXF    	C         	783	272908.0000	962	334666.0000	-179	-61758.0000	137	47388.0000	577	199584.0000	-440	-152196.0000
20090602	臺灣50期貨          	T5F    	A         	0	.0000	0	.0000	0	.0000	0	.0000	0	.0000	0	.0000
20090602	臺灣50期貨          	T5F    	B         	0	.0000	0	.0000	0	.0000	0	.0000	0	.0000	0	.0000
20090602	臺灣50期貨          	T5F    	C         	0	.0000	0	.0000	0	.0000	0	.0000	0	.0000	0	.0000
20090602	臺股期貨            	TXF    	A         	18740	26135267.0000	18355	25594295.0000	385	540972.0000	5811	7912596.0000	3783	5213494.0000	2028	2699102.0000
20090602	臺股期貨            	TXF    	B         	250	348460.0000	283	394967.0000	-33	-46507.0000	1309	1811132.0000	1754	2415512.0000	-445	-604380.0000
20090602	臺股期貨            	TXF    	C         	4080	5691276.0000	7426	10332074.0000	-3346	-4640798.0000	23730	32736705.0000	20658	28396091.0000	3072	4340614.0000
20090602	非金電期貨          	XIF    	A         	689	578415.0000	651	546344.0000	38	32071.0000	304	254466.0000	306	255619.0000	-2	-1153.0000
20090602	非金電期貨          	XIF    	B         	0	.0000	0	.0000	0	.0000	17	14260.0000	0	.0000	17	14260.0000
20090602	非金電期貨          	XIF    	C         	1	838.0000	0	.0000	1	838.0000	40	33552.0000	68	57038.0000	-28	-23486.0000
20090603	電子期貨            	EXF    	A         	709	773054.0000	509	555070.0000	200	217983.0000	784	854575.0000	773	840814.0000	11	13761.0000
20090603	電子期貨            	EXF    	B         	3	3270.0000	155	169346.0000	-152	-166076.0000	200	218520.0000	234	255668.0000	-34	-37148.0000
20090603	電子期貨            	EXF    	C         	212	231452.0000	688	750563.0000	-476	-519111.0000	2174	2375312.0000	2351	2568703.0000	-177	-193391.0000
20090603	金融期貨            	FXF    	A         	363	307892.0000	885	749916.0000	-522	-442025.0000	586	496548.0000	928	786453.0000	-342	-289905.0000
20090603	金融期貨            	FXF    	B         	100	85067.0000	10	8488.0000	90	76579.0000	154	130592.0000	0	.0000	154	130592.0000
20090603	金融期貨            	FXF    	C         	170	144129.0000	190	160809.0000	-20	-16681.0000	1403	1189744.0000	2943	2495664.0000	-1540	-1305920.0000
20090603	櫃買期貨            	GTF    	A         	632	264018.0000	628	262258.0000	4	1760.0000	104	44039.0000	91	38427.0000	13	5612.0000
20090603	櫃買期貨            	GTF    	B         	0	.0000	0	.0000	0	.0000	0	.0000	0	.0000	0	.0000
20090603	櫃買期貨            	GTF    	C         	1	425.0000	0	.0000	1	425.0000	1	425.0000	0	.0000	1	425.0000
20090603	摩臺期              	MSF    	A         	2	1645.0000	1	823.0000	1	822.0000	4	3258.0000	0	.0000	4	3258.0000
20090603	摩臺期              	MSF    	B         	0	.0000	0	.0000	0	.0000	0	.0000	0	.0000	0	.0000
20090603	摩臺期              	MSF    	C         	0	.0000	0	.0000	0	.0000	0	.0000	0	.0000	0	.0000
20090603	小型臺指            	MXF    	A         	9142	3146640.0000	10599	3647577.0000	-1457	-500938.0000	2916	994087.0000	3940	1353803.0000	-1024	-359716.0000
20090603	小型臺指            	MXF    	B         	0	.0000	0	.0000	0	.0000	16	5518.0000	17	5862.0000	-1	-344.0000
20090603	小型臺指            	MXF    	C         	919	316516.0000	469	161547.0000	450	154969.0000	49	16898.0000	39	13449.0000	10	3449.0000
20090603	臺灣50期貨          	T5F    	A         	0	.0000	0	.0000	0	.0000	0	.0000	0	.0000	0	.0000
20090603	臺灣50期貨          	T5F    	B         	0	.0000	0	.0000	0	.0000	0	.0000	0	.0000	0	.0000
20090603	臺灣50期貨          	T5F    	C         	0	.0000	0	.0000	0	.0000	0	.0000	0	.0000	0	.0000
20090603	臺股期貨            	TXF    	A         	15801	21766394.0000	15274	21031800.0000	527	734594.0000	6439	8749138.0000	4166	5722497.0000	2273	3026641.0000
20090603	臺股期貨            	TXF    	B         	152	209326.0000	564	776705.0000	-412	-567379.0000	1219	1681165.0000	2076	2851904.0000	-857	-1170739.0000
20090603	臺股期貨            	TXF    	C         	3871	5332729.0000	5331	7340093.0000	-1460	-2007364.0000	22905	31495937.0000	21293	29177239.0000	1612	2318698.0000
20090603	非金電期貨          	XIF    	A         	598	494750.0000	606	501131.0000	-8	-6381.0000	298	247230.0000	308	254816.0000	-10	-7586.0000
20090603	非金電期貨          	XIF    	B         	0	.0000	0	.0000	0	.0000	17	14147.0000	0	.0000	17	14147.0000
20090603	非金電期貨          	XIF    	C         	0	.0000	1	838.0000	-1	-838.0000	39	32456.0000	68	56590.0000	-29	-24134.0000
20090604	電子期貨            	EXF    	A         	1387	1489671.0000	840	900594.0000	547	589077.0000	1151	1237625.0000	593	634896.0000	558	602729.0000
20090604	電子期貨            	EXF    	B         	2	2146.0000	359	385302.0000	-357	-383156.0000	200	215400.0000	591	636507.0000	-391	-421107.0000
20090604	電子期貨            	EXF    	C         	756	811207.0000	1003	1078662.0000	-247	-267455.0000	2347	2527719.0000	2771	2984367.0000	-424	-456648.0000
20090604	金融期貨            	FXF    	A         	975	812526.0000	1054	878950.0000	-79	-66425.0000	441	363755.0000	862	711080.0000	-421	-347325.0000
20090604	金融期貨            	FXF    	B         	0	.0000	9	7430.0000	-9	-7430.0000	145	119770.0000	0	.0000	145	119770.0000
20090604	金融期貨            	FXF    	C         	551	457394.0000	792	670323.0000	-241	-212928.0000	1276	1053976.0000	3057	2525082.0000	-1781	-1471106.0000
20090604	櫃買期貨            	GTF    	A         	344	144231.0000	335	140405.0000	9	3826.0000	114	48531.0000	92	39054.0000	22	9477.0000
20090604	櫃買期貨            	GTF    	B         	0	.0000	0	.0000	0	.0000	0	.0000	0	.0000	0	.0000
20090604	櫃買期貨            	GTF    	C         	0	.0000	0	.0000	0	.0000	1	428.0000	0	.0000	1	428.0000
20090604	摩臺期              	MSF    	A         	0	.0000	0	.0000	0	.0000	4	3203.0000	0	.0000	4	3203.0000
20090604	摩臺期              	MSF    	B         	0	.0000	0	.0000	0	.0000	0	.0000	0	.0000	0	.0000
20090604	摩臺期              	MSF    	C         	0	.0000	0	.0000	0	.0000	0	.0000	0	.0000	0	.0000
20090604	小型臺指            	MXF    	A         	13525	4583463.0000	15227	5168531.0000	-1702	-585068.0000	3438	1154902.0000	5672	1917803.0000	-2234	-762901.0000
20090604	小型臺指            	MXF    	B         	5	1698.0000	0	.0000	5	1698.0000	16	5428.0000	12	4071.0000	4	1357.0000
20090604	小型臺指            	MXF    	C         	565	191057.0000	1317	447676.0000	-752	-256620.0000	30	10178.0000	772	261901.0000	-742	-251723.0000
20090604	臺灣50期貨          	T5F    	A         	0	.0000	0	.0000	0	.0000	0	.0000	0	.0000	0	.0000
20090604	臺灣50期貨          	T5F    	B         	0	.0000	0	.0000	0	.0000	0	.0000	0	.0000	0	.0000
20090604	臺灣50期貨          	T5F    	C         	0	.0000	0	.0000	0	.0000	0	.0000	0	.0000	0	.0000
20090604	臺股期貨            	TXF    	A         	22503	30533675.0000	23264	31560108.0000	-761	-1026432.0000	6670	8923166.0000	5281	7139635.0000	1389	1783531.0000
20090604	臺股期貨            	TXF    	B         	462	627702.0000	425	577074.0000	37	50628.0000	1334	1810220.0000	2154	2911863.0000	-820	-1101643.0000
20090604	臺股期貨            	TXF    	C         	5246	7112438.0000	9724	13251395.0000	-4478	-6138956.0000	21508	29088238.0000	24373	32878820.0000	-2865	-3790582.0000
20090604	非金電期貨          	XIF    	A         	685	558169.0000	592	481862.0000	93	76308.0000	390	318869.0000	307	250252.0000	83	68617.0000
20090604	非金電期貨          	XIF    	B         	0	.0000	0	.0000	0	.0000	17	13937.0000	0	.0000	17	13937.0000
20090604	非金電期貨          	XIF    	C         	0	.0000	147	119543.0000	-147	-119543.0000	39	31972.0000	215	176257.0000	-176	-144285.0000
20090605	電子期貨            	EXF    	A         	619	666367.0000	705	758660.0000	-86	-92292.0000	1140	1227217.0000	668	716532.0000	472	510685.0000
20090605	電子期貨            	EXF    	B         	61	65851.0000	1	1077.0000	60	64774.0000	200	215680.0000	531	572630.0000	-331	-356950.0000
20090605	電子期貨            	EXF    	C         	222	238983.0000	316	340060.0000	-94	-101077.0000	2290	2469536.0000	2808	3028147.0000	-518	-558611.0000
20090605	金融期貨            	FXF    	A         	654	541974.0000	665	549980.0000	-11	-8006.0000	365	303426.0000	797	662636.0000	-432	-359210.0000
20090605	金融期貨            	FXF    	B         	0	.0000	0	.0000	0	.0000	145	120756.0000	0	.0000	145	120756.0000
20090605	金融期貨            	FXF    	C         	208	172110.0000	145	120168.0000	63	51942.0000	1282	1067650.0000	3000	2498400.0000	-1718	-1430750.0000
20090605	櫃買期貨            	GTF    	A         	351	148198.0000	361	152526.0000	-10	-4328.0000	104	44673.0000	92	39437.0000	12	5236.0000
20090605	櫃買期貨            	GTF    	B         	0	.0000	0	.0000	0	.0000	0	.0000	0	.0000	0	.0000
20090605	櫃買期貨            	GTF    	C         	0	.0000	1	431.0000	-1	-431.0000	0	.0000	0	.0000	0	.0000
20090605	摩臺期              	MSF    	A         	0	.0000	1	802.0000	-1	-802.0000	3	2373.0000	0	.0000	3	2373.0000
20090605	摩臺期              	MSF    	B         	0	.0000	0	.0000	0	.0000	0	.0000	0	.0000	0	.0000
20090605	摩臺期              	MSF    	C         	0	.0000	0	.0000	0	.0000	0	.0000	0	.0000	0	.0000
20090605	小型臺指            	MXF    	A         	8877	3005851.0000	8662	2932254.0000	215	73597.0000	3776	1270421.0000	5815	1967542.0000	-2039	-697121.0000
20090605	小型臺指            	MXF    	B         	12	4079.0000	0	.0000	12	4079.0000	16	5434.0000	0	.0000	16	5434.0000
20090605	小型臺指            	MXF    	C         	343	116168.0000	333	112685.0000	10	3484.0000	39	13244.0000	771	261832.0000	-732	-248588.0000
20090605	臺灣50期貨          	T5F    	A         	0	.0000	0	.0000	0	.0000	0	.0000	0	.0000	0	.0000
20090605	臺灣50期貨          	T5F    	B         	0	.0000	0	.0000	0	.0000	0	.0000	0	.0000	0	.0000
20090605	臺灣50期貨          	T5F    	C         	0	.0000	0	.0000	0	.0000	0	.0000	0	.0000	0	.0000
20090605	臺股期貨            	TXF    	A         	14563	19737945.0000	14447	19567790.0000	116	170154.0000	6344	8489805.0000	4834	6536494.0000	1510	1953311.0000
20090605	臺股期貨            	TXF    	B         	267	362285.0000	274	371440.0000	-7	-9156.0000	1321	1794429.0000	2148	2906679.0000	-827	-1112250.0000
20090605	臺股期貨            	TXF    	C         	3314	4489401.0000	2893	3917293.0000	421	572108.0000	21492	29095105.0000	23981	32378129.0000	-2489	-3283024.0000
20090605	非金電期貨          	XIF    	A         	937	760973.0000	965	783802.0000	-28	-22829.0000	366	298357.0000	311	252903.0000	55	45454.0000
20090605	非金電期貨          	XIF    	B         	0	.0000	0	.0000	0	.0000	17	13898.0000	0	.0000	17	13898.0000
20090605	非金電期貨          	XIF    	C         	158	128993.0000	40	32637.0000	118	96356.0000	79	64583.0000	137	111998.0000	-58	-47415.0000
20090606	電子期貨            	EXF    	A         	276	297909.0000	243	262282.0000	33	35627.0000	1214	1310755.0000	709	763056.0000	505	547699.0000
20090606	電子期貨            	EXF    	B         	0	.0000	0	.0000	0	.0000	200	216280.0000	531	574223.0000	-331	-357943.0000
20090606	電子期貨            	EXF    	C         	29	31321.0000	29	31320.0000	0	1.0000	2290	2476406.0000	2808	3036571.0000	-518	-560165.0000
20090606	金融期貨            	FXF    	A         	261	217648.0000	216	180064.0000	45	37584.0000	373	311736.0000	760	635372.0000	-387	-323636.0000
20090606	金融期貨            	FXF    	B         	0	.0000	0	.0000	0	.0000	145	121336.0000	0	.0000	145	121336.0000
20090606	金融期貨            	FXF    	C         	23	19163.0000	24	20015.0000	-1	-851.0000	1282	1072778.0000	3001	2511237.0000	-1719	-1438459.0000
20090606	櫃買期貨            	GTF    	A         	145	61763.0000	171	72984.0000	-26	-11221.0000	92	40063.0000	106	46117.0000	-14	-6054.0000
20090606	櫃買期貨            	GTF    	B         	0	.0000	0	.0000	0	.0000	0	.0000	0	.0000	0	.0000
20090606	櫃買期貨            	GTF    	C         	0	.0000	0	.0000	0	.0000	0	.0000	0	.0000	0	.0000
20090606	摩臺期              	MSF    	A         	0	.0000	0	.0000	0	.0000	3	2380.0000	0	.0000	3	2380.0000
20090606	摩臺期              	MSF    	B         	0	.0000	0	.0000	0	.0000	0	.0000	0	.0000	0	.0000
20090606	摩臺期              	MSF    	C         	0	.0000	0	.0000	0	.0000	0	.0000	0	.0000	0	.0000
20090606	小型臺指            	MXF    	A         	5357	1823942.0000	4123	1404616.0000	1234	419326.0000	4013	1358635.0000	4794	1630262.0000	-781	-271627.0000
20090606	小型臺指            	MXF    	B         	0	.0000	0	.0000	0	.0000	16	5466.0000	0	.0000	16	5466.0000
20090606	小型臺指            	MXF    	C         	43	14631.0000	35	11921.0000	8	2710.0000	47	16055.0000	771	263374.0000	-724	-247319.0000
20090606	臺灣50期貨          	T5F    	A         	0	.0000	0	.0000	0	.0000	0	.0000	0	.0000	0	.0000
20090606	臺灣50期貨          	T5F    	B         	0	.0000	0	.0000	0	.0000	0	.0000	0	.0000	0	.0000
20090606	臺灣50期貨          	T5F    	C         	0	.0000	0	.0000	0	.0000	0	.0000	0	.0000	0	.0000
20090606	臺股期貨            	TXF    	A         	8478	11556653.0000	7018	9569236.0000	1460	1987417.0000	7638	10309286.0000	4674	6355943.0000	2964	3953343.0000
20090606	臺股期貨            	TXF    	B         	164	223729.0000	130	177155.0000	34	46575.0000	1297	1772203.0000	2090	2844661.0000	-793	-1072458.0000
20090606	臺股期貨            	TXF    	C         	251	342132.0000	264	360540.0000	-13	-18407.0000	21550	29347224.0000	24052	32669191.0000	-2502	-3321967.0000
20090606	非金電期貨          	XIF    	A         	307	248539.0000	290	234405.0000	17	14135.0000	375	309619.0000	303	249617.0000	72	60002.0000
20090606	非金電期貨          	XIF    	B         	0	.0000	0	.0000	0	.0000	17	14066.0000	0	.0000	17	14066.0000
20090606	非金電期貨          	XIF    	C         	0	.0000	0	.0000	0	.0000	79	65365.0000	137	113354.0000	-58	-47989.0000
20090608	電子期貨            	EXF    	A         	899	957181.0000	1090	1163390.0000	-191	-206209.0000	1089	1147144.0000	775	813792.0000	314	333352.0000
20090608	電子期貨            	EXF    	B         	0	.0000	60	63856.0000	-60	-63856.0000	200	211080.0000	591	623741.0000	-391	-412661.0000
20090608	電子期貨            	EXF    	C         	1163	1241774.0000	1124	1196552.0000	39	45222.0000	3012	3178865.0000	3491	3684401.0000	-479	-505536.0000
20090608	金融期貨            	FXF    	A         	1101	895122.0000	1100	893345.0000	1	1777.0000	306	243689.0000	692	551275.0000	-386	-307586.0000
20090608	金融期貨            	FXF    	B         	0	.0000	10	8250.0000	-10	-8250.0000	135	107703.0000	0	.0000	135	107703.0000
20090608	金融期貨            	FXF    	C         	507	412033.0000	289	235606.0000	218	176428.0000	1241	990070.0000	2742	2187568.0000	-1501	-1197498.0000
20090608	櫃買期貨            	GTF    	A         	227	97069.0000	203	86715.0000	24	10354.0000	109	46111.0000	99	41789.0000	10	4322.0000
20090608	櫃買期貨            	GTF    	B         	0	.0000	0	.0000	0	.0000	0	.0000	0	.0000	0	.0000
20090608	櫃買期貨            	GTF    	C         	0	.0000	0	.0000	0	.0000	0	.0000	0	.0000	0	.0000
20090608	摩臺期              	MSF    	A         	0	.0000	0	.0000	0	.0000	3	2350.0000	0	.0000	3	2350.0000
20090608	摩臺期              	MSF    	B         	0	.0000	0	.0000	0	.0000	0	.0000	0	.0000	0	.0000
20090608	摩臺期              	MSF    	C         	0	.0000	0	.0000	0	.0000	0	.0000	0	.0000	0	.0000
20090608	小型臺指            	MXF    	A         	15685	5266321.0000	17783	5976661.0000	-2098	-710340.0000	4282	1410867.0000	7049	2332915.0000	-2767	-922048.0000
20090608	小型臺指            	MXF    	B         	0	.0000	0	.0000	0	.0000	16	5316.0000	0	.0000	16	5316.0000
20090608	小型臺指            	MXF    	C         	628	211362.0000	840	282062.0000	-212	-70700.0000	86	28574.0000	1022	339560.0000	-936	-310986.0000
20090608	臺灣50期貨          	T5F    	A         	0	.0000	0	.0000	0	.0000	0	.0000	0	.0000	0	.0000
20090608	臺灣50期貨          	T5F    	B         	0	.0000	0	.0000	0	.0000	0	.0000	0	.0000	0	.0000
20090608	臺灣50期貨          	T5F    	C         	0	.0000	0	.0000	0	.0000	0	.0000	0	.0000	0	.0000
20090608	臺股期貨            	TXF    	A         	22100	29714419.0000	24206	32555429.0000	-2106	-2841010.0000	6932	9087982.0000	6102	8066092.0000	830	1021890.0000
20090608	臺股期貨            	TXF    	B         	174	233218.0000	760	1025177.0000	-586	-791959.0000	1079	1433973.0000	2458	3255863.0000	-1379	-1821890.0000
20090608	臺股期貨            	TXF    	C         	6865	9204631.0000	7394	9947623.0000	-529	-742993.0000	21504	28472082.0000	24535	32414097.0000	-3031	-3942015.0000
20090608	非金電期貨          	XIF    	A         	1009	812346.0000	1078	868250.0000	-69	-55904.0000	306	245062.0000	303	242073.0000	3	2989.0000
20090608	非金電期貨          	XIF    	B         	0	.0000	0	.0000	0	.0000	17	13702.0000	0	.0000	17	13702.0000
20090608	非金電期貨          	XIF    	C         	68	55362.0000	0	.0000	68	55362.0000	142	114452.0000	132	106392.0000	10	8060.0000
20090609	電子期貨            	EXF    	A         	1170	1214938.0000	921	955405.0000	249	259533.0000	1412	1442982.0000	849	864866.0000	563	578116.0000
20090609	電子期貨            	EXF    	B         	0	.0000	0	.0000	0	.0000	200	204680.0000	591	604829.0000	-391	-400149.0000
20090609	電子期貨            	EXF    	C         	399	414714.0000	664	689435.0000	-265	-274721.0000	2905	2972977.0000	3649	3734387.0000	-744	-761410.0000
20090609	金融期貨            	FXF    	A         	1112	855132.0000	1331	1029861.0000	-219	-174729.0000	319	241185.0000	924	698930.0000	-605	-457745.0000
20090609	金融期貨            	FXF    	B         	0	.0000	35	27692.0000	-35	-27692.0000	125	94650.0000	25	18930.0000	100	75720.0000
20090609	金融期貨            	FXF    	C         	476	367256.0000	540	414218.0000	-64	-46961.0000	1334	1010105.0000	2899	2195123.0000	-1565	-1185018.0000
20090609	櫃買期貨            	GTF    	A         	134	54735.0000	147	59991.0000	-13	-5256.0000	108	43606.0000	111	44700.0000	-3	-1094.0000
20090609	櫃買期貨            	GTF    	B         	0	.0000	0	.0000	0	.0000	0	.0000	0	.0000	0	.0000
20090609	櫃買期貨            	GTF    	C         	0	.0000	0	.0000	0	.0000	0	.0000	0	.0000	0	.0000
20090609	摩臺期              	MSF    	A         	0	.0000	0	.0000	0	.0000	3	2276.0000	0	.0000	3	2276.0000
20090609	摩臺期              	MSF    	B         	0	.0000	0	.0000	0	.0000	0	.0000	0	.0000	0	.0000
20090609	摩臺期              	MSF    	C         	0	.0000	0	.0000	0	.0000	0	.0000	0	.0000	0	.0000
20090609	小型臺指            	MXF    	A         	19429	6309207.0000	20134	6545325.0000	-705	-236119.0000	5204	1656337.0000	7592	2423790.0000	-2388	-767453.0000
20090609	小型臺指            	MXF    	B         	0	.0000	16	5280.0000	-16	-5280.0000	0	.0000	0	.0000	0	.0000
20090609	小型臺指            	MXF    	C         	1195	387967.0000	1008	326428.0000	187	61539.0000	105	33674.0000	854	273878.0000	-749	-240204.0000
20090609	臺灣50期貨          	T5F    	A         	0	.0000	0	.0000	0	.0000	0	.0000	0	.0000	0	.0000
20090609	臺灣50期貨          	T5F    	B         	0	.0000	0	.0000	0	.0000	0	.0000	0	.0000	0	.0000
20090609	臺灣50期貨          	T5F    	C         	0	.0000	0	.0000	0	.0000	0	.0000	0	.0000	0	.0000
20090609	臺股期貨            	TXF    	A         	28338	36802979.0000	27831	36204567.0000	507	598412.0000	8434	10692947.0000	7368	9402882.0000	1066	1290065.0000
20090609	臺股期貨            	TXF    	B         	398	516911.0000	690	889356.0000	-292	-372444.0000	1167	1497028.0000	2836	3622613.0000	-1669	-2125585.0000
20090609	臺股期貨            	TXF    	C         	7527	9790679.0000	11591	15051119.0000	-4064	-5260440.0000	21032	26865970.0000	28132	35894778.0000	-7100	-9028808.0000
20090609	非金電期貨          	XIF    	A         	1049	821855.0000	1016	795828.0000	33	26027.0000	353	273593.0000	317	245060.0000	36	28533.0000
20090609	非金電期貨          	XIF    	B         	0	.0000	0	.0000	0	.0000	17	13257.0000	0	.0000	17	13257.0000
20090609	非金電期貨          	XIF    	C         	1	783.0000	10	7775.0000	-9	-6992.0000	133	103713.0000	132	102934.0000	1	779.0000
20090610	電子期貨            	EXF    	A         	567	586315.0000	647	668988.0000	-80	-82673.0000	1352	1394574.0000	869	893947.0000	483	500627.0000
20090610	電子期貨            	EXF    	B         	180	186435.0000	40	41298.0000	140	145137.0000	200	206600.0000	451	465883.0000	-251	-259283.0000
20090610	電子期貨            	EXF    	C         	353	365320.0000	180	186166.0000	173	179154.0000	2946	3043218.0000	3517	3633061.0000	-571	-589843.0000
20090610	金融期貨            	FXF    	A         	685	523251.0000	787	600719.0000	-102	-77469.0000	355	271412.0000	1062	812402.0000	-707	-540990.0000
20090610	金融期貨            	FXF    	B         	0	.0000	7	5284.0000	-7	-5284.0000	118	90341.0000	25	19140.0000	93	71201.0000
20090610	金融期貨            	FXF    	C         	276	210448.0000	251	191543.0000	25	18905.0000	1457	1115479.0000	2997	2294449.0000	-1540	-1178970.0000
20090610	櫃買期貨            	GTF    	A         	135	53442.0000	126	49824.0000	9	3619.0000	107	42474.0000	101	39964.0000	6	2510.0000
20090610	櫃買期貨            	GTF    	B         	0	.0000	0	.0000	0	.0000	0	.0000	0	.0000	0	.0000
20090610	櫃買期貨            	GTF    	C         	0	.0000	0	.0000	0	.0000	0	.0000	0	.0000	0	.0000
20090610	摩臺期              	MSF    	A         	0	.0000	1	778.0000	-1	-778.0000	2	1522.0000	0	.0000	2	1522.0000
20090610	摩臺期              	MSF    	B         	0	.0000	0	.0000	0	.0000	0	.0000	0	.0000	0	.0000
20090610	摩臺期              	MSF    	C         	0	.0000	0	.0000	0	.0000	0	.0000	0	.0000	0	.0000
20090610	小型臺指            	MXF    	A         	13609	4388361.0000	12212	3937470.0000	1397	450891.0000	5853	1877848.0000	6300	2022267.0000	-447	-144419.0000
20090610	小型臺指            	MXF    	B         	0	.0000	0	.0000	0	.0000	0	.0000	0	.0000	0	.0000
20090610	小型臺指            	MXF    	C         	722	233027.0000	308	99363.0000	414	133664.0000	86	27778.0000	421	135983.0000	-335	-108205.0000
20090610	臺灣50期貨          	T5F    	A         	0	.0000	0	.0000	0	.0000	0	.0000	0	.0000	0	.0000
20090610	臺灣50期貨          	T5F    	B         	0	.0000	0	.0000	0	.0000	0	.0000	0	.0000	0	.0000
20090610	臺灣50期貨          	T5F    	C         	0	.0000	0	.0000	0	.0000	0	.0000	0	.0000	0	.0000
20090610	臺股期貨            	TXF    	A         	17789	22962527.0000	17956	23169333.0000	-167	-206807.0000	7809	9958457.0000	7046	9055009.0000	763	903448.0000
20090610	臺股期貨            	TXF    	B         	538	694859.0000	678	869963.0000	-140	-175104.0000	1120	1447040.0000	2929	3763589.0000	-1809	-2316549.0000
20090610	臺股期貨            	TXF    	C         	6800	8766773.0000	6266	8083770.0000	534	683003.0000	21401	27520812.0000	27967	35932581.0000	-6566	-8411769.0000
20090610	非金電期貨          	XIF    	A         	933	720425.0000	1011	781036.0000	-78	-60612.0000	266	205863.0000	308	238255.0000	-42	-32392.0000
20090610	非金電期貨          	XIF    	B         	0	.0000	0	.0000	0	.0000	17	13246.0000	0	.0000	17	13246.0000
20090610	非金電期貨          	XIF    	C         	76	59202.0000	0	.0000	76	59202.0000	209	162853.0000	132	102854.0000	77	59999.0000
20090611	電子期貨            	EXF    	A         	930	960729.0000	1018	1049175.0000	-88	-88446.0000	1267	1316247.0000	872	903423.0000	395	412824.0000
20090611	電子期貨            	EXF    	B         	278	286949.0000	0	.0000	278	286949.0000	200	208120.0000	173	180024.0000	27	28096.0000
20090611	電子期貨            	EXF    	C         	411	425267.0000	446	460822.0000	-35	-35555.0000	2968	3088501.0000	3574	3718972.0000	-606	-630471.0000
20090611	金融期貨            	FXF    	A         	890	677626.0000	570	433820.0000	320	243805.0000	394	304198.0000	781	603184.0000	-387	-298986.0000
20090611	金融期貨            	FXF    	B         	0	.0000	0	.0000	0	.0000	118	91238.0000	25	19330.0000	93	71908.0000
20090611	金融期貨            	FXF    	C         	283	216457.0000	448	342058.0000	-165	-125601.0000	1284	992789.0000	2989	2311024.0000	-1705	-1318235.0000
20090611	櫃買期貨            	GTF    	A         	168	67100.0000	187	74803.0000	-19	-7703.0000	89	35923.0000	102	41052.0000	-13	-5129.0000
20090611	櫃買期貨            	GTF    	B         	0	.0000	0	.0000	0	.0000	0	.0000	0	.0000	0	.0000
20090611	櫃買期貨            	GTF    	C         	0	.0000	0	.0000	0	.0000	0	.0000	0	.0000	0	.0000
20090611	摩臺期              	MSF    	A         	0	.0000	0	.0000	0	.0000	2	1529.0000	0	.0000	2	1529.0000
20090611	摩臺期              	MSF    	B         	0	.0000	0	.0000	0	.0000	0	.0000	0	.0000	0	.0000
20090611	摩臺期              	MSF    	C         	0	.0000	0	.0000	0	.0000	0	.0000	0	.0000	0	.0000
20090611	小型臺指            	MXF    	A         	21491	6932833.0000	20209	6519539.0000	1282	413294.0000	6190	2004888.0000	4579	1480279.0000	1611	524609.0000
20090611	小型臺指            	MXF    	B         	0	.0000	0	.0000	0	.0000	0	.0000	0	.0000	0	.0000
20090611	小型臺指            	MXF    	C         	1246	403420.0000	1241	400364.0000	5	3056.0000	200	65170.0000	530	172701.0000	-330	-107531.0000
20090611	臺灣50期貨          	T5F    	A         	0	.0000	0	.0000	0	.0000	0	.0000	0	.0000	0	.0000
20090611	臺灣50期貨          	T5F    	B         	0	.0000	0	.0000	0	.0000	0	.0000	0	.0000	0	.0000
20090611	臺灣50期貨          	T5F    	C         	0	.0000	0	.0000	0	.0000	0	.0000	0	.0000	0	.0000
20090611	臺股期貨            	TXF    	A         	26768	34582317.0000	26383	34075387.0000	385	506930.0000	7462	9597570.0000	6508	8441760.0000	954	1155810.0000
20090611	臺股期貨            	TXF    	B         	689	887786.0000	313	400201.0000	376	487585.0000	1248	1626553.0000	2681	3472767.0000	-1433	-1846214.0000
20090611	臺股期貨            	TXF    	C         	6599	8518992.0000	5658	7302903.0000	941	1216089.0000	21192	27489743.0000	26817	34745816.0000	-5625	-7256073.0000
20090611	非金電期貨          	XIF    	A         	908	708269.0000	926	721039.0000	-18	-12770.0000	264	207763.0000	324	254078.0000	-60	-46315.0000
20090611	非金電期貨          	XIF    	B         	0	.0000	0	.0000	0	.0000	17	13437.0000	0	.0000	17	13437.0000
20090611	非金電期貨          	XIF    	C         	83	63976.0000	83	65040.0000	0	-1064.0000	256	201463.0000	179	141482.0000	77	59981.0000
20090612	電子期貨            	EXF    	A         	556	573236.0000	838	863875.0000	-282	-290639.0000	1163	1188683.0000	1050	1071188.0000	113	117495.0000
20090612	電子期貨            	EXF    	B         	0	.0000	0	.0000	0	.0000	200	204800.0000	173	177152.0000	27	27648.0000
20090612	電子期貨            	EXF    	C         	445	458843.0000	305	313441.0000	140	145402.0000	3214	3291136.0000	3680	3767530.0000	-466	-476394.0000
20090612	金融期貨            	FXF    	A         	765	585862.0000	589	450732.0000	176	135131.0000	398	300282.0000	609	459578.0000	-211	-159296.0000
20090612	金融期貨            	FXF    	B         	0	.0000	1	769.0000	-1	-769.0000	117	88429.0000	25	18895.0000	92	69534.0000
20090612	金融期貨            	FXF    	C         	416	319053.0000	339	259063.0000	77	59990.0000	1323	999923.0000	2951	2229879.0000	-1628	-1229956.0000
20090612	櫃買期貨            	GTF    	A         	242	98206.0000	207	83918.0000	35	14288.0000	129	52113.0000	107	43051.0000	22	9062.0000
20090612	櫃買期貨            	GTF    	B         	0	.0000	0	.0000	0	.0000	0	.0000	0	.0000	0	.0000
20090612	櫃買期貨            	GTF    	C         	0	.0000	0	.0000	0	.0000	0	.0000	0	.0000	0	.0000
20090612	摩臺期              	MSF    	A         	0	.0000	0	.0000	0	.0000	2	1503.0000	0	.0000	2	1503.0000
20090612	摩臺期              	MSF    	B         	0	.0000	0	.0000	0	.0000	0	.0000	0	.0000	0	.0000
20090612	摩臺期              	MSF    	C         	0	.0000	0	.0000	0	.0000	0	.0000	0	.0000	0	.0000
20090612	小型臺指            	MXF    	A         	17619	5716250.0000	17043	5524203.0000	576	192048.0000	6712	2150135.0000	4885	1559127.0000	1827	591008.0000
20090612	小型臺指            	MXF    	B         	0	.0000	0	.0000	0	.0000	0	.0000	0	.0000	0	.0000
20090612	小型臺指            	MXF    	C         	364	118110.0000	775	251465.0000	-411	-133356.0000	290	93409.0000	1031	332085.0000	-741	-238676.0000
20090612	臺灣50期貨          	T5F    	A         	0	.0000	0	.0000	0	.0000	0	.0000	0	.0000	0	.0000
20090612	臺灣50期貨          	T5F    	B         	0	.0000	0	.0000	0	.0000	0	.0000	0	.0000	0	.0000
20090612	臺灣50期貨          	T5F    	C         	0	.0000	0	.0000	0	.0000	0	.0000	0	.0000	0	.0000
20090612	臺股期貨            	TXF    	A         	22589	29309228.0000	24247	31445084.0000	-1658	-2135856.0000	7680	9753232.0000	8294	10632729.0000	-614	-879497.0000
20090612	臺股期貨            	TXF    	B         	78	101062.0000	438	566537.0000	-360	-465475.0000	1225	1577809.0000	3018	3865825.0000	-1793	-2288016.0000
20090612	臺股期貨            	TXF    	C         	9522	12344379.0000	6352	8229176.0000	3170	4115204.0000	22809	29239430.0000	25294	32370838.0000	-2485	-3131408.0000
20090612	非金電期貨          	XIF    	A         	1226	968084.0000	1232	972633.0000	-6	-4549.0000	344	269815.0000	410	320358.0000	-66	-50543.0000
20090612	非金電期貨          	XIF    	B         	0	.0000	0	.0000	0	.0000	17	13393.0000	0	.0000	17	13393.0000
20090612	非金電期貨          	XIF    	C         	22	17254.0000	10	7897.0000	12	9357.0000	256	200561.0000	167	131563.0000	89	68998.0000
20090615	電子期貨            	EXF    	A         	1545	1523158.0000	1779	1756709.0000	-234	-233550.0000	566	553924.0000	687	673586.0000	-121	-119662.0000
20090615	電子期貨            	EXF    	B         	58	57160.0000	12	11811.0000	46	45349.0000	196	192727.0000	123	121007.0000	73	71720.0000
20090615	電子期貨            	EXF    	C         	1748	1724486.0000	1236	1215537.0000	512	508949.0000	3602	3541342.0000	3556	3492976.0000	46	48366.0000
20090615	金融期貨            	FXF    	A         	892	665143.0000	1128	843035.0000	-236	-177892.0000	305	223611.0000	752	553192.0000	-447	-329581.0000
20090615	金融期貨            	FXF    	B         	0	.0000	11	8258.0000	-11	-8258.0000	112	82432.0000	31	22790.0000	81	59642.0000
20090615	金融期貨            	FXF    	C         	1038	775024.0000	1073	800198.0000	-35	-25175.0000	1327	976219.0000	2990	2197877.0000	-1663	-1221658.0000
20090615	櫃買期貨            	GTF    	A         	118	45257.0000	105	40321.0000	13	4935.0000	141	53772.0000	106	40320.0000	35	13452.0000
20090615	櫃買期貨            	GTF    	B         	0	.0000	0	.0000	0	.0000	0	.0000	0	.0000	0	.0000
20090615	櫃買期貨            	GTF    	C         	0	.0000	0	.0000	0	.0000	0	.0000	0	.0000	0	.0000
20090615	摩臺期              	MSF    	A         	0	.0000	0	.0000	0	.0000	2	1455.0000	0	.0000	2	1455.0000
20090615	摩臺期              	MSF    	B         	0	.0000	0	.0000	0	.0000	0	.0000	0	.0000	0	.0000
20090615	摩臺期              	MSF    	C         	0	.0000	0	.0000	0	.0000	0	.0000	0	.0000	0	.0000
20090615	小型臺指            	MXF    	A         	23129	7231707.0000	22399	7007713.0000	730	223994.0000	9451	2920936.0000	5922	1820481.0000	3529	1100455.0000
20090615	小型臺指            	MXF    	B         	0	.0000	0	.0000	0	.0000	0	.0000	0	.0000	0	.0000
20090615	小型臺指            	MXF    	C         	724	226851.0000	513	160310.0000	211	66542.0000	431	133782.0000	961	298294.0000	-530	-164512.0000
20090615	臺灣50期貨          	T5F    	A         	0	.0000	0	.0000	0	.0000	0	.0000	0	.0000	0	.0000
20090615	臺灣50期貨          	T5F    	B         	0	.0000	0	.0000	0	.0000	0	.0000	0	.0000	0	.0000
20090615	臺灣50期貨          	T5F    	C         	0	.0000	0	.0000	0	.0000	0	.0000	0	.0000	0	.0000
20090615	臺股期貨            	TXF    	A         	31795	39750292.0000	32745	40928989.0000	-950	-1178697.0000	9192	11280969.0000	10999	13579422.0000	-1807	-2298453.0000
20090615	臺股期貨            	TXF    	B         	700	868955.0000	1454	1795533.0000	-754	-926578.0000	1184	1465130.0000	3731	4599328.0000	-2547	-3134198.0000
20090615	臺股期貨            	TXF    	C         	25622	31937302.0000	23134	28862332.0000	2488	3074969.0000	27855	34331697.0000	27828	34264401.0000	27	67296.0000
20090615	非金電期貨          	XIF    	A         	1154	880111.0000	1322	1007625.0000	-168	-127514.0000	396	300159.0000	630	476757.0000	-234	-176598.0000
20090615	非金電期貨          	XIF    	B         	0	.0000	0	.0000	0	.0000	17	12940.0000	0	.0000	17	12940.0000
20090615	非金電期貨          	XIF    	C         	138	104773.0000	0	.0000	138	104773.0000	341	258463.0000	114	86777.0000	227	171686.0000
20090616	電子期貨            	EXF    	A         	1059	1032201.0000	966	946397.0000	93	85804.0000	877	849773.0000	905	883534.0000	-28	-33761.0000
20090616	電子期貨            	EXF    	B         	185	180397.0000	181	176209.0000	4	4188.0000	200	194595.0000	123	119025.0000	77	75570.0000
20090616	電子期貨            	EXF    	C         	3924	3831802.0000	4380	4270610.0000	-456	-438808.0000	3192	3104599.0000	3602	3493623.0000	-410	-389024.0000
20090616	金融期貨            	FXF    	A         	581	428866.0000	739	545176.0000	-158	-116310.0000	333	244150.0000	938	689235.0000	-605	-445085.0000
20090616	金融期貨            	FXF    	B         	44	32295.0000	52	38306.0000	-8	-6011.0000	112	82233.0000	39	28639.0000	73	53594.0000
20090616	金融期貨            	FXF    	C         	2549	1876845.0000	2315	1702537.0000	234	174308.0000	1651	1211151.0000	3080	2259032.0000	-1429	-1047881.0000
20090616	櫃買期貨            	GTF    	A         	95	35943.0000	98	37117.0000	-3	-1174.0000	136	51728.0000	104	39450.0000	32	12278.0000
20090616	櫃買期貨            	GTF    	B         	0	.0000	0	.0000	0	.0000	0	.0000	0	.0000	0	.0000
20090616	櫃買期貨            	GTF    	C         	0	.0000	0	.0000	0	.0000	0	.0000	0	.0000	0	.0000
20090616	摩臺期              	MSF    	A         	0	.0000	0	.0000	0	.0000	2	1456.0000	0	.0000	2	1456.0000
20090616	摩臺期              	MSF    	B         	0	.0000	0	.0000	0	.0000	0	.0000	0	.0000	0	.0000
20090616	摩臺期              	MSF    	C         	0	.0000	0	.0000	0	.0000	0	.0000	0	.0000	0	.0000
20090616	小型臺指            	MXF    	A         	19444	6013741.0000	20236	6253148.0000	-792	-239407.0000	8592	2658401.0000	5507	1691406.0000	3085	966995.0000
20090616	小型臺指            	MXF    	B         	0	.0000	0	.0000	0	.0000	0	.0000	0	.0000	0	.0000
20090616	小型臺指            	MXF    	C         	785	243736.0000	393	122033.0000	392	121703.0000	369	114538.0000	507	157373.0000	-138	-42835.0000
20090616	臺灣50期貨          	T5F    	A         	0	.0000	0	.0000	0	.0000	0	.0000	0	.0000	0	.0000
20090616	臺灣50期貨          	T5F    	B         	0	.0000	0	.0000	0	.0000	0	.0000	0	.0000	0	.0000
20090616	臺灣50期貨          	T5F    	C         	0	.0000	0	.0000	0	.0000	0	.0000	0	.0000	0	.0000
20090616	臺股期貨            	TXF    	A         	27477	33996345.0000	26876	33247629.0000	601	748715.0000	9205	11291700.0000	10498	12942039.0000	-1293	-1650339.0000
20090616	臺股期貨            	TXF    	B         	1203	1487271.0000	1883	2311094.0000	-680	-823823.0000	1166	1437403.0000	4393	5397266.0000	-3227	-3959863.0000
20090616	臺股期貨            	TXF    	C         	22423	27711335.0000	22587	27922088.0000	-164	-210753.0000	33135	40781096.0000	33272	40935335.0000	-137	-154239.0000
20090616	非金電期貨          	XIF    	A         	637	482045.0000	705	533797.0000	-68	-51752.0000	394	300700.0000	696	531401.0000	-302	-230701.0000
20090616	非金電期貨          	XIF    	B         	17	12783.0000	17	12909.0000	0	-126.0000	17	12896.0000	0	.0000	17	12896.0000
20090616	非金電期貨          	XIF    	C         	128	97212.0000	34	25554.0000	94	71658.0000	430	328966.0000	109	83490.0000	321	245476.0000
20090617	電子期貨            	EXF    	A         	757	735924.0000	799	778558.0000	-42	-42635.0000	797	762259.0000	290	276512.0000	507	485747.0000
20090617	電子期貨            	EXF    	B         	128	123706.0000	169	164840.0000	-41	-41134.0000	200	191600.0000	162	155196.0000	38	36404.0000
20090617	電子期貨            	EXF    	C         	1726	1676474.0000	1633	1583666.0000	93	92808.0000	2038	1952404.0000	2941	2817478.0000	-903	-865074.0000
20090617	金融期貨            	FXF    	A         	1215	917894.0000	893	674004.0000	322	243890.0000	564	425874.0000	333	251103.0000	231	174771.0000
20090617	金融期貨            	FXF    	B         	77	58038.0000	68	51462.0000	9	6576.0000	96	72557.0000	14	10581.0000	82	61976.0000
20090617	金融期貨            	FXF    	C         	1546	1168425.0000	1419	1071646.0000	127	96778.0000	1207	912251.0000	2756	2082985.0000	-1549	-1170734.0000
20090617	櫃買期貨            	GTF    	A         	254	96415.0000	239	90743.0000	15	5672.0000	77	29194.0000	42	15789.0000	35	13405.0000
20090617	櫃買期貨            	GTF    	B         	0	.0000	0	.0000	0	.0000	0	.0000	0	.0000	0	.0000
20090617	櫃買期貨            	GTF    	C         	0	.0000	0	.0000	0	.0000	0	.0000	0	.0000	0	.0000
20090617	摩臺期              	MSF    	A         	0	.0000	0	.0000	0	.0000	2	1454.0000	0	.0000	2	1454.0000
20090617	摩臺期              	MSF    	B         	0	.0000	0	.0000	0	.0000	0	.0000	0	.0000	0	.0000
20090617	摩臺期              	MSF    	C         	0	.0000	0	.0000	0	.0000	0	.0000	0	.0000	0	.0000
20090617	小型臺指            	MXF    	A         	17782	5520658.0000	17793	5509152.0000	-11	11506.0000	770	230197.0000	6885	2113601.0000	-6115	-1883404.0000
20090617	小型臺指            	MXF    	B         	0	.0000	0	.0000	0	.0000	0	.0000	0	.0000	0	.0000
20090617	小型臺指            	MXF    	C         	408	126554.0000	660	204646.0000	-252	-78092.0000	105	32240.0000	214	65709.0000	-109	-33469.0000
20090617	臺灣50期貨          	T5F    	A         	0	.0000	0	.0000	0	.0000	0	.0000	0	.0000	0	.0000
20090617	臺灣50期貨          	T5F    	B         	0	.0000	0	.0000	0	.0000	0	.0000	0	.0000	0	.0000
20090617	臺灣50期貨          	T5F    	C         	0	.0000	0	.0000	0	.0000	0	.0000	0	.0000	0	.0000
20090617	臺股期貨            	TXF    	A         	31476	39053099.0000	34082	42273865.0000	-2606	-3220766.0000	4329	5235061.0000	7584	9310713.0000	-3255	-4075652.0000
20090617	臺股期貨            	TXF    	B         	1686	2096463.0000	2005	2481374.0000	-319	-384912.0000	1080	1326456.0000	4639	5692168.0000	-3559	-4365712.0000
20090617	臺股期貨            	TXF    	C         	13564	16812447.0000	12298	15226784.0000	1266	1585662.0000	22994	28184780.0000	20399	24934878.0000	2595	3249902.0000
20090617	非金電期貨          	XIF    	A         	665	503678.0000	579	438253.0000	86	65425.0000	174	131563.0000	210	158789.0000	-36	-27226.0000
20090617	非金電期貨          	XIF    	B         	0	.0000	0	.0000	0	.0000	17	12871.0000	0	.0000	17	12871.0000
20090617	非金電期貨          	XIF    	C         	39	29736.0000	101	76928.0000	-62	-47193.0000	86	65111.0000	70	52997.0000	16	12114.0000
20090618	電子期貨            	EXF    	A         	752	718242.0000	1158	1107392.0000	-406	-389150.0000	577	548498.0000	476	452225.0000	101	96273.0000
20090618	電子期貨            	EXF    	B         	0	.0000	2	1944.0000	-2	-1944.0000	200	190560.0000	164	156259.0000	36	34301.0000
20090618	電子期貨            	EXF    	C         	542	517992.0000	293	280387.0000	249	237605.0000	2181	2078057.0000	2835	2701188.0000	-654	-623131.0000
20090618	金融期貨            	FXF    	A         	880	650114.0000	719	533303.0000	161	116811.0000	549	404133.0000	157	115289.0000	392	288844.0000
20090618	金融期貨            	FXF    	B         	0	.0000	10	7449.0000	-10	-7449.0000	96	70733.0000	24	17683.0000	72	53050.0000
20090618	金融期貨            	FXF    	C         	887	653539.0000	1391	1021797.0000	-504	-368257.0000	1318	971102.0000	3371	2483628.0000	-2053	-1512526.0000
20090618	櫃買期貨            	GTF    	A         	235	86953.0000	245	90740.0000	-10	-3787.0000	73	27322.0000	48	17806.0000	25	9516.0000
20090618	櫃買期貨            	GTF    	B         	0	.0000	0	.0000	0	.0000	0	.0000	0	.0000	0	.0000
20090618	櫃買期貨            	GTF    	C         	0	.0000	0	.0000	0	.0000	0	.0000	0	.0000	0	.0000
20090618	摩臺期              	MSF    	A         	0	.0000	0	.0000	0	.0000	2	1439.0000	0	.0000	2	1439.0000
20090618	摩臺期              	MSF    	B         	0	.0000	0	.0000	0	.0000	0	.0000	0	.0000	0	.0000
20090618	摩臺期              	MSF    	C         	0	.0000	0	.0000	0	.0000	0	.0000	0	.0000	0	.0000
20090618	小型臺指            	MXF    	A         	24250	7390609.0000	24636	7507350.0000	-386	-116740.0000	1291	386473.0000	6804	2068521.0000	-5513	-1682048.0000
20090618	小型臺指            	MXF    	B         	0	.0000	0	.0000	0	.0000	0	.0000	0	.0000	0	.0000
20090618	小型臺指            	MXF    	C         	567	172843.0000	884	268951.0000	-317	-96108.0000	163	49585.0000	589	179174.0000	-426	-129589.0000
20090618	臺灣50期貨          	T5F    	A         	0	.0000	0	.0000	0	.0000	0	.0000	0	.0000	0	.0000
20090618	臺灣50期貨          	T5F    	B         	0	.0000	0	.0000	0	.0000	0	.0000	0	.0000	0	.0000
20090618	臺灣50期貨          	T5F    	C         	0	.0000	0	.0000	0	.0000	0	.0000	0	.0000	0	.0000
20090618	臺股期貨            	TXF    	A         	26697	32512360.0000	26142	31836752.0000	555	675609.0000	5084	6100994.0000	8031	9761998.0000	-2947	-3661004.0000
20090618	臺股期貨            	TXF    	B         	289	353573.0000	778	949711.0000	-489	-596139.0000	1160	1411488.0000	5208	6331031.0000	-4048	-4919543.0000
20090618	臺股期貨            	TXF    	C         	6036	7363064.0000	6415	7809845.0000	-379	-446782.0000	23868	28982510.0000	21652	26219608.0000	2216	2762902.0000
20090618	非金電期貨          	XIF    	A         	773	578152.0000	672	502955.0000	101	75197.0000	137	102156.0000	72	53647.0000	65	48509.0000
20090618	非金電期貨          	XIF    	B         	0	.0000	0	.0000	0	.0000	17	12728.0000	0	.0000	17	12728.0000
20090618	非金電期貨          	XIF    	C         	30	22449.0000	69	51655.0000	-39	-29207.0000	99	74121.0000	122	91341.0000	-23	-17220.0000
20090619	電子期貨            	EXF    	A         	551	524919.0000	489	465612.0000	62	59307.0000	710	680394.0000	547	523711.0000	163	156683.0000
20090619	電子期貨            	EXF    	B         	2	1902.0000	1	950.0000	1	953.0000	202	193960.0000	165	158433.0000	37	35527.0000
20090619	電子期貨            	EXF    	C         	673	641420.0000	337	321223.0000	336	320197.0000	2605	2501321.0000	2923	2806665.0000	-318	-305344.0000
20090619	金融期貨            	FXF    	A         	576	429515.0000	482	358674.0000	94	70841.0000	657	494443.0000	171	128389.0000	486	366054.0000
20090619	金融期貨            	FXF    	B         	0	.0000	0	.0000	0	.0000	96	72288.0000	24	18072.0000	72	54216.0000
20090619	金融期貨            	FXF    	C         	265	196952.0000	217	161409.0000	48	35543.0000	1428	1075284.0000	3433	2584974.0000	-2005	-1509690.0000
20090619	櫃買期貨            	GTF    	A         	75	28249.0000	83	31273.0000	-8	-3024.0000	66	25015.0000	49	18433.0000	17	6582.0000
20090619	櫃買期貨            	GTF    	B         	0	.0000	0	.0000	0	.0000	0	.0000	0	.0000	0	.0000
20090619	櫃買期貨            	GTF    	C         	0	.0000	0	.0000	0	.0000	0	.0000	0	.0000	0	.0000
20090619	摩臺期              	MSF    	A         	1	730.0000	0	.0000	1	730.0000	3	2171.0000	0	.0000	3	2171.0000
20090619	摩臺期              	MSF    	B         	0	.0000	0	.0000	0	.0000	0	.0000	0	.0000	0	.0000
20090619	摩臺期              	MSF    	C         	0	.0000	0	.0000	0	.0000	0	.0000	0	.0000	0	.0000
20090619	小型臺指            	MXF    	A         	18729	5703442.0000	16301	4961957.0000	2428	741485.0000	1991	604784.0000	5076	1556742.0000	-3085	-951958.0000
20090619	小型臺指            	MXF    	B         	0	.0000	0	.0000	0	.0000	0	.0000	0	.0000	0	.0000
20090619	小型臺指            	MXF    	C         	614	186867.0000	787	239646.0000	-173	-52779.0000	161	49411.0000	760	233244.0000	-599	-183833.0000
20090619	臺灣50期貨          	T5F    	A         	0	.0000	0	.0000	0	.0000	0	.0000	0	.0000	0	.0000
20090619	臺灣50期貨          	T5F    	B         	0	.0000	0	.0000	0	.0000	0	.0000	0	.0000	0	.0000
20090619	臺灣50期貨          	T5F    	C         	0	.0000	0	.0000	0	.0000	0	.0000	0	.0000	0	.0000
20090619	臺股期貨            	TXF    	A         	18349	22350921.0000	18322	22320213.0000	27	30708.0000	4686	5669089.0000	7606	9325217.0000	-2920	-3656128.0000
20090619	臺股期貨            	TXF    	B         	1110	1358016.0000	497	604334.0000	613	753682.0000	1373	1685495.0000	4807	5895386.0000	-3434	-4209891.0000
20090619	臺股期貨            	TXF    	C         	3800	4634933.0000	3650	4449972.0000	150	184961.0000	24069	29489507.0000	21703	26521195.0000	2366	2968312.0000
20090619	非金電期貨          	XIF    	A         	518	387910.0000	514	384999.0000	4	2911.0000	180	135680.0000	111	83690.0000	69	51990.0000
20090619	非金電期貨          	XIF    	B         	0	.0000	0	.0000	0	.0000	17	12852.0000	0	.0000	17	12852.0000
20090619	非金電期貨          	XIF    	C         	67	50513.0000	108	81260.0000	-41	-30747.0000	166	125496.0000	230	173880.0000	-64	-48384.0000
20090622	電子期貨            	EXF    	A         	629	611352.0000	818	792412.0000	-189	-181060.0000	584	569362.0000	610	594594.0000	-26	-25232.0000
20090622	電子期貨            	EXF    	B         	0	.0000	0	.0000	0	.0000	202	197394.0000	165	161238.0000	37	36156.0000
20090622	電子期貨            	EXF    	C         	633	611036.0000	324	312854.0000	309	298182.0000	2812	2747886.0000	2821	2756681.0000	-9	-8795.0000
20090622	金融期貨            	FXF    	A         	584	437744.0000	615	460275.0000	-31	-22531.0000	685	515240.0000	230	172666.0000	455	342574.0000
20090622	金融期貨            	FXF    	B         	0	.0000	0	.0000	0	.0000	96	72250.0000	24	18062.0000	72	54188.0000
20090622	金融期貨            	FXF    	C         	254	189949.0000	374	280965.0000	-120	-91015.0000	1376	1035578.0000	3501	2634771.0000	-2125	-1599193.0000
20090622	櫃買期貨            	GTF    	A         	92	35061.0000	120	45852.0000	-28	-10791.0000	56	21573.0000	67	25737.0000	-11	-4164.0000
20090622	櫃買期貨            	GTF    	B         	0	.0000	0	.0000	0	.0000	0	.0000	0	.0000	0	.0000
20090622	櫃買期貨            	GTF    	C         	0	.0000	0	.0000	0	.0000	0	.0000	0	.0000	0	.0000
20090622	摩臺期              	MSF    	A         	0	.0000	0	.0000	0	.0000	3	2212.0000	0	.0000	3	2212.0000
20090622	摩臺期              	MSF    	B         	0	.0000	0	.0000	0	.0000	0	.0000	0	.0000	0	.0000
20090622	摩臺期              	MSF    	C         	0	.0000	0	.0000	0	.0000	0	.0000	0	.0000	0	.0000
20090622	小型臺指            	MXF    	A         	13943	4296762.0000	11363	3501930.0000	2580	794832.0000	2660	819839.0000	3729	1156380.0000	-1069	-336541.0000
20090622	小型臺指            	MXF    	B         	0	.0000	0	.0000	0	.0000	0	.0000	0	.0000	0	.0000
20090622	小型臺指            	MXF    	C         	1201	372195.0000	891	275590.0000	310	96605.0000	642	199309.0000	931	289029.0000	-289	-89720.0000
20090622	臺灣50期貨          	T5F    	A         	0	.0000	0	.0000	0	.0000	0	.0000	0	.0000	0	.0000
20090622	臺灣50期貨          	T5F    	B         	0	.0000	0	.0000	0	.0000	0	.0000	0	.0000	0	.0000
20090622	臺灣50期貨          	T5F    	C         	0	.0000	0	.0000	0	.0000	0	.0000	0	.0000	0	.0000
20090622	臺股期貨            	TXF    	A         	18897	23317175.0000	17359	21430498.0000	1538	1886677.0000	5160	6326651.0000	6401	7936337.0000	-1241	-1609686.0000
20090622	臺股期貨            	TXF    	B         	501	619188.0000	546	668551.0000	-45	-49363.0000	1423	1767081.0000	4902	6081899.0000	-3479	-4314818.0000
20090622	臺股期貨            	TXF    	C         	5374	6631356.0000	4882	6023269.0000	492	608087.0000	23829	29536269.0000	20971	25925493.0000	2858	3610776.0000
20090622	非金電期貨          	XIF    	A         	486	365834.0000	534	401963.0000	-48	-36130.0000	93	70373.0000	72	54567.0000	21	15806.0000
20090622	非金電期貨          	XIF    	B         	0	.0000	0	.0000	0	.0000	17	12937.0000	0	.0000	17	12937.0000
20090622	非金電期貨          	XIF    	C         	138	103925.0000	10	7623.0000	128	96303.0000	304	231344.0000	240	182640.0000	64	48704.0000
20090623	電子期貨            	EXF    	A         	470	453156.0000	472	455662.0000	-2	-2506.0000	616	589461.0000	644	616138.0000	-28	-26677.0000
20090623	電子期貨            	EXF    	B         	26	25048.0000	1	961.0000	25	24088.0000	228	218698.0000	166	159227.0000	62	59471.0000
20090623	電子期貨            	EXF    	C         	558	538277.0000	535	514769.0000	23	23508.0000	3159	3030113.0000	3145	3016684.0000	14	13429.0000
20090623	金融期貨            	FXF    	A         	323	237204.0000	296	217440.0000	27	19764.0000	712	520569.0000	230	167976.0000	482	352593.0000
20090623	金融期貨            	FXF    	B         	0	.0000	0	.0000	0	.0000	96	70214.0000	24	17554.0000	72	52660.0000
20090623	金融期貨            	FXF    	C         	308	226331.0000	415	304530.0000	-107	-78199.0000	1377	1007138.0000	3609	2639611.0000	-2232	-1632473.0000
20090623	櫃買期貨            	GTF    	A         	294	111613.0000	286	108508.0000	8	3105.0000	63	24130.0000	66	25181.0000	-3	-1051.0000
20090623	櫃買期貨            	GTF    	B         	0	.0000	0	.0000	0	.0000	0	.0000	0	.0000	0	.0000
20090623	櫃買期貨            	GTF    	C         	0	.0000	0	.0000	0	.0000	0	.0000	0	.0000	0	.0000
20090623	摩臺期              	MSF    	A         	0	.0000	1	731.0000	-1	-731.0000	2	1441.0000	0	.0000	2	1441.0000
20090623	摩臺期              	MSF    	B         	0	.0000	0	.0000	0	.0000	0	.0000	0	.0000	0	.0000
20090623	摩臺期              	MSF    	C         	0	.0000	0	.0000	0	.0000	0	.0000	0	.0000	0	.0000
20090623	小型臺指            	MXF    	A         	9835	3004809.0000	11560	3528412.0000	-1725	-523604.0000	1991	598303.0000	4785	1450432.0000	-2794	-852129.0000
20090623	小型臺指            	MXF    	B         	0	.0000	0	.0000	0	.0000	0	.0000	0	.0000	0	.0000
20090623	小型臺指            	MXF    	C         	608	185964.0000	531	162352.0000	77	23612.0000	692	210022.0000	904	274364.0000	-212	-64342.0000
20090623	臺灣50期貨          	T5F    	A         	0	.0000	0	.0000	0	.0000	0	.0000	0	.0000	0	.0000
20090623	臺灣50期貨          	T5F    	B         	0	.0000	0	.0000	0	.0000	0	.0000	0	.0000	0	.0000
20090623	臺灣50期貨          	T5F    	C         	0	.0000	0	.0000	0	.0000	0	.0000	0	.0000	0	.0000
20090623	臺股期貨            	TXF    	A         	14521	17745734.0000	16236	19832637.0000	-1715	-2086904.0000	4858	5812471.0000	7814	9471664.0000	-2956	-3659193.0000
20090623	臺股期貨            	TXF    	B         	269	329089.0000	529	645675.0000	-260	-316586.0000	1486	1804004.0000	5225	6337541.0000	-3739	-4533537.0000
20090623	臺股期貨            	TXF    	C         	6179	7559127.0000	4203	5132404.0000	1976	2426723.0000	25789	31250102.0000	20865	25208369.0000	4924	6041733.0000
20090623	非金電期貨          	XIF    	A         	426	318110.0000	341	254404.0000	85	63706.0000	156	115191.0000	50	36761.0000	106	78430.0000
20090623	非金電期貨          	XIF    	B         	0	.0000	0	.0000	0	.0000	17	12592.0000	0	.0000	17	12592.0000
20090623	非金電期貨          	XIF    	C         	5	3735.0000	85	63595.0000	-80	-59860.0000	304	225173.0000	320	237024.0000	-16	-11851.0000
20090624	電子期貨            	EXF    	A         	928	915232.0000	1022	1010293.0000	-94	-95061.0000	835	823466.0000	957	943747.0000	-122	-120281.0000
20090624	電子期貨            	EXF    	B         	13	12604.0000	0	.0000	13	12604.0000	241	238204.0000	166	164074.0000	75	74130.0000
20090624	電子期貨            	EXF    	C         	708	700165.0000	603	601526.0000	105	98639.0000	3087	3051191.0000	2968	2933571.0000	119	117620.0000
20090624	金融期貨            	FXF    	A         	1323	1016501.0000	914	706548.0000	409	309954.0000	1078	842668.0000	187	145749.0000	891	696919.0000
20090624	金融期貨            	FXF    	B         	10	7730.0000	7	5477.0000	3	2253.0000	106	82934.0000	31	24254.0000	75	58680.0000
20090624	金融期貨            	FXF    	C         	758	583857.0000	749	578642.0000	9	5215.0000	1581	1236974.0000	3804	2975861.0000	-2223	-1738887.0000
20090624	櫃買期貨            	GTF    	A         	348	133991.0000	347	133491.0000	1	500.0000	89	34938.0000	91	35598.0000	-2	-660.0000
20090624	櫃買期貨            	GTF    	B         	0	.0000	0	.0000	0	.0000	0	.0000	0	.0000	0	.0000
20090624	櫃買期貨            	GTF    	C         	0	.0000	0	.0000	0	.0000	0	.0000	0	.0000	0	.0000
20090624	摩臺期              	MSF    	A         	1	729.0000	1	729.0000	0	1.0000	2	1439.0000	0	.0000	2	1439.0000
20090624	摩臺期              	MSF    	B         	0	.0000	0	.0000	0	.0000	0	.0000	0	.0000	0	.0000
20090624	摩臺期              	MSF    	C         	0	.0000	0	.0000	0	.0000	0	.0000	0	.0000	0	.0000
20090624	小型臺指            	MXF    	A         	26689	8381141.0000	24960	7878021.0000	1729	503120.0000	2735	853519.0000	4264	1340854.0000	-1529	-487335.0000
20090624	小型臺指            	MXF    	B         	0	.0000	0	.0000	0	.0000	0	.0000	0	.0000	0	.0000
20090624	小型臺指            	MXF    	C         	1413	439000.0000	696	219649.0000	717	219351.0000	1537	484616.0000	1032	325390.0000	505	159226.0000
20090624	臺灣50期貨          	T5F    	A         	0	.0000	0	.0000	0	.0000	0	.0000	0	.0000	0	.0000
20090624	臺灣50期貨          	T5F    	B         	0	.0000	0	.0000	0	.0000	0	.0000	0	.0000	0	.0000
20090624	臺灣50期貨          	T5F    	C         	0	.0000	0	.0000	0	.0000	0	.0000	0	.0000	0	.0000
20090624	臺股期貨            	TXF    	A         	32513	40900528.0000	31638	39819271.0000	875	1081257.0000	5508	6854394.0000	7473	9405167.0000	-1965	-2550773.0000
20090624	臺股期貨            	TXF    	B         	1535	1908424.0000	572	711861.0000	963	1196562.0000	1481	1867837.0000	4262	5370034.0000	-2781	-3502197.0000
20090624	臺股期貨            	TXF    	C         	8859	11083832.0000	11774	14970691.0000	-2915	-3886859.0000	24914	31362617.0000	22905	28764320.0000	2009	2598297.0000
20090624	非金電期貨          	XIF    	A         	601	455424.0000	414	310354.0000	187	145070.0000	389	296168.0000	96	72771.0000	293	223397.0000
20090624	非金電期貨          	XIF    	B         	0	.0000	0	.0000	0	.0000	17	12971.0000	0	.0000	17	12971.0000
20090624	非金電期貨          	XIF    	C         	60	46038.0000	283	217601.0000	-223	-171563.0000	242	184646.0000	481	367003.0000	-239	-182357.0000
20090625	電子期貨            	EXF    	A         	894	891506.0000	646	643390.0000	248	248115.0000	1057	1052945.0000	931	926521.0000	126	126424.0000
20090625	電子期貨            	EXF    	B         	0	.0000	0	.0000	0	.0000	241	240759.0000	166	165834.0000	75	74925.0000
20090625	電子期貨            	EXF    	C         	296	295568.0000	562	561289.0000	-266	-265721.0000	3037	3033963.0000	3184	3180816.0000	-147	-146853.0000
20090625	金融期貨            	FXF    	A         	766	607739.0000	905	717421.0000	-139	-109682.0000	991	789469.0000	239	190078.0000	752	599391.0000
20090625	金融期貨            	FXF    	B         	10	7925.0000	8	6288.0000	2	1637.0000	116	92591.0000	39	31130.0000	77	61461.0000
20090625	金融期貨            	FXF    	C         	1286	1018633.0000	451	357082.0000	835	661550.0000	2371	1892532.0000	3759	2999170.0000	-1388	-1106638.0000
20090625	櫃買期貨            	GTF    	A         	357	139394.0000	372	145327.0000	-15	-5933.0000	75	30007.0000	92	36724.0000	-17	-6717.0000
20090625	櫃買期貨            	GTF    	B         	0	.0000	0	.0000	0	.0000	0	.0000	0	.0000	0	.0000
20090625	櫃買期貨            	GTF    	C         	0	.0000	0	.0000	0	.0000	0	.0000	0	.0000	0	.0000
20090625	摩臺期              	MSF    	A         	0	.0000	0	.0000	0	.0000	2	1509.0000	0	.0000	2	1509.0000
20090625	摩臺期              	MSF    	B         	0	.0000	0	.0000	0	.0000	0	.0000	0	.0000	0	.0000
20090625	摩臺期              	MSF    	C         	0	.0000	0	.0000	0	.0000	0	.0000	0	.0000	0	.0000
20090625	小型臺指            	MXF    	A         	18212	5786915.0000	16351	5195024.0000	1861	591892.0000	3926	1244272.0000	3334	1060560.0000	592	183712.0000
20090625	小型臺指            	MXF    	B         	0	.0000	0	.0000	0	.0000	0	.0000	0	.0000	0	.0000
20090625	小型臺指            	MXF    	C         	647	206031.0000	858	272826.0000	-211	-66795.0000	1326	423524.0000	1032	329621.0000	294	93903.0000
20090625	臺灣50期貨          	T5F    	A         	0	.0000	0	.0000	0	.0000	0	.0000	0	.0000	0	.0000
20090625	臺灣50期貨          	T5F    	B         	0	.0000	0	.0000	0	.0000	0	.0000	0	.0000	0	.0000
20090625	臺灣50期貨          	T5F    	C         	0	.0000	0	.0000	0	.0000	0	.0000	0	.0000	0	.0000
20090625	臺股期貨            	TXF    	A         	22751	28924995.0000	22127	28133763.0000	624	791232.0000	6291	7937341.0000	7697	9810617.0000	-1406	-1873276.0000
20090625	臺股期貨            	TXF    	B         	388	493518.0000	890	1131435.0000	-502	-637916.0000	1250	1597000.0000	4533	5786161.0000	-3283	-4189161.0000
20090625	臺股期貨            	TXF    	C         	5636	7170367.0000	3954	5028312.0000	1682	2142056.0000	25304	32268264.0000	21613	27483903.0000	3691	4784361.0000
20090625	非金電期貨          	XIF    	A         	445	343179.0000	472	363959.0000	-27	-20780.0000	385	298909.0000	119	91999.0000	266	206910.0000
20090625	非金電期貨          	XIF    	B         	0	.0000	0	.0000	0	.0000	17	13238.0000	0	.0000	17	13238.0000
20090625	非金電期貨          	XIF    	C         	0	.0000	0	.0000	0	.0000	242	188445.0000	481	374555.0000	-239	-186110.0000
20090626	電子期貨            	EXF    	A         	445	445523.0000	470	470568.0000	-25	-25045.0000	1001	997546.0000	900	896156.0000	101	101390.0000
20090626	電子期貨            	EXF    	B         	0	.0000	20	20011.0000	-20	-20011.0000	241	240904.0000	186	185926.0000	55	54978.0000
20090626	電子期貨            	EXF    	C         	358	358902.0000	288	288542.0000	70	70359.0000	3252	3250699.0000	3329	3327668.0000	-77	-76969.0000
20090626	金融期貨            	FXF    	A         	360	287614.0000	422	336594.0000	-62	-48980.0000	999	792078.0000	309	244759.0000	690	547319.0000
20090626	金融期貨            	FXF    	B         	0	.0000	15	11996.0000	-15	-11996.0000	106	84185.0000	44	34945.0000	62	49240.0000
20090626	金融期貨            	FXF    	C         	121	96650.0000	131	104719.0000	-10	-8069.0000	2372	1883842.0000	3770	2993113.0000	-1398	-1109271.0000
20090626	櫃買期貨            	GTF    	A         	242	95989.0000	238	94352.0000	4	1638.0000	73	29511.0000	86	34684.0000	-13	-5173.0000
20090626	櫃買期貨            	GTF    	B         	0	.0000	0	.0000	0	.0000	0	.0000	0	.0000	0	.0000
20090626	櫃買期貨            	GTF    	C         	0	.0000	0	.0000	0	.0000	0	.0000	0	.0000	0	.0000
20090626	摩臺期              	MSF    	A         	0	.0000	0	.0000	0	.0000	2	1514.0000	0	.0000	2	1514.0000
20090626	摩臺期              	MSF    	B         	0	.0000	0	.0000	0	.0000	0	.0000	0	.0000	0	.0000
20090626	摩臺期              	MSF    	C         	0	.0000	0	.0000	0	.0000	0	.0000	0	.0000	0	.0000
20090626	小型臺指            	MXF    	A         	11558	3693609.0000	10968	3505290.0000	590	188319.0000	4532	1438397.0000	3222	1025058.0000	1310	413339.0000
20090626	小型臺指            	MXF    	B         	0	.0000	0	.0000	0	.0000	0	.0000	0	.0000	0	.0000
20090626	小型臺指            	MXF    	C         	436	139543.0000	491	157097.0000	-55	-17553.0000	1259	402125.0000	1020	325788.0000	239	76337.0000
20090626	臺灣50期貨          	T5F    	A         	16	7080.0000	0	.0000	16	7080.0000	16	6954.0000	0	.0000	16	6954.0000
20090626	臺灣50期貨          	T5F    	B         	0	.0000	0	.0000	0	.0000	0	.0000	0	.0000	0	.0000
20090626	臺灣50期貨          	T5F    	C         	0	.0000	0	.0000	0	.0000	0	.0000	0	.0000	0	.0000
20090626	臺股期貨            	TXF    	A         	13742	17572897.0000	13401	17135982.0000	341	436915.0000	6343	8008060.0000	7440	9482611.0000	-1097	-1474551.0000
20090626	臺股期貨            	TXF    	B         	606	775845.0000	313	400218.0000	293	375627.0000	1245	1590612.0000	4235	5405686.0000	-2990	-3815074.0000
20090626	臺股期貨            	TXF    	C         	3013	3853557.0000	2687	3435340.0000	326	418217.0000	25461	32471646.0000	21444	27275847.0000	4017	5195799.0000
20090626	非金電期貨          	XIF    	A         	336	261465.0000	324	252116.0000	12	9350.0000	410	319309.0000	132	102420.0000	278	216889.0000
20090626	非金電期貨          	XIF    	B         	0	.0000	0	.0000	0	.0000	17	13275.0000	0	.0000	17	13275.0000
20090626	非金電期貨          	XIF    	C         	2	1562.0000	0	.0000	2	1562.0000	244	190540.0000	481	375613.0000	-237	-185073.0000
20090629	電子期貨            	EXF    	A         	775	768975.0000	717	710914.0000	58	58061.0000	1098	1082409.0000	939	924778.0000	159	157631.0000
20090629	電子期貨            	EXF    	B         	1	990.0000	0	.0000	1	990.0000	241	238204.0000	185	182854.0000	56	55350.0000
20090629	電子期貨            	EXF    	C         	318	315210.0000	277	274838.0000	41	40372.0000	3349	3310093.0000	3385	3345734.0000	-36	-35641.0000
20090629	金融期貨            	FXF    	A         	686	554261.0000	767	619099.0000	-81	-64838.0000	1018	814808.0000	409	327407.0000	609	487401.0000
20090629	金融期貨            	FXF    	B         	0	.0000	0	.0000	0	.0000	106	85033.0000	44	35297.0000	62	49736.0000
20090629	金融期貨            	FXF    	C         	314	254133.0000	320	258389.0000	-6	-4256.0000	2311	1853884.0000	3715	2978618.0000	-1404	-1124734.0000
20090629	櫃買期貨            	GTF    	A         	197	77201.0000	195	76310.0000	2	891.0000	78	30871.0000	89	35142.0000	-11	-4271.0000
20090629	櫃買期貨            	GTF    	B         	0	.0000	0	.0000	0	.0000	0	.0000	0	.0000	0	.0000
20090629	櫃買期貨            	GTF    	C         	0	.0000	0	.0000	0	.0000	0	.0000	0	.0000	0	.0000
20090629	摩臺期              	MSF    	A         	3	2273.0000	1	761.0000	2	1512.0000	4	3011.0000	0	.0000	4	3011.0000
20090629	摩臺期              	MSF    	B         	0	.0000	0	.0000	0	.0000	0	.0000	0	.0000	0	.0000
20090629	摩臺期              	MSF    	C         	0	.0000	0	.0000	0	.0000	0	.0000	0	.0000	0	.0000
20090629	小型臺指            	MXF    	A         	14274	4541462.0000	14041	4464856.0000	233	76606.0000	4691	1479520.0000	2944	930227.0000	1747	549293.0000
20090629	小型臺指            	MXF    	B         	0	.0000	0	.0000	0	.0000	0	.0000	0	.0000	0	.0000
20090629	小型臺指            	MXF    	C         	397	126451.0000	659	209444.0000	-262	-82993.0000	958	303782.0000	981	311075.0000	-23	-7293.0000
20090629	臺灣50期貨          	T5F    	A         	0	.0000	0	.0000	0	.0000	16	7040.0000	0	.0000	16	7040.0000
20090629	臺灣50期貨          	T5F    	B         	0	.0000	0	.0000	0	.0000	0	.0000	0	.0000	0	.0000
20090629	臺灣50期貨          	T5F    	C         	0	.0000	0	.0000	0	.0000	0	.0000	0	.0000	0	.0000
20090629	臺股期貨            	TXF    	A         	20329	25868363.0000	20654	26280904.0000	-325	-412542.0000	6425	8044273.0000	7898	9993612.0000	-1473	-1949339.0000
20090629	臺股期貨            	TXF    	B         	567	721305.0000	533	676014.0000	34	45292.0000	1212	1537301.0000	4168	5281491.0000	-2956	-3744190.0000
20090629	臺股期貨            	TXF    	C         	5640	7178136.0000	4697	5972000.0000	943	1206136.0000	26822	33961906.0000	21862	27596554.0000	4960	6365352.0000
20090629	非金電期貨          	XIF    	A         	475	367760.0000	442	342314.0000	33	25446.0000	447	345045.0000	136	104850.0000	311	240195.0000
20090629	非金電期貨          	XIF    	B         	0	.0000	0	.0000	0	.0000	17	13161.0000	0	.0000	17	13161.0000
20090629	非金電期貨          	XIF    	C         	80	62040.0000	96	74211.0000	-16	-12171.0000	314	243099.0000	567	438640.0000	-253	-195541.0000
20090630	電子期貨            	EXF    	A         	664	663746.0000	497	496446.0000	167	167299.0000	1188	1190487.0000	862	862496.0000	326	327991.0000
20090630	電子期貨            	EXF    	B         	0	.0000	0	.0000	0	.0000	241	242157.0000	185	185888.0000	56	56269.0000
20090630	電子期貨            	EXF    	C         	155	155056.0000	278	277716.0000	-123	-122661.0000	3268	3283618.0000	3427	3443450.0000	-159	-159832.0000
20090630	金融期貨            	FXF    	A         	603	479951.0000	743	590010.0000	-140	-110059.0000	959	754450.0000	490	385472.0000	469	368978.0000
20090630	金融期貨            	FXF    	B         	0	.0000	0	.0000	0	.0000	106	83549.0000	44	34681.0000	62	48868.0000
20090630	金融期貨            	FXF    	C         	442	350711.0000	630	499702.0000	-188	-148991.0000	2045	1611869.0000	3637	2865557.0000	-1592	-1253688.0000
20090630	櫃買期貨            	GTF    	A         	59	23404.0000	76	30038.0000	-17	-6634.0000	72	28471.0000	100	39492.0000	-28	-11021.0000
20090630	櫃買期貨            	GTF    	B         	0	.0000	0	.0000	0	.0000	0	.0000	0	.0000	0	.0000
20090630	櫃買期貨            	GTF    	C         	0	.0000	0	.0000	0	.0000	0	.0000	0	.0000	0	.0000
20090630	摩臺期              	MSF    	A         	1	756.0000	0	.0000	1	756.0000	5	3762.0000	0	.0000	5	3762.0000
20090630	摩臺期              	MSF    	B         	0	.0000	0	.0000	0	.0000	0	.0000	0	.0000	0	.0000
20090630	摩臺期              	MSF    	C         	0	.0000	0	.0000	0	.0000	0	.0000	0	.0000	0	.0000
20090630	小型臺指            	MXF    	A         	12316	3923888.0000	14013	4460292.0000	-1697	-536404.0000	3191	1009785.0000	2789	886114.0000	402	123671.0000
20090630	小型臺指            	MXF    	B         	0	.0000	0	.0000	0	.0000	0	.0000	0	.0000	0	.0000
20090630	小型臺指            	MXF    	C         	777	248877.0000	700	222735.0000	77	26142.0000	658	210034.0000	604	192697.0000	54	17337.0000
20090630	臺灣50期貨          	T5F    	A         	0	.0000	0	.0000	0	.0000	16	7136.0000	0	.0000	16	7136.0000
20090630	臺灣50期貨          	T5F    	B         	0	.0000	0	.0000	0	.0000	0	.0000	0	.0000	0	.0000
20090630	臺灣50期貨          	T5F    	C         	0	.0000	0	.0000	0	.0000	0	.0000	0	.0000	0	.0000
20090630	臺股期貨            	TXF    	A         	20189	25735734.0000	20437	26043567.0000	-248	-307833.0000	6048	7615642.0000	7857	10006704.0000	-1809	-2391062.0000
20090630	臺股期貨            	TXF    	B         	311	397775.0000	580	740974.0000	-269	-343199.0000	1212	1547482.0000	4437	5660086.0000	-3225	-4112604.0000
20090630	臺股期貨            	TXF    	C         	4983	6362441.0000	4521	5762517.0000	462	599924.0000	27268	34756081.0000	21846	27758597.0000	5422	6997484.0000
20090630	非金電期貨          	XIF    	A         	338	261387.0000	337	260433.0000	1	954.0000	444	342441.0000	132	101743.0000	312	240698.0000
20090630	非金電期貨          	XIF    	B         	0	.0000	0	.0000	0	.0000	17	13143.0000	0	.0000	17	13143.0000
20090630	非金電期貨          	XIF    	C         	5	3930.0000	5	3884.0000	0	47.0000	319	246619.0000	572	441940.0000	-253	-195321.0000
