20100901	電子期貨            	EXF    	A         	229	271550.0000	417	494603.0000	-188	-223053.0000	511	606552.0000	587	696723.0000	-76	-90171.0000
20100901	電子期貨            	EXF    	B         	0	.0000	0	.0000	0	.0000	214	254232.0000	297	352836.0000	-83	-98604.0000
20100901	電子期貨            	EXF    	C         	1166	1383530.0000	785	931354.0000	381	452176.0000	3047	3619736.0000	3734	4435992.0000	-687	-816256.0000
20100901	金融期貨            	FXF    	A         	403	345424.0000	383	328489.0000	20	16935.0000	478	409710.0000	474	406576.0000	4	3134.0000
20100901	金融期貨            	FXF    	B         	0	.0000	0	.0000	0	.0000	176	151114.0000	0	.0000	176	151114.0000
20100901	金融期貨            	FXF    	C         	468	401344.0000	279	239232.0000	189	162112.0000	1209	1038042.0000	4417	3792436.0000	-3208	-2754394.0000
20100901	櫃買期貨            	GTF    	A         	115	61557.0000	153	81999.0000	-38	-20442.0000	150	80289.0000	162	86713.0000	-12	-6424.0000
20100901	櫃買期貨            	GTF    	B         	0	.0000	0	.0000	0	.0000	0	.0000	0	.0000	0	.0000
20100901	櫃買期貨            	GTF    	C         	0	.0000	0	.0000	0	.0000	0	.0000	0	.0000	0	.0000
20100901	摩臺期              	MSF    	A         	0	.0000	0	.0000	0	.0000	0	.0000	7	6035.0000	-7	-6035.0000
20100901	摩臺期              	MSF    	B         	0	.0000	0	.0000	0	.0000	0	.0000	0	.0000	0	.0000
20100901	摩臺期              	MSF    	C         	0	.0000	0	.0000	0	.0000	0	.0000	0	.0000	0	.0000
20100901	小型臺指            	MXF    	A         	5188	1973071.0000	3087	1173529.0000	2101	799542.0000	2014	767008.0000	4890	1858408.0000	-2876	-1091400.0000
20100901	小型臺指            	MXF    	B         	0	.0000	15	5700.0000	-15	-5700.0000	1	381.0000	15	5721.0000	-14	-5340.0000
20100901	小型臺指            	MXF    	C         	4985	1895470.0000	4719	1795119.0000	266	100351.0000	2265	859781.0000	1832	698547.0000	433	161234.0000
20100901	股票期貨            	STF    	A         	1503	140005.0000	1631	177266.0000	-128	-37261.0000	3726	311993.0000	8740	745777.0000	-5014	-433784.0000
20100901	股票期貨            	STF    	B         	0	.0000	0	.0000	0	.0000	0	.0000	0	.0000	0	.0000
20100901	股票期貨            	STF    	C         	75	5886.0000	31	5550.0000	44	336.0000	318	35730.0000	701	44800.0000	-383	-9070.0000
20100901	臺灣50期貨          	T5F    	A         	0	.0000	0	.0000	0	.0000	2	1023.0000	2	995.0000	0	28.0000
20100901	臺灣50期貨          	T5F    	B         	0	.0000	0	.0000	0	.0000	0	.0000	0	.0000	0	.0000
20100901	臺灣50期貨          	T5F    	C         	0	.0000	0	.0000	0	.0000	0	.0000	0	.0000	0	.0000
20100901	臺股期貨            	TXF    	A         	13102	19942613.0000	12791	19464296.0000	311	478317.0000	3582	5463296.0000	8379	12763614.0000	-4797	-7300318.0000
20100901	臺股期貨            	TXF    	B         	64	97390.0000	462	702017.0000	-398	-604627.0000	2656	4051989.0000	2546	3883126.0000	110	168863.0000
20100901	臺股期貨            	TXF    	C         	12678	19286052.0000	11215	17063146.0000	1463	2222906.0000	30878	47049567.0000	29089	44375059.0000	1789	2674508.0000
20100901	非金電期貨          	XIF    	A         	107	104567.0000	122	119195.0000	-15	-14628.0000	277	271291.0000	306	299630.0000	-29	-28339.0000
20100901	非金電期貨          	XIF    	B         	0	.0000	0	.0000	0	.0000	30	29439.0000	0	.0000	30	29439.0000
20100901	非金電期貨          	XIF    	C         	80	78092.0000	15	14674.0000	65	63419.0000	30	29439.0000	189	185466.0000	-159	-156027.0000
20100902	電子期貨            	EXF    	A         	494	593707.0000	531	638072.0000	-37	-44365.0000	574	688387.0000	687	823821.0000	-113	-135434.0000
20100902	電子期貨            	EXF    	B         	52	62768.0000	0	.0000	52	62768.0000	214	256843.0000	247	296449.0000	-33	-39606.0000
20100902	電子期貨            	EXF    	C         	1086	1304815.0000	941	1130176.0000	145	174639.0000	3344	4013277.0000	3886	4663977.0000	-542	-650700.0000
20100902	金融期貨            	FXF    	A         	331	286141.0000	379	327425.0000	-48	-41284.0000	402	346603.0000	446	384770.0000	-44	-38167.0000
20100902	金融期貨            	FXF    	B         	0	.0000	3	2591.0000	-3	-2591.0000	173	149437.0000	0	.0000	173	149437.0000
20100902	金融期貨            	FXF    	C         	686	592927.0000	429	370635.0000	257	222293.0000	1331	1149709.0000	4282	3698792.0000	-2951	-2549083.0000
20100902	櫃買期貨            	GTF    	A         	127	68667.0000	103	55785.0000	24	12882.0000	187	100662.0000	175	94200.0000	12	6462.0000
20100902	櫃買期貨            	GTF    	B         	0	.0000	0	.0000	0	.0000	0	.0000	0	.0000	0	.0000
20100902	櫃買期貨            	GTF    	C         	0	.0000	0	.0000	0	.0000	0	.0000	0	.0000	0	.0000
20100902	摩臺期              	MSF    	A         	2	1736.0000	5	4361.0000	-3	-2625.0000	0	.0000	10	8741.0000	-10	-8741.0000
20100902	摩臺期              	MSF    	B         	0	.0000	0	.0000	0	.0000	0	.0000	0	.0000	0	.0000
20100902	摩臺期              	MSF    	C         	0	.0000	0	.0000	0	.0000	0	.0000	0	.0000	0	.0000
20100902	小型臺指            	MXF    	A         	7490	2882752.0000	6398	2461583.0000	1092	421169.0000	2708	1040477.0000	4876	1869146.0000	-2168	-828669.0000
20100902	小型臺指            	MXF    	B         	0	.0000	0	.0000	0	.0000	1	385.0000	15	5770.0000	-14	-5385.0000
20100902	小型臺指            	MXF    	C         	7529	2897253.0000	7626	2935203.0000	-97	-37950.0000	2374	909115.0000	2038	783813.0000	336	125302.0000
20100902	股票期貨            	STF    	A         	1589	113596.0000	1518	113440.0000	71	156.0000	3960	330045.0000	8903	768598.0000	-4943	-438553.0000
20100902	股票期貨            	STF    	B         	0	.0000	0	.0000	0	.0000	0	.0000	0	.0000	0	.0000
20100902	股票期貨            	STF    	C         	31	2529.0000	22	2177.0000	9	352.0000	339	37522.0000	713	46751.0000	-374	-9229.0000
20100902	臺灣50期貨          	T5F    	A         	0	.0000	0	.0000	0	.0000	2	1030.0000	2	1002.0000	0	28.0000
20100902	臺灣50期貨          	T5F    	B         	0	.0000	0	.0000	0	.0000	0	.0000	0	.0000	0	.0000
20100902	臺灣50期貨          	T5F    	C         	0	.0000	0	.0000	0	.0000	0	.0000	0	.0000	0	.0000
20100902	臺股期貨            	TXF    	A         	20625	31761546.0000	18948	29168300.0000	1677	2593246.0000	5376	8270055.0000	8400	12904395.0000	-3024	-4634340.0000
20100902	臺股期貨            	TXF    	B         	207	318953.0000	181	278654.0000	26	40299.0000	2636	4055745.0000	2500	3845360.0000	136	210385.0000
20100902	臺股期貨            	TXF    	C         	17795	27395830.0000	16159	24875126.0000	1636	2520705.0000	32118	49358351.0000	28693	44143503.0000	3425	5214848.0000
20100902	非金電期貨          	XIF    	A         	213	210199.0000	223	220101.0000	-10	-9901.0000	287	283209.0000	326	321658.0000	-39	-38449.0000
20100902	非金電期貨          	XIF    	B         	0	.0000	0	.0000	0	.0000	30	29652.0000	0	.0000	30	29652.0000
20100902	非金電期貨          	XIF    	C         	47	46454.0000	39	38467.0000	8	7987.0000	44	43490.0000	195	192738.0000	-151	-149248.0000
20100903	電子期貨            	EXF    	A         	888	1080370.0000	788	960185.0000	100	120185.0000	507	619668.0000	520	635410.0000	-13	-15742.0000
20100903	電子期貨            	EXF    	B         	0	.0000	0	.0000	0	.0000	214	261765.0000	247	302130.0000	-33	-40365.0000
20100903	電子期貨            	EXF    	C         	975	1187663.0000	1026	1248695.0000	-51	-61032.0000	2944	3600856.0000	3537	4326458.0000	-593	-725602.0000
20100903	金融期貨            	FXF    	A         	492	427868.0000	412	358288.0000	80	69580.0000	493	428482.0000	457	397319.0000	36	31163.0000
20100903	金融期貨            	FXF    	B         	0	.0000	0	.0000	0	.0000	173	150579.0000	0	.0000	173	150579.0000
20100903	金融期貨            	FXF    	C         	523	454858.0000	890	774076.0000	-367	-319218.0000	1098	955691.0000	4416	3843686.0000	-3318	-2887995.0000
20100903	櫃買期貨            	GTF    	A         	204	112035.0000	257	141115.0000	-53	-29080.0000	184	101626.0000	225	124288.0000	-41	-22662.0000
20100903	櫃買期貨            	GTF    	B         	0	.0000	0	.0000	0	.0000	0	.0000	0	.0000	0	.0000
20100903	櫃買期貨            	GTF    	C         	0	.0000	0	.0000	0	.0000	0	.0000	0	.0000	0	.0000
20100903	摩臺期              	MSF    	A         	0	.0000	0	.0000	0	.0000	0	.0000	10	8778.0000	-10	-8778.0000
20100903	摩臺期              	MSF    	B         	0	.0000	0	.0000	0	.0000	0	.0000	0	.0000	0	.0000
20100903	摩臺期              	MSF    	C         	0	.0000	0	.0000	0	.0000	0	.0000	0	.0000	0	.0000
20100903	小型臺指            	MXF    	A         	6373	2471811.0000	3392	1316105.0000	2981	1155706.0000	3421	1329298.0000	4268	1653936.0000	-847	-324638.0000
20100903	小型臺指            	MXF    	B         	0	.0000	0	.0000	0	.0000	1	389.0000	15	5834.0000	-14	-5445.0000
20100903	小型臺指            	MXF    	C         	6760	2622273.0000	5989	2323603.0000	771	298669.0000	2778	1075687.0000	1871	727611.0000	907	348076.0000
20100903	股票期貨            	STF    	A         	1684	148882.0000	1444	117530.0000	240	31351.0000	4476	366628.0000	9179	785658.0000	-4703	-419030.0000
20100903	股票期貨            	STF    	B         	0	.0000	0	.0000	0	.0000	0	.0000	0	.0000	0	.0000
20100903	股票期貨            	STF    	C         	173	10476.0000	17	2098.0000	156	8379.0000	363	39437.0000	636	43285.0000	-273	-3848.0000
20100903	臺灣50期貨          	T5F    	A         	0	.0000	0	.0000	0	.0000	2	1054.0000	2	1026.0000	0	28.0000
20100903	臺灣50期貨          	T5F    	B         	0	.0000	0	.0000	0	.0000	0	.0000	0	.0000	0	.0000
20100903	臺灣50期貨          	T5F    	C         	0	.0000	0	.0000	0	.0000	0	.0000	0	.0000	0	.0000
20100903	臺股期貨            	TXF    	A         	19501	30264650.0000	18463	28662954.0000	1038	1601696.0000	5245	8158493.0000	6816	10584523.0000	-1571	-2426030.0000
20100903	臺股期貨            	TXF    	B         	460	713730.0000	415	641781.0000	45	71949.0000	2636	4101084.0000	2455	3816609.0000	181	284475.0000
20100903	臺股期貨            	TXF    	C         	13751	21345162.0000	11882	18441735.0000	1869	2903427.0000	32276	50151058.0000	26932	41896546.0000	5344	8254512.0000
20100903	非金電期貨          	XIF    	A         	215	212717.0000	141	139497.0000	74	73219.0000	316	312024.0000	281	277350.0000	35	34674.0000
20100903	非金電期貨          	XIF    	B         	0	.0000	0	.0000	0	.0000	30	29652.0000	0	.0000	30	29652.0000
20100903	非金電期貨          	XIF    	C         	93	91948.0000	9	8906.0000	84	83042.0000	87	85991.0000	154	152214.0000	-67	-66223.0000
20100906	電子期貨            	EXF    	A         	798	981979.0000	412	506689.0000	386	475290.0000	734	905057.0000	361	444524.0000	373	460533.0000
20100906	電子期貨            	EXF    	B         	0	.0000	0	.0000	0	.0000	214	264033.0000	247	304749.0000	-33	-40716.0000
20100906	電子期貨            	EXF    	C         	695	855198.0000	563	692696.0000	132	162502.0000	3020	3725690.0000	3481	4294858.0000	-461	-569168.0000
20100906	金融期貨            	FXF    	A         	464	407196.0000	443	388696.0000	21	18500.0000	546	477765.0000	489	427980.0000	57	49785.0000
20100906	金融期貨            	FXF    	B         	0	.0000	0	.0000	0	.0000	173	151583.0000	0	.0000	173	151583.0000
20100906	金融期貨            	FXF    	C         	596	523296.0000	844	740130.0000	-248	-216834.0000	1140	998860.0000	4706	4123397.0000	-3566	-3124537.0000
20100906	櫃買期貨            	GTF    	A         	290	162939.0000	311	174712.0000	-21	-11772.0000	169	95083.0000	231	129950.0000	-62	-34867.0000
20100906	櫃買期貨            	GTF    	B         	0	.0000	0	.0000	0	.0000	0	.0000	0	.0000	0	.0000
20100906	櫃買期貨            	GTF    	C         	0	.0000	0	.0000	0	.0000	0	.0000	0	.0000	0	.0000
20100906	摩臺期              	MSF    	A         	7	6174.0000	10	8818.0000	-3	-2644.0000	0	.0000	13	11522.0000	-13	-11522.0000
20100906	摩臺期              	MSF    	B         	0	.0000	0	.0000	0	.0000	0	.0000	0	.0000	0	.0000
20100906	摩臺期              	MSF    	C         	0	.0000	0	.0000	0	.0000	0	.0000	0	.0000	0	.0000
20100906	小型臺指            	MXF    	A         	6329	2484107.0000	4402	1728415.0000	1927	755692.0000	3476	1365261.0000	4012	1572024.0000	-536	-206763.0000
20100906	小型臺指            	MXF    	B         	0	.0000	0	.0000	0	.0000	1	393.0000	15	5898.0000	-14	-5505.0000
20100906	小型臺指            	MXF    	C         	5253	2062419.0000	5232	2054608.0000	21	7812.0000	2860	1119838.0000	2124	835040.0000	736	284798.0000
20100906	股票期貨            	STF    	A         	937	90625.0000	970	90379.0000	-33	247.0000	4598	377229.0000	9334	795121.0000	-4736	-417892.0000
20100906	股票期貨            	STF    	B         	0	.0000	0	.0000	0	.0000	0	.0000	0	.0000	0	.0000
20100906	股票期貨            	STF    	C         	26	2271.0000	17	1257.0000	9	1014.0000	360	39328.0000	624	42382.0000	-264	-3054.0000
20100906	臺灣50期貨          	T5F    	A         	0	.0000	0	.0000	0	.0000	2	1060.0000	2	1032.0000	0	28.0000
20100906	臺灣50期貨          	T5F    	B         	0	.0000	0	.0000	0	.0000	0	.0000	0	.0000	0	.0000
20100906	臺灣50期貨          	T5F    	C         	0	.0000	0	.0000	0	.0000	0	.0000	0	.0000	0	.0000
20100906	臺股期貨            	TXF    	A         	16626	26119065.0000	15158	23811631.0000	1468	2307434.0000	5986	9413612.0000	5685	8921597.0000	301	492015.0000
20100906	臺股期貨            	TXF    	B         	501	787423.0000	8	12563.0000	493	774860.0000	2831	4452592.0000	2157	3389630.0000	674	1062962.0000
20100906	臺股期貨            	TXF    	C         	13134	20634721.0000	13335	20950889.0000	-201	-316169.0000	31727	49834455.0000	26536	41731414.0000	5191	8103041.0000
20100906	非金電期貨          	XIF    	A         	351	351632.0000	311	311634.0000	40	39998.0000	343	344202.0000	268	268729.0000	75	75473.0000
20100906	非金電期貨          	XIF    	B         	0	.0000	0	.0000	0	.0000	30	30144.0000	0	.0000	30	30144.0000
20100906	非金電期貨          	XIF    	C         	66	66024.0000	36	36133.0000	30	29891.0000	71	71341.0000	108	108518.0000	-37	-37177.0000
20100907	電子期貨            	EXF    	A         	116	142830.0000	311	383013.0000	-195	-240182.0000	609	748640.0000	431	529343.0000	178	219297.0000
20100907	電子期貨            	EXF    	B         	40	49330.0000	0	.0000	40	49330.0000	214	263263.0000	207	254651.0000	7	8612.0000
20100907	電子期貨            	EXF    	C         	629	774859.0000	376	463032.0000	253	311828.0000	3275	4028519.0000	3483	4284787.0000	-208	-256268.0000
20100907	金融期貨            	FXF    	A         	273	238302.0000	281	245196.0000	-8	-6894.0000	590	512863.0000	541	470172.0000	49	42691.0000
20100907	金融期貨            	FXF    	B         	0	.0000	0	.0000	0	.0000	173	150579.0000	0	.0000	173	150579.0000
20100907	金融期貨            	FXF    	C         	350	305600.0000	301	262699.0000	49	42901.0000	1166	1014876.0000	4683	4076083.0000	-3517	-3061207.0000
20100907	櫃買期貨            	GTF    	A         	201	113189.0000	207	116530.0000	-6	-3342.0000	159	89286.0000	227	127422.0000	-68	-38136.0000
20100907	櫃買期貨            	GTF    	B         	0	.0000	0	.0000	0	.0000	0	.0000	0	.0000	0	.0000
20100907	櫃買期貨            	GTF    	C         	0	.0000	0	.0000	0	.0000	0	.0000	0	.0000	0	.0000
20100907	摩臺期              	MSF    	A         	4	3537.0000	4	3537.0000	0	.0000	0	.0000	13	11494.0000	-13	-11494.0000
20100907	摩臺期              	MSF    	B         	0	.0000	0	.0000	0	.0000	0	.0000	0	.0000	0	.0000
20100907	摩臺期              	MSF    	C         	0	.0000	0	.0000	0	.0000	0	.0000	0	.0000	0	.0000
20100907	小型臺指            	MXF    	A         	2759	1083737.0000	2386	936973.0000	373	146765.0000	3734	1464648.0000	4057	1587680.0000	-323	-123032.0000
20100907	小型臺指            	MXF    	B         	0	.0000	0	.0000	0	.0000	1	393.0000	15	5890.0000	-14	-5497.0000
20100907	小型臺指            	MXF    	C         	3587	1408937.0000	3022	1187269.0000	565	221668.0000	2872	1123116.0000	1763	692110.0000	1109	431006.0000
20100907	股票期貨            	STF    	A         	1206	101438.0000	1489	120584.0000	-283	-19146.0000	4385	359060.0000	9404	791502.0000	-5019	-432442.0000
20100907	股票期貨            	STF    	B         	0	.0000	0	.0000	0	.0000	0	.0000	0	.0000	0	.0000
20100907	股票期貨            	STF    	C         	52	5079.0000	54	5125.0000	-2	-46.0000	363	39286.0000	629	42237.0000	-266	-2951.0000
20100907	臺灣50期貨          	T5F    	A         	0	.0000	0	.0000	0	.0000	2	1051.0000	2	1024.0000	0	27.0000
20100907	臺灣50期貨          	T5F    	B         	0	.0000	0	.0000	0	.0000	0	.0000	0	.0000	0	.0000
20100907	臺灣50期貨          	T5F    	C         	0	.0000	0	.0000	0	.0000	0	.0000	0	.0000	0	.0000
20100907	臺股期貨            	TXF    	A         	9896	15552107.0000	9894	15546878.0000	2	5229.0000	6838	10738081.0000	6495	10181088.0000	343	556993.0000
20100907	臺股期貨            	TXF    	B         	21	33000.0000	155	243300.0000	-134	-210300.0000	2762	4337993.0000	2222	3486943.0000	540	851050.0000
20100907	臺股期貨            	TXF    	C         	8264	12984155.0000	7065	11101343.0000	1199	1882812.0000	33355	52319493.0000	26917	42269960.0000	6438	10049533.0000
20100907	非金電期貨          	XIF    	A         	167	168116.0000	185	186197.0000	-18	-18081.0000	331	333130.0000	274	275665.0000	57	57465.0000
20100907	非金電期貨          	XIF    	B         	0	.0000	0	.0000	0	.0000	30	30213.0000	0	.0000	30	30213.0000
20100907	非金電期貨          	XIF    	C         	33	33220.0000	33	33221.0000	0	-1.0000	77	77547.0000	114	114809.0000	-37	-37262.0000
20100908	電子期貨            	EXF    	A         	527	647296.0000	611	750251.0000	-84	-102954.0000	553	679799.0000	459	563882.0000	94	115917.0000
20100908	電子期貨            	EXF    	B         	0	.0000	0	.0000	0	.0000	214	263263.0000	207	254651.0000	7	8612.0000
20100908	電子期貨            	EXF    	C         	686	842505.0000	1013	1244071.0000	-327	-401566.0000	3284	4039576.0000	3819	4698134.0000	-535	-658558.0000
20100908	金融期貨            	FXF    	A         	795	691432.0000	896	779050.0000	-101	-87618.0000	523	453827.0000	575	498873.0000	-52	-45046.0000
20100908	金融期貨            	FXF    	B         	0	.0000	0	.0000	0	.0000	173	150337.0000	0	.0000	173	150337.0000
20100908	金融期貨            	FXF    	C         	1313	1143521.0000	1247	1083003.0000	66	60518.0000	1252	1087980.0000	4703	4086907.0000	-3451	-2998927.0000
20100908	櫃買期貨            	GTF    	A         	314	175614.0000	249	139270.0000	65	36344.0000	174	97196.0000	177	98871.0000	-3	-1675.0000
20100908	櫃買期貨            	GTF    	B         	0	.0000	0	.0000	0	.0000	0	.0000	0	.0000	0	.0000
20100908	櫃買期貨            	GTF    	C         	0	.0000	0	.0000	0	.0000	0	.0000	0	.0000	0	.0000
20100908	摩臺期              	MSF    	A         	3	2638.0000	3	2638.0000	0	.0000	0	.0000	13	11389.0000	-13	-11389.0000
20100908	摩臺期              	MSF    	B         	0	.0000	0	.0000	0	.0000	0	.0000	0	.0000	0	.0000
20100908	摩臺期              	MSF    	C         	0	.0000	0	.0000	0	.0000	0	.0000	0	.0000	0	.0000
20100908	小型臺指            	MXF    	A         	7526	2945945.0000	9430	3686759.0000	-1904	-740814.0000	2600	1018947.0000	4311	1686928.0000	-1711	-667981.0000
20100908	小型臺指            	MXF    	B         	0	.0000	0	.0000	0	.0000	1	392.0000	15	5887.0000	-14	-5495.0000
20100908	小型臺指            	MXF    	C         	7324	2865352.0000	7492	2930592.0000	-168	-65240.0000	3228	1261719.0000	2627	1030623.0000	601	231096.0000
20100908	股票期貨            	STF    	A         	2468	193331.0000	2918	234463.0000	-450	-41132.0000	4174	341450.0000	9643	815296.0000	-5469	-473846.0000
20100908	股票期貨            	STF    	B         	0	.0000	0	.0000	0	.0000	0	.0000	0	.0000	0	.0000
20100908	股票期貨            	STF    	C         	16	5522.0000	15	5313.0000	1	209.0000	363	38907.0000	628	42065.0000	-265	-3158.0000
20100908	臺灣50期貨          	T5F    	A         	0	.0000	0	.0000	0	.0000	2	1040.0000	2	1012.0000	0	28.0000
20100908	臺灣50期貨          	T5F    	B         	0	.0000	0	.0000	0	.0000	0	.0000	0	.0000	0	.0000
20100908	臺灣50期貨          	T5F    	C         	0	.0000	0	.0000	0	.0000	0	.0000	0	.0000	0	.0000
20100908	臺股期貨            	TXF    	A         	24207	37886738.0000	22871	35800508.0000	1336	2086229.0000	7733	12137518.0000	6183	9683856.0000	1550	2453662.0000
20100908	臺股期貨            	TXF    	B         	23	36014.0000	350	547407.0000	-327	-511393.0000	2736	4294968.0000	2523	3956631.0000	213	338337.0000
20100908	臺股期貨            	TXF    	C         	18355	28749083.0000	19359	30286296.0000	-1004	-1537214.0000	33656	52760192.0000	28137	44161393.0000	5519	8598799.0000
20100908	非金電期貨          	XIF    	A         	259	259456.0000	288	288467.0000	-29	-29011.0000	339	340208.0000	311	311947.0000	28	28261.0000
20100908	非金電期貨          	XIF    	B         	0	.0000	0	.0000	0	.0000	30	30144.0000	0	.0000	30	30144.0000
20100908	非金電期貨          	XIF    	C         	74	74131.0000	42	42041.0000	32	32090.0000	85	85408.0000	90	90432.0000	-5	-5024.0000
20100909	電子期貨            	EXF    	A         	718	886534.0000	509	628235.0000	209	258299.0000	676	832802.0000	373	458977.0000	303	373825.0000
20100909	電子期貨            	EXF    	B         	0	.0000	0	.0000	0	.0000	214	263819.0000	207	255190.0000	7	8629.0000
20100909	電子期貨            	EXF    	C         	702	866612.0000	1091	1346118.0000	-389	-479506.0000	3308	4077570.0000	4232	5217210.0000	-924	-1139640.0000
20100909	金融期貨            	FXF    	A         	483	418139.0000	506	437664.0000	-23	-19526.0000	668	576062.0000	743	640764.0000	-75	-64702.0000
20100909	金融期貨            	FXF    	B         	0	.0000	0	.0000	0	.0000	173	149368.0000	0	.0000	173	149368.0000
20100909	金融期貨            	FXF    	C         	412	356802.0000	686	593675.0000	-274	-236873.0000	1172	1011901.0000	4897	4228070.0000	-3725	-3216169.0000
20100909	櫃買期貨            	GTF    	A         	175	97405.0000	150	83498.0000	25	13907.0000	169	94045.0000	147	81793.0000	22	12252.0000
20100909	櫃買期貨            	GTF    	B         	0	.0000	0	.0000	0	.0000	0	.0000	0	.0000	0	.0000
20100909	櫃買期貨            	GTF    	C         	0	.0000	0	.0000	0	.0000	0	.0000	0	.0000	0	.0000
20100909	摩臺期              	MSF    	A         	0	.0000	0	.0000	0	.0000	0	.0000	13	11461.0000	-13	-11461.0000
20100909	摩臺期              	MSF    	B         	0	.0000	0	.0000	0	.0000	0	.0000	0	.0000	0	.0000
20100909	摩臺期              	MSF    	C         	0	.0000	0	.0000	0	.0000	0	.0000	0	.0000	0	.0000
20100909	小型臺指            	MXF    	A         	4447	1743638.0000	7056	2765688.0000	-2609	-1022050.0000	1795	701709.0000	5303	2071487.0000	-3508	-1369778.0000
20100909	小型臺指            	MXF    	B         	0	.0000	0	.0000	0	.0000	1	392.0000	15	5875.0000	-14	-5483.0000
20100909	小型臺指            	MXF    	C         	5670	2223491.0000	6095	2390195.0000	-425	-166704.0000	3837	1497350.0000	3233	1265889.0000	604	231461.0000
20100909	股票期貨            	STF    	A         	2949	186124.0000	3058	207760.0000	-109	-21636.0000	4228	339733.0000	9806	836048.0000	-5578	-496315.0000
20100909	股票期貨            	STF    	B         	0	.0000	0	.0000	0	.0000	0	.0000	0	.0000	0	.0000
20100909	股票期貨            	STF    	C         	15	1365.0000	11	739.0000	4	626.0000	358	38332.0000	619	41115.0000	-261	-2783.0000
20100909	臺灣50期貨          	T5F    	A         	0	.0000	0	.0000	0	.0000	2	1044.0000	2	1016.0000	0	28.0000
20100909	臺灣50期貨          	T5F    	B         	0	.0000	0	.0000	0	.0000	0	.0000	0	.0000	0	.0000
20100909	臺灣50期貨          	T5F    	C         	0	.0000	0	.0000	0	.0000	0	.0000	0	.0000	0	.0000
20100909	臺股期貨            	TXF    	A         	18820	29510570.0000	17282	27099195.0000	1538	2411375.0000	8906	13950323.0000	6021	9410794.0000	2885	4539529.0000
20100909	臺股期貨            	TXF    	B         	49	76887.0000	345	539930.0000	-296	-463044.0000	2626	4113887.0000	2709	4239183.0000	-83	-125296.0000
20100909	臺股期貨            	TXF    	C         	14556	22832131.0000	16085	25245659.0000	-1529	-2413529.0000	33797	52873389.0000	29914	46852412.0000	3883	6020977.0000
20100909	非金電期貨          	XIF    	A         	310	310029.0000	329	329053.0000	-19	-19024.0000	350	349191.0000	341	340190.0000	9	9001.0000
20100909	非金電期貨          	XIF    	B         	0	.0000	0	.0000	0	.0000	30	29964.0000	0	.0000	30	29964.0000
20100909	非金電期貨          	XIF    	C         	82	82115.0000	45	45103.0000	37	37012.0000	98	97882.0000	66	65921.0000	32	31961.0000
20100910	電子期貨            	EXF    	A         	675	835962.0000	679	840983.0000	-4	-5021.0000	725	899700.0000	426	528019.0000	299	371681.0000
20100910	電子期貨            	EXF    	B         	0	.0000	0	.0000	0	.0000	214	265745.0000	207	257053.0000	7	8692.0000
20100910	電子期貨            	EXF    	C         	1242	1542581.0000	1033	1280877.0000	209	261704.0000	3338	4144581.0000	4053	5033015.0000	-715	-888434.0000
20100910	金融期貨            	FXF    	A         	628	547147.0000	755	657811.0000	-127	-110664.0000	655	572897.0000	857	749480.0000	-202	-176583.0000
20100910	金融期貨            	FXF    	B         	0	.0000	0	.0000	0	.0000	173	151479.0000	0	.0000	173	151479.0000
20100910	金融期貨            	FXF    	C         	1165	1015298.0000	663	577286.0000	502	438012.0000	1340	1173299.0000	4563	3995343.0000	-3223	-2822044.0000
20100910	櫃買期貨            	GTF    	A         	275	152938.0000	301	167456.0000	-26	-14518.0000	161	89817.0000	165	92045.0000	-4	-2228.0000
20100910	櫃買期貨            	GTF    	B         	0	.0000	0	.0000	0	.0000	0	.0000	0	.0000	0	.0000
20100910	櫃買期貨            	GTF    	C         	0	.0000	0	.0000	0	.0000	0	.0000	0	.0000	0	.0000
20100910	摩臺期              	MSF    	A         	1	886.0000	1	887.0000	0	-2.0000	0	.0000	13	11514.0000	-13	-11514.0000
20100910	摩臺期              	MSF    	B         	0	.0000	0	.0000	0	.0000	0	.0000	0	.0000	0	.0000
20100910	摩臺期              	MSF    	C         	0	.0000	0	.0000	0	.0000	0	.0000	0	.0000	0	.0000
20100910	小型臺指            	MXF    	A         	5562	2190658.0000	5456	2146820.0000	106	43838.0000	2206	869600.0000	5272	2076397.0000	-3066	-1206797.0000
20100910	小型臺指            	MXF    	B         	0	.0000	0	.0000	0	.0000	1	395.0000	15	5923.0000	-14	-5528.0000
20100910	小型臺指            	MXF    	C         	4251	1673304.0000	4466	1757762.0000	-215	-84458.0000	3756	1477344.0000	3355	1324488.0000	401	152856.0000
20100910	股票期貨            	STF    	A         	3148	217977.0000	3045	221262.0000	103	-3284.0000	4346	346886.0000	9821	849088.0000	-5475	-502202.0000
20100910	股票期貨            	STF    	B         	0	.0000	0	.0000	0	.0000	0	.0000	0	.0000	0	.0000
20100910	股票期貨            	STF    	C         	14	1411.0000	21	2816.0000	-7	-1404.0000	358	39469.0000	619	40733.0000	-261	-1264.0000
20100910	臺灣50期貨          	T5F    	A         	0	.0000	0	.0000	0	.0000	2	1048.0000	2	1020.0000	0	28.0000
20100910	臺灣50期貨          	T5F    	B         	0	.0000	0	.0000	0	.0000	0	.0000	0	.0000	0	.0000
20100910	臺灣50期貨          	T5F    	C         	0	.0000	0	.0000	0	.0000	0	.0000	0	.0000	0	.0000
20100910	臺股期貨            	TXF    	A         	16377	25801220.0000	15734	24788573.0000	643	1012648.0000	8365	13209761.0000	4921	7751269.0000	3444	5458492.0000
20100910	臺股期貨            	TXF    	B         	208	327361.0000	203	319319.0000	5	8041.0000	2567	4054315.0000	2645	4173079.0000	-78	-118764.0000
20100910	臺股期貨            	TXF    	C         	15964	25154375.0000	14576	22955305.0000	1388	2199070.0000	34480	54375779.0000	29212	46123275.0000	5268	8252504.0000
20100910	非金電期貨          	XIF    	A         	349	349849.0000	330	330758.0000	19	19091.0000	412	414090.0000	384	385828.0000	28	28262.0000
20100910	非金電期貨          	XIF    	B         	0	.0000	0	.0000	0	.0000	30	30180.0000	0	.0000	30	30180.0000
20100910	非金電期貨          	XIF    	C         	59	59211.0000	102	102346.0000	-43	-43135.0000	107	107642.0000	118	118708.0000	-11	-11066.0000
20100913	電子期貨            	EXF    	A         	959	1209214.0000	804	1012994.0000	155	196220.0000	1011	1288642.0000	557	709247.0000	454	579395.0000
20100913	電子期貨            	EXF    	B         	100	125958.0000	50	63272.0000	50	62686.0000	214	272816.0000	157	200238.0000	57	72578.0000
20100913	電子期貨            	EXF    	C         	2107	2654111.0000	1974	2490877.0000	133	163233.0000	3302	4209993.0000	3884	4952840.0000	-582	-742847.0000
20100913	金融期貨            	FXF    	A         	1396	1243685.0000	1202	1071746.0000	194	171939.0000	860	775338.0000	868	782401.0000	-8	-7063.0000
20100913	金融期貨            	FXF    	B         	0	.0000	0	.0000	0	.0000	173	156115.0000	0	.0000	173	156115.0000
20100913	金融期貨            	FXF    	C         	2718	2420013.0000	2741	2441894.0000	-23	-21882.0000	2025	1827067.0000	5271	4754765.0000	-3246	-2927698.0000
20100913	櫃買期貨            	GTF    	A         	125	70290.0000	197	110734.0000	-72	-40445.0000	167	94477.0000	243	137397.0000	-76	-42920.0000
20100913	櫃買期貨            	GTF    	B         	0	.0000	0	.0000	0	.0000	0	.0000	0	.0000	0	.0000
20100913	櫃買期貨            	GTF    	C         	0	.0000	0	.0000	0	.0000	0	.0000	0	.0000	0	.0000
20100913	摩臺期              	MSF    	A         	0	.0000	0	.0000	0	.0000	0	.0000	13	11899.0000	-13	-11899.0000
20100913	摩臺期              	MSF    	B         	0	.0000	0	.0000	0	.0000	0	.0000	0	.0000	0	.0000
20100913	摩臺期              	MSF    	C         	0	.0000	0	.0000	0	.0000	0	.0000	0	.0000	0	.0000
20100913	小型臺指            	MXF    	A         	9819	3928668.0000	7342	2949257.0000	2477	979411.0000	2603	1052963.0000	2352	950670.0000	251	102293.0000
20100913	小型臺指            	MXF    	B         	0	.0000	0	.0000	0	.0000	1	405.0000	15	6081.0000	-14	-5676.0000
20100913	小型臺指            	MXF    	C         	7338	2935118.0000	6820	2733591.0000	518	201527.0000	3974	1605538.0000	3195	1295081.0000	779	310457.0000
20100913	股票期貨            	STF    	A         	3594	257271.0000	2937	208100.0000	657	49171.0000	4993	383163.0000	9811	850784.0000	-4818	-467621.0000
20100913	股票期貨            	STF    	B         	0	.0000	0	.0000	0	.0000	0	.0000	0	.0000	0	.0000
20100913	股票期貨            	STF    	C         	48	3557.0000	46	6666.0000	2	-3108.0000	332	36454.0000	591	41212.0000	-259	-4758.0000
20100913	臺灣50期貨          	T5F    	A         	0	.0000	0	.0000	0	.0000	2	1090.0000	2	1062.0000	0	28.0000
20100913	臺灣50期貨          	T5F    	B         	0	.0000	0	.0000	0	.0000	0	.0000	0	.0000	0	.0000
20100913	臺灣50期貨          	T5F    	C         	0	.0000	0	.0000	0	.0000	0	.0000	0	.0000	0	.0000
20100913	臺股期貨            	TXF    	A         	33987	54557854.0000	31061	49881749.0000	2926	4676105.0000	11291	18301630.0000	5131	8300130.0000	6160	10001500.0000
20100913	臺股期貨            	TXF    	B         	1505	2411965.0000	689	1106916.0000	816	1305048.0000	2649	4293095.0000	1911	3095568.0000	738	1197527.0000
20100913	臺股期貨            	TXF    	C         	36986	59164104.0000	41493	66509751.0000	-4507	-7345648.0000	36153	58522324.0000	35357	57290170.0000	796	1232154.0000
20100913	非金電期貨          	XIF    	A         	452	462413.0000	264	269516.0000	188	192897.0000	642	661092.0000	426	438506.0000	216	222586.0000
20100913	非金電期貨          	XIF    	B         	0	.0000	0	.0000	0	.0000	30	30906.0000	0	.0000	30	30906.0000
20100913	非金電期貨          	XIF    	C         	64	65446.0000	308	315460.0000	-244	-250014.0000	103	106109.0000	358	368812.0000	-255	-262703.0000
20100914	電子期貨            	EXF    	A         	1000	1275315.0000	995	1270721.0000	5	4594.0000	783	1000237.0000	324	413938.0000	459	586299.0000
20100914	電子期貨            	EXF    	B         	62	78947.0000	62	79219.0000	0	-272.0000	214	273344.0000	157	200866.0000	57	72478.0000
20100914	電子期貨            	EXF    	C         	4783	6101685.0000	4863	6200468.0000	-80	-98783.0000	3455	4411247.0000	4117	5256494.0000	-662	-845247.0000
20100914	金融期貨            	FXF    	A         	840	755437.0000	687	617804.0000	153	137633.0000	1011	907672.0000	866	777304.0000	145	130368.0000
20100914	金融期貨            	FXF    	B         	80	71833.0000	84	75585.0000	-4	-3752.0000	169	151753.0000	0	.0000	169	151753.0000
20100914	金融期貨            	FXF    	C         	3068	2758555.0000	3409	3063330.0000	-341	-304775.0000	1553	1394472.0000	5140	4614869.0000	-3587	-3220397.0000
20100914	櫃買期貨            	GTF    	A         	95	53909.0000	104	59043.0000	-9	-5134.0000	173	98283.0000	258	146492.0000	-85	-48209.0000
20100914	櫃買期貨            	GTF    	B         	0	.0000	0	.0000	0	.0000	0	.0000	0	.0000	0	.0000
20100914	櫃買期貨            	GTF    	C         	0	.0000	0	.0000	0	.0000	0	.0000	0	.0000	0	.0000
20100914	摩臺期              	MSF    	A         	0	.0000	0	.0000	0	.0000	0	.0000	13	11919.0000	-13	-11919.0000
20100914	摩臺期              	MSF    	B         	0	.0000	0	.0000	0	.0000	0	.0000	0	.0000	0	.0000
20100914	摩臺期              	MSF    	C         	0	.0000	0	.0000	0	.0000	0	.0000	0	.0000	0	.0000
20100914	小型臺指            	MXF    	A         	4019	1628399.0000	3962	1605806.0000	57	22594.0000	2749	1113897.0000	2649	1072828.0000	100	41069.0000
20100914	小型臺指            	MXF    	B         	15	6076.0000	0	.0000	15	6076.0000	1	406.0000	0	.0000	1	406.0000
20100914	小型臺指            	MXF    	C         	4014	1626421.0000	4031	1633640.0000	-17	-7218.0000	3808	1540940.0000	3162	1283768.0000	646	257172.0000
20100914	股票期貨            	STF    	A         	2428	185781.0000	2696	192149.0000	-268	-6367.0000	4855	387220.0000	9941	863512.0000	-5086	-476292.0000
20100914	股票期貨            	STF    	B         	0	.0000	0	.0000	0	.0000	0	.0000	0	.0000	0	.0000
20100914	股票期貨            	STF    	C         	33	1875.0000	76	8417.0000	-43	-6541.0000	286	29996.0000	588	41181.0000	-302	-11185.0000
20100914	臺灣50期貨          	T5F    	A         	0	.0000	0	.0000	0	.0000	2	1094.0000	2	1066.0000	0	28.0000
20100914	臺灣50期貨          	T5F    	B         	0	.0000	0	.0000	0	.0000	0	.0000	0	.0000	0	.0000
20100914	臺灣50期貨          	T5F    	C         	0	.0000	0	.0000	0	.0000	0	.0000	0	.0000	0	.0000
20100914	臺股期貨            	TXF    	A         	13252	21482818.0000	15909	25805093.0000	-2657	-4322275.0000	10004	16234746.0000	6449	10456011.0000	3555	5778735.0000
20100914	臺股期貨            	TXF    	B         	1358	2199074.0000	1010	1638665.0000	348	560409.0000	2614	4239798.0000	1528	2479014.0000	1086	1760784.0000
20100914	臺股期貨            	TXF    	C         	29650	48061442.0000	29374	47600623.0000	276	460819.0000	40964	66410585.0000	39863	64665969.0000	1101	1744616.0000
20100914	非金電期貨          	XIF    	A         	185	190819.0000	193	198962.0000	-8	-8143.0000	641	661888.0000	433	446975.0000	208	214913.0000
20100914	非金電期貨          	XIF    	B         	0	.0000	0	.0000	0	.0000	30	30987.0000	0	.0000	30	30987.0000
20100914	非金電期貨          	XIF    	C         	20	20599.0000	81	83651.0000	-61	-63052.0000	82	84697.0000	398	411090.0000	-316	-326393.0000
20100915	電子期貨            	EXF    	A         	651	832169.0000	685	875941.0000	-34	-43772.0000	414	530464.0000	113	144609.0000	301	385855.0000
20100915	電子期貨            	EXF    	B         	259	330795.0000	257	327972.0000	2	2823.0000	214	274434.0000	155	198772.0000	59	75662.0000
20100915	電子期貨            	EXF    	C         	2527	3228488.0000	2140	2733270.0000	387	495218.0000	3093	3966463.0000	3390	4347336.0000	-297	-380873.0000
20100915	金融期貨            	FXF    	A         	1478	1338686.0000	1185	1073254.0000	293	265432.0000	496	450926.0000	346	314641.0000	150	136285.0000
20100915	金融期貨            	FXF    	B         	89	80657.0000	89	80619.0000	0	38.0000	169	153824.0000	0	.0000	169	153824.0000
20100915	金融期貨            	FXF    	C         	2458	2224411.0000	2579	2332119.0000	-121	-107709.0000	1189	1082228.0000	4405	4009431.0000	-3216	-2927203.0000
20100915	櫃買期貨            	GTF    	A         	78	44295.0000	27	15363.0000	51	28933.0000	29	16544.0000	65	37078.0000	-36	-20534.0000
20100915	櫃買期貨            	GTF    	B         	0	.0000	0	.0000	0	.0000	0	.0000	0	.0000	0	.0000
20100915	櫃買期貨            	GTF    	C         	0	.0000	0	.0000	0	.0000	0	.0000	0	.0000	0	.0000
20100915	摩臺期              	MSF    	A         	1	911.0000	1	913.0000	0	-2.0000	0	.0000	0	.0000	0	.0000
20100915	摩臺期              	MSF    	B         	0	.0000	0	.0000	0	.0000	0	.0000	0	.0000	0	.0000
20100915	摩臺期              	MSF    	C         	0	.0000	0	.0000	0	.0000	0	.0000	0	.0000	0	.0000
20100915	小型臺指            	MXF    	A         	5653	2296867.0000	4542	1845413.0000	1111	451454.0000	1215	493334.0000	1498	609610.0000	-283	-116276.0000
20100915	小型臺指            	MXF    	B         	1	407.0000	1	408.0000	0	.0000	1	408.0000	0	.0000	1	408.0000
20100915	小型臺指            	MXF    	C         	5519	2241225.0000	4794	1947556.0000	725	293669.0000	3559	1449049.0000	177	72181.0000	3382	1376868.0000
20100915	股票期貨            	STF    	A         	3322	320853.0000	3205	317843.0000	117	3010.0000	1720	142041.0000	4956	449472.0000	-3236	-307431.0000
20100915	股票期貨            	STF    	B         	0	.0000	0	.0000	0	.0000	0	.0000	0	.0000	0	.0000
20100915	股票期貨            	STF    	C         	90	13130.0000	83	13044.0000	7	87.0000	33	1814.0000	240	26648.0000	-207	-24834.0000
20100915	臺灣50期貨          	T5F    	A         	0	.0000	0	.0000	0	.0000	0	.0000	2	1068.0000	-2	-1068.0000
20100915	臺灣50期貨          	T5F    	B         	0	.0000	0	.0000	0	.0000	0	.0000	0	.0000	0	.0000
20100915	臺灣50期貨          	T5F    	C         	0	.0000	0	.0000	0	.0000	0	.0000	0	.0000	0	.0000
20100915	臺股期貨            	TXF    	A         	20454	33265070.0000	17886	29089935.0000	2568	4175135.0000	5800	9460569.0000	2260	3678955.0000	3540	5781614.0000
20100915	臺股期貨            	TXF    	B         	1758	2855880.0000	1742	2829944.0000	16	25936.0000	2547	4155176.0000	1327	2163835.0000	1220	1991341.0000
20100915	臺股期貨            	TXF    	C         	26047	42299517.0000	26579	43160301.0000	-532	-860784.0000	23604	38464220.0000	22944	37429583.0000	660	1034637.0000
20100915	非金電期貨          	XIF    	A         	202	208566.0000	271	279959.0000	-69	-71393.0000	97	100401.0000	159	164632.0000	-62	-64231.0000
20100915	非金電期貨          	XIF    	B         	30	30996.0000	30	31035.0000	0	-39.0000	30	31095.0000	0	.0000	30	31095.0000
20100915	非金電期貨          	XIF    	C         	154	159076.0000	87	89923.0000	67	69153.0000	3	3110.0000	35	36278.0000	-32	-33168.0000
20100916	電子期貨            	EXF    	A         	435	554367.0000	500	637737.0000	-65	-83370.0000	427	540441.0000	191	241625.0000	236	298816.0000
20100916	電子期貨            	EXF    	B         	55	70002.0000	10	12801.0000	45	57201.0000	214	271052.0000	110	139326.0000	104	131726.0000
20100916	電子期貨            	EXF    	C         	451	575269.0000	624	795348.0000	-173	-220079.0000	2942	3726337.0000	3412	4321639.0000	-470	-595302.0000
20100916	金融期貨            	FXF    	A         	447	404798.0000	770	697879.0000	-323	-293080.0000	570	511934.0000	743	667056.0000	-173	-155122.0000
20100916	金融期貨            	FXF    	B         	0	.0000	0	.0000	0	.0000	169	151762.0000	0	.0000	169	151762.0000
20100916	金融期貨            	FXF    	C         	421	381433.0000	837	759048.0000	-416	-377615.0000	1142	1025515.0000	4774	4287040.0000	-3632	-3261525.0000
20100916	櫃買期貨            	GTF    	A         	82	46385.0000	54	30525.0000	28	15860.0000	75	42344.0000	83	46860.0000	-8	-4516.0000
20100916	櫃買期貨            	GTF    	B         	0	.0000	0	.0000	0	.0000	0	.0000	0	.0000	0	.0000
20100916	櫃買期貨            	GTF    	C         	0	.0000	0	.0000	0	.0000	0	.0000	0	.0000	0	.0000
20100916	摩臺期              	MSF    	A         	5	4555.0000	13	11875.0000	-8	-7320.0000	0	.0000	8	7243.0000	-8	-7243.0000
20100916	摩臺期              	MSF    	B         	0	.0000	0	.0000	0	.0000	0	.0000	0	.0000	0	.0000
20100916	摩臺期              	MSF    	C         	9	8237.0000	1	917.0000	8	7320.0000	8	7243.0000	0	.0000	8	7243.0000
20100916	小型臺指            	MXF    	A         	4064	1647552.0000	6354	2576163.0000	-2290	-928612.0000	1020	409962.0000	3549	1430718.0000	-2529	-1020756.0000
20100916	小型臺指            	MXF    	B         	0	.0000	0	.0000	0	.0000	1	404.0000	0	.0000	1	404.0000
20100916	小型臺指            	MXF    	C         	5360	2174119.0000	6727	2729277.0000	-1367	-555158.0000	3331	1341900.0000	1180	476097.0000	2151	865803.0000
20100916	股票期貨            	STF    	A         	2961	185674.0000	3684	263899.0000	-723	-78225.0000	1726	124363.0000	5685	506634.0000	-3959	-382271.0000
20100916	股票期貨            	STF    	B         	0	.0000	0	.0000	0	.0000	0	.0000	0	.0000	0	.0000
20100916	股票期貨            	STF    	C         	8	546.0000	39	3160.0000	-31	-2614.0000	35	1855.0000	273	28969.0000	-238	-27114.0000
20100916	臺灣50期貨          	T5F    	A         	2	1106.0000	2	1106.0000	0	.0000	2	1082.0000	4	2130.0000	-2	-1048.0000
20100916	臺灣50期貨          	T5F    	B         	0	.0000	0	.0000	0	.0000	0	.0000	0	.0000	0	.0000
20100916	臺灣50期貨          	T5F    	C         	0	.0000	0	.0000	0	.0000	0	.0000	0	.0000	0	.0000
20100916	臺股期貨            	TXF    	A         	17741	28760624.0000	17637	28593800.0000	104	166824.0000	6189	9989029.0000	2556	4117415.0000	3633	5871614.0000
20100916	臺股期貨            	TXF    	B         	27	43648.0000	233	378366.0000	-206	-334718.0000	2547	4111367.0000	1533	2473813.0000	1014	1637554.0000
20100916	臺股期貨            	TXF    	C         	11020	17876149.0000	15133	24543461.0000	-4113	-6667312.0000	23039	37150324.0000	26526	42816493.0000	-3487	-5666169.0000
20100916	非金電期貨          	XIF    	A         	275	284267.0000	233	240759.0000	42	43508.0000	87	89319.0000	107	109841.0000	-20	-20522.0000
20100916	非金電期貨          	XIF    	B         	0	.0000	0	.0000	0	.0000	30	30852.0000	0	.0000	30	30852.0000
20100916	非金電期貨          	XIF    	C         	40	41329.0000	75	77656.0000	-35	-36327.0000	7	7199.0000	74	76102.0000	-67	-68903.0000
20100917	電子期貨            	EXF    	A         	551	706070.0000	553	709056.0000	-2	-2986.0000	456	584816.0000	222	284588.0000	234	300228.0000
20100917	電子期貨            	EXF    	B         	0	.0000	25	32087.0000	-25	-32087.0000	210	269514.0000	131	168125.0000	79	101389.0000
20100917	電子期貨            	EXF    	C         	985	1263343.0000	818	1050393.0000	167	212950.0000	2575	3304755.0000	2878	3693625.0000	-303	-388870.0000
20100917	金融期貨            	FXF    	A         	1466	1334864.0000	1317	1197629.0000	149	137235.0000	685	622806.0000	709	644645.0000	-24	-21839.0000
20100917	金融期貨            	FXF    	B         	0	.0000	0	.0000	0	.0000	169	153722.0000	0	.0000	169	153722.0000
20100917	金融期貨            	FXF    	C         	792	719912.0000	718	653037.0000	74	66875.0000	1225	1114258.0000	4783	4350585.0000	-3558	-3236327.0000
20100917	櫃買期貨            	GTF    	A         	40	22854.0000	31	17682.0000	9	5172.0000	89	50695.0000	88	50127.0000	1	568.0000
20100917	櫃買期貨            	GTF    	B         	0	.0000	0	.0000	0	.0000	0	.0000	0	.0000	0	.0000
20100917	櫃買期貨            	GTF    	C         	0	.0000	0	.0000	0	.0000	0	.0000	0	.0000	0	.0000
20100917	摩臺期              	MSF    	A         	0	.0000	0	.0000	0	.0000	0	.0000	8	7341.0000	-8	-7341.0000
20100917	摩臺期              	MSF    	B         	0	.0000	0	.0000	0	.0000	0	.0000	0	.0000	0	.0000
20100917	摩臺期              	MSF    	C         	0	.0000	0	.0000	0	.0000	8	7341.0000	0	.0000	8	7341.0000
20100917	小型臺指            	MXF    	A         	6301	2570385.0000	4683	1910774.0000	1618	659612.0000	1731	704723.0000	2950	1203637.0000	-1219	-498914.0000
20100917	小型臺指            	MXF    	B         	0	.0000	0	.0000	0	.0000	1	409.0000	0	.0000	1	409.0000
20100917	小型臺指            	MXF    	C         	9366	3820309.0000	8441	3445442.0000	925	374867.0000	4267	1740587.0000	1423	581153.0000	2844	1159434.0000
20100917	股票期貨            	STF    	A         	2260	177697.0000	2499	200175.0000	-239	-22478.0000	1843	140903.0000	6041	550351.0000	-4198	-409448.0000
20100917	股票期貨            	STF    	B         	0	.0000	0	.0000	0	.0000	0	.0000	0	.0000	0	.0000
20100917	股票期貨            	STF    	C         	9	373.0000	58	4895.0000	-49	-4522.0000	37	1916.0000	324	33858.0000	-287	-31942.0000
20100917	臺灣50期貨          	T5F    	A         	0	.0000	0	.0000	0	.0000	2	1091.0000	4	2148.0000	-2	-1057.0000
20100917	臺灣50期貨          	T5F    	B         	0	.0000	0	.0000	0	.0000	0	.0000	0	.0000	0	.0000
20100917	臺灣50期貨          	T5F    	C         	0	.0000	0	.0000	0	.0000	0	.0000	0	.0000	0	.0000
20100917	臺股期貨            	TXF    	A         	22869	37341355.0000	19852	32427331.0000	3017	4914025.0000	8843	14447956.0000	2116	3449210.0000	6727	10998746.0000
20100917	臺股期貨            	TXF    	B         	76	123885.0000	151	246744.0000	-75	-122859.0000	2522	4120948.0000	1583	2585715.0000	939	1535233.0000
20100917	臺股期貨            	TXF    	C         	15610	25472581.0000	16402	26785323.0000	-792	-1312742.0000	24491	39976053.0000	28712	46913092.0000	-4221	-6937039.0000
20100917	非金電期貨          	XIF    	A         	222	230880.0000	170	176765.0000	52	54115.0000	142	147572.0000	110	114264.0000	32	33308.0000
20100917	非金電期貨          	XIF    	B         	0	.0000	0	.0000	0	.0000	30	31197.0000	0	.0000	30	31197.0000
20100917	非金電期貨          	XIF    	C         	61	63550.0000	139	144885.0000	-78	-81334.0000	44	45756.0000	189	196541.0000	-145	-150785.0000
20100920	電子期貨            	EXF    	A         	339	433948.0000	390	499150.0000	-51	-65201.0000	410	525058.0000	227	290657.0000	183	234401.0000
20100920	電子期貨            	EXF    	B         	50	64037.0000	21	26916.0000	29	37122.0000	210	269136.0000	102	130723.0000	108	138413.0000
20100920	電子期貨            	EXF    	C         	384	491574.0000	494	632353.0000	-110	-140780.0000	2586	3314218.0000	2999	3843518.0000	-413	-529300.0000
20100920	金融期貨            	FXF    	A         	443	402898.0000	443	402641.0000	0	257.0000	688	625817.0000	712	647712.0000	-24	-21895.0000
20100920	金融期貨            	FXF    	B         	0	.0000	0	.0000	0	.0000	169	153790.0000	0	.0000	169	153790.0000
20100920	金融期貨            	FXF    	C         	361	328289.0000	622	565673.0000	-261	-237384.0000	1146	1042860.0000	4965	4518154.0000	-3819	-3475294.0000
20100920	櫃買期貨            	GTF    	A         	162	92412.0000	172	98099.0000	-10	-5687.0000	80	45728.0000	89	50873.0000	-9	-5145.0000
20100920	櫃買期貨            	GTF    	B         	0	.0000	0	.0000	0	.0000	0	.0000	0	.0000	0	.0000
20100920	櫃買期貨            	GTF    	C         	0	.0000	0	.0000	0	.0000	0	.0000	0	.0000	0	.0000
20100920	摩臺期              	MSF    	A         	5	4573.0000	25	22855.0000	-20	-18282.0000	2	1829.0000	30	27428.0000	-28	-25599.0000
20100920	摩臺期              	MSF    	B         	0	.0000	0	.0000	0	.0000	0	.0000	0	.0000	0	.0000
20100920	摩臺期              	MSF    	C         	20	18282.0000	0	.0000	20	18282.0000	28	25599.0000	0	.0000	28	25599.0000
20100920	小型臺指            	MXF    	A         	5164	2109434.0000	5474	2234555.0000	-310	-125120.0000	1729	705223.0000	3290	1344045.0000	-1561	-638822.0000
20100920	小型臺指            	MXF    	B         	0	.0000	0	.0000	0	.0000	1	409.0000	0	.0000	1	409.0000
20100920	小型臺指            	MXF    	C         	7237	2955736.0000	7002	2860077.0000	235	95659.0000	4192	1711870.0000	1249	510622.0000	2943	1201248.0000
20100920	股票期貨            	STF    	A         	2159	123504.0000	2219	152855.0000	-60	-29351.0000	1954	147671.0000	6212	587798.0000	-4258	-440127.0000
20100920	股票期貨            	STF    	B         	0	.0000	0	.0000	0	.0000	0	.0000	0	.0000	0	.0000
20100920	股票期貨            	STF    	C         	5	372.0000	48	2682.0000	-43	-2310.0000	30	1637.0000	360	36371.0000	-330	-34734.0000
20100920	臺灣50期貨          	T5F    	A         	0	.0000	0	.0000	0	.0000	2	1098.0000	4	2162.0000	-2	-1064.0000
20100920	臺灣50期貨          	T5F    	B         	0	.0000	0	.0000	0	.0000	0	.0000	0	.0000	0	.0000
20100920	臺灣50期貨          	T5F    	C         	0	.0000	0	.0000	0	.0000	0	.0000	0	.0000	0	.0000
20100920	臺股期貨            	TXF    	A         	11576	18916178.0000	10856	17737759.0000	720	1178419.0000	9573	15657903.0000	2118	3457006.0000	7455	12200897.0000
20100920	臺股期貨            	TXF    	B         	38	62171.0000	3	4902.0000	35	57269.0000	2519	4120580.0000	1545	2526530.0000	974	1594050.0000
20100920	臺股期貨            	TXF    	C         	10486	17133539.0000	9709	15865234.0000	777	1268305.0000	25040	40922083.0000	28432	46506310.0000	-3392	-5584227.0000
20100920	非金電期貨          	XIF    	A         	208	217201.0000	147	153560.0000	61	63640.0000	167	174704.0000	74	77267.0000	93	97437.0000
20100920	非金電期貨          	XIF    	B         	0	.0000	0	.0000	0	.0000	30	31410.0000	0	.0000	30	31410.0000
20100920	非金電期貨          	XIF    	C         	21	21912.0000	27	28188.0000	-6	-6276.0000	22	23034.0000	173	181131.0000	-151	-158097.0000
20100921	電子期貨            	EXF    	A         	598	771058.0000	546	704160.0000	52	66898.0000	555	714485.0000	320	411891.0000	235	302594.0000
20100921	電子期貨            	EXF    	B         	50	64528.0000	0	.0000	50	64528.0000	210	270480.0000	52	66976.0000	158	203504.0000
20100921	電子期貨            	EXF    	C         	556	717305.0000	780	1005779.0000	-224	-288475.0000	2233	2876104.0000	2870	3696560.0000	-637	-820456.0000
20100921	金融期貨            	FXF    	A         	861	782838.0000	887	806576.0000	-26	-23738.0000	686	624445.0000	736	669962.0000	-50	-45517.0000
20100921	金融期貨            	FXF    	B         	0	.0000	0	.0000	0	.0000	169	153891.0000	0	.0000	169	153891.0000
20100921	金融期貨            	FXF    	C         	458	416462.0000	540	490712.0000	-82	-74250.0000	1105	1006212.0000	5006	4558445.0000	-3901	-3552233.0000
20100921	櫃買期貨            	GTF    	A         	101	58024.0000	170	97727.0000	-69	-39703.0000	69	39659.0000	147	84507.0000	-78	-44848.0000
20100921	櫃買期貨            	GTF    	B         	0	.0000	0	.0000	0	.0000	0	.0000	0	.0000	0	.0000
20100921	櫃買期貨            	GTF    	C         	0	.0000	0	.0000	0	.0000	0	.0000	0	.0000	0	.0000
20100921	摩臺期              	MSF    	A         	3	2751.0000	3	2751.0000	0	.0000	3	2751.0000	31	28431.0000	-28	-25680.0000
20100921	摩臺期              	MSF    	B         	0	.0000	0	.0000	0	.0000	0	.0000	0	.0000	0	.0000
20100921	摩臺期              	MSF    	C         	0	.0000	0	.0000	0	.0000	28	25680.0000	0	.0000	28	25680.0000
20100921	小型臺指            	MXF    	A         	4910	2012438.0000	5906	2421113.0000	-996	-408675.0000	1433	585254.0000	3674	1503091.0000	-2241	-917837.0000
20100921	小型臺指            	MXF    	B         	0	.0000	0	.0000	0	.0000	1	410.0000	0	.0000	1	410.0000
20100921	小型臺指            	MXF    	C         	6767	2773480.0000	7551	3096843.0000	-784	-323363.0000	4046	1654531.0000	1755	718539.0000	2291	935992.0000
20100921	股票期貨            	STF    	A         	2826	185633.0000	2707	172886.0000	119	12746.0000	2295	172066.0000	6434	601652.0000	-4139	-429586.0000
20100921	股票期貨            	STF    	B         	0	.0000	0	.0000	0	.0000	0	.0000	0	.0000	0	.0000
20100921	股票期貨            	STF    	C         	3	187.0000	13	729.0000	-10	-543.0000	27	1518.0000	367	37128.0000	-340	-35610.0000
20100921	臺灣50期貨          	T5F    	A         	2	1101.0000	0	.0000	2	1101.0000	4	2200.0000	4	2165.0000	0	35.0000
20100921	臺灣50期貨          	T5F    	B         	0	.0000	0	.0000	0	.0000	0	.0000	0	.0000	0	.0000
20100921	臺灣50期貨          	T5F    	C         	0	.0000	0	.0000	0	.0000	0	.0000	0	.0000	0	.0000
20100921	臺股期貨            	TXF    	A         	15696	25739594.0000	15343	25160220.0000	353	579374.0000	10045	16454237.0000	2316	3785896.0000	7729	12668341.0000
20100921	臺股期貨            	TXF    	B         	70	114675.0000	137	224385.0000	-67	-109710.0000	2519	4126626.0000	1612	2640048.0000	907	1486578.0000
20100921	臺股期貨            	TXF    	C         	8999	14754749.0000	11800	19361635.0000	-2801	-4606886.0000	24135	39499754.0000	30361	49733635.0000	-6226	-10233881.0000
20100921	非金電期貨          	XIF    	A         	147	153511.0000	135	140909.0000	12	12601.0000	172	179352.0000	67	69703.0000	105	109649.0000
20100921	非金電期貨          	XIF    	B         	0	.0000	0	.0000	0	.0000	30	31311.0000	0	.0000	30	31311.0000
20100921	非金電期貨          	XIF    	C         	14	14621.0000	31	32390.0000	-17	-17769.0000	5	5219.0000	173	180560.0000	-168	-175341.0000
20100923	電子期貨            	EXF    	A         	669	860162.0000	440	565509.0000	229	294653.0000	675	868611.0000	211	271329.0000	464	597282.0000
20100923	電子期貨            	EXF    	B         	0	.0000	0	.0000	0	.0000	210	270354.0000	52	66945.0000	158	203409.0000
20100923	電子期貨            	EXF    	C         	453	582396.0000	661	850536.0000	-208	-268139.0000	2091	2691953.0000	2936	3779806.0000	-845	-1087853.0000
20100923	金融期貨            	FXF    	A         	1445	1324917.0000	1153	1057034.0000	292	267882.0000	896	821058.0000	654	599263.0000	242	221795.0000
20100923	金融期貨            	FXF    	B         	0	.0000	0	.0000	0	.0000	169	154905.0000	0	.0000	169	154905.0000
20100923	金融期貨            	FXF    	C         	673	616560.0000	672	615111.0000	1	1449.0000	1204	1103585.0000	5104	4678289.0000	-3900	-3574704.0000
20100923	櫃買期貨            	GTF    	A         	206	118782.0000	201	115894.0000	5	2889.0000	72	41576.0000	145	83740.0000	-73	-42164.0000
20100923	櫃買期貨            	GTF    	B         	0	.0000	0	.0000	0	.0000	0	.0000	0	.0000	0	.0000
20100923	櫃買期貨            	GTF    	C         	0	.0000	0	.0000	0	.0000	0	.0000	0	.0000	0	.0000
20100923	摩臺期              	MSF    	A         	4	3655.0000	5	4567.0000	-1	-912.0000	4	3674.0000	33	30310.0000	-29	-26636.0000
20100923	摩臺期              	MSF    	B         	0	.0000	0	.0000	0	.0000	0	.0000	0	.0000	0	.0000
20100923	摩臺期              	MSF    	C         	0	.0000	0	.0000	0	.0000	28	25717.0000	0	.0000	28	25717.0000
20100923	小型臺指            	MXF    	A         	5534	2265613.0000	5835	2388451.0000	-301	-122838.0000	1694	692896.0000	3620	1483048.0000	-1926	-790152.0000
20100923	小型臺指            	MXF    	B         	0	.0000	0	.0000	0	.0000	1	410.0000	0	.0000	1	410.0000
20100923	小型臺指            	MXF    	C         	6206	2542196.0000	6253	2562150.0000	-47	-19954.0000	4005	1639942.0000	1709	700699.0000	2296	939243.0000
20100923	股票期貨            	STF    	A         	2581	201840.0000	2492	189994.0000	89	11846.0000	2841	197128.0000	6891	618102.0000	-4050	-420974.0000
20100923	股票期貨            	STF    	B         	0	.0000	0	.0000	0	.0000	0	.0000	0	.0000	0	.0000
20100923	股票期貨            	STF    	C         	25	1902.0000	71	6315.0000	-46	-4413.0000	23	1698.0000	409	42652.0000	-386	-40954.0000
20100923	臺灣50期貨          	T5F    	A         	0	.0000	0	.0000	0	.0000	4	2200.0000	4	2165.0000	0	35.0000
20100923	臺灣50期貨          	T5F    	B         	0	.0000	0	.0000	0	.0000	0	.0000	0	.0000	0	.0000
20100923	臺灣50期貨          	T5F    	C         	0	.0000	0	.0000	0	.0000	0	.0000	0	.0000	0	.0000
20100923	臺股期貨            	TXF    	A         	16576	27162159.0000	16564	27139520.0000	12	22639.0000	9907	16249662.0000	2320	3797158.0000	7587	12452504.0000
20100923	臺股期貨            	TXF    	B         	135	221653.0000	77	125854.0000	58	95800.0000	2609	4279804.0000	1644	2696011.0000	965	1583793.0000
20100923	臺股期貨            	TXF    	C         	8774	14378519.0000	8247	13517375.0000	527	861144.0000	25202	41301456.0000	30914	50707405.0000	-5712	-9405949.0000
20100923	非金電期貨          	XIF    	A         	190	198370.0000	151	157649.0000	39	40722.0000	196	204684.0000	52	54129.0000	144	150555.0000
20100923	非金電期貨          	XIF    	B         	0	.0000	0	.0000	0	.0000	30	31356.0000	0	.0000	30	31356.0000
20100923	非金電期貨          	XIF    	C         	48	50206.0000	69	72236.0000	-21	-22029.0000	34	35537.0000	223	233080.0000	-189	-197543.0000
20100924	電子期貨            	EXF    	A         	525	670593.0000	619	789980.0000	-94	-119387.0000	590	751742.0000	220	280151.0000	370	471591.0000
20100924	電子期貨            	EXF    	B         	0	.0000	0	.0000	0	.0000	210	267708.0000	52	66290.0000	158	201418.0000
20100924	電子期貨            	EXF    	C         	636	811939.0000	870	1110605.0000	-234	-298666.0000	1939	2471837.0000	3018	3847346.0000	-1079	-1375509.0000
20100924	金融期貨            	FXF    	A         	1371	1254835.0000	1182	1081341.0000	189	173494.0000	1011	922380.0000	580	529097.0000	431	393283.0000
20100924	金融期貨            	FXF    	B         	0	.0000	0	.0000	0	.0000	169	154196.0000	0	.0000	169	154196.0000
20100924	金融期貨            	FXF    	C         	505	461789.0000	1269	1160183.0000	-764	-698394.0000	1125	1026450.0000	5789	5281878.0000	-4664	-4255428.0000
20100924	櫃買期貨            	GTF    	A         	259	149324.0000	205	118134.0000	54	31190.0000	120	69192.0000	139	80150.0000	-19	-10958.0000
20100924	櫃買期貨            	GTF    	B         	0	.0000	0	.0000	0	.0000	0	.0000	0	.0000	0	.0000
20100924	櫃買期貨            	GTF    	C         	0	.0000	0	.0000	0	.0000	0	.0000	0	.0000	0	.0000
20100924	摩臺期              	MSF    	A         	2	1811.0000	2	1811.0000	0	.0000	6	5436.0000	35	31711.0000	-29	-26275.0000
20100924	摩臺期              	MSF    	B         	0	.0000	0	.0000	0	.0000	0	.0000	0	.0000	0	.0000
20100924	摩臺期              	MSF    	C         	0	.0000	0	.0000	0	.0000	28	25369.0000	0	.0000	28	25369.0000
20100924	小型臺指            	MXF    	A         	7702	3142356.0000	9100	3708315.0000	-1398	-565960.0000	1595	648176.0000	4783	1946817.0000	-3188	-1298641.0000
20100924	小型臺指            	MXF    	B         	0	.0000	0	.0000	0	.0000	1	407.0000	0	.0000	1	407.0000
20100924	小型臺指            	MXF    	C         	9956	4060582.0000	11691	4767462.0000	-1735	-706880.0000	3894	1583747.0000	2673	1088742.0000	1221	495005.0000
20100924	股票期貨            	STF    	A         	2937	181767.0000	3468	218587.0000	-531	-36820.0000	2929	208980.0000	7510	660338.0000	-4581	-451358.0000
20100924	股票期貨            	STF    	B         	0	.0000	0	.0000	0	.0000	0	.0000	0	.0000	0	.0000
20100924	股票期貨            	STF    	C         	43	1524.0000	42	4048.0000	1	-2524.0000	43	2174.0000	428	44788.0000	-385	-42614.0000
20100924	臺灣50期貨          	T5F    	A         	0	.0000	0	.0000	0	.0000	4	2190.0000	4	2155.0000	0	35.0000
20100924	臺灣50期貨          	T5F    	B         	0	.0000	0	.0000	0	.0000	0	.0000	0	.0000	0	.0000
20100924	臺灣50期貨          	T5F    	C         	0	.0000	0	.0000	0	.0000	0	.0000	0	.0000	0	.0000
20100924	臺股期貨            	TXF    	A         	22082	36021961.0000	23381	38140023.0000	-1299	-2118062.0000	9591	15625287.0000	3337	5428890.0000	6254	10196397.0000
20100924	臺股期貨            	TXF    	B         	30	49039.0000	69	112461.0000	-39	-63422.0000	2610	4252734.0000	1684	2743078.0000	926	1509656.0000
20100924	臺股期貨            	TXF    	C         	15277	24935559.0000	17947	29270799.0000	-2670	-4335240.0000	23673	38533906.0000	32220	52493658.0000	-8547	-13959752.0000
20100924	非金電期貨          	XIF    	A         	214	222896.0000	205	213370.0000	9	9526.0000	208	216687.0000	55	57168.0000	153	159519.0000
20100924	非金電期貨          	XIF    	B         	0	.0000	0	.0000	0	.0000	30	31272.0000	0	.0000	30	31272.0000
20100924	非金電期貨          	XIF    	C         	57	59375.0000	70	73043.0000	-13	-13669.0000	48	50035.0000	250	260600.0000	-202	-210565.0000
20100927	電子期貨            	EXF    	A         	393	504167.0000	403	516537.0000	-10	-12371.0000	609	778769.0000	249	318266.0000	360	460503.0000
20100927	電子期貨            	EXF    	B         	0	.0000	0	.0000	0	.0000	210	268674.0000	52	66529.0000	158	202145.0000
20100927	電子期貨            	EXF    	C         	696	891989.0000	436	558199.0000	260	333789.0000	2394	3062884.0000	3213	4110712.0000	-819	-1047828.0000
20100927	金融期貨            	FXF    	A         	1103	1012163.0000	1482	1359170.0000	-379	-347007.0000	560	513105.0000	508	465447.0000	52	47658.0000
20100927	金融期貨            	FXF    	B         	0	.0000	0	.0000	0	.0000	169	154905.0000	0	.0000	169	154905.0000
20100927	金融期貨            	FXF    	C         	493	452362.0000	472	432815.0000	21	19548.0000	1126	1032091.0000	5769	5287812.0000	-4643	-4255721.0000
20100927	櫃買期貨            	GTF    	A         	267	153434.0000	188	108257.0000	79	45177.0000	174	99055.0000	114	64904.0000	60	34151.0000
20100927	櫃買期貨            	GTF    	B         	0	.0000	0	.0000	0	.0000	0	.0000	0	.0000	0	.0000
20100927	櫃買期貨            	GTF    	C         	0	.0000	0	.0000	0	.0000	0	.0000	0	.0000	0	.0000
20100927	摩臺期              	MSF    	A         	4	3635.0000	3	2724.0000	1	911.0000	9	8202.0000	37	33721.0000	-28	-25519.0000
20100927	摩臺期              	MSF    	B         	0	.0000	0	.0000	0	.0000	0	.0000	0	.0000	0	.0000
20100927	摩臺期              	MSF    	C         	0	.0000	0	.0000	0	.0000	28	25519.0000	0	.0000	28	25519.0000
20100927	小型臺指            	MXF    	A         	3023	1239398.0000	3603	1476590.0000	-580	-237192.0000	1599	652851.0000	4579	1872732.0000	-2980	-1219881.0000
20100927	小型臺指            	MXF    	B         	0	.0000	0	.0000	0	.0000	1	409.0000	0	.0000	1	409.0000
20100927	小型臺指            	MXF    	C         	6291	2579288.0000	6033	2473109.0000	258	106179.0000	4199	1716059.0000	2720	1113209.0000	1479	602850.0000
20100927	股票期貨            	STF    	A         	2349	127820.0000	2274	134534.0000	75	-6714.0000	2986	221708.0000	7492	681551.0000	-4506	-459843.0000
20100927	股票期貨            	STF    	B         	0	.0000	0	.0000	0	.0000	0	.0000	0	.0000	0	.0000
20100927	股票期貨            	STF    	C         	19	1521.0000	58	3725.0000	-39	-2204.0000	41	2082.0000	465	47133.0000	-424	-45051.0000
20100927	臺灣50期貨          	T5F    	A         	0	.0000	0	.0000	0	.0000	4	2204.0000	4	2169.0000	0	35.0000
20100927	臺灣50期貨          	T5F    	B         	0	.0000	0	.0000	0	.0000	0	.0000	0	.0000	0	.0000
20100927	臺灣50期貨          	T5F    	C         	0	.0000	0	.0000	0	.0000	0	.0000	0	.0000	0	.0000
20100927	臺股期貨            	TXF    	A         	13454	22063863.0000	12705	20832848.0000	749	1231015.0000	9652	15801163.0000	2846	4650569.0000	6806	11150594.0000
20100927	臺股期貨            	TXF    	B         	107	175345.0000	30	49169.0000	77	126176.0000	2610	4273614.0000	1607	2630344.0000	1003	1643270.0000
20100927	臺股期貨            	TXF    	C         	10752	17633013.0000	11922	19545647.0000	-1170	-1912634.0000	22966	37561442.0000	32683	53508162.0000	-9717	-15946720.0000
20100927	非金電期貨          	XIF    	A         	48	50206.0000	76	79847.0000	-28	-29641.0000	176	184657.0000	51	53483.0000	125	131174.0000
20100927	非金電期貨          	XIF    	B         	0	.0000	0	.0000	0	.0000	30	31500.0000	0	.0000	30	31500.0000
20100927	非金電期貨          	XIF    	C         	19	19959.0000	18	18922.0000	1	1037.0000	33	34650.0000	234	245700.0000	-201	-211050.0000
20100928	電子期貨            	EXF    	A         	348	445608.0000	340	435204.0000	8	10404.0000	608	778553.0000	240	307165.0000	368	471388.0000
20100928	電子期貨            	EXF    	B         	0	.0000	0	.0000	0	.0000	210	269052.0000	52	66622.0000	158	202430.0000
20100928	電子期貨            	EXF    	C         	300	383720.0000	392	501745.0000	-92	-118025.0000	2404	3080005.0000	3315	4247178.0000	-911	-1167173.0000
20100928	金融期貨            	FXF    	A         	320	291694.0000	405	369118.0000	-85	-77423.0000	518	471204.0000	551	501321.0000	-33	-30117.0000
20100928	金融期貨            	FXF    	B         	0	.0000	0	.0000	0	.0000	169	153858.0000	0	.0000	169	153858.0000
20100928	金融期貨            	FXF    	C         	249	227039.0000	264	240668.0000	-15	-13629.0000	1164	1059704.0000	5822	5300261.0000	-4658	-4240557.0000
20100928	櫃買期貨            	GTF    	A         	84	47818.0000	72	40981.0000	12	6837.0000	183	104098.0000	111	63094.0000	72	41004.0000
20100928	櫃買期貨            	GTF    	B         	0	.0000	0	.0000	0	.0000	0	.0000	0	.0000	0	.0000
20100928	櫃買期貨            	GTF    	C         	0	.0000	0	.0000	0	.0000	0	.0000	0	.0000	0	.0000
20100928	摩臺期              	MSF    	A         	1	911.0000	1	911.0000	0	.0000	8	7290.0000	36	32804.0000	-28	-25514.0000
20100928	摩臺期              	MSF    	B         	0	.0000	0	.0000	0	.0000	0	.0000	0	.0000	0	.0000
20100928	摩臺期              	MSF    	C         	0	.0000	0	.0000	0	.0000	28	25514.0000	0	.0000	28	25514.0000
20100928	小型臺指            	MXF    	A         	2610	1066764.0000	2148	877346.0000	462	189418.0000	1725	703879.0000	4255	1738519.0000	-2530	-1034640.0000
20100928	小型臺指            	MXF    	B         	0	.0000	1	409.0000	-1	-409.0000	0	.0000	0	.0000	0	.0000
20100928	小型臺指            	MXF    	C         	5209	2128829.0000	4336	1772169.0000	873	356660.0000	4458	1820418.0000	2054	839929.0000	2404	980489.0000
20100928	股票期貨            	STF    	A         	1846	137219.0000	2091	154858.0000	-245	-17639.0000	3104	234707.0000	7855	714204.0000	-4751	-479497.0000
20100928	股票期貨            	STF    	B         	0	.0000	0	.0000	0	.0000	0	.0000	0	.0000	0	.0000
20100928	股票期貨            	STF    	C         	27	1913.0000	43	2921.0000	-16	-1008.0000	54	3152.0000	494	49383.0000	-440	-46231.0000
20100928	臺灣50期貨          	T5F    	A         	0	.0000	0	.0000	0	.0000	4	2202.0000	4	2167.0000	0	35.0000
20100928	臺灣50期貨          	T5F    	B         	0	.0000	0	.0000	0	.0000	0	.0000	0	.0000	0	.0000
20100928	臺灣50期貨          	T5F    	C         	0	.0000	0	.0000	0	.0000	0	.0000	0	.0000	0	.0000
20100928	臺股期貨            	TXF    	A         	11445	18719264.0000	12938	21158055.0000	-1493	-2438791.0000	8758	14324948.0000	3442	5621131.0000	5316	8703817.0000
20100928	臺股期貨            	TXF    	B         	134	219032.0000	26	42528.0000	108	176504.0000	2589	4235604.0000	1478	2417000.0000	1111	1818604.0000
20100928	臺股期貨            	TXF    	C         	11373	18599208.0000	8182	13380020.0000	3191	5219187.0000	24801	40529578.0000	31340	51265215.0000	-6539	-10735637.0000
20100928	非金電期貨          	XIF    	A         	50	52316.0000	56	58616.0000	-6	-6300.0000	175	183185.0000	56	58617.0000	119	124568.0000
20100928	非金電期貨          	XIF    	B         	0	.0000	0	.0000	0	.0000	30	31425.0000	0	.0000	30	31425.0000
20100928	非金電期貨          	XIF    	C         	61	63868.0000	48	50240.0000	13	13627.0000	11	11523.0000	199	208453.0000	-188	-196930.0000
20100929	電子期貨            	EXF    	A         	672	867941.0000	600	773634.0000	72	94307.0000	741	952189.0000	301	386657.0000	440	565532.0000
20100929	電子期貨            	EXF    	B         	0	.0000	0	.0000	0	.0000	210	269976.0000	52	66851.0000	158	203125.0000
20100929	電子期貨            	EXF    	C         	896	1156624.0000	619	798600.0000	277	358025.0000	2607	3351556.0000	3241	4166630.0000	-634	-815074.0000
20100929	金融期貨            	FXF    	A         	591	540704.0000	495	452226.0000	96	88478.0000	677	616618.0000	614	559116.0000	63	57502.0000
20100929	金融期貨            	FXF    	B         	0	.0000	0	.0000	0	.0000	169	153959.0000	0	.0000	169	153959.0000
20100929	金融期貨            	FXF    	C         	622	569400.0000	801	732506.0000	-179	-163105.0000	1254	1142394.0000	6091	5548785.0000	-4837	-4406391.0000
20100929	櫃買期貨            	GTF    	A         	103	59000.0000	168	96445.0000	-65	-37445.0000	171	97553.0000	164	93562.0000	7	3991.0000
20100929	櫃買期貨            	GTF    	B         	0	.0000	0	.0000	0	.0000	0	.0000	0	.0000	0	.0000
20100929	櫃買期貨            	GTF    	C         	0	.0000	0	.0000	0	.0000	0	.0000	0	.0000	0	.0000
20100929	摩臺期              	MSF    	A         	4	3653.0000	4	3646.0000	0	7.0000	11	10044.0000	39	35611.0000	-28	-25567.0000
20100929	摩臺期              	MSF    	B         	0	.0000	0	.0000	0	.0000	0	.0000	0	.0000	0	.0000
20100929	摩臺期              	MSF    	C         	1	917.0000	2	1824.0000	-1	-907.0000	27	24654.0000	0	.0000	27	24654.0000
20100929	小型臺指            	MXF    	A         	6814	2806946.0000	6889	2836084.0000	-75	-29138.0000	1589	650546.0000	4270	1751459.0000	-2681	-1100913.0000
20100929	小型臺指            	MXF    	B         	0	.0000	0	.0000	0	.0000	0	.0000	0	.0000	0	.0000
20100929	小型臺指            	MXF    	C         	7722	3181330.0000	7166	2951306.0000	556	230024.0000	4486	1838733.0000	2106	864426.0000	2380	974307.0000
20100929	股票期貨            	STF    	A         	2759	196470.0000	2558	187527.0000	201	8944.0000	3525	262094.0000	8075	731124.0000	-4550	-469030.0000
20100929	股票期貨            	STF    	B         	0	.0000	0	.0000	0	.0000	0	.0000	0	.0000	0	.0000
20100929	股票期貨            	STF    	C         	28	1786.0000	232	18144.0000	-204	-16358.0000	55	3233.0000	699	64982.0000	-644	-61749.0000
20100929	臺灣50期貨          	T5F    	A         	0	.0000	0	.0000	0	.0000	4	2209.0000	4	2174.0000	0	35.0000
20100929	臺灣50期貨          	T5F    	B         	0	.0000	0	.0000	0	.0000	0	.0000	0	.0000	0	.0000
20100929	臺灣50期貨          	T5F    	C         	0	.0000	0	.0000	0	.0000	0	.0000	0	.0000	0	.0000
20100929	臺股期貨            	TXF    	A         	24090	39706248.0000	23216	38269337.0000	874	1436911.0000	9473	15553336.0000	3264	5350045.0000	6209	10203291.0000
20100929	臺股期貨            	TXF    	B         	253	418322.0000	66	108692.0000	187	309630.0000	2587	4248371.0000	1289	2115738.0000	1298	2132633.0000
20100929	臺股期貨            	TXF    	C         	18059	29777423.0000	20186	33254488.0000	-2127	-3477065.0000	24692	40502024.0000	33213	54534655.0000	-8521	-14032631.0000
20100929	非金電期貨          	XIF    	A         	206	217682.0000	192	202849.0000	14	14833.0000	202	212361.0000	69	72491.0000	133	139870.0000
20100929	非金電期貨          	XIF    	B         	0	.0000	0	.0000	0	.0000	30	31566.0000	0	.0000	30	31566.0000
20100929	非金電期貨          	XIF    	C         	52	55019.0000	93	98576.0000	-41	-43556.0000	9	9470.0000	238	250424.0000	-229	-240954.0000
20100930	電子期貨            	EXF    	A         	496	639740.0000	503	648707.0000	-7	-8967.0000	859	1106738.0000	426	548747.0000	433	557991.0000
20100930	電子期貨            	EXF    	B         	0	.0000	0	.0000	0	.0000	210	270690.0000	52	67028.0000	158	203662.0000
20100930	電子期貨            	EXF    	C         	593	764967.0000	699	901457.0000	-106	-136490.0000	2548	3284367.0000	3288	4238232.0000	-740	-953865.0000
20100930	金融期貨            	FXF    	A         	490	444692.0000	566	513862.0000	-76	-69170.0000	665	603951.0000	678	615723.0000	-13	-11772.0000
20100930	金融期貨            	FXF    	B         	0	.0000	0	.0000	0	.0000	169	153553.0000	0	.0000	169	153553.0000
20100930	金融期貨            	FXF    	C         	565	513104.0000	729	661352.0000	-164	-148248.0000	1228	1115761.0000	6229	5659389.0000	-5001	-4543628.0000
20100930	櫃買期貨            	GTF    	A         	61	34922.0000	79	45249.0000	-18	-10327.0000	176	100708.0000	187	107002.0000	-11	-6294.0000
20100930	櫃買期貨            	GTF    	B         	0	.0000	0	.0000	0	.0000	0	.0000	0	.0000	0	.0000
20100930	櫃買期貨            	GTF    	C         	0	.0000	0	.0000	0	.0000	0	.0000	0	.0000	0	.0000
20100930	摩臺期              	MSF    	A         	11	9988.0000	11	9988.0000	0	.0000	12	10887.0000	40	36289.0000	-28	-25402.0000
20100930	摩臺期              	MSF    	B         	0	.0000	0	.0000	0	.0000	0	.0000	0	.0000	0	.0000
20100930	摩臺期              	MSF    	C         	0	.0000	0	.0000	0	.0000	27	24495.0000	0	.0000	27	24495.0000
20100930	小型臺指            	MXF    	A         	3203	1314709.0000	3172	1301518.0000	31	13191.0000	1164	476755.0000	3862	1584854.0000	-2698	-1108099.0000
20100930	小型臺指            	MXF    	B         	0	.0000	0	.0000	0	.0000	0	.0000	0	.0000	0	.0000
20100930	小型臺指            	MXF    	C         	6927	2843764.0000	6282	2578815.0000	645	264949.0000	4683	1920662.0000	1775	729010.0000	2908	1191652.0000
20100930	股票期貨            	STF    	A         	1687	139734.0000	1953	149781.0000	-266	-10047.0000	3618	260114.0000	8434	733616.0000	-4816	-473502.0000
20100930	股票期貨            	STF    	B         	0	.0000	0	.0000	0	.0000	0	.0000	0	.0000	0	.0000
20100930	股票期貨            	STF    	C         	17	1203.0000	81	7426.0000	-64	-6224.0000	61	3742.0000	769	70684.0000	-708	-66942.0000
20100930	臺灣50期貨          	T5F    	A         	0	.0000	0	.0000	0	.0000	4	2210.0000	4	2175.0000	0	35.0000
20100930	臺灣50期貨          	T5F    	B         	0	.0000	0	.0000	0	.0000	0	.0000	0	.0000	0	.0000
20100930	臺灣50期貨          	T5F    	C         	0	.0000	0	.0000	0	.0000	0	.0000	0	.0000	0	.0000
20100930	臺股期貨            	TXF    	A         	12226	20078030.0000	12276	20154129.0000	-50	-76098.0000	9179	15079591.0000	3008	4932374.0000	6171	10147217.0000
20100930	臺股期貨            	TXF    	B         	72	118313.0000	106	173879.0000	-34	-55565.0000	2587	4250958.0000	1323	2172922.0000	1264	2078036.0000
20100930	臺股期貨            	TXF    	C         	11485	18861571.0000	10390	17063252.0000	1095	1798319.0000	25760	42281156.0000	33166	54489607.0000	-7406	-12208451.0000
20100930	非金電期貨          	XIF    	A         	86	90238.0000	102	107082.0000	-16	-16843.0000	190	199434.0000	73	76573.0000	117	122861.0000
20100930	非金電期貨          	XIF    	B         	0	.0000	0	.0000	0	.0000	30	31521.0000	0	.0000	30	31521.0000
20100930	非金電期貨          	XIF    	C         	93	97643.0000	65	68258.0000	28	29385.0000	7	7355.0000	208	218546.0000	-201	-211191.0000
