20080801	電子期貨            	EXF    	A         	653	701174.0000	526	564386.0000	127	136788.0000	2214	2380019.0000	793	852557.0000	1421	1527462.0000
20080801	電子期貨            	EXF    	B         	1	1075.0000	92	98869.0000	-91	-97794.0000	197	211775.0000	243	261225.0000	-46	-49450.0000
20080801	電子期貨            	EXF    	C         	326	349830.0000	455	488056.0000	-129	-138226.0000	2999	3223925.0000	5915	6358771.0000	-2916	-3134846.0000
20080801	金融期貨            	FXF    	A         	1008	874062.0000	259	224666.0000	749	649396.0000	962	837624.0000	66	57424.0000	896	780200.0000
20080801	金融期貨            	FXF    	B         	0	.0000	1	870.0000	-1	-870.0000	81	70519.0000	166	144520.0000	-85	-74001.0000
20080801	金融期貨            	FXF    	C         	1204	1045391.0000	2156	1870355.0000	-952	-824964.0000	4295	3739227.0000	7137	6213469.0000	-2842	-2474242.0000
20080801	櫃買期貨            	GTF    	A         	1194	516723.0000	1180	510643.0000	14	6080.0000	96	41864.0000	58	25289.0000	38	16575.0000
20080801	櫃買期貨            	GTF    	B         	0	.0000	0	.0000	0	.0000	0	.0000	64	27880.0000	-64	-27880.0000
20080801	櫃買期貨            	GTF    	C         	0	.0000	0	.0000	0	.0000	0	.0000	0	.0000	0	.0000
20080801	摩臺期              	MSF    	A         	4	3234.0000	4	3234.0000	0	.0000	14	11369.0000	16	12993.0000	-2	-1624.0000
20080801	摩臺期              	MSF    	B         	0	.0000	0	.0000	0	.0000	0	.0000	0	.0000	0	.0000
20080801	摩臺期              	MSF    	C         	0	.0000	0	.0000	0	.0000	0	.0000	0	.0000	0	.0000
20080801	小型臺指            	MXF    	A         	3217	1111266.0000	3573	1232866.0000	-356	-121600.0000	1677	578780.0000	5527	1908908.0000	-3850	-1330128.0000
20080801	小型臺指            	MXF    	B         	0	.0000	115	39777.0000	-115	-39777.0000	0	.0000	118	40799.0000	-118	-40799.0000
20080801	小型臺指            	MXF    	C         	158	54829.0000	235	80814.0000	-77	-25984.0000	0	.0000	845	292159.0000	-845	-292159.0000
20080801	臺灣50期貨          	T5F    	A         	0	.0000	0	.0000	0	.0000	0	.0000	0	.0000	0	.0000
20080801	臺灣50期貨          	T5F    	B         	0	.0000	0	.0000	0	.0000	0	.0000	0	.0000	0	.0000
20080801	臺灣50期貨          	T5F    	C         	0	.0000	0	.0000	0	.0000	0	.0000	0	.0000	0	.0000
20080801	臺股期貨            	TXF    	A         	11848	16366286.0000	11977	16539548.0000	-129	-173262.0000	2496	3445737.0000	8617	11901486.0000	-6121	-8455749.0000
20080801	臺股期貨            	TXF    	B         	525	725774.0000	361	498739.0000	164	227035.0000	2197	3038451.0000	6250	8639890.0000	-4053	-5601439.0000
20080801	臺股期貨            	TXF    	C         	3762	5200199.0000	5864	8105681.0000	-2102	-2905483.0000	28425	39292698.0000	28542	39453979.0000	-117	-161281.0000
20080801	非金電期貨          	XIF    	A         	1235	1050205.0000	1235	1050164.0000	0	41.0000	170	145195.0000	166	141826.0000	4	3369.0000
20080801	非金電期貨          	XIF    	B         	1	857.0000	2	1712.0000	-1	-855.0000	18	15390.0000	0	.0000	18	15390.0000
20080801	非金電期貨          	XIF    	C         	0	.0000	0	.0000	0	.0000	99	84505.0000	87	74385.0000	12	10120.0000
20080804	電子期貨            	EXF    	A         	469	505165.0000	423	455694.0000	46	49471.0000	2296	2483242.0000	829	895916.0000	1467	1587326.0000
20080804	電子期貨            	EXF    	B         	1	1082.0000	142	152590.0000	-141	-151508.0000	198	214157.0000	385	416416.0000	-187	-202259.0000
20080804	電子期貨            	EXF    	C         	287	308873.0000	156	167933.0000	131	140940.0000	2999	3243718.0000	5784	6255487.0000	-2785	-3011769.0000
20080804	金融期貨            	FXF    	A         	417	366437.0000	343	301211.0000	74	65226.0000	1012	891895.0000	42	36959.0000	970	854936.0000
20080804	金融期貨            	FXF    	B         	0	.0000	0	.0000	0	.0000	81	71377.0000	166	146279.0000	-85	-74902.0000
20080804	金融期貨            	FXF    	C         	194	170749.0000	184	161394.0000	10	9354.0000	4252	3746862.0000	7084	6242415.0000	-2832	-2495553.0000
20080804	櫃買期貨            	GTF    	A         	880	387210.0000	887	390291.0000	-7	-3080.0000	92	40452.0000	61	26816.0000	31	13636.0000
20080804	櫃買期貨            	GTF    	B         	0	.0000	0	.0000	0	.0000	0	.0000	64	28114.0000	-64	-28114.0000
20080804	櫃買期貨            	GTF    	C         	0	.0000	0	.0000	0	.0000	0	.0000	0	.0000	0	.0000
20080804	摩臺期              	MSF    	A         	0	.0000	2	1627.0000	-2	-1627.0000	12	9794.0000	16	13059.0000	-4	-3265.0000
20080804	摩臺期              	MSF    	B         	0	.0000	0	.0000	0	.0000	0	.0000	0	.0000	0	.0000
20080804	摩臺期              	MSF    	C         	0	.0000	0	.0000	0	.0000	0	.0000	0	.0000	0	.0000
20080804	小型臺指            	MXF    	A         	3683	1274284.0000	2772	957883.0000	911	316401.0000	1649	570512.0000	4596	1591156.0000	-2947	-1020644.0000
20080804	小型臺指            	MXF    	B         	115	39743.0000	0	.0000	115	39743.0000	0	.0000	3	1040.0000	-3	-1040.0000
20080804	小型臺指            	MXF    	C         	437	151299.0000	4	1387.0000	433	149913.0000	0	.0000	412	142840.0000	-412	-142840.0000
20080804	臺灣50期貨          	T5F    	A         	0	.0000	0	.0000	0	.0000	0	.0000	0	.0000	0	.0000
20080804	臺灣50期貨          	T5F    	B         	0	.0000	0	.0000	0	.0000	0	.0000	0	.0000	0	.0000
20080804	臺灣50期貨          	T5F    	C         	0	.0000	0	.0000	0	.0000	0	.0000	0	.0000	0	.0000
20080804	臺股期貨            	TXF    	A         	8784	12157479.0000	8313	11499740.0000	471	657739.0000	2751	3808320.0000	8399	11630914.0000	-5648	-7822594.0000
20080804	臺股期貨            	TXF    	B         	277	383444.0000	572	790594.0000	-295	-407149.0000	2364	3278395.0000	6712	9304298.0000	-4348	-6025903.0000
20080804	臺股期貨            	TXF    	C         	3433	4751497.0000	3269	4523811.0000	164	227686.0000	27654	38330418.0000	27647	38320243.0000	7	10175.0000
20080804	非金電期貨          	XIF    	A         	244	207222.0000	217	184261.0000	27	22962.0000	185	157010.0000	154	130788.0000	31	26222.0000
20080804	非金電期貨          	XIF    	B         	0	.0000	0	.0000	0	.0000	18	15300.0000	0	.0000	18	15300.0000
20080804	非金電期貨          	XIF    	C         	0	.0000	0	.0000	0	.0000	99	83951.0000	87	73950.0000	12	10001.0000
20080805	電子期貨            	EXF    	A         	769	828507.0000	939	1009223.0000	-170	-180716.0000	2472	2637523.0000	1175	1253073.0000	1297	1384450.0000
20080805	電子期貨            	EXF    	B         	189	203107.0000	0	.0000	189	203107.0000	203	216601.0000	201	214467.0000	2	2134.0000
20080805	電子期貨            	EXF    	C         	528	568941.0000	860	925250.0000	-332	-356309.0000	2955	3152985.0000	6072	6478392.0000	-3117	-3325407.0000
20080805	金融期貨            	FXF    	A         	714	617466.0000	555	480001.0000	159	137465.0000	1273	1093327.0000	144	123725.0000	1129	969602.0000
20080805	金融期貨            	FXF    	B         	1	859.0000	0	.0000	1	859.0000	82	70422.0000	166	142561.0000	-84	-72139.0000
20080805	金融期貨            	FXF    	C         	314	271998.0000	602	520022.0000	-288	-248024.0000	4086	3509057.0000	7206	6188523.0000	-3120	-2679466.0000
20080805	櫃買期貨            	GTF    	A         	316	135369.0000	308	131894.0000	8	3475.0000	98	42000.0000	59	25286.0000	39	16714.0000
20080805	櫃買期貨            	GTF    	B         	0	.0000	0	.0000	0	.0000	0	.0000	64	27411.0000	-64	-27411.0000
20080805	櫃買期貨            	GTF    	C         	0	.0000	0	.0000	0	.0000	0	.0000	0	.0000	0	.0000
20080805	摩臺期              	MSF    	A         	6	4831.0000	2	1597.0000	4	3234.0000	13	10429.0000	13	10429.0000	0	.0000
20080805	摩臺期              	MSF    	B         	0	.0000	0	.0000	0	.0000	0	.0000	0	.0000	0	.0000
20080805	摩臺期              	MSF    	C         	0	.0000	0	.0000	0	.0000	0	.0000	0	.0000	0	.0000
20080805	小型臺指            	MXF    	A         	4628	1579053.0000	6267	2144242.0000	-1639	-565189.0000	1034	349394.0000	4320	1461505.0000	-3286	-1112111.0000
20080805	小型臺指            	MXF    	B         	0	.0000	200	68007.0000	-200	-68007.0000	0	.0000	203	68797.0000	-203	-68797.0000
20080805	小型臺指            	MXF    	C         	35	12144.0000	707	241045.0000	-672	-228902.0000	0	.0000	1084	367368.0000	-1084	-367368.0000
20080805	臺灣50期貨          	T5F    	A         	0	.0000	0	.0000	0	.0000	0	.0000	0	.0000	0	.0000
20080805	臺灣50期貨          	T5F    	B         	0	.0000	0	.0000	0	.0000	0	.0000	0	.0000	0	.0000
20080805	臺灣50期貨          	T5F    	C         	0	.0000	0	.0000	0	.0000	0	.0000	0	.0000	0	.0000
20080805	臺股期貨            	TXF    	A         	16774	22914292.0000	17891	24468852.0000	-1117	-1554560.0000	2189	2961513.0000	9279	12561901.0000	-7090	-9600388.0000
20080805	臺股期貨            	TXF    	B         	456	623753.0000	685	941534.0000	-229	-317780.0000	2430	3294108.0000	7007	9495059.0000	-4577	-6200951.0000
20080805	臺股期貨            	TXF    	C         	5300	7225650.0000	7901	10785667.0000	-2601	-3560017.0000	27810	37680684.0000	30404	41197359.0000	-2594	-3516675.0000
20080805	非金電期貨          	XIF    	A         	423	349841.0000	381	314763.0000	42	35078.0000	176	143479.0000	103	83990.0000	73	59489.0000
20080805	非金電期貨          	XIF    	B         	0	.0000	0	.0000	0	.0000	18	14690.0000	0	.0000	18	14690.0000
20080805	非金電期貨          	XIF    	C         	0	.0000	108	88676.0000	-108	-88676.0000	99	80654.0000	195	159140.0000	-96	-78486.0000
20080806	電子期貨            	EXF    	A         	837	923509.0000	507	560174.0000	330	363335.0000	2737	3050027.0000	1110	1236236.0000	1627	1813791.0000
20080806	電子期貨            	EXF    	B         	86	94963.0000	40	43776.0000	46	51186.0000	289	322062.0000	241	268570.0000	48	53492.0000
20080806	電子期貨            	EXF    	C         	804	886390.0000	1112	1226294.0000	-308	-339904.0000	3048	3396691.0000	6473	7213002.0000	-3425	-3816311.0000
20080806	金融期貨            	FXF    	A         	477	421691.0000	453	400369.0000	24	21322.0000	1379	1226492.0000	226	200880.0000	1153	1025612.0000
20080806	金融期貨            	FXF    	B         	22	19589.0000	0	.0000	22	19589.0000	104	92498.0000	166	147640.0000	-62	-55142.0000
20080806	金融期貨            	FXF    	C         	427	377812.0000	115	101724.0000	312	276088.0000	4304	3827978.0000	7112	6325403.0000	-2808	-2497425.0000
20080806	櫃買期貨            	GTF    	A         	161	70006.0000	175	76140.0000	-14	-6133.0000	85	37617.0000	60	26548.0000	25	11069.0000
20080806	櫃買期貨            	GTF    	B         	0	.0000	0	.0000	0	.0000	0	.0000	64	28283.0000	-64	-28283.0000
20080806	櫃買期貨            	GTF    	C         	0	.0000	0	.0000	0	.0000	0	.0000	0	.0000	0	.0000
20080806	摩臺期              	MSF    	A         	13	10762.0000	13	10756.0000	0	6.0000	15	12513.0000	15	12513.0000	0	.0000
20080806	摩臺期              	MSF    	B         	0	.0000	0	.0000	0	.0000	0	.0000	0	.0000	0	.0000
20080806	摩臺期              	MSF    	C         	0	.0000	0	.0000	0	.0000	0	.0000	0	.0000	0	.0000
20080806	小型臺指            	MXF    	A         	5908	2056073.0000	2365	824770.0000	3543	1231303.0000	1569	549308.0000	2596	908036.0000	-1027	-358728.0000
20080806	小型臺指            	MXF    	B         	200	69323.0000	0	.0000	200	69323.0000	0	.0000	3	1052.0000	-3	-1052.0000
20080806	小型臺指            	MXF    	C         	277	96648.0000	16	5542.0000	261	91106.0000	0	.0000	823	288708.0000	-823	-288708.0000
20080806	臺灣50期貨          	T5F    	A         	0	.0000	0	.0000	0	.0000	0	.0000	0	.0000	0	.0000
20080806	臺灣50期貨          	T5F    	B         	0	.0000	0	.0000	0	.0000	0	.0000	0	.0000	0	.0000
20080806	臺灣50期貨          	T5F    	C         	0	.0000	0	.0000	0	.0000	0	.0000	0	.0000	0	.0000
20080806	臺股期貨            	TXF    	A         	11745	16365363.0000	10563	14706243.0000	1182	1659121.0000	3082	4317890.0000	8669	12146240.0000	-5587	-7828350.0000
20080806	臺股期貨            	TXF    	B         	758	1053661.0000	473	657277.0000	285	396384.0000	2413	3385922.0000	6705	9404563.0000	-4292	-6018641.0000
20080806	臺股期貨            	TXF    	C         	6368	8869134.0000	5589	7798635.0000	779	1070499.0000	27601	38708858.0000	29416	41257034.0000	-1815	-2548176.0000
20080806	非金電期貨          	XIF    	A         	303	250478.0000	216	178485.0000	87	71993.0000	269	223898.0000	109	90749.0000	160	133149.0000
20080806	非金電期貨          	XIF    	B         	0	.0000	0	.0000	0	.0000	18	14996.0000	0	.0000	18	14996.0000
20080806	非金電期貨          	XIF    	C         	0	.0000	110	90827.0000	-110	-90827.0000	99	82313.0000	305	254096.0000	-206	-171783.0000
20080807	電子期貨            	EXF    	A         	540	604928.0000	416	465447.0000	124	139482.0000	2929	3278000.0000	1178	1317615.0000	1751	1960385.0000
20080807	電子期貨            	EXF    	B         	34	38245.0000	203	226723.0000	-169	-188478.0000	323	361502.0000	443	495806.0000	-120	-134304.0000
20080807	電子期貨            	EXF    	C         	569	637540.0000	157	176027.0000	412	461513.0000	3112	3482950.0000	6125	6854511.0000	-3013	-3371561.0000
20080807	金融期貨            	FXF    	A         	324	284133.0000	557	487144.0000	-233	-203011.0000	1122	977274.0000	202	175841.0000	920	801433.0000
20080807	金融期貨            	FXF    	B         	32	28127.0000	0	.0000	32	28127.0000	136	118456.0000	166	144586.0000	-30	-26130.0000
20080807	金融期貨            	FXF    	C         	50	43851.0000	213	186715.0000	-163	-142864.0000	4302	3747042.0000	7273	6334779.0000	-2971	-2587737.0000
20080807	櫃買期貨            	GTF    	A         	200	88662.0000	209	92686.0000	-9	-4024.0000	86	38606.0000	70	31421.0000	16	7185.0000
20080807	櫃買期貨            	GTF    	B         	5	2238.0000	4	1783.0000	1	455.0000	0	.0000	63	28236.0000	-63	-28236.0000
20080807	櫃買期貨            	GTF    	C         	0	.0000	0	.0000	0	.0000	0	.0000	0	.0000	0	.0000
20080807	摩臺期              	MSF    	A         	6	5004.0000	6	5001.0000	0	3.0000	12	9998.0000	12	9998.0000	0	.0000
20080807	摩臺期              	MSF    	B         	0	.0000	0	.0000	0	.0000	0	.0000	0	.0000	0	.0000
20080807	摩臺期              	MSF    	C         	0	.0000	0	.0000	0	.0000	0	.0000	0	.0000	0	.0000
20080807	小型臺指            	MXF    	A         	3737	1308507.0000	3194	1118003.0000	543	190504.0000	1352	472460.0000	2636	920644.0000	-1284	-448184.0000
20080807	小型臺指            	MXF    	B         	0	.0000	148	51847.0000	-148	-51847.0000	0	.0000	151	52888.0000	-151	-52888.0000
20080807	小型臺指            	MXF    	C         	159	55834.0000	11	3840.0000	148	51994.0000	89	31172.0000	764	267591.0000	-675	-236419.0000
20080807	臺灣50期貨          	T5F    	A         	0	.0000	0	.0000	0	.0000	0	.0000	0	.0000	0	.0000
20080807	臺灣50期貨          	T5F    	B         	0	.0000	0	.0000	0	.0000	0	.0000	0	.0000	0	.0000
20080807	臺灣50期貨          	T5F    	C         	0	.0000	0	.0000	0	.0000	0	.0000	0	.0000	0	.0000
20080807	臺股期貨            	TXF    	A         	10553	14787585.0000	10916	15286087.0000	-363	-498502.0000	3007	4206310.0000	8757	12251263.0000	-5750	-8044953.0000
20080807	臺股期貨            	TXF    	B         	945	1325772.0000	120	167741.0000	825	1158031.0000	2815	3943815.0000	6332	8867870.0000	-3517	-4924055.0000
20080807	臺股期貨            	TXF    	C         	4913	6885942.0000	4837	6775633.0000	76	110308.0000	28060	39292782.0000	29799	41730346.0000	-1739	-2437564.0000
20080807	非金電期貨          	XIF    	A         	249	206037.0000	245	202566.0000	4	3472.0000	292	241715.0000	128	105951.0000	164	135764.0000
20080807	非金電期貨          	XIF    	B         	1	828.0000	0	.0000	1	828.0000	19	15742.0000	0	.0000	19	15742.0000
20080807	非金電期貨          	XIF    	C         	0	.0000	0	.0000	0	.0000	99	81850.0000	305	252693.0000	-206	-170843.0000
20080808	電子期貨            	EXF    	A         	854	979616.0000	791	907460.0000	63	72156.0000	3138	3627992.0000	1324	1530084.0000	1814	2097908.0000
20080808	電子期貨            	EXF    	B         	164	186069.0000	2	2329.0000	162	183740.0000	351	405826.0000	309	357266.0000	42	48560.0000
20080808	電子期貨            	EXF    	C         	535	614456.0000	688	791025.0000	-153	-176569.0000	3139	3629302.0000	6305	7289251.0000	-3166	-3659949.0000
20080808	金融期貨            	FXF    	A         	615	548637.0000	652	584457.0000	-37	-35820.0000	1185	1070776.0000	302	272711.0000	883	798065.0000
20080808	金融期貨            	FXF    	B         	0	.0000	0	.0000	0	.0000	136	122890.0000	166	149998.0000	-30	-27108.0000
20080808	金融期貨            	FXF    	C         	175	156077.0000	410	368665.0000	-235	-212589.0000	4133	3734528.0000	7339	6631507.0000	-3206	-2896979.0000
20080808	櫃買期貨            	GTF    	A         	227	103065.0000	251	113938.0000	-24	-10873.0000	72	33266.0000	80	36934.0000	-8	-3668.0000
20080808	櫃買期貨            	GTF    	B         	3	1378.0000	4	1824.0000	-1	-446.0000	0	.0000	64	29513.0000	-64	-29513.0000
20080808	櫃買期貨            	GTF    	C         	0	.0000	0	.0000	0	.0000	0	.0000	0	.0000	0	.0000
20080808	摩臺期              	MSF    	A         	10	8496.0000	13	11067.0000	-3	-2571.0000	13	11276.0000	16	13878.0000	-3	-2602.0000
20080808	摩臺期              	MSF    	B         	0	.0000	0	.0000	0	.0000	0	.0000	0	.0000	0	.0000
20080808	摩臺期              	MSF    	C         	0	.0000	0	.0000	0	.0000	0	.0000	0	.0000	0	.0000
20080808	小型臺指            	MXF    	A         	8159	2895131.0000	5530	1975126.0000	2629	920005.0000	2847	1021862.0000	2526	905201.0000	321	116661.0000
20080808	小型臺指            	MXF    	B         	148	52121.0000	0	.0000	148	52121.0000	0	.0000	3	1078.0000	-3	-1078.0000
20080808	小型臺指            	MXF    	C         	229	81462.0000	211	75825.0000	18	5637.0000	318	114289.0000	975	350415.0000	-657	-236126.0000
20080808	臺灣50期貨          	T5F    	A         	0	.0000	0	.0000	0	.0000	0	.0000	0	.0000	0	.0000
20080808	臺灣50期貨          	T5F    	B         	0	.0000	0	.0000	0	.0000	0	.0000	0	.0000	0	.0000
20080808	臺灣50期貨          	T5F    	C         	0	.0000	0	.0000	0	.0000	0	.0000	0	.0000	0	.0000
20080808	臺股期貨            	TXF    	A         	17529	24958630.0000	16212	23118235.0000	1317	1840395.0000	4080	5858542.0000	8257	11852823.0000	-4177	-5994281.0000
20080808	臺股期貨            	TXF    	B         	1477	2109793.0000	463	656365.0000	1014	1453428.0000	2809	4038218.0000	5312	7633448.0000	-2503	-3595230.0000
20080808	臺股期貨            	TXF    	C         	7215	10269280.0000	8626	12305736.0000	-1411	-2036455.0000	26316	37808117.0000	29471	42346187.0000	-3155	-4538070.0000
20080808	非金電期貨          	XIF    	A         	473	394628.0000	379	316137.0000	94	78491.0000	405	340137.0000	147	123428.0000	258	216709.0000
20080808	非金電期貨          	XIF    	B         	0	.0000	0	.0000	0	.0000	19	15968.0000	0	.0000	19	15968.0000
20080808	非金電期貨          	XIF    	C         	0	.0000	113	94264.0000	-113	-94264.0000	97	81339.0000	416	349606.0000	-319	-268267.0000
20080811	電子期貨            	EXF    	A         	604	712620.0000	450	530576.0000	154	182044.0000	3246	3833326.0000	1278	1508412.0000	1968	2324914.0000
20080811	電子期貨            	EXF    	B         	10	11801.0000	55	64941.0000	-45	-53139.0000	342	403902.0000	345	407445.0000	-3	-3543.0000
20080811	電子期貨            	EXF    	C         	782	923395.0000	421	497077.0000	361	426318.0000	3277	3870125.0000	6082	7181955.0000	-2805	-3311830.0000
20080811	金融期貨            	FXF    	A         	520	477332.0000	301	275754.0000	219	201578.0000	1298	1189240.0000	196	179436.0000	1102	1009804.0000
20080811	金融期貨            	FXF    	B         	70	64473.0000	0	.0000	70	64473.0000	206	188737.0000	166	152089.0000	40	36648.0000
20080811	金融期貨            	FXF    	C         	160	146900.0000	110	101308.0000	50	45592.0000	4127	3781116.0000	7283	6672674.0000	-3156	-2891558.0000
20080811	櫃買期貨            	GTF    	A         	266	125087.0000	270	126988.0000	-4	-1901.0000	65	30863.0000	77	36518.0000	-12	-5655.0000
20080811	櫃買期貨            	GTF    	B         	0	.0000	3	1414.0000	-3	-1414.0000	0	.0000	67	31735.0000	-67	-31735.0000
20080811	櫃買期貨            	GTF    	C         	0	.0000	0	.0000	0	.0000	0	.0000	0	.0000	0	.0000
20080811	摩臺期              	MSF    	A         	4	3520.0000	4	3520.0000	0	.0000	13	11470.0000	16	14116.0000	-3	-2646.0000
20080811	摩臺期              	MSF    	B         	0	.0000	0	.0000	0	.0000	0	.0000	0	.0000	0	.0000
20080811	摩臺期              	MSF    	C         	0	.0000	0	.0000	0	.0000	0	.0000	0	.0000	0	.0000
20080811	小型臺指            	MXF    	A         	3147	1147425.0000	2665	971768.0000	482	175657.0000	2940	1070620.0000	2513	913409.0000	427	157211.0000
20080811	小型臺指            	MXF    	B         	1	364.0000	0	.0000	1	364.0000	1	365.0000	3	1094.0000	-2	-729.0000
20080811	小型臺指            	MXF    	C         	2	727.0000	255	92778.0000	-253	-92051.0000	318	115911.0000	1228	447606.0000	-910	-331695.0000
20080811	臺灣50期貨          	T5F    	A         	0	.0000	0	.0000	0	.0000	0	.0000	0	.0000	0	.0000
20080811	臺灣50期貨          	T5F    	B         	0	.0000	0	.0000	0	.0000	0	.0000	0	.0000	0	.0000
20080811	臺灣50期貨          	T5F    	C         	0	.0000	0	.0000	0	.0000	0	.0000	0	.0000	0	.0000
20080811	臺股期貨            	TXF    	A         	11585	16906765.0000	11963	17451360.0000	-378	-544595.0000	3908	5690398.0000	8369	12183314.0000	-4461	-6492916.0000
20080811	臺股期貨            	TXF    	B         	691	1008795.0000	300	437921.0000	391	570874.0000	3017	4398786.0000	5129	7474783.0000	-2112	-3075997.0000
20080811	臺股期貨            	TXF    	C         	5536	8072102.0000	3870	5642311.0000	1666	2429791.0000	25901	37736289.0000	27390	39910571.0000	-1489	-2174282.0000
20080811	非金電期貨          	XIF    	A         	407	341513.0000	339	284310.0000	68	57203.0000	481	405392.0000	155	130613.0000	326	274779.0000
20080811	非金電期貨          	XIF    	B         	0	.0000	0	.0000	0	.0000	19	16021.0000	0	.0000	19	16021.0000
20080811	非金電期貨          	XIF    	C         	5	4215.0000	93	78132.0000	-88	-73917.0000	102	85866.0000	509	429189.0000	-407	-343323.0000
20080812	電子期貨            	EXF    	A         	566	671102.0000	544	645972.0000	22	25130.0000	3223	3819659.0000	1233	1460418.0000	1990	2359241.0000
20080812	電子期貨            	EXF    	B         	11	13053.0000	21	24880.0000	-10	-11828.0000	335	397019.0000	345	408894.0000	-10	-11875.0000
20080812	電子期貨            	EXF    	C         	924	1097185.0000	1002	1188622.0000	-78	-91437.0000	3735	4426710.0000	6618	7842714.0000	-2883	-3416004.0000
20080812	金融期貨            	FXF    	A         	342	311118.0000	329	299560.0000	13	11558.0000	1319	1197486.0000	204	185106.0000	1115	1012380.0000
20080812	金融期貨            	FXF    	B         	15	13608.0000	50	45712.0000	-35	-32104.0000	171	155234.0000	166	150695.0000	5	4539.0000
20080812	金融期貨            	FXF    	C         	280	255100.0000	138	125613.0000	142	129487.0000	4140	3758266.0000	7154	6494395.0000	-3014	-2736129.0000
20080812	櫃買期貨            	GTF    	A         	150	70684.0000	149	70222.0000	1	463.0000	60	28411.0000	71	33585.0000	-11	-5174.0000
20080812	櫃買期貨            	GTF    	B         	0	.0000	0	.0000	0	.0000	0	.0000	67	31670.0000	-67	-31670.0000
20080812	櫃買期貨            	GTF    	C         	0	.0000	0	.0000	0	.0000	0	.0000	0	.0000	0	.0000
20080812	摩臺期              	MSF    	A         	3	2634.0000	3	2634.0000	0	.0000	14	12299.0000	17	14935.0000	-3	-2636.0000
20080812	摩臺期              	MSF    	B         	0	.0000	0	.0000	0	.0000	0	.0000	0	.0000	0	.0000
20080812	摩臺期              	MSF    	C         	0	.0000	0	.0000	0	.0000	0	.0000	0	.0000	0	.0000
20080812	小型臺指            	MXF    	A         	2558	932470.0000	3012	1096490.0000	-454	-164019.0000	2854	1036222.0000	2877	1042879.0000	-23	-6657.0000
20080812	小型臺指            	MXF    	B         	1	365.0000	0	.0000	1	365.0000	2	727.0000	3	1090.0000	-1	-363.0000
20080812	小型臺指            	MXF    	C         	212	77587.0000	73	26562.0000	139	51024.0000	402	146107.0000	1173	426327.0000	-771	-280220.0000
20080812	臺灣50期貨          	T5F    	A         	0	.0000	0	.0000	0	.0000	0	.0000	0	.0000	0	.0000
20080812	臺灣50期貨          	T5F    	B         	0	.0000	0	.0000	0	.0000	0	.0000	0	.0000	0	.0000
20080812	臺灣50期貨          	T5F    	C         	0	.0000	0	.0000	0	.0000	0	.0000	0	.0000	0	.0000
20080812	臺股期貨            	TXF    	A         	9374	13670001.0000	9159	13349024.0000	215	320978.0000	4260	6186031.0000	8507	12350506.0000	-4247	-6164475.0000
20080812	臺股期貨            	TXF    	B         	641	934608.0000	602	877290.0000	39	57318.0000	2898	4213085.0000	4971	7223929.0000	-2073	-3010844.0000
20080812	臺股期貨            	TXF    	C         	3007	4383670.0000	3669	5346122.0000	-662	-962452.0000	25133	36513302.0000	27284	39642349.0000	-2151	-3129047.0000
20080812	非金電期貨          	XIF    	A         	281	234908.0000	328	274123.0000	-47	-39214.0000	462	384219.0000	183	152189.0000	279	232030.0000
20080812	非金電期貨          	XIF    	B         	0	.0000	0	.0000	0	.0000	19	15806.0000	0	.0000	19	15806.0000
20080812	非金電期貨          	XIF    	C         	140	116940.0000	22	18388.0000	118	98552.0000	170	141318.0000	459	381842.0000	-289	-240524.0000
20080813	電子期貨            	EXF    	A         	680	806668.0000	849	1006288.0000	-169	-199620.0000	3121	3718741.0000	1300	1547881.0000	1821	2170860.0000
20080813	電子期貨            	EXF    	B         	4	4746.0000	326	386109.0000	-322	-381362.0000	327	389610.0000	659	785264.0000	-332	-395654.0000
20080813	電子期貨            	EXF    	C         	460	545375.0000	684	808294.0000	-224	-262920.0000	3500	4170588.0000	6607	7871481.0000	-3107	-3700893.0000
20080813	金融期貨            	FXF    	A         	275	247230.0000	449	404110.0000	-174	-156881.0000	1152	1041440.0000	211	190701.0000	941	850739.0000
20080813	金融期貨            	FXF    	B         	9	8115.0000	150	134623.0000	-141	-126508.0000	180	162721.0000	316	285664.0000	-136	-122943.0000
20080813	金融期貨            	FXF    	C         	308	276994.0000	242	217350.0000	66	59644.0000	4051	3662107.0000	6999	6327097.0000	-2948	-2664990.0000
20080813	櫃買期貨            	GTF    	A         	138	64761.0000	126	59118.0000	12	5643.0000	65	31053.0000	64	30554.0000	1	499.0000
20080813	櫃買期貨            	GTF    	B         	0	.0000	0	.0000	0	.0000	0	.0000	67	31926.0000	-67	-31926.0000
20080813	櫃買期貨            	GTF    	C         	0	.0000	0	.0000	0	.0000	0	.0000	0	.0000	0	.0000
20080813	摩臺期              	MSF    	A         	6	5244.0000	5	4369.0000	1	875.0000	15	13099.0000	17	14846.0000	-2	-1747.0000
20080813	摩臺期              	MSF    	B         	0	.0000	0	.0000	0	.0000	0	.0000	0	.0000	0	.0000
20080813	摩臺期              	MSF    	C         	0	.0000	0	.0000	0	.0000	0	.0000	0	.0000	0	.0000
20080813	小型臺指            	MXF    	A         	3672	1332067.0000	4859	1758085.0000	-1187	-426018.0000	2064	751575.0000	3170	1153033.0000	-1106	-401458.0000
20080813	小型臺指            	MXF    	B         	0	.0000	0	.0000	0	.0000	2	730.0000	3	1094.0000	-1	-364.0000
20080813	小型臺指            	MXF    	C         	167	60802.0000	566	204261.0000	-399	-143460.0000	269	98131.0000	1439	524947.0000	-1170	-426816.0000
20080813	臺灣50期貨          	T5F    	A         	0	.0000	0	.0000	0	.0000	0	.0000	0	.0000	0	.0000
20080813	臺灣50期貨          	T5F    	B         	0	.0000	0	.0000	0	.0000	0	.0000	0	.0000	0	.0000
20080813	臺灣50期貨          	T5F    	C         	0	.0000	0	.0000	0	.0000	0	.0000	0	.0000	0	.0000
20080813	臺股期貨            	TXF    	A         	14118	20479278.0000	13752	19939734.0000	366	539545.0000	4644	6766881.0000	8551	12458078.0000	-3907	-5691197.0000
20080813	臺股期貨            	TXF    	B         	541	785177.0000	435	631946.0000	106	153232.0000	2753	4017147.0000	4720	6884105.0000	-1967	-2866958.0000
20080813	臺股期貨            	TXF    	C         	4747	6888807.0000	7915	11468872.0000	-3168	-4580065.0000	23739	34609902.0000	29058	42368679.0000	-5319	-7758777.0000
20080813	非金電期貨          	XIF    	A         	929	767198.0000	992	819406.0000	-63	-52208.0000	441	368093.0000	225	187795.0000	216	180298.0000
20080813	非金電期貨          	XIF    	B         	6	4967.0000	0	.0000	6	4967.0000	25	20848.0000	0	.0000	25	20848.0000
20080813	非金電期貨          	XIF    	C         	179	148712.0000	117	97146.0000	62	51566.0000	119	99186.0000	346	288945.0000	-227	-189759.0000
20080814	電子期貨            	EXF    	A         	837	992597.0000	736	873292.0000	101	119304.0000	3218	3849772.0000	1296	1549298.0000	1922	2300474.0000
20080814	電子期貨            	EXF    	B         	328	387755.0000	5	5960.0000	323	381795.0000	322	385196.0000	331	396008.0000	-9	-10812.0000
20080814	電子期貨            	EXF    	C         	465	554137.0000	841	995985.0000	-376	-441849.0000	3354	4012713.0000	6837	8177816.0000	-3483	-4165103.0000
20080814	金融期貨            	FXF    	A         	314	284885.0000	337	305516.0000	-23	-20630.0000	1203	1094999.0000	285	259265.0000	918	835734.0000
20080814	金融期貨            	FXF    	B         	1	909.0000	0	.0000	1	909.0000	181	164742.0000	316	287623.0000	-135	-122881.0000
20080814	金融期貨            	FXF    	C         	139	126510.0000	365	331008.0000	-226	-204498.0000	4011	3650796.0000	7185	6539783.0000	-3174	-2888987.0000
20080814	櫃買期貨            	GTF    	A         	152	71883.0000	155	73325.0000	-3	-1442.0000	64	30726.0000	66	31657.0000	-2	-931.0000
20080814	櫃買期貨            	GTF    	B         	0	.0000	2	950.0000	-2	-950.0000	0	.0000	69	33040.0000	-69	-33040.0000
20080814	櫃買期貨            	GTF    	C         	0	.0000	0	.0000	0	.0000	0	.0000	0	.0000	0	.0000
20080814	摩臺期              	MSF    	A         	2	1764.0000	2	1764.0000	0	.0000	16	14173.0000	18	15945.0000	-2	-1772.0000
20080814	摩臺期              	MSF    	B         	0	.0000	0	.0000	0	.0000	0	.0000	0	.0000	0	.0000
20080814	摩臺期              	MSF    	C         	0	.0000	0	.0000	0	.0000	0	.0000	0	.0000	0	.0000
20080814	小型臺指            	MXF    	A         	3982	1453421.0000	3178	1157691.0000	804	295730.0000	2637	968666.0000	3015	1106061.0000	-378	-137395.0000
20080814	小型臺指            	MXF    	B         	0	.0000	60	21942.0000	-60	-21942.0000	2	736.0000	63	23171.0000	-61	-22435.0000
20080814	小型臺指            	MXF    	C         	183	67209.0000	303	110010.0000	-120	-42801.0000	0	.0000	1290	474462.0000	-1290	-474462.0000
20080814	臺灣50期貨          	T5F    	A         	0	.0000	0	.0000	0	.0000	0	.0000	0	.0000	0	.0000
20080814	臺灣50期貨          	T5F    	B         	0	.0000	0	.0000	0	.0000	0	.0000	0	.0000	0	.0000
20080814	臺灣50期貨          	T5F    	C         	0	.0000	0	.0000	0	.0000	0	.0000	0	.0000	0	.0000
20080814	臺股期貨            	TXF    	A         	12949	18901210.0000	12005	17513358.0000	944	1387852.0000	4934	7250206.0000	7878	11573836.0000	-2944	-4323630.0000
20080814	臺股期貨            	TXF    	B         	663	967753.0000	692	1005777.0000	-29	-38025.0000	2835	4170824.0000	4834	7106942.0000	-1999	-2936118.0000
20080814	臺股期貨            	TXF    	C         	3925	5724723.0000	4460	6506713.0000	-535	-781989.0000	24002	35283722.0000	29856	43895159.0000	-5854	-8611437.0000
20080814	非金電期貨          	XIF    	A         	305	256552.0000	308	259110.0000	-3	-2558.0000	452	383198.0000	239	202620.0000	213	180578.0000
20080814	非金電期貨          	XIF    	B         	5	4221.0000	0	.0000	5	4221.0000	30	25397.0000	0	.0000	30	25397.0000
20080814	非金電期貨          	XIF    	C         	232	195276.0000	264	221953.0000	-32	-26677.0000	96	81254.0000	355	301076.0000	-259	-219822.0000
20080815	電子期貨            	EXF    	A         	935	1106699.0000	615	726368.0000	320	380331.0000	3175	3731086.0000	933	1095383.0000	2242	2635703.0000
20080815	電子期貨            	EXF    	B         	130	152715.0000	63	75080.0000	67	77635.0000	259	304338.0000	201	236215.0000	58	68123.0000
20080815	電子期貨            	EXF    	C         	578	682883.0000	777	915593.0000	-199	-232710.0000	3328	3911066.0000	7010	8235789.0000	-3682	-4324723.0000
20080815	金融期貨            	FXF    	A         	339	306320.0000	359	324563.0000	-20	-18243.0000	1153	1029479.0000	255	227434.0000	898	802045.0000
20080815	金融期貨            	FXF    	B         	1	894.0000	50	44862.0000	-49	-43968.0000	132	117843.0000	316	282125.0000	-184	-164282.0000
20080815	金融期貨            	FXF    	C         	274	248201.0000	232	210095.0000	42	38106.0000	4064	3628317.0000	7196	6424583.0000	-3132	-2796266.0000
20080815	櫃買期貨            	GTF    	A         	141	66986.0000	122	58036.0000	19	8950.0000	83	38836.0000	66	30872.0000	17	7964.0000
20080815	櫃買期貨            	GTF    	B         	2	960.0000	2	959.0000	0	1.0000	0	.0000	69	32258.0000	-69	-32258.0000
20080815	櫃買期貨            	GTF    	C         	0	.0000	0	.0000	0	.0000	0	.0000	0	.0000	0	.0000
20080815	摩臺期              	MSF    	A         	4	3543.0000	2	1774.0000	2	1769.0000	18	15680.0000	18	15680.0000	0	.0000
20080815	摩臺期              	MSF    	B         	0	.0000	0	.0000	0	.0000	0	.0000	0	.0000	0	.0000
20080815	摩臺期              	MSF    	C         	0	.0000	0	.0000	0	.0000	0	.0000	0	.0000	0	.0000
20080815	小型臺指            	MXF    	A         	5216	1888993.0000	6625	2403389.0000	-1409	-514396.0000	2415	870487.0000	4146	1492562.0000	-1731	-622075.0000
20080815	小型臺指            	MXF    	B         	60	22039.0000	0	.0000	60	22039.0000	2	722.0000	3	1083.0000	-1	-361.0000
20080815	小型臺指            	MXF    	C         	285	102746.0000	698	253926.0000	-413	-151179.0000	0	.0000	1703	614613.0000	-1703	-614613.0000
20080815	臺灣50期貨          	T5F    	A         	0	.0000	0	.0000	0	.0000	0	.0000	0	.0000	0	.0000
20080815	臺灣50期貨          	T5F    	B         	0	.0000	0	.0000	0	.0000	0	.0000	0	.0000	0	.0000
20080815	臺灣50期貨          	T5F    	C         	0	.0000	0	.0000	0	.0000	0	.0000	0	.0000	0	.0000
20080815	臺股期貨            	TXF    	A         	13536	19658458.0000	16567	24059048.0000	-3031	-4400590.0000	2455	3535442.0000	8444	12174522.0000	-5989	-8639080.0000
20080815	臺股期貨            	TXF    	B         	637	932121.0000	793	1154174.0000	-156	-222054.0000	2713	3916437.0000	4868	7021300.0000	-2155	-3104863.0000
20080815	臺股期貨            	TXF    	C         	8121	11774461.0000	7875	11415030.0000	246	359431.0000	23587	34023092.0000	29195	42111937.0000	-5608	-8088845.0000
20080815	非金電期貨          	XIF    	A         	311	260904.0000	319	267739.0000	-8	-6835.0000	477	396283.0000	272	225978.0000	205	170305.0000
20080815	非金電期貨          	XIF    	B         	1	827.0000	0	.0000	1	827.0000	31	25721.0000	0	.0000	31	25721.0000
20080815	非金電期貨          	XIF    	C         	95	79717.0000	96	80391.0000	-1	-674.0000	96	79643.0000	356	295978.0000	-260	-216335.0000
20080818	電子期貨            	EXF    	A         	1077	1244190.0000	711	822191.0000	366	422000.0000	3231	3694540.0000	623	712068.0000	2608	2982472.0000
20080818	電子期貨            	EXF    	B         	42	47958.0000	42	48211.0000	0	-253.0000	259	295992.0000	201	229944.0000	58	66048.0000
20080818	電子期貨            	EXF    	C         	1401	1621875.0000	2283	2641100.0000	-882	-1019225.0000	2652	3033665.0000	7216	8247844.0000	-4564	-5214179.0000
20080818	金融期貨            	FXF    	A         	858	727990.0000	827	705021.0000	31	22968.0000	1173	988061.0000	244	205303.0000	929	782758.0000
20080818	金融期貨            	FXF    	B         	40	33865.0000	197	167300.0000	-157	-133435.0000	132	111074.0000	473	398051.0000	-341	-286977.0000
20080818	金融期貨            	FXF    	C         	3242	2763314.0000	2717	2306560.0000	525	456753.0000	5528	4661058.0000	8135	6856784.0000	-2607	-2195726.0000
20080818	櫃買期貨            	GTF    	A         	133	60724.0000	119	54311.0000	14	6413.0000	98	43747.0000	67	29903.0000	31	13844.0000
20080818	櫃買期貨            	GTF    	B         	5	2246.0000	5	2243.0000	0	4.0000	0	.0000	69	30788.0000	-69	-30788.0000
20080818	櫃買期貨            	GTF    	C         	0	.0000	0	.0000	0	.0000	0	.0000	0	.0000	0	.0000
20080818	摩臺期              	MSF    	A         	2	1716.0000	3	2564.0000	-1	-848.0000	16	13338.0000	17	14172.0000	-1	-834.0000
20080818	摩臺期              	MSF    	B         	0	.0000	0	.0000	0	.0000	0	.0000	0	.0000	0	.0000
20080818	摩臺期              	MSF    	C         	0	.0000	0	.0000	0	.0000	0	.0000	0	.0000	0	.0000
20080818	小型臺指            	MXF    	A         	6591	2322466.0000	8074	2849768.0000	-1483	-527302.0000	1804	628649.0000	5826	2027123.0000	-4022	-1398474.0000
20080818	小型臺指            	MXF    	B         	0	.0000	50	17472.0000	-50	-17472.0000	2	698.0000	53	18497.0000	-51	-17799.0000
20080818	小型臺指            	MXF    	C         	353	126159.0000	56	19592.0000	297	106567.0000	0	.0000	1406	490694.0000	-1406	-490694.0000
20080818	臺灣50期貨          	T5F    	A         	0	.0000	0	.0000	0	.0000	0	.0000	0	.0000	0	.0000
20080818	臺灣50期貨          	T5F    	B         	0	.0000	0	.0000	0	.0000	0	.0000	0	.0000	0	.0000
20080818	臺灣50期貨          	T5F    	C         	0	.0000	0	.0000	0	.0000	0	.0000	0	.0000	0	.0000
20080818	臺股期貨            	TXF    	A         	16337	23051945.0000	18128	25604379.0000	-1791	-2552433.0000	1536	2136081.0000	9114	12702849.0000	-7578	-10566768.0000
20080818	臺股期貨            	TXF    	B         	1951	2738201.0000	2885	4054959.0000	-934	-1316759.0000	2827	3941843.0000	5911	8237731.0000	-3084	-4295888.0000
20080818	臺股期貨            	TXF    	C         	19248	27106508.0000	18724	26353718.0000	524	752790.0000	22372	31185736.0000	27453	38267123.0000	-5081	-7081387.0000
20080818	非金電期貨          	XIF    	A         	372	300932.0000	367	296820.0000	5	4112.0000	490	393112.0000	280	224561.0000	210	168551.0000
20080818	非金電期貨          	XIF    	B         	4	3215.0000	4	3229.0000	0	-15.0000	31	24766.0000	0	.0000	31	24766.0000
20080818	非金電期貨          	XIF    	C         	76	61686.0000	72	58280.0000	4	3407.0000	97	77598.0000	353	283741.0000	-256	-206143.0000
20080819	電子期貨            	EXF    	A         	2770	3123925.0000	2822	3196665.0000	-52	-72740.0000	3338	3774322.0000	782	887339.0000	2556	2886983.0000
20080819	電子期貨            	EXF    	B         	132	148851.0000	206	232908.0000	-74	-84056.0000	245	277188.0000	261	295797.0000	-16	-18609.0000
20080819	電子期貨            	EXF    	C         	7090	8034434.0000	6872	7773209.0000	218	261225.0000	3487	3949095.0000	7833	8859855.0000	-4346	-4910760.0000
20080819	金融期貨            	FXF    	A         	1390	1159445.0000	1401	1178826.0000	-11	-19380.0000	1415	1189261.0000	497	422400.0000	918	766861.0000
20080819	金融期貨            	FXF    	B         	175	147030.0000	193	160108.0000	-18	-13078.0000	132	111296.0000	491	414182.0000	-359	-302886.0000
20080819	金融期貨            	FXF    	C         	8700	7315837.0000	8602	7215763.0000	98	100073.0000	4927	4162393.0000	7436	6271275.0000	-2509	-2108882.0000
20080819	櫃買期貨            	GTF    	A         	379	168049.0000	370	164093.0000	9	3955.0000	108	48383.0000	68	30488.0000	40	17895.0000
20080819	櫃買期貨            	GTF    	B         	12	5389.0000	12	5365.0000	0	24.0000	0	.0000	69	30827.0000	-69	-30827.0000
20080819	櫃買期貨            	GTF    	C         	0	.0000	0	.0000	0	.0000	0	.0000	0	.0000	0	.0000
20080819	摩臺期              	MSF    	A         	4	3339.0000	5	4175.0000	-1	-836.0000	18	15092.0000	20	16769.0000	-2	-1677.0000
20080819	摩臺期              	MSF    	B         	0	.0000	0	.0000	0	.0000	0	.0000	0	.0000	0	.0000
20080819	摩臺期              	MSF    	C         	0	.0000	0	.0000	0	.0000	0	.0000	0	.0000	0	.0000
20080819	小型臺指            	MXF    	A         	7604	2620742.0000	5506	1897540.0000	2098	723201.0000	3566	1236095.0000	6198	2142483.0000	-2632	-906388.0000
20080819	小型臺指            	MXF    	B         	50	17199.0000	0	.0000	50	17199.0000	2	694.0000	3	1041.0000	-1	-347.0000
20080819	小型臺指            	MXF    	C         	957	331230.0000	608	210394.0000	349	120837.0000	128	44416.0000	1185	411187.0000	-1057	-366771.0000
20080819	臺灣50期貨          	T5F    	A         	0	.0000	0	.0000	0	.0000	0	.0000	0	.0000	0	.0000
20080819	臺灣50期貨          	T5F    	B         	0	.0000	0	.0000	0	.0000	0	.0000	0	.0000	0	.0000
20080819	臺灣50期貨          	T5F    	C         	0	.0000	0	.0000	0	.0000	0	.0000	0	.0000	0	.0000
20080819	臺股期貨            	TXF    	A         	18002	24869153.0000	19045	26271526.0000	-1043	-1402373.0000	2280	3153526.0000	10724	14837454.0000	-8444	-11683928.0000
20080819	臺股期貨            	TXF    	B         	2485	3431609.0000	3063	4223737.0000	-578	-792128.0000	2850	3941616.0000	6553	9063639.0000	-3703	-5122023.0000
20080819	臺股期貨            	TXF    	C         	31018	42794954.0000	26623	36741740.0000	4395	6053214.0000	29128	40282100.0000	29814	41238461.0000	-686	-956361.0000
20080819	非金電期貨          	XIF    	A         	717	567519.0000	779	617728.0000	-62	-50209.0000	584	465274.0000	436	348098.0000	148	117176.0000
20080819	非金電期貨          	XIF    	B         	4	3166.0000	4	3177.0000	0	-11.0000	31	24709.0000	0	.0000	31	24709.0000
20080819	非金電期貨          	XIF    	C         	697	553056.0000	609	481977.0000	88	71079.0000	375	299381.0000	543	432687.0000	-168	-133306.0000
20080820	電子期貨            	EXF    	A         	2036	2309754.0000	2123	2411438.0000	-87	-101684.0000	3079	3519398.0000	610	699462.0000	2469	2819936.0000
20080820	電子期貨            	EXF    	B         	175	198857.0000	350	394834.0000	-175	-195977.0000	251	286579.0000	442	505179.0000	-191	-218600.0000
20080820	電子期貨            	EXF    	C         	3022	3431943.0000	2596	2943382.0000	426	488561.0000	3866	4424516.0000	7786	8900116.0000	-3920	-4475600.0000
20080820	金融期貨            	FXF    	A         	859	729205.0000	630	530458.0000	229	198747.0000	1331	1137309.0000	184	158035.0000	1147	979274.0000
20080820	金融期貨            	FXF    	B         	242	205027.0000	254	211489.0000	-12	-6462.0000	139	118539.0000	515	439192.0000	-376	-320653.0000
20080820	金融期貨            	FXF    	C         	4230	3571106.0000	4283	3616635.0000	-53	-45528.0000	4516	3857838.0000	7078	6044966.0000	-2562	-2187128.0000
20080820	櫃買期貨            	GTF    	A         	89	39843.0000	105	47020.0000	-16	-7177.0000	93	42012.0000	69	31211.0000	24	10801.0000
20080820	櫃買期貨            	GTF    	B         	3	1356.0000	3	1349.0000	0	7.0000	0	.0000	69	31036.0000	-69	-31036.0000
20080820	櫃買期貨            	GTF    	C         	0	.0000	0	.0000	0	.0000	0	.0000	0	.0000	0	.0000
20080820	摩臺期              	MSF    	A         	3	2512.0000	2	1666.0000	1	846.0000	21	17761.0000	22	18607.0000	-1	-846.0000
20080820	摩臺期              	MSF    	B         	0	.0000	0	.0000	0	.0000	0	.0000	0	.0000	0	.0000
20080820	摩臺期              	MSF    	C         	0	.0000	0	.0000	0	.0000	0	.0000	0	.0000	0	.0000
20080820	小型臺指            	MXF    	A         	6744	2343347.0000	5532	1920362.0000	1212	422985.0000	1228	430076.0000	4732	1652170.0000	-3504	-1222094.0000
20080820	小型臺指            	MXF    	B         	9	3134.0000	151	52558.0000	-142	-49424.0000	2	698.0000	145	50598.0000	-143	-49900.0000
20080820	小型臺指            	MXF    	C         	682	237202.0000	577	199899.0000	105	37303.0000	80	27896.0000	1228	431936.0000	-1148	-404040.0000
20080820	臺灣50期貨          	T5F    	A         	0	.0000	0	.0000	0	.0000	0	.0000	0	.0000	0	.0000
20080820	臺灣50期貨          	T5F    	B         	0	.0000	0	.0000	0	.0000	0	.0000	0	.0000	0	.0000
20080820	臺灣50期貨          	T5F    	C         	0	.0000	0	.0000	0	.0000	0	.0000	0	.0000	0	.0000
20080820	臺股期貨            	TXF    	A         	19431	27024448.0000	19391	26949553.0000	40	74895.0000	2105	2944676.0000	9988	13951542.0000	-7883	-11006866.0000
20080820	臺股期貨            	TXF    	B         	2763	3837974.0000	3245	4491806.0000	-482	-653832.0000	2777	3876137.0000	6962	9722965.0000	-4185	-5846828.0000
20080820	臺股期貨            	TXF    	C         	15245	21153858.0000	14025	19478012.0000	1220	1675846.0000	30668	42901362.0000	30085	42090600.0000	583	810762.0000
20080820	非金電期貨          	XIF    	A         	836	668098.0000	769	613603.0000	67	54495.0000	546	440551.0000	331	268314.0000	215	172237.0000
20080820	非金電期貨          	XIF    	B         	18	14440.0000	11	8827.0000	7	5612.0000	38	30609.0000	0	.0000	38	30609.0000
20080820	非金電期貨          	XIF    	C         	490	393741.0000	582	467810.0000	-92	-74069.0000	316	255466.0000	576	463968.0000	-260	-208502.0000
20080821	電子期貨            	EXF    	A         	427	481918.0000	790	891628.0000	-363	-409710.0000	2270	2551908.0000	393	441785.0000	1877	2110123.0000
20080821	電子期貨            	EXF    	B         	105	118743.0000	110	124045.0000	-5	-5302.0000	251	282174.0000	373	419327.0000	-122	-137153.0000
20080821	電子期貨            	EXF    	C         	759	856482.0000	402	453626.0000	357	402857.0000	2267	2548561.0000	5666	6369717.0000	-3399	-3821156.0000
20080821	金融期貨            	FXF    	A         	190	159047.0000	323	270340.0000	-133	-111293.0000	934	776660.0000	52	43175.0000	882	733485.0000
20080821	金融期貨            	FXF    	B         	6	4989.0000	100	83844.0000	-94	-78855.0000	145	120582.0000	615	511434.0000	-470	-390852.0000
20080821	金融期貨            	FXF    	C         	181	151189.0000	240	200686.0000	-59	-49496.0000	3813	3170891.0000	6159	5121824.0000	-2346	-1950933.0000
20080821	櫃買期貨            	GTF    	A         	104	46473.0000	104	46474.0000	0	.0000	32	14276.0000	13	5793.0000	19	8483.0000
20080821	櫃買期貨            	GTF    	B         	0	.0000	6	2704.0000	-6	-2704.0000	0	.0000	54	24062.0000	-54	-24062.0000
20080821	櫃買期貨            	GTF    	C         	0	.0000	0	.0000	0	.0000	0	.0000	0	.0000	0	.0000
20080821	摩臺期              	MSF    	A         	7	5851.0000	7	5853.0000	0	-2.0000	4	3336.0000	4	3336.0000	0	.0000
20080821	摩臺期              	MSF    	B         	0	.0000	0	.0000	0	.0000	0	.0000	0	.0000	0	.0000
20080821	摩臺期              	MSF    	C         	0	.0000	0	.0000	0	.0000	0	.0000	0	.0000	0	.0000
20080821	小型臺指            	MXF    	A         	3103	1069698.0000	3660	1263978.0000	-557	-194281.0000	353	120789.0000	4453	1530150.0000	-4100	-1409361.0000
20080821	小型臺指            	MXF    	B         	142	49135.0000	0	.0000	142	49135.0000	2	688.0000	3	1031.0000	-1	-343.0000
20080821	小型臺指            	MXF    	C         	1	345.0000	205	70628.0000	-204	-70283.0000	11	3767.0000	182	62563.0000	-171	-58796.0000
20080821	臺灣50期貨          	T5F    	A         	0	.0000	0	.0000	0	.0000	0	.0000	0	.0000	0	.0000
20080821	臺灣50期貨          	T5F    	B         	0	.0000	0	.0000	0	.0000	0	.0000	0	.0000	0	.0000
20080821	臺灣50期貨          	T5F    	C         	0	.0000	0	.0000	0	.0000	0	.0000	0	.0000	0	.0000
20080821	臺股期貨            	TXF    	A         	10805	14912386.0000	10895	15031554.0000	-90	-119168.0000	1541	2116020.0000	9163	12595060.0000	-7622	-10479040.0000
20080821	臺股期貨            	TXF    	B         	237	328089.0000	636	878823.0000	-399	-550733.0000	2920	4015000.0000	7020	9652248.0000	-4100	-5637248.0000
20080821	臺股期貨            	TXF    	C         	5922	8165444.0000	4765	6577901.0000	1157	1587542.0000	22151	30454096.0000	20058	27574780.0000	2093	2879316.0000
20080821	非金電期貨          	XIF    	A         	208	165580.0000	212	168840.0000	-4	-3261.0000	427	340118.0000	53	42162.0000	374	297956.0000
20080821	非金電期貨          	XIF    	B         	1	797.0000	0	.0000	1	797.0000	39	31075.0000	0	.0000	39	31075.0000
20080821	非金電期貨          	XIF    	C         	205	162975.0000	199	158530.0000	6	4446.0000	40	31872.0000	454	361747.0000	-414	-329875.0000
20080822	電子期貨            	EXF    	A         	792	885073.0000	834	932007.0000	-42	-46935.0000	2206	2464949.0000	371	414498.0000	1835	2050451.0000
20080822	電子期貨            	EXF    	B         	3	3352.0000	177	196523.0000	-174	-193172.0000	204	227950.0000	500	558700.0000	-296	-330750.0000
20080822	電子期貨            	EXF    	C         	748	835993.0000	456	508605.0000	292	327387.0000	2347	2622538.0000	5454	6094256.0000	-3107	-3471718.0000
20080822	金融期貨            	FXF    	A         	377	317749.0000	406	339906.0000	-29	-22156.0000	928	775198.0000	75	62587.0000	853	712611.0000
20080822	金融期貨            	FXF    	B         	21	17322.0000	63	52125.0000	-42	-34803.0000	145	121133.0000	657	548858.0000	-512	-427725.0000
20080822	金融期貨            	FXF    	C         	178	150988.0000	291	245446.0000	-113	-94458.0000	3771	3150293.0000	6230	5204542.0000	-2459	-2054249.0000
20080822	櫃買期貨            	GTF    	A         	79	34580.0000	78	34110.0000	1	470.0000	39	17039.0000	19	8291.0000	20	8748.0000
20080822	櫃買期貨            	GTF    	B         	0	.0000	0	.0000	0	.0000	0	.0000	54	23576.0000	-54	-23576.0000
20080822	櫃買期貨            	GTF    	C         	0	.0000	0	.0000	0	.0000	0	.0000	0	.0000	0	.0000
20080822	摩臺期              	MSF    	A         	10	8286.0000	10	8305.0000	0	-19.0000	9	7489.0000	9	7489.0000	0	.0000
20080822	摩臺期              	MSF    	B         	0	.0000	0	.0000	0	.0000	0	.0000	0	.0000	0	.0000
20080822	摩臺期              	MSF    	C         	0	.0000	0	.0000	0	.0000	0	.0000	0	.0000	0	.0000
20080822	小型臺指            	MXF    	A         	5896	2023870.0000	6130	2102001.0000	-234	-78131.0000	1083	370586.0000	4793	1643114.0000	-3710	-1272528.0000
20080822	小型臺指            	MXF    	B         	0	.0000	90	30830.0000	-90	-30830.0000	2	686.0000	93	31899.0000	-91	-31213.0000
20080822	小型臺指            	MXF    	C         	332	113960.0000	607	207031.0000	-275	-93072.0000	195	66862.0000	641	219860.0000	-446	-152998.0000
20080822	臺灣50期貨          	T5F    	A         	0	.0000	0	.0000	0	.0000	0	.0000	0	.0000	0	.0000
20080822	臺灣50期貨          	T5F    	B         	0	.0000	0	.0000	0	.0000	0	.0000	0	.0000	0	.0000
20080822	臺灣50期貨          	T5F    	C         	0	.0000	0	.0000	0	.0000	0	.0000	0	.0000	0	.0000
20080822	臺股期貨            	TXF    	A         	16413	22508526.0000	16478	22596150.0000	-65	-87624.0000	1387	1898938.0000	9230	12657826.0000	-7843	-10758888.0000
20080822	臺股期貨            	TXF    	B         	347	476440.0000	2248	3076463.0000	-1901	-2600023.0000	3039	4169508.0000	9040	12402556.0000	-6001	-8233048.0000
20080822	臺股期貨            	TXF    	C         	4893	6721108.0000	5004	6876371.0000	-111	-155262.0000	22641	31058797.0000	20659	28337780.0000	1982	2721017.0000
20080822	非金電期貨          	XIF    	A         	242	192273.0000	269	213479.0000	-27	-21206.0000	399	317622.0000	52	41406.0000	347	276216.0000
20080822	非金電期貨          	XIF    	B         	0	.0000	0	.0000	0	.0000	39	31044.0000	0	.0000	39	31044.0000
20080822	非金電期貨          	XIF    	C         	18	14400.0000	0	.0000	18	14400.0000	40	31840.0000	436	347056.0000	-396	-315216.0000
20080825	電子期貨            	EXF    	A         	442	502552.0000	339	384843.0000	103	117709.0000	2292	2600950.0000	354	401675.0000	1938	2199275.0000
20080825	電子期貨            	EXF    	B         	32	36190.0000	0	.0000	32	36190.0000	206	233769.0000	470	533356.0000	-264	-299587.0000
20080825	電子期貨            	EXF    	C         	418	475083.0000	201	228139.0000	217	246944.0000	2414	2739407.0000	5304	6018979.0000	-2890	-3279572.0000
20080825	金融期貨            	FXF    	A         	280	238283.0000	182	155023.0000	98	83261.0000	1013	865648.0000	62	52917.0000	951	812731.0000
20080825	金融期貨            	FXF    	B         	0	.0000	0	.0000	0	.0000	145	123917.0000	657	561472.0000	-512	-437555.0000
20080825	金融期貨            	FXF    	C         	149	127098.0000	46	39042.0000	103	88056.0000	3865	3303025.0000	6221	5316467.0000	-2356	-2013442.0000
20080825	櫃買期貨            	GTF    	A         	344	150769.0000	340	149011.0000	4	1758.0000	42	18423.0000	18	7889.0000	24	10534.0000
20080825	櫃買期貨            	GTF    	B         	0	.0000	0	.0000	0	.0000	0	.0000	54	23663.0000	-54	-23663.0000
20080825	櫃買期貨            	GTF    	C         	0	.0000	0	.0000	0	.0000	0	.0000	0	.0000	0	.0000
20080825	摩臺期              	MSF    	A         	13	10994.0000	12	10143.0000	1	851.0000	16	13584.0000	15	12735.0000	1	849.0000
20080825	摩臺期              	MSF    	B         	0	.0000	0	.0000	0	.0000	0	.0000	0	.0000	0	.0000
20080825	摩臺期              	MSF    	C         	0	.0000	0	.0000	0	.0000	0	.0000	0	.0000	0	.0000
20080825	小型臺指            	MXF    	A         	3365	1173343.0000	2622	914557.0000	743	258786.0000	1567	546774.0000	4534	1583617.0000	-2967	-1036843.0000
20080825	小型臺指            	MXF    	B         	90	31128.0000	0	.0000	90	31128.0000	2	699.0000	3	1048.0000	-1	-349.0000
20080825	小型臺指            	MXF    	C         	585	204112.0000	36	12600.0000	549	191511.0000	524	183086.0000	421	147118.0000	103	35968.0000
20080825	臺灣50期貨          	T5F    	A         	0	.0000	0	.0000	0	.0000	0	.0000	0	.0000	0	.0000
20080825	臺灣50期貨          	T5F    	B         	0	.0000	0	.0000	0	.0000	0	.0000	0	.0000	0	.0000
20080825	臺灣50期貨          	T5F    	C         	0	.0000	0	.0000	0	.0000	0	.0000	0	.0000	0	.0000
20080825	臺股期貨            	TXF    	A         	10003	13954131.0000	8911	12427608.0000	1092	1526524.0000	1810	2526898.0000	8561	11961650.0000	-6751	-9434752.0000
20080825	臺股期貨            	TXF    	B         	737	1031447.0000	530	738278.0000	207	293169.0000	2834	3961365.0000	8628	12059959.0000	-5794	-8098594.0000
20080825	臺股期貨            	TXF    	C         	3828	5343893.0000	3809	5320921.0000	19	22972.0000	22839	31920163.0000	20838	29122218.0000	2001	2797945.0000
20080825	非金電期貨          	XIF    	A         	239	193540.0000	235	189955.0000	4	3585.0000	400	326329.0000	49	39940.0000	351	286389.0000
20080825	非金電期貨          	XIF    	B         	0	.0000	0	.0000	0	.0000	39	31824.0000	0	.0000	39	31824.0000
20080825	非金電期貨          	XIF    	C         	77	62325.0000	77	62516.0000	0	-191.0000	40	32640.0000	436	355776.0000	-396	-323136.0000
20080826	電子期貨            	EXF    	A         	469	529739.0000	828	935577.0000	-359	-405838.0000	2066	2350236.0000	487	553966.0000	1579	1796270.0000
20080826	電子期貨            	EXF    	B         	2	2258.0000	1	1130.0000	1	1127.0000	206	234346.0000	469	533534.0000	-263	-299188.0000
20080826	電子期貨            	EXF    	C         	206	233229.0000	115	129993.0000	91	103236.0000	2388	2716583.0000	5187	5900675.0000	-2799	-3184092.0000
20080826	金融期貨            	FXF    	A         	138	116464.0000	307	259076.0000	-169	-142612.0000	851	717160.0000	69	58085.0000	782	659075.0000
20080826	金融期貨            	FXF    	B         	0	.0000	0	.0000	0	.0000	145	122206.0000	657	553720.0000	-512	-431514.0000
20080826	金融期貨            	FXF    	C         	277	233770.0000	223	188238.0000	54	45532.0000	4027	3393953.0000	6329	5334081.0000	-2302	-1940128.0000
20080826	櫃買期貨            	GTF    	A         	184	79425.0000	189	81601.0000	-5	-2176.0000	39	16985.0000	20	8700.0000	19	8285.0000
20080826	櫃買期貨            	GTF    	B         	0	.0000	0	.0000	0	.0000	0	.0000	54	23501.0000	-54	-23501.0000
20080826	櫃買期貨            	GTF    	C         	0	.0000	0	.0000	0	.0000	0	.0000	0	.0000	0	.0000
20080826	摩臺期              	MSF    	A         	3	2528.0000	4	3370.0000	-1	-841.0000	13	10972.0000	13	10972.0000	0	.0000
20080826	摩臺期              	MSF    	B         	0	.0000	0	.0000	0	.0000	0	.0000	0	.0000	0	.0000
20080826	摩臺期              	MSF    	C         	0	.0000	0	.0000	0	.0000	0	.0000	0	.0000	0	.0000
20080826	小型臺指            	MXF    	A         	1900	658082.0000	2252	779554.0000	-352	-121471.0000	1344	465901.0000	4663	1618192.0000	-3319	-1152291.0000
20080826	小型臺指            	MXF    	B         	0	.0000	0	.0000	0	.0000	2	694.0000	3	1042.0000	-1	-348.0000
20080826	小型臺指            	MXF    	C         	199	69065.0000	47	16248.0000	152	52817.0000	504	174961.0000	249	86453.0000	255	88508.0000
20080826	臺灣50期貨          	T5F    	A         	0	.0000	0	.0000	0	.0000	0	.0000	0	.0000	0	.0000
20080826	臺灣50期貨          	T5F    	B         	0	.0000	0	.0000	0	.0000	0	.0000	0	.0000	0	.0000
20080826	臺灣50期貨          	T5F    	C         	0	.0000	0	.0000	0	.0000	0	.0000	0	.0000	0	.0000
20080826	臺股期貨            	TXF    	A         	7846	10868201.0000	8224	11389875.0000	-378	-521674.0000	1214	1683441.0000	8343	11581666.0000	-7129	-9898225.0000
20080826	臺股期貨            	TXF    	B         	420	581744.0000	618	856189.0000	-198	-274446.0000	2797	3884474.0000	8789	12206001.0000	-5992	-8321527.0000
20080826	臺股期貨            	TXF    	C         	2599	3602871.0000	2132	2954489.0000	467	648382.0000	23296	32348816.0000	20828	28921965.0000	2468	3426851.0000
20080826	非金電期貨          	XIF    	A         	115	92131.0000	112	89753.0000	3	2378.0000	412	329487.0000	58	46365.0000	354	283122.0000
20080826	非金電期貨          	XIF    	B         	1	800.0000	1	803.0000	0	-3.0000	39	31192.0000	0	.0000	39	31192.0000
20080826	非金電期貨          	XIF    	C         	21	16856.0000	15	12010.0000	6	4847.0000	41	32791.0000	431	344714.0000	-390	-311923.0000
20080827	電子期貨            	EXF    	A         	452	521964.0000	419	484552.0000	33	37412.0000	2149	2501793.0000	537	625110.0000	1612	1876683.0000
20080827	電子期貨            	EXF    	B         	50	58209.0000	0	.0000	50	58209.0000	206	239825.0000	419	487800.0000	-213	-247975.0000
20080827	電子期貨            	EXF    	C         	442	512762.0000	604	702314.0000	-162	-189552.0000	2291	2667175.0000	5252	6114302.0000	-2961	-3447127.0000
20080827	金融期貨            	FXF    	A         	305	262429.0000	309	264550.0000	-4	-2121.0000	911	786418.0000	133	114790.0000	778	671628.0000
20080827	金融期貨            	FXF    	B         	0	.0000	0	.0000	0	.0000	145	125193.0000	657	567254.0000	-512	-442061.0000
20080827	金融期貨            	FXF    	C         	523	449842.0000	83	71543.0000	440	378299.0000	4260	3678081.0000	6122	5285735.0000	-1862	-1607654.0000
20080827	櫃買期貨            	GTF    	A         	606	269297.0000	615	273245.0000	-9	-3948.0000	30	13415.0000	20	8928.0000	10	4487.0000
20080827	櫃買期貨            	GTF    	B         	0	.0000	0	.0000	0	.0000	0	.0000	54	24127.0000	-54	-24127.0000
20080827	櫃買期貨            	GTF    	C         	0	.0000	0	.0000	0	.0000	0	.0000	0	.0000	0	.0000
20080827	摩臺期              	MSF    	A         	3	2581.0000	4	3432.0000	-1	-851.0000	15	12916.0000	16	13777.0000	-1	-861.0000
20080827	摩臺期              	MSF    	B         	0	.0000	0	.0000	0	.0000	0	.0000	0	.0000	0	.0000
20080827	摩臺期              	MSF    	C         	0	.0000	0	.0000	0	.0000	0	.0000	0	.0000	0	.0000
20080827	小型臺指            	MXF    	A         	4476	1575473.0000	4116	1449331.0000	360	126142.0000	963	340175.0000	3194	1129944.0000	-2231	-789769.0000
20080827	小型臺指            	MXF    	B         	0	.0000	0	.0000	0	.0000	2	708.0000	3	1062.0000	-1	-354.0000
20080827	小型臺指            	MXF    	C         	461	162328.0000	159	55165.0000	302	107163.0000	557	197152.0000	0	.0000	557	197152.0000
20080827	臺灣50期貨          	T5F    	A         	0	.0000	0	.0000	0	.0000	0	.0000	0	.0000	0	.0000
20080827	臺灣50期貨          	T5F    	B         	0	.0000	0	.0000	0	.0000	0	.0000	0	.0000	0	.0000
20080827	臺灣50期貨          	T5F    	C         	0	.0000	0	.0000	0	.0000	0	.0000	0	.0000	0	.0000
20080827	臺股期貨            	TXF    	A         	13500	19020182.0000	11616	16377870.0000	1884	2642312.0000	1386	1959995.0000	6813	9642400.0000	-5427	-7682405.0000
20080827	臺股期貨            	TXF    	B         	701	987299.0000	471	661715.0000	230	325583.0000	2821	3994536.0000	8583	12153420.0000	-5762	-8158884.0000
20080827	臺股期貨            	TXF    	C         	3943	5562754.0000	5641	7963344.0000	-1698	-2400590.0000	21995	31140143.0000	21225	30050197.0000	770	1089946.0000
20080827	非金電期貨          	XIF    	A         	198	159333.0000	274	220455.0000	-76	-61122.0000	343	276466.0000	65	52347.0000	278	224119.0000
20080827	非金電期貨          	XIF    	B         	0	.0000	0	.0000	0	.0000	39	31446.0000	0	.0000	39	31446.0000
20080827	非金電期貨          	XIF    	C         	149	119946.0000	14	11156.0000	135	108791.0000	41	33056.0000	296	238665.0000	-255	-205609.0000
20080828	電子期貨            	EXF    	A         	360	417352.0000	501	580313.0000	-141	-162961.0000	2072	2392736.0000	601	693969.0000	1471	1698767.0000
20080828	電子期貨            	EXF    	B         	102	118154.0000	0	.0000	102	118154.0000	218	251746.0000	329	379929.0000	-111	-128183.0000
20080828	電子期貨            	EXF    	C         	378	438169.0000	454	526481.0000	-76	-88312.0000	2313	2671052.0000	5350	6178172.0000	-3037	-3507120.0000
20080828	金融期貨            	FXF    	A         	220	191100.0000	300	260003.0000	-80	-68903.0000	923	796381.0000	225	194133.0000	698	602248.0000
20080828	金融期貨            	FXF    	B         	250	217053.0000	0	.0000	250	217053.0000	145	125135.0000	407	351241.0000	-262	-226106.0000
20080828	金融期貨            	FXF    	C         	40	34855.0000	61	52854.0000	-21	-18000.0000	4284	3697087.0000	6167	5322121.0000	-1883	-1625034.0000
20080828	櫃買期貨            	GTF    	A         	385	172357.0000	386	172798.0000	-1	-441.0000	29	12940.0000	20	8916.0000	9	4024.0000
20080828	櫃買期貨            	GTF    	B         	0	.0000	0	.0000	0	.0000	0	.0000	54	24062.0000	-54	-24062.0000
20080828	櫃買期貨            	GTF    	C         	0	.0000	0	.0000	0	.0000	0	.0000	0	.0000	0	.0000
20080828	摩臺期              	MSF    	A         	5	4290.0000	5	4293.0000	0	-3.0000	17	14558.0000	18	15414.0000	-1	-856.0000
20080828	摩臺期              	MSF    	B         	0	.0000	0	.0000	0	.0000	0	.0000	0	.0000	0	.0000
20080828	摩臺期              	MSF    	C         	0	.0000	0	.0000	0	.0000	0	.0000	0	.0000	0	.0000
20080828	小型臺指            	MXF    	A         	2210	781304.0000	3805	1345167.0000	-1595	-563863.0000	514	180104.0000	4184	1472216.0000	-3670	-1292112.0000
20080828	小型臺指            	MXF    	B         	0	.0000	0	.0000	0	.0000	2	704.0000	3	1056.0000	-1	-352.0000
20080828	小型臺指            	MXF    	C         	92	32622.0000	38	13398.0000	54	19224.0000	611	215106.0000	0	.0000	611	215106.0000
20080828	臺灣50期貨          	T5F    	A         	0	.0000	0	.0000	0	.0000	0	.0000	0	.0000	0	.0000
20080828	臺灣50期貨          	T5F    	B         	0	.0000	0	.0000	0	.0000	0	.0000	0	.0000	0	.0000
20080828	臺灣50期貨          	T5F    	C         	0	.0000	0	.0000	0	.0000	0	.0000	0	.0000	0	.0000
20080828	臺股期貨            	TXF    	A         	8505	12029766.0000	8890	12572141.0000	-385	-542374.0000	1191	1673898.0000	7042	9911317.0000	-5851	-8237419.0000
20080828	臺股期貨            	TXF    	B         	188	265635.0000	252	355915.0000	-64	-90280.0000	2816	3966054.0000	8642	12171237.0000	-5826	-8205183.0000
20080828	臺股期貨            	TXF    	C         	2768	3911930.0000	4387	6199424.0000	-1619	-2287495.0000	21412	30150288.0000	22261	31345908.0000	-849	-1195620.0000
20080828	非金電期貨          	XIF    	A         	95	76823.0000	153	123804.0000	-58	-46980.0000	298	240097.0000	78	62834.0000	220	177263.0000
20080828	非金電期貨          	XIF    	B         	1	805.0000	0	.0000	1	805.0000	40	32232.0000	0	.0000	40	32232.0000
20080828	非金電期貨          	XIF    	C         	14	11358.0000	26	21066.0000	-12	-9707.0000	40	32231.0000	307	247381.0000	-267	-215150.0000
20080829	電子期貨            	EXF    	A         	493	569096.0000	735	847301.0000	-242	-278206.0000	2062	2370007.0000	833	957391.0000	1229	1412616.0000
20080829	電子期貨            	EXF    	B         	33	38274.0000	30	34477.0000	3	3797.0000	221	254017.0000	329	378153.0000	-108	-124136.0000
20080829	電子期貨            	EXF    	C         	877	1010878.0000	549	631045.0000	328	379833.0000	2204	2533272.0000	4913	5646929.0000	-2709	-3113657.0000
20080829	金融期貨            	FXF    	A         	710	624675.0000	521	457856.0000	189	166819.0000	1169	1022538.0000	282	246628.0000	887	775910.0000
20080829	金融期貨            	FXF    	B         	50	44298.0000	0	.0000	50	44298.0000	145	126875.0000	357	312375.0000	-212	-185500.0000
20080829	金融期貨            	FXF    	C         	240	210636.0000	558	491325.0000	-318	-280689.0000	4073	3563867.0000	6274	5489750.0000	-2201	-1925883.0000
20080829	櫃買期貨            	GTF    	A         	143	63686.0000	142	63237.0000	1	449.0000	30	13432.0000	20	8940.0000	10	4492.0000
20080829	櫃買期貨            	GTF    	B         	0	.0000	0	.0000	0	.0000	0	.0000	54	24149.0000	-54	-24149.0000
20080829	櫃買期貨            	GTF    	C         	0	.0000	0	.0000	0	.0000	0	.0000	0	.0000	0	.0000
20080829	摩臺期              	MSF    	A         	4	3409.0000	3	2552.0000	1	858.0000	18	15385.0000	18	15385.0000	0	.0000
20080829	摩臺期              	MSF    	B         	0	.0000	0	.0000	0	.0000	0	.0000	0	.0000	0	.0000
20080829	摩臺期              	MSF    	C         	0	.0000	0	.0000	0	.0000	0	.0000	0	.0000	0	.0000
20080829	小型臺指            	MXF    	A         	2896	1023483.0000	2838	1001404.0000	58	22080.0000	547	191730.0000	4091	1441252.0000	-3544	-1249522.0000
20080829	小型臺指            	MXF    	B         	0	.0000	0	.0000	0	.0000	2	705.0000	3	1058.0000	-1	-353.0000
20080829	小型臺指            	MXF    	C         	96	34006.0000	661	232919.0000	-565	-198912.0000	370	130387.0000	324	114259.0000	46	16128.0000
20080829	臺灣50期貨          	T5F    	A         	0	.0000	0	.0000	0	.0000	0	.0000	0	.0000	0	.0000
20080829	臺灣50期貨          	T5F    	B         	0	.0000	0	.0000	0	.0000	0	.0000	0	.0000	0	.0000
20080829	臺灣50期貨          	T5F    	C         	0	.0000	0	.0000	0	.0000	0	.0000	0	.0000	0	.0000
20080829	臺股期貨            	TXF    	A         	9514	13453483.0000	8592	12151011.0000	922	1302472.0000	1774	2497563.0000	6720	9470209.0000	-4946	-6972646.0000
20080829	臺股期貨            	TXF    	B         	546	773056.0000	1162	1641607.0000	-616	-868551.0000	2563	3615368.0000	9005	12702233.0000	-6442	-9086865.0000
20080829	臺股期貨            	TXF    	C         	3645	5148027.0000	3456	4882023.0000	189	266003.0000	21201	29897372.0000	21861	30827666.0000	-660	-930294.0000
20080829	非金電期貨          	XIF    	A         	675	543440.0000	690	555565.0000	-15	-12125.0000	272	220304.0000	67	54206.0000	205	166098.0000
20080829	非金電期貨          	XIF    	B         	2	1622.0000	0	.0000	2	1622.0000	42	34041.0000	0	.0000	42	34041.0000
20080829	非金電期貨          	XIF    	C         	0	.0000	19	15363.0000	-19	-15363.0000	40	32416.0000	326	264223.0000	-286	-231807.0000
