20080901	電子期貨            	EXF    	A         	1138	1249026.0000	621	686965.0000	517	562061.0000	2251	2441395.0000	505	547658.0000	1746	1893737.0000
20080901	電子期貨            	EXF    	B         	10	10846.0000	230	254535.0000	-220	-243689.0000	231	250543.0000	559	606291.0000	-328	-355748.0000
20080901	電子期貨            	EXF    	C         	1184	1294825.0000	1612	1767134.0000	-428	-472309.0000	2125	2304771.0000	5262	5707093.0000	-3137	-3402322.0000
20080901	金融期貨            	FXF    	A         	756	642294.0000	740	630051.0000	16	12244.0000	1181	998208.0000	278	234957.0000	903	763251.0000
20080901	金融期貨            	FXF    	B         	0	.0000	150	126685.0000	-150	-126685.0000	145	122583.0000	507	428618.0000	-362	-306035.0000
20080901	金融期貨            	FXF    	C         	493	418849.0000	472	400860.0000	21	17989.0000	4286	3623374.0000	6466	5466356.0000	-2180	-1842982.0000
20080901	櫃買期貨            	GTF    	A         	1133	491734.0000	1119	485598.0000	14	6135.0000	44	18947.0000	20	8608.0000	24	10339.0000
20080901	櫃買期貨            	GTF    	B         	0	.0000	0	.0000	0	.0000	0	.0000	54	23220.0000	-54	-23220.0000
20080901	櫃買期貨            	GTF    	C         	0	.0000	0	.0000	0	.0000	0	.0000	0	.0000	0	.0000
20080901	摩臺期              	MSF    	A         	8	6635.0000	9	7462.0000	-1	-826.0000	24	19718.0000	25	20539.0000	-1	-821.0000
20080901	摩臺期              	MSF    	B         	0	.0000	0	.0000	0	.0000	0	.0000	0	.0000	0	.0000
20080901	摩臺期              	MSF    	C         	0	.0000	0	.0000	0	.0000	0	.0000	0	.0000	0	.0000
20080901	小型臺指            	MXF    	A         	3118	1061729.0000	4262	1460263.0000	-1144	-398534.0000	1214	409277.0000	5230	1765920.0000	-4016	-1356643.0000
20080901	小型臺指            	MXF    	B         	0	.0000	0	.0000	0	.0000	2	676.0000	3	1014.0000	-1	-338.0000
20080901	小型臺指            	MXF    	C         	304	102804.0000	873	300016.0000	-569	-197212.0000	435	146958.0000	958	323756.0000	-523	-176798.0000
20080901	臺灣50期貨          	T5F    	A         	0	.0000	0	.0000	0	.0000	0	.0000	0	.0000	0	.0000
20080901	臺灣50期貨          	T5F    	B         	0	.0000	0	.0000	0	.0000	0	.0000	0	.0000	0	.0000
20080901	臺灣50期貨          	T5F    	C         	0	.0000	0	.0000	0	.0000	0	.0000	0	.0000	0	.0000
20080901	臺股期貨            	TXF    	A         	13107	17891013.0000	15461	21160208.0000	-2354	-3269195.0000	1540	2077969.0000	9008	12169494.0000	-7468	-10091525.0000
20080901	臺股期貨            	TXF    	B         	392	534778.0000	679	925225.0000	-287	-390447.0000	2647	3578215.0000	9376	12674321.0000	-6729	-9096106.0000
20080901	臺股期貨            	TXF    	C         	7369	10028370.0000	7796	10655087.0000	-427	-626717.0000	22389	30258307.0000	23476	31726493.0000	-1087	-1468186.0000
20080901	非金電期貨          	XIF    	A         	239	190976.0000	259	206757.0000	-20	-15781.0000	270	214536.0000	85	67525.0000	185	147011.0000
20080901	非金電期貨          	XIF    	B         	0	.0000	0	.0000	0	.0000	42	33390.0000	0	.0000	42	33390.0000
20080901	非金電期貨          	XIF    	C         	122	97594.0000	82	65565.0000	40	32029.0000	10	7948.0000	256	203520.0000	-246	-195572.0000
20080902	電子期貨            	EXF    	A         	551	596100.0000	827	892520.0000	-276	-296420.0000	1975	2118747.0000	505	541699.0000	1470	1577048.0000
20080902	電子期貨            	EXF    	B         	84	90414.0000	40	43391.0000	44	47023.0000	231	247817.0000	515	552492.0000	-284	-304675.0000
20080902	電子期貨            	EXF    	C         	556	602471.0000	519	561865.0000	37	40606.0000	2342	2512494.0000	5442	5838113.0000	-3100	-3325619.0000
20080902	金融期貨            	FXF    	A         	449	380190.0000	574	485513.0000	-125	-105323.0000	1082	908159.0000	304	255113.0000	778	653046.0000
20080902	金融期貨            	FXF    	B         	0	.0000	0	.0000	0	.0000	145	121742.0000	507	425677.0000	-362	-303935.0000
20080902	金融期貨            	FXF    	C         	239	202178.0000	199	168123.0000	40	34055.0000	4434	3722775.0000	6574	5519530.0000	-2140	-1796755.0000
20080902	櫃買期貨            	GTF    	A         	238	101128.0000	239	101543.0000	-1	-415.0000	41	17339.0000	18	7605.0000	23	9734.0000
20080902	櫃買期貨            	GTF    	B         	0	.0000	0	.0000	0	.0000	0	.0000	54	22820.0000	-54	-22820.0000
20080902	櫃買期貨            	GTF    	C         	0	.0000	0	.0000	0	.0000	0	.0000	0	.0000	0	.0000
20080902	摩臺期              	MSF    	A         	9	7384.0000	9	7393.0000	0	-8.0000	24	19691.0000	25	20511.0000	-1	-820.0000
20080902	摩臺期              	MSF    	B         	0	.0000	0	.0000	0	.0000	0	.0000	0	.0000	0	.0000
20080902	摩臺期              	MSF    	C         	0	.0000	0	.0000	0	.0000	0	.0000	0	.0000	0	.0000
20080902	小型臺指            	MXF    	A         	3860	1296861.0000	4178	1403407.0000	-318	-106546.0000	1506	502810.0000	5872	1963718.0000	-4366	-1460908.0000
20080902	小型臺指            	MXF    	B         	0	.0000	0	.0000	0	.0000	2	670.0000	3	1004.0000	-1	-334.0000
20080902	小型臺指            	MXF    	C         	496	167757.0000	80	26824.0000	416	140933.0000	453	151568.0000	560	187460.0000	-107	-35892.0000
20080902	臺灣50期貨          	T5F    	A         	0	.0000	0	.0000	0	.0000	0	.0000	0	.0000	0	.0000
20080902	臺灣50期貨          	T5F    	B         	0	.0000	0	.0000	0	.0000	0	.0000	0	.0000	0	.0000
20080902	臺灣50期貨          	T5F    	C         	0	.0000	0	.0000	0	.0000	0	.0000	0	.0000	0	.0000
20080902	臺股期貨            	TXF    	A         	13225	17786381.0000	14026	18848486.0000	-801	-1062105.0000	1505	2010095.0000	9766	13065447.0000	-8261	-11055352.0000
20080902	臺股期貨            	TXF    	B         	288	387749.0000	2678	3610249.0000	-2390	-3222500.0000	2657	3557723.0000	11741	15720971.0000	-9084	-12163248.0000
20080902	臺股期貨            	TXF    	C         	9084	12216117.0000	5240	7039478.0000	3844	5176640.0000	25181	33706322.0000	22454	30054310.0000	2727	3652012.0000
20080902	非金電期貨          	XIF    	A         	754	592463.0000	783	614986.0000	-29	-22523.0000	261	205301.0000	105	82558.0000	156	122743.0000
20080902	非金電期貨          	XIF    	B         	0	.0000	0	.0000	0	.0000	42	33071.0000	0	.0000	42	33071.0000
20080902	非金電期貨          	XIF    	C         	195	153728.0000	150	118476.0000	45	35252.0000	47	37004.0000	248	195275.0000	-201	-158271.0000
20080903	電子期貨            	EXF    	A         	752	803812.0000	986	1052028.0000	-234	-248216.0000	2031	2158116.0000	795	844702.0000	1236	1313414.0000
20080903	電子期貨            	EXF    	B         	0	.0000	0	.0000	0	.0000	231	245461.0000	515	547239.0000	-284	-301778.0000
20080903	電子期貨            	EXF    	C         	928	988291.0000	967	1030794.0000	-39	-42503.0000	2601	2763820.0000	5740	6099275.0000	-3139	-3335455.0000
20080903	金融期貨            	FXF    	A         	819	680098.0000	519	432397.0000	300	247701.0000	1205	989943.0000	127	104243.0000	1078	885700.0000
20080903	金融期貨            	FXF    	B         	0	.0000	0	.0000	0	.0000	145	119161.0000	507	416653.0000	-362	-297492.0000
20080903	金融期貨            	FXF    	C         	196	162534.0000	400	330255.0000	-204	-167721.0000	4388	3606011.0000	6732	5532358.0000	-2344	-1926347.0000
20080903	櫃買期貨            	GTF    	A         	335	136191.0000	335	136219.0000	0	-29.0000	46	18610.0000	23	9300.0000	23	9310.0000
20080903	櫃買期貨            	GTF    	B         	0	.0000	5	2024.0000	-5	-2024.0000	0	.0000	59	23848.0000	-59	-23848.0000
20080903	櫃買期貨            	GTF    	C         	0	.0000	0	.0000	0	.0000	0	.0000	0	.0000	0	.0000
20080903	摩臺期              	MSF    	A         	5	4061.0000	5	4059.0000	0	2.0000	27	21772.0000	28	22579.0000	-1	-807.0000
20080903	摩臺期              	MSF    	B         	0	.0000	0	.0000	0	.0000	0	.0000	0	.0000	0	.0000
20080903	摩臺期              	MSF    	C         	0	.0000	0	.0000	0	.0000	0	.0000	0	.0000	0	.0000
20080903	小型臺指            	MXF    	A         	4660	1544449.0000	5523	1831442.0000	-863	-286994.0000	724	237460.0000	6549	2154936.0000	-5825	-1917476.0000
20080903	小型臺指            	MXF    	B         	0	.0000	0	.0000	0	.0000	2	659.0000	3	988.0000	-1	-329.0000
20080903	小型臺指            	MXF    	C         	161	53542.0000	587	194467.0000	-426	-140925.0000	449	147813.0000	982	323373.0000	-533	-175560.0000
20080903	臺灣50期貨          	T5F    	A         	0	.0000	0	.0000	0	.0000	0	.0000	0	.0000	0	.0000
20080903	臺灣50期貨          	T5F    	B         	0	.0000	0	.0000	0	.0000	0	.0000	0	.0000	0	.0000
20080903	臺灣50期貨          	T5F    	C         	0	.0000	0	.0000	0	.0000	0	.0000	0	.0000	0	.0000
20080903	臺股期貨            	TXF    	A         	15502	20561469.0000	16182	21461927.0000	-680	-900458.0000	1077	1415129.0000	9869	12990294.0000	-8792	-11575165.0000
20080903	臺股期貨            	TXF    	B         	468	617164.0000	794	1053076.0000	-326	-435912.0000	2493	3283780.0000	11903	15678382.0000	-9410	-12394602.0000
20080903	臺股期貨            	TXF    	C         	7300	9676981.0000	7170	9505150.0000	130	171831.0000	25732	33884757.0000	22875	30122081.0000	2857	3762676.0000
20080903	非金電期貨          	XIF    	A         	612	472249.0000	605	466174.0000	7	6076.0000	258	197751.0000	95	72764.0000	163	124987.0000
20080903	非金電期貨          	XIF    	B         	1	767.0000	0	.0000	1	767.0000	43	32994.0000	0	.0000	43	32994.0000
20080903	非金電期貨          	XIF    	C         	122	94125.0000	87	67238.0000	35	26887.0000	47	36059.0000	213	163435.0000	-166	-127376.0000
20080904	電子期貨            	EXF    	A         	1387	1453059.0000	893	939203.0000	494	513856.0000	2213	2286439.0000	483	498933.0000	1730	1787506.0000
20080904	電子期貨            	EXF    	B         	194	205917.0000	100	105284.0000	94	100633.0000	231	238669.0000	421	434977.0000	-190	-196308.0000
20080904	電子期貨            	EXF    	C         	619	650848.0000	1473	1548571.0000	-854	-897723.0000	2454	2535468.0000	6447	6660839.0000	-3993	-4125371.0000
20080904	金融期貨            	FXF    	A         	644	519681.0000	746	607726.0000	-102	-88045.0000	1198	946396.0000	222	175278.0000	976	771118.0000
20080904	金融期貨            	FXF    	B         	129	106414.0000	100	78533.0000	29	27881.0000	145	114579.0000	478	377716.0000	-333	-263137.0000
20080904	金融期貨            	FXF    	C         	361	292230.0000	261	211955.0000	100	80275.0000	4497	3553459.0000	6741	5326738.0000	-2244	-1773279.0000
20080904	櫃買期貨            	GTF    	A         	291	113672.0000	285	111392.0000	6	2280.0000	60	23347.0000	31	12064.0000	29	11283.0000
20080904	櫃買期貨            	GTF    	B         	0	.0000	0	.0000	0	.0000	0	.0000	59	22939.0000	-59	-22939.0000
20080904	櫃買期貨            	GTF    	C         	0	.0000	0	.0000	0	.0000	0	.0000	0	.0000	0	.0000
20080904	摩臺期              	MSF    	A         	5	4021.0000	6	4796.0000	-1	-776.0000	26	20379.0000	28	21947.0000	-2	-1568.0000
20080904	摩臺期              	MSF    	B         	0	.0000	0	.0000	0	.0000	0	.0000	0	.0000	0	.0000
20080904	摩臺期              	MSF    	C         	0	.0000	0	.0000	0	.0000	0	.0000	0	.0000	0	.0000
20080904	小型臺指            	MXF    	A         	5599	1803881.0000	5226	1695244.0000	373	108637.0000	862	274831.0000	6490	2074529.0000	-5628	-1799698.0000
20080904	小型臺指            	MXF    	B         	0	.0000	1	328.0000	-1	-328.0000	1	320.0000	3	960.0000	-2	-640.0000
20080904	小型臺指            	MXF    	C         	326	106677.0000	377	121432.0000	-51	-14754.0000	457	146159.0000	1041	333016.0000	-584	-186857.0000
20080904	臺灣50期貨          	T5F    	A         	0	.0000	0	.0000	0	.0000	0	.0000	0	.0000	0	.0000
20080904	臺灣50期貨          	T5F    	B         	0	.0000	0	.0000	0	.0000	0	.0000	0	.0000	0	.0000
20080904	臺灣50期貨          	T5F    	C         	0	.0000	0	.0000	0	.0000	0	.0000	0	.0000	0	.0000
20080904	臺股期貨            	TXF    	A         	19534	25300943.0000	18076	23435339.0000	1458	1865604.0000	1719	2196336.0000	9009	11519277.0000	-7290	-9322941.0000
20080904	臺股期貨            	TXF    	B         	177	230036.0000	551	715362.0000	-374	-485326.0000	2483	3177247.0000	12277	15709429.0000	-9794	-12532182.0000
20080904	臺股期貨            	TXF    	C         	9110	11751840.0000	10821	14045217.0000	-1711	-2293377.0000	23921	30600604.0000	22777	29137330.0000	1144	1463274.0000
20080904	非金電期貨          	XIF    	A         	609	457828.0000	566	425238.0000	43	32590.0000	302	224842.0000	96	71366.0000	206	153476.0000
20080904	非金電期貨          	XIF    	B         	0	.0000	0	.0000	0	.0000	43	32057.0000	0	.0000	43	32057.0000
20080904	非金電期貨          	XIF    	C         	90	68473.0000	156	117212.0000	-66	-48739.0000	34	25343.0000	266	198303.0000	-232	-172960.0000
20080905	電子期貨            	EXF    	A         	950	964217.0000	560	569621.0000	390	394596.0000	2334	2374126.0000	214	217616.0000	2120	2156510.0000
20080905	電子期貨            	EXF    	B         	50	51175.0000	10	10030.0000	40	41146.0000	231	234973.0000	381	387553.0000	-150	-152580.0000
20080905	電子期貨            	EXF    	C         	1045	1060721.0000	960	972818.0000	85	87903.0000	2633	2678272.0000	6541	6653435.0000	-3908	-3975163.0000
20080905	金融期貨            	FXF    	A         	331	255496.0000	305	235668.0000	26	19828.0000	1259	970715.0000	257	198076.0000	1002	772639.0000
20080905	金融期貨            	FXF    	B         	0	.0000	64	49140.0000	-64	-49140.0000	145	111824.0000	542	417986.0000	-397	-306162.0000
20080905	金融期貨            	FXF    	C         	241	185772.0000	278	214338.0000	-37	-28566.0000	4490	3462575.0000	6771	5221795.0000	-2281	-1759220.0000
20080905	櫃買期貨            	GTF    	A         	247	93370.0000	251	94900.0000	-4	-1530.0000	63	24057.0000	38	14506.0000	25	9551.0000
20080905	櫃買期貨            	GTF    	B         	0	.0000	0	.0000	0	.0000	0	.0000	59	22514.0000	-59	-22514.0000
20080905	櫃買期貨            	GTF    	C         	0	.0000	0	.0000	0	.0000	0	.0000	0	.0000	0	.0000
20080905	摩臺期              	MSF    	A         	1	772.0000	2	1546.0000	-1	-774.0000	26	20116.0000	29	22437.0000	-3	-2321.0000
20080905	摩臺期              	MSF    	B         	0	.0000	0	.0000	0	.0000	0	.0000	0	.0000	0	.0000
20080905	摩臺期              	MSF    	C         	0	.0000	0	.0000	0	.0000	0	.0000	0	.0000	0	.0000
20080905	小型臺指            	MXF    	A         	4596	1438273.0000	3467	1086682.0000	1129	351592.0000	1052	327714.0000	6183	1928190.0000	-5131	-1600476.0000
20080905	小型臺指            	MXF    	B         	0	.0000	1	311.0000	-1	-311.0000	0	.0000	3	936.0000	-3	-936.0000
20080905	小型臺指            	MXF    	C         	740	232078.0000	66	20694.0000	674	211384.0000	437	136348.0000	347	108281.0000	90	28067.0000
20080905	臺灣50期貨          	T5F    	A         	0	.0000	0	.0000	0	.0000	0	.0000	0	.0000	0	.0000
20080905	臺灣50期貨          	T5F    	B         	0	.0000	0	.0000	0	.0000	0	.0000	0	.0000	0	.0000
20080905	臺灣50期貨          	T5F    	C         	0	.0000	0	.0000	0	.0000	0	.0000	0	.0000	0	.0000
20080905	臺股期貨            	TXF    	A         	13432	16850185.0000	14883	18655396.0000	-1451	-1805210.0000	2277	2839677.0000	10860	13548339.0000	-8583	-10708662.0000
20080905	臺股期貨            	TXF    	B         	1451	1816524.0000	1296	1628523.0000	155	188001.0000	2493	3111763.0000	12132	15142926.0000	-9639	-12031163.0000
20080905	臺股期貨            	TXF    	C         	8319	10419233.0000	6494	8134942.0000	1825	2284291.0000	26464	33025025.0000	23495	29318777.0000	2969	3706248.0000
20080905	非金電期貨          	XIF    	A         	465	336267.0000	449	324930.0000	16	11337.0000	314	225306.0000	92	65954.0000	222	159352.0000
20080905	非金電期貨          	XIF    	B         	0	.0000	0	.0000	0	.0000	43	30874.0000	0	.0000	43	30874.0000
20080905	非金電期貨          	XIF    	C         	87	63673.0000	104	75163.0000	-17	-11490.0000	40	28706.0000	289	207502.0000	-249	-178796.0000
20080908	電子期貨            	EXF    	A         	557	597802.0000	636	682570.0000	-79	-84767.0000	2413	2626256.0000	372	404786.0000	2041	2221470.0000
20080908	電子期貨            	EXF    	B         	75	81505.0000	50	54352.0000	25	27153.0000	231	251420.0000	356	387470.0000	-125	-136050.0000
20080908	電子期貨            	EXF    	C         	689	740729.0000	243	261325.0000	446	479404.0000	2822	3071447.0000	6284	6839423.0000	-3462	-3767976.0000
20080908	金融期貨            	FXF    	A         	63	51311.0000	381	313381.0000	-318	-262070.0000	1011	833784.0000	327	269621.0000	684	564163.0000
20080908	金融期貨            	FXF    	B         	0	.0000	11	9053.0000	-11	-9053.0000	144	118800.0000	552	455374.0000	-408	-336574.0000
20080908	金融期貨            	FXF    	C         	661	544506.0000	358	294400.0000	303	250106.0000	4944	4078664.0000	6922	5710650.0000	-1978	-1631986.0000
20080908	櫃買期貨            	GTF    	A         	291	116674.0000	305	122271.0000	-14	-5598.0000	48	19610.0000	37	15100.0000	11	4510.0000
20080908	櫃買期貨            	GTF    	B         	0	.0000	0	.0000	0	.0000	0	.0000	59	24084.0000	-59	-24084.0000
20080908	櫃買期貨            	GTF    	C         	0	.0000	0	.0000	0	.0000	0	.0000	0	.0000	0	.0000
20080908	摩臺期              	MSF    	A         	11	8905.0000	11	8905.0000	0	.0000	28	22929.0000	31	25386.0000	-3	-2457.0000
20080908	摩臺期              	MSF    	B         	0	.0000	0	.0000	0	.0000	0	.0000	0	.0000	0	.0000
20080908	摩臺期              	MSF    	C         	0	.0000	0	.0000	0	.0000	0	.0000	0	.0000	0	.0000
20080908	小型臺指            	MXF    	A         	7010	2310684.0000	1948	640768.0000	5062	1669917.0000	2037	679111.0000	5294	1765916.0000	-3257	-1086805.0000
20080908	小型臺指            	MXF    	B         	0	.0000	0	.0000	0	.0000	0	.0000	3	1002.0000	-3	-1002.0000
20080908	小型臺指            	MXF    	C         	77	25338.0000	177	57943.0000	-100	-32605.0000	485	161871.0000	495	165256.0000	-10	-3385.0000
20080908	臺灣50期貨          	T5F    	A         	0	.0000	0	.0000	0	.0000	0	.0000	0	.0000	0	.0000
20080908	臺灣50期貨          	T5F    	B         	0	.0000	0	.0000	0	.0000	0	.0000	0	.0000	0	.0000
20080908	臺灣50期貨          	T5F    	C         	0	.0000	0	.0000	0	.0000	0	.0000	0	.0000	0	.0000
20080908	臺股期貨            	TXF    	A         	15109	19919033.0000	11477	15170204.0000	3632	4748829.0000	3659	4883019.0000	7813	10425052.0000	-4154	-5542033.0000
20080908	臺股期貨            	TXF    	B         	889	1182357.0000	555	725572.0000	334	456785.0000	2477	3307786.0000	11782	15733431.0000	-9305	-12425645.0000
20080908	臺股期貨            	TXF    	C         	10821	14263927.0000	9474	12472016.0000	1347	1791912.0000	29462	39334313.0000	25146	33571746.0000	4316	5762567.0000
20080908	非金電期貨          	XIF    	A         	302	228631.0000	252	190748.0000	50	37883.0000	354	269316.0000	82	62528.0000	272	206788.0000
20080908	非金電期貨          	XIF    	B         	0	.0000	0	.0000	0	.0000	43	32680.0000	0	.0000	43	32680.0000
20080908	非金電期貨          	XIF    	C         	0	.0000	93	69891.0000	-93	-69891.0000	23	17508.0000	365	277400.0000	-342	-259892.0000
20080909	電子期貨            	EXF    	A         	746	783687.0000	745	782749.0000	1	938.0000	2534	2650999.0000	492	514673.0000	2042	2136326.0000
20080909	電子期貨            	EXF    	B         	110	115483.0000	0	.0000	110	115483.0000	231	241672.0000	246	257365.0000	-15	-15693.0000
20080909	電子期貨            	EXF    	C         	563	590251.0000	597	623810.0000	-34	-33559.0000	2924	3059011.0000	6420	6716476.0000	-3496	-3657465.0000
20080909	金融期貨            	FXF    	A         	947	783142.0000	817	675654.0000	130	107489.0000	1188	980527.0000	374	308597.0000	814	671930.0000
20080909	金融期貨            	FXF    	B         	76	62796.0000	150	123265.0000	-74	-60469.0000	144	118886.0000	626	516646.0000	-482	-397760.0000
20080909	金融期貨            	FXF    	C         	746	617525.0000	516	427525.0000	230	190000.0000	5005	4131894.0000	6753	5575277.0000	-1748	-1443383.0000
20080909	櫃買期貨            	GTF    	A         	327	126484.0000	316	122237.0000	11	4247.0000	53	20528.0000	31	12015.0000	22	8513.0000
20080909	櫃買期貨            	GTF    	B         	0	.0000	0	.0000	0	.0000	0	.0000	59	22833.0000	-59	-22833.0000
20080909	櫃買期貨            	GTF    	C         	0	.0000	0	.0000	0	.0000	0	.0000	0	.0000	0	.0000
20080909	摩臺期              	MSF    	A         	4	3196.0000	5	4000.0000	-1	-805.0000	31	24586.0000	35	27759.0000	-4	-3173.0000
20080909	摩臺期              	MSF    	B         	0	.0000	0	.0000	0	.0000	0	.0000	0	.0000	0	.0000
20080909	摩臺期              	MSF    	C         	0	.0000	0	.0000	0	.0000	0	.0000	0	.0000	0	.0000
20080909	小型臺指            	MXF    	A         	4705	1518980.0000	6336	2055252.0000	-1631	-536272.0000	1172	376945.0000	6552	2113088.0000	-5380	-1736143.0000
20080909	小型臺指            	MXF    	B         	0	.0000	0	.0000	0	.0000	0	.0000	3	968.0000	-3	-968.0000
20080909	小型臺指            	MXF    	C         	18	5795.0000	90	29067.0000	-72	-23272.0000	395	127437.0000	477	153952.0000	-82	-26515.0000
20080909	臺灣50期貨          	T5F    	A         	0	.0000	0	.0000	0	.0000	0	.0000	0	.0000	0	.0000
20080909	臺灣50期貨          	T5F    	B         	0	.0000	0	.0000	0	.0000	0	.0000	0	.0000	0	.0000
20080909	臺灣50期貨          	T5F    	C         	0	.0000	0	.0000	0	.0000	0	.0000	0	.0000	0	.0000
20080909	臺股期貨            	TXF    	A         	16578	21437080.0000	19740	25557796.0000	-3162	-4120716.0000	2996	3863138.0000	10189	13143787.0000	-7193	-9280649.0000
20080909	臺股期貨            	TXF    	B         	734	952685.0000	493	636840.0000	241	315846.0000	2592	3346272.0000	11654	15045074.0000	-9062	-11698802.0000
20080909	臺股期貨            	TXF    	C         	8029	10404400.0000	4988	6477681.0000	3041	3926720.0000	29063	37511280.0000	21706	28013966.0000	7357	9497314.0000
20080909	非金電期貨          	XIF    	A         	517	380052.0000	568	417068.0000	-51	-37016.0000	332	243770.0000	111	81183.0000	221	162587.0000
20080909	非金電期貨          	XIF    	B         	0	.0000	1	731.0000	-1	-731.0000	42	30908.0000	0	.0000	42	30908.0000
20080909	非金電期貨          	XIF    	C         	114	83984.0000	43	31740.0000	71	52244.0000	46	33674.0000	317	233280.0000	-271	-199606.0000
20080910	電子期貨            	EXF    	A         	940	976780.0000	993	1032198.0000	-53	-55418.0000	2437	2538349.0000	448	466589.0000	1989	2071760.0000
20080910	電子期貨            	EXF    	B         	2	2073.0000	1	1041.0000	1	1032.0000	231	240610.0000	245	255192.0000	-14	-14582.0000
20080910	電子期貨            	EXF    	C         	1045	1085512.0000	300	311743.0000	745	773769.0000	3040	3166328.0000	5791	6031723.0000	-2751	-2865395.0000
20080910	金融期貨            	FXF    	A         	1277	1065633.0000	860	718628.0000	417	347005.0000	1612	1358317.0000	381	320975.0000	1231	1037342.0000
20080910	金融期貨            	FXF    	B         	520	439689.0000	70	58470.0000	450	381219.0000	564	475339.0000	596	501906.0000	-32	-26567.0000
20080910	金融期貨            	FXF    	C         	813	680008.0000	908	762236.0000	-95	-82227.0000	4842	4080401.0000	6685	5633992.0000	-1843	-1553591.0000
20080910	櫃買期貨            	GTF    	A         	230	89326.0000	238	92474.0000	-8	-3148.0000	52	20545.0000	38	14980.0000	14	5565.0000
20080910	櫃買期貨            	GTF    	B         	0	.0000	0	.0000	0	.0000	0	.0000	59	23293.0000	-59	-23293.0000
20080910	櫃買期貨            	GTF    	C         	0	.0000	0	.0000	0	.0000	0	.0000	0	.0000	0	.0000
20080910	摩臺期              	MSF    	A         	1	791.0000	0	.0000	1	791.0000	31	24527.0000	34	26901.0000	-3	-2374.0000
20080910	摩臺期              	MSF    	B         	0	.0000	0	.0000	0	.0000	0	.0000	0	.0000	0	.0000
20080910	摩臺期              	MSF    	C         	0	.0000	0	.0000	0	.0000	0	.0000	0	.0000	0	.0000
20080910	小型臺指            	MXF    	A         	6192	1992054.0000	6483	2086405.0000	-291	-94351.0000	1210	389485.0000	6693	2157611.0000	-5483	-1768126.0000
20080910	小型臺指            	MXF    	B         	0	.0000	0	.0000	0	.0000	0	.0000	3	968.0000	-3	-968.0000
20080910	小型臺指            	MXF    	C         	348	112126.0000	303	97579.0000	45	14546.0000	318	102551.0000	355	114523.0000	-37	-11972.0000
20080910	臺灣50期貨          	T5F    	A         	0	.0000	0	.0000	0	.0000	0	.0000	0	.0000	0	.0000
20080910	臺灣50期貨          	T5F    	B         	0	.0000	0	.0000	0	.0000	0	.0000	0	.0000	0	.0000
20080910	臺灣50期貨          	T5F    	C         	0	.0000	0	.0000	0	.0000	0	.0000	0	.0000	0	.0000
20080910	臺股期貨            	TXF    	A         	19585	25196800.0000	18378	23643691.0000	1207	1553109.0000	2544	3279766.0000	8577	11060009.0000	-6033	-7780243.0000
20080910	臺股期貨            	TXF    	B         	836	1075735.0000	656	841267.0000	180	234468.0000	2652	3422141.0000	11534	14882506.0000	-8882	-11460365.0000
20080910	臺股期貨            	TXF    	C         	7142	9182879.0000	11884	15282403.0000	-4742	-6099524.0000	27803	35868314.0000	25188	32495688.0000	2615	3372626.0000
20080910	非金電期貨          	XIF    	A         	494	362629.0000	637	467720.0000	-143	-105091.0000	230	169555.0000	152	111964.0000	78	57591.0000
20080910	非金電期貨          	XIF    	B         	0	.0000	0	.0000	0	.0000	42	30988.0000	0	.0000	42	30988.0000
20080910	非金電期貨          	XIF    	C         	224	164349.0000	17	12468.0000	207	151881.0000	79	58173.0000	143	105505.0000	-64	-47332.0000
20080911	電子期貨            	EXF    	A         	1091	1109081.0000	1007	1024460.0000	84	84621.0000	2381	2393838.0000	308	309586.0000	2073	2084252.0000
20080911	電子期貨            	EXF    	B         	1	1004.0000	211	214826.0000	-210	-213822.0000	231	232247.0000	455	457457.0000	-224	-225210.0000
20080911	電子期貨            	EXF    	C         	1384	1412686.0000	819	835344.0000	565	577342.0000	3670	3689712.0000	5856	5887486.0000	-2186	-2197774.0000
20080911	金融期貨            	FXF    	A         	853	694966.0000	742	606380.0000	111	88586.0000	1561	1269710.0000	219	177839.0000	1342	1091871.0000
20080911	金融期貨            	FXF    	B         	0	.0000	40	32384.0000	-40	-32384.0000	524	426431.0000	596	484564.0000	-72	-58133.0000
20080911	金融期貨            	FXF    	C         	600	492383.0000	594	485961.0000	6	6422.0000	4685	3812024.0000	6522	5307460.0000	-1837	-1495436.0000
20080911	櫃買期貨            	GTF    	A         	252	95872.0000	243	92415.0000	9	3457.0000	57	21803.0000	34	13016.0000	23	8787.0000
20080911	櫃買期貨            	GTF    	B         	5	1920.0000	0	.0000	5	1920.0000	0	.0000	54	20639.0000	-54	-20639.0000
20080911	櫃買期貨            	GTF    	C         	0	.0000	0	.0000	0	.0000	0	.0000	0	.0000	0	.0000
20080911	摩臺期              	MSF    	A         	2	1550.0000	4	3095.0000	-2	-1545.0000	33	25430.0000	38	29283.0000	-5	-3853.0000
20080911	摩臺期              	MSF    	B         	0	.0000	0	.0000	0	.0000	0	.0000	0	.0000	0	.0000
20080911	摩臺期              	MSF    	C         	0	.0000	0	.0000	0	.0000	0	.0000	0	.0000	0	.0000
20080911	小型臺指            	MXF    	A         	7790	2447401.0000	7510	2360708.0000	280	86692.0000	1470	457401.0000	7825	2437381.0000	-6355	-1979980.0000
20080911	小型臺指            	MXF    	B         	0	.0000	0	.0000	0	.0000	0	.0000	3	935.0000	-3	-935.0000
20080911	小型臺指            	MXF    	C         	195	60976.0000	628	196959.0000	-433	-135983.0000	11	3404.0000	481	149898.0000	-470	-146494.0000
20080911	臺灣50期貨          	T5F    	A         	0	.0000	0	.0000	0	.0000	0	.0000	0	.0000	0	.0000
20080911	臺灣50期貨          	T5F    	B         	0	.0000	0	.0000	0	.0000	0	.0000	0	.0000	0	.0000
20080911	臺灣50期貨          	T5F    	C         	0	.0000	0	.0000	0	.0000	0	.0000	0	.0000	0	.0000
20080911	臺股期貨            	TXF    	A         	20116	25301140.0000	22190	27899862.0000	-2074	-2598722.0000	3393	4227155.0000	11212	13971060.0000	-7819	-9743905.0000
20080911	臺股期貨            	TXF    	B         	1709	2148088.0000	720	905594.0000	989	1242494.0000	2657	3312739.0000	10550	13152025.0000	-7893	-9839286.0000
20080911	臺股期貨            	TXF    	C         	12174	15319796.0000	7576	9509812.0000	4598	5809984.0000	28744	35828860.0000	21531	26838119.0000	7213	8990741.0000
20080911	非金電期貨          	XIF    	A         	397	282562.0000	363	257880.0000	34	24682.0000	285	202980.0000	173	123041.0000	112	79939.0000
20080911	非金電期貨          	XIF    	B         	0	.0000	0	.0000	0	.0000	42	29946.0000	0	.0000	42	29946.0000
20080911	非金電期貨          	XIF    	C         	93	66114.0000	113	81201.0000	-20	-15087.0000	81	57571.0000	165	117645.0000	-84	-60074.0000
20080912	電子期貨            	EXF    	A         	726	733229.0000	720	726257.0000	6	6973.0000	2376	2400674.0000	297	299843.0000	2079	2100831.0000
20080912	電子期貨            	EXF    	B         	233	232940.0000	11	11154.0000	222	221786.0000	231	233402.0000	233	235406.0000	-2	-2004.0000
20080912	電子期貨            	EXF    	C         	531	537879.0000	427	432199.0000	104	105680.0000	3860	3899933.0000	5942	6003626.0000	-2082	-2103693.0000
20080912	金融期貨            	FXF    	A         	519	427472.0000	456	375228.0000	63	52245.0000	1684	1396036.0000	279	230931.0000	1405	1165105.0000
20080912	金融期貨            	FXF    	B         	10	8164.0000	30	24504.0000	-20	-16340.0000	524	434501.0000	616	510409.0000	-92	-75908.0000
20080912	金融期貨            	FXF    	C         	298	245072.0000	341	280566.0000	-43	-35494.0000	4580	3797043.0000	6460	5356497.0000	-1880	-1559454.0000
20080912	櫃買期貨            	GTF    	A         	178	67373.0000	179	67739.0000	-1	-366.0000	70	26671.0000	48	18268.0000	22	8403.0000
20080912	櫃買期貨            	GTF    	B         	0	.0000	0	.0000	0	.0000	0	.0000	54	20563.0000	-54	-20563.0000
20080912	櫃買期貨            	GTF    	C         	0	.0000	0	.0000	0	.0000	0	.0000	0	.0000	0	.0000
20080912	摩臺期              	MSF    	A         	1	779.0000	3	2327.0000	-2	-1549.0000	34	26579.0000	41	32051.0000	-7	-5472.0000
20080912	摩臺期              	MSF    	B         	0	.0000	0	.0000	0	.0000	0	.0000	0	.0000	0	.0000
20080912	摩臺期              	MSF    	C         	0	.0000	0	.0000	0	.0000	0	.0000	0	.0000	0	.0000
20080912	小型臺指            	MXF    	A         	6505	2037084.0000	6196	1938602.0000	309	98483.0000	2109	662495.0000	8071	2536415.0000	-5962	-1873920.0000
20080912	小型臺指            	MXF    	B         	0	.0000	0	.0000	0	.0000	0	.0000	3	944.0000	-3	-944.0000
20080912	小型臺指            	MXF    	C         	399	125765.0000	293	90913.0000	106	34851.0000	11	3450.0000	375	117897.0000	-364	-114447.0000
20080912	臺灣50期貨          	T5F    	A         	0	.0000	0	.0000	0	.0000	0	.0000	0	.0000	0	.0000
20080912	臺灣50期貨          	T5F    	B         	0	.0000	0	.0000	0	.0000	0	.0000	0	.0000	0	.0000
20080912	臺灣50期貨          	T5F    	C         	0	.0000	0	.0000	0	.0000	0	.0000	0	.0000	0	.0000
20080912	臺股期貨            	TXF    	A         	19282	24175008.0000	19161	24011214.0000	121	163793.0000	2978	3741061.0000	10697	13446799.0000	-7719	-9705738.0000
20080912	臺股期貨            	TXF    	B         	775	973255.0000	1653	2066610.0000	-878	-1093354.0000	2632	3311032.0000	11413	14351839.0000	-8781	-11040807.0000
20080912	臺股期貨            	TXF    	C         	8947	11215874.0000	8022	10066402.0000	925	1149472.0000	29485	37076062.0000	21347	26844720.0000	8138	10231342.0000
20080912	非金電期貨          	XIF    	A         	361	258815.0000	371	265949.0000	-10	-7134.0000	305	219304.0000	203	145763.0000	102	73541.0000
20080912	非金電期貨          	XIF    	B         	7	5018.0000	7	5035.0000	0	-17.0000	42	30218.0000	0	.0000	42	30218.0000
20080912	非金電期貨          	XIF    	C         	65	46854.0000	63	45113.0000	2	1741.0000	74	53072.0000	156	112320.0000	-82	-59248.0000
20080915	電子期貨            	EXF    	A         	1143	1108877.0000	942	917428.0000	201	191449.0000	2474	2377837.0000	194	186326.0000	2280	2191511.0000
20080915	電子期貨            	EXF    	B         	101	97281.0000	130	125434.0000	-29	-28153.0000	235	225742.0000	266	255453.0000	-31	-29711.0000
20080915	電子期貨            	EXF    	C         	1706	1653439.0000	1319	1276645.0000	387	376794.0000	4240	4074326.0000	5934	5702401.0000	-1694	-1628075.0000
20080915	金融期貨            	FXF    	A         	874	683207.0000	777	607377.0000	97	75830.0000	1861	1435311.0000	359	276269.0000	1502	1159042.0000
20080915	金融期貨            	FXF    	B         	44	33820.0000	234	184073.0000	-190	-150253.0000	334	257516.0000	616	474804.0000	-282	-217288.0000
20080915	金融期貨            	FXF    	C         	1494	1164840.0000	1705	1329355.0000	-211	-164515.0000	4959	3823060.0000	7050	5435952.0000	-2091	-1612892.0000
20080915	櫃買期貨            	GTF    	A         	138	49843.0000	125	45124.0000	13	4719.0000	83	29636.0000	48	17114.0000	35	12522.0000
20080915	櫃買期貨            	GTF    	B         	1	366.0000	1	366.0000	0	.0000	0	.0000	54	19277.0000	-54	-19277.0000
20080915	櫃買期貨            	GTF    	C         	0	.0000	0	.0000	0	.0000	0	.0000	0	.0000	0	.0000
20080915	摩臺期              	MSF    	A         	6	4514.0000	6	4510.0000	0	4.0000	35	26131.0000	42	31352.0000	-7	-5221.0000
20080915	摩臺期              	MSF    	B         	0	.0000	0	.0000	0	.0000	0	.0000	0	.0000	0	.0000
20080915	摩臺期              	MSF    	C         	0	.0000	0	.0000	0	.0000	0	.0000	0	.0000	0	.0000
20080915	小型臺指            	MXF    	A         	8242	2477466.0000	8238	2482043.0000	4	-4577.0000	3047	907865.0000	7941	2366089.0000	-4894	-1458224.0000
20080915	小型臺指            	MXF    	B         	0	.0000	0	.0000	0	.0000	0	.0000	3	895.0000	-3	-895.0000
20080915	小型臺指            	MXF    	C         	692	208154.0000	122	36520.0000	570	171634.0000	396	118086.0000	190	56706.0000	206	61380.0000
20080915	臺灣50期貨          	T5F    	A         	0	.0000	0	.0000	0	.0000	0	.0000	0	.0000	0	.0000
20080915	臺灣50期貨          	T5F    	B         	0	.0000	0	.0000	0	.0000	0	.0000	0	.0000	0	.0000
20080915	臺灣50期貨          	T5F    	C         	0	.0000	0	.0000	0	.0000	0	.0000	0	.0000	0	.0000
20080915	臺股期貨            	TXF    	A         	22184	26710934.0000	23682	28547601.0000	-1498	-1836667.0000	2814	3352935.0000	12297	14661683.0000	-9483	-11308748.0000
20080915	臺股期貨            	TXF    	B         	3742	4505331.0000	2149	2594414.0000	1593	1910916.0000	2866	3416578.0000	10057	11989424.0000	-7191	-8572846.0000
20080915	臺股期貨            	TXF    	C         	15546	18741520.0000	12175	14671536.0000	3371	4069984.0000	30933	36882134.0000	19424	23162451.0000	11509	13719683.0000
20080915	非金電期貨          	XIF    	A         	183	126204.0000	204	140615.0000	-21	-14411.0000	342	235497.0000	261	179601.0000	81	55896.0000
20080915	非金電期貨          	XIF    	B         	7	4808.0000	7	4827.0000	0	-20.0000	42	28920.0000	0	.0000	42	28920.0000
20080915	非金電期貨          	XIF    	C         	14	9740.0000	26	18051.0000	-12	-8311.0000	72	49514.0000	166	114391.0000	-94	-64877.0000
20080916	電子期貨            	EXF    	A         	1320	1224578.0000	1658	1547650.0000	-338	-323071.0000	2299	2114484.0000	357	328255.0000	1942	1786229.0000
20080916	電子期貨            	EXF    	B         	181	168864.0000	226	210163.0000	-45	-41299.0000	242	222180.0000	318	291072.0000	-76	-68892.0000
20080916	電子期貨            	EXF    	C         	5792	5407093.0000	5639	5255739.0000	153	151355.0000	4608	4229411.0000	6149	5648795.0000	-1541	-1419384.0000
20080916	金融期貨            	FXF    	A         	817	595839.0000	1608	1175126.0000	-791	-579287.0000	1300	948536.0000	589	428927.0000	711	519609.0000
20080916	金融期貨            	FXF    	B         	257	187662.0000	533	387945.0000	-276	-200283.0000	144	104878.0000	705	513511.0000	-561	-408633.0000
20080916	金融期貨            	FXF    	C         	7442	5418149.0000	4959	3608170.0000	2483	1809979.0000	6206	4522122.0000	5814	4240239.0000	392	281883.0000
20080916	櫃買期貨            	GTF    	A         	162	54313.0000	153	51325.0000	9	2988.0000	86	28925.0000	42	14118.0000	44	14807.0000
20080916	櫃買期貨            	GTF    	B         	5	1701.0000	5	1697.0000	0	4.0000	0	.0000	54	18152.0000	-54	-18152.0000
20080916	櫃買期貨            	GTF    	C         	0	.0000	0	.0000	0	.0000	0	.0000	0	.0000	0	.0000
20080916	摩臺期              	MSF    	A         	6	4269.0000	3	2143.0000	3	2126.0000	36	25662.0000	40	28514.0000	-4	-2852.0000
20080916	摩臺期              	MSF    	B         	0	.0000	0	.0000	0	.0000	0	.0000	0	.0000	0	.0000
20080916	摩臺期              	MSF    	C         	0	.0000	0	.0000	0	.0000	0	.0000	0	.0000	0	.0000
20080916	小型臺指            	MXF    	A         	9412	2708788.0000	10611	3049339.0000	-1199	-340551.0000	1737	492051.0000	9526	2701287.0000	-7789	-2209236.0000
20080916	小型臺指            	MXF    	B         	0	.0000	0	.0000	0	.0000	0	.0000	3	853.0000	-3	-853.0000
20080916	小型臺指            	MXF    	C         	248	71628.0000	162	46369.0000	86	25259.0000	331	94086.0000	39	11090.0000	292	82996.0000
20080916	臺灣50期貨          	T5F    	A         	0	.0000	0	.0000	0	.0000	0	.0000	0	.0000	0	.0000
20080916	臺灣50期貨          	T5F    	B         	0	.0000	0	.0000	0	.0000	0	.0000	0	.0000	0	.0000
20080916	臺灣50期貨          	T5F    	C         	0	.0000	0	.0000	0	.0000	0	.0000	0	.0000	0	.0000
20080916	臺股期貨            	TXF    	A         	21346	24573931.0000	26352	30353431.0000	-5006	-5779499.0000	3016	3421100.0000	17081	19391225.0000	-14065	-15970125.0000
20080916	臺股期貨            	TXF    	B         	5789	6669258.0000	3738	4281582.0000	2051	2387676.0000	2688	3045550.0000	7831	8869437.0000	-5143	-5823887.0000
20080916	臺股期貨            	TXF    	C         	29234	33625641.0000	25454	29246796.0000	3780	4378846.0000	41438	47013774.0000	26144	29655326.0000	15294	17358448.0000
20080916	非金電期貨          	XIF    	A         	386	253932.0000	397	260978.0000	-11	-7046.0000	354	230209.0000	284	184551.0000	70	45658.0000
20080916	非金電期貨          	XIF    	B         	8	5213.0000	4	2653.0000	4	2560.0000	46	29904.0000	0	.0000	46	29904.0000
20080916	非金電期貨          	XIF    	C         	79	52316.0000	125	82442.0000	-46	-30126.0000	76	49343.0000	216	140577.0000	-140	-91234.0000
20080917	電子期貨            	EXF    	A         	1640	1563656.0000	2632	2508659.0000	-992	-945003.0000	1605	1512235.0000	655	616822.0000	950	895413.0000
20080917	電子期貨            	EXF    	B         	97	91866.0000	202	191665.0000	-105	-99799.0000	233	219409.0000	414	390013.0000	-181	-170604.0000
20080917	電子期貨            	EXF    	C         	3966	3785812.0000	3124	2980177.0000	842	805635.0000	4609	4345402.0000	5308	5003491.0000	-699	-658089.0000
20080917	金融期貨            	FXF    	A         	1632	1204706.0000	2123	1555553.0000	-491	-350847.0000	1123	806321.0000	903	649493.0000	220	156828.0000
20080917	金融期貨            	FXF    	B         	269	194514.0000	369	267332.0000	-100	-72819.0000	144	103642.0000	805	579229.0000	-661	-475587.0000
20080917	金融期貨            	FXF    	C         	6475	4733913.0000	6342	4648838.0000	133	85074.0000	4794	3446341.0000	4269	3066949.0000	525	379392.0000
20080917	櫃買期貨            	GTF    	A         	154	50977.0000	156	51708.0000	-2	-731.0000	99	32858.0000	57	18942.0000	42	13916.0000
20080917	櫃買期貨            	GTF    	B         	42	14092.0000	42	14023.0000	0	69.0000	0	.0000	54	17855.0000	-54	-17855.0000
20080917	櫃買期貨            	GTF    	C         	0	.0000	0	.0000	0	.0000	0	.0000	0	.0000	0	.0000
20080917	摩臺期              	MSF    	A         	2	1453.0000	1	727.0000	1	726.0000	36	26113.0000	39	28290.0000	-3	-2177.0000
20080917	摩臺期              	MSF    	B         	0	.0000	0	.0000	0	.0000	0	.0000	0	.0000	0	.0000
20080917	摩臺期              	MSF    	C         	0	.0000	0	.0000	0	.0000	0	.0000	0	.0000	0	.0000
20080917	小型臺指            	MXF    	A         	12867	3750472.0000	12761	3712353.0000	106	38119.0000	1131	324133.0000	10150	2920211.0000	-9019	-2596078.0000
20080917	小型臺指            	MXF    	B         	0	.0000	0	.0000	0	.0000	0	.0000	3	865.0000	-3	-865.0000
20080917	小型臺指            	MXF    	C         	59	17239.0000	591	172521.0000	-532	-155281.0000	11	3139.0000	227	65217.0000	-216	-62078.0000
20080917	臺灣50期貨          	T5F    	A         	0	.0000	0	.0000	0	.0000	0	.0000	0	.0000	0	.0000
20080917	臺灣50期貨          	T5F    	B         	0	.0000	0	.0000	0	.0000	0	.0000	0	.0000	0	.0000
20080917	臺灣50期貨          	T5F    	C         	0	.0000	0	.0000	0	.0000	0	.0000	0	.0000	0	.0000
20080917	臺股期貨            	TXF    	A         	28478	33257619.0000	28813	33600690.0000	-335	-343071.0000	3697	4248579.0000	17763	20446451.0000	-14066	-16197872.0000
20080917	臺股期貨            	TXF    	B         	2649	3101909.0000	3850	4488714.0000	-1201	-1386805.0000	2667	3065072.0000	9011	10357941.0000	-6344	-7292869.0000
20080917	臺股期貨            	TXF    	C         	24287	28424817.0000	22844	26750264.0000	1443	1674553.0000	43102	49614588.0000	26370	30337042.0000	16732	19277546.0000
20080917	非金電期貨          	XIF    	A         	553	363241.0000	501	328834.0000	52	34407.0000	422	275444.0000	300	195514.0000	122	79930.0000
20080917	非金電期貨          	XIF    	B         	21	13833.0000	21	13907.0000	0	-74.0000	46	29934.0000	0	.0000	46	29934.0000
20080917	非金電期貨          	XIF    	C         	87	57087.0000	142	93233.0000	-55	-36146.0000	17	11101.0000	212	138547.0000	-195	-127446.0000
20080918	電子期貨            	EXF    	A         	1298	1172255.0000	1054	952778.0000	244	219476.0000	1622	1475596.0000	693	630432.0000	929	845164.0000
20080918	電子期貨            	EXF    	B         	35	31789.0000	20	18141.0000	15	13648.0000	235	213803.0000	351	319340.0000	-116	-105537.0000
20080918	電子期貨            	EXF    	C         	1673	1506111.0000	1992	1791414.0000	-319	-285303.0000	2911	2648428.0000	3917	3563687.0000	-1006	-915259.0000
20080918	金融期貨            	FXF    	A         	645	437582.0000	600	406458.0000	45	31124.0000	485	324679.0000	710	475395.0000	-225	-150716.0000
20080918	金融期貨            	FXF    	B         	155	103938.0000	631	422878.0000	-476	-318940.0000	144	96422.0000	1214	812894.0000	-1070	-716472.0000
20080918	金融期貨            	FXF    	C         	1278	861791.0000	597	403800.0000	681	457991.0000	3524	2359670.0000	1819	1218002.0000	1705	1141668.0000
20080918	櫃買期貨            	GTF    	A         	138	42891.0000	148	46048.0000	-10	-3157.0000	71	22322.0000	48	15080.0000	23	7242.0000
20080918	櫃買期貨            	GTF    	B         	0	.0000	0	.0000	0	.0000	0	.0000	48	15072.0000	-48	-15072.0000
20080918	櫃買期貨            	GTF    	C         	0	.0000	0	.0000	0	.0000	0	.0000	0	.0000	0	.0000
20080918	摩臺期              	MSF    	A         	4	2821.0000	5	3518.0000	-1	-697.0000	4	2840.0000	5	3550.0000	-1	-710.0000
20080918	摩臺期              	MSF    	B         	0	.0000	0	.0000	0	.0000	0	.0000	0	.0000	0	.0000
20080918	摩臺期              	MSF    	C         	0	.0000	0	.0000	0	.0000	0	.0000	0	.0000	0	.0000
20080918	小型臺指            	MXF    	A         	9796	2697716.0000	10205	2809122.0000	-409	-111406.0000	1707	470272.0000	6735	1858340.0000	-5028	-1388068.0000
20080918	小型臺指            	MXF    	B         	0	.0000	0	.0000	0	.0000	0	.0000	0	.0000	0	.0000
20080918	小型臺指            	MXF    	C         	266	73574.0000	158	43171.0000	108	30403.0000	11	3017.0000	119	32856.0000	-108	-29839.0000
20080918	臺灣50期貨          	T5F    	A         	0	.0000	0	.0000	0	.0000	0	.0000	0	.0000	0	.0000
20080918	臺灣50期貨          	T5F    	B         	0	.0000	0	.0000	0	.0000	0	.0000	0	.0000	0	.0000
20080918	臺灣50期貨          	T5F    	C         	0	.0000	0	.0000	0	.0000	0	.0000	0	.0000	0	.0000
20080918	臺股期貨            	TXF    	A         	23338	25701045.0000	22221	24464004.0000	1117	1237041.0000	4551	5023656.0000	8323	9186762.0000	-3772	-4163106.0000
20080918	臺股期貨            	TXF    	B         	924	1018733.0000	2357	2589453.0000	-1433	-1570719.0000	2656	2933286.0000	9816	10840702.0000	-7160	-7907416.0000
20080918	臺股期貨            	TXF    	C         	10119	11167633.0000	11221	12382559.0000	-1102	-1214926.0000	22715	25082176.0000	19322	21336075.0000	3393	3746101.0000
20080918	非金電期貨          	XIF    	A         	344	217323.0000	359	226622.0000	-15	-9299.0000	121	76596.0000	177	112054.0000	-56	-35458.0000
20080918	非金電期貨          	XIF    	B         	2	1264.0000	0	.0000	2	1264.0000	45	28490.0000	0	.0000	45	28490.0000
20080918	非金電期貨          	XIF    	C         	64	40432.0000	75	47257.0000	-11	-6825.0000	3	1899.0000	38	24058.0000	-35	-22159.0000
20080919	電子期貨            	EXF    	A         	437	422688.0000	844	816714.0000	-407	-394025.0000	1164	1132845.0000	642	624859.0000	522	507986.0000
20080919	電子期貨            	EXF    	B         	120	115821.0000	11	10707.0000	109	105114.0000	233	226802.0000	250	243350.0000	-17	-16548.0000
20080919	電子期貨            	EXF    	C         	529	512542.0000	185	178794.0000	344	333748.0000	3120	3037008.0000	3782	3681399.0000	-662	-644391.0000
20080919	金融期貨            	FXF    	A         	415	293049.0000	832	590019.0000	-417	-296970.0000	384	275013.0000	1026	735004.0000	-642	-459991.0000
20080919	金融期貨            	FXF    	B         	207	147478.0000	57	40417.0000	150	107061.0000	144	103162.0000	1064	762250.0000	-920	-659088.0000
20080919	金融期貨            	FXF    	C         	957	678589.0000	167	117337.0000	790	561253.0000	4108	2942971.0000	1613	1155553.0000	2495	1787418.0000
20080919	櫃買期貨            	GTF    	A         	57	19017.0000	99	32958.0000	-42	-13941.0000	72	24204.0000	91	30563.0000	-19	-6359.0000
20080919	櫃買期貨            	GTF    	B         	5	1679.0000	0	.0000	5	1679.0000	0	.0000	43	14439.0000	-43	-14439.0000
20080919	櫃買期貨            	GTF    	C         	0	.0000	0	.0000	0	.0000	0	.0000	0	.0000	0	.0000
20080919	摩臺期              	MSF    	A         	9	6711.0000	11	8208.0000	-2	-1497.0000	4	3025.0000	7	5295.0000	-3	-2270.0000
20080919	摩臺期              	MSF    	B         	0	.0000	0	.0000	0	.0000	0	.0000	0	.0000	0	.0000
20080919	摩臺期              	MSF    	C         	0	.0000	0	.0000	0	.0000	0	.0000	0	.0000	0	.0000
20080919	小型臺指            	MXF    	A         	5993	1756380.0000	2212	648059.0000	3781	1108321.0000	3263	962448.0000	4638	1368623.0000	-1375	-406175.0000
20080919	小型臺指            	MXF    	B         	0	.0000	3	873.0000	-3	-873.0000	0	.0000	3	886.0000	-3	-886.0000
20080919	小型臺指            	MXF    	C         	54	15927.0000	110	32087.0000	-56	-16161.0000	11	3228.0000	175	51695.0000	-164	-48467.0000
20080919	臺灣50期貨          	T5F    	A         	0	.0000	0	.0000	0	.0000	0	.0000	0	.0000	0	.0000
20080919	臺灣50期貨          	T5F    	B         	0	.0000	0	.0000	0	.0000	0	.0000	0	.0000	0	.0000
20080919	臺灣50期貨          	T5F    	C         	0	.0000	0	.0000	0	.0000	0	.0000	0	.0000	0	.0000
20080919	臺股期貨            	TXF    	A         	12749	14937328.0000	9306	10915497.0000	3443	4021831.0000	6571	7761199.0000	6868	8109848.0000	-297	-348649.0000
20080919	臺股期貨            	TXF    	B         	523	613935.0000	1113	1309983.0000	-590	-696048.0000	2376	2807482.0000	10126	11964790.0000	-7750	-9157308.0000
20080919	臺股期貨            	TXF    	C         	6891	8076854.0000	5221	6121713.0000	1670	1955141.0000	25359	29959478.0000	20296	23978467.0000	5063	5981011.0000
20080919	非金電期貨          	XIF    	A         	164	109179.0000	105	70091.0000	59	39088.0000	108	73124.0000	105	71113.0000	3	2011.0000
20080919	非金電期貨          	XIF    	B         	0	.0000	0	.0000	0	.0000	45	30483.0000	0	.0000	45	30483.0000
20080919	非金電期貨          	XIF    	C         	1	676.0000	75	49439.0000	-74	-48763.0000	3	2030.0000	112	75869.0000	-109	-73839.0000
20080922	電子期貨            	EXF    	A         	1018	1008664.0000	918	910529.0000	100	98135.0000	1132	1125661.0000	510	507193.0000	622	618468.0000
20080922	電子期貨            	EXF    	B         	0	.0000	0	.0000	0	.0000	233	231742.0000	250	248650.0000	-17	-16908.0000
20080922	電子期貨            	EXF    	C         	788	783475.0000	433	428051.0000	355	355424.0000	3363	3344840.0000	3670	3650182.0000	-307	-305342.0000
20080922	金融期貨            	FXF    	A         	677	500120.0000	678	502361.0000	-1	-2241.0000	359	265574.0000	1002	741453.0000	-643	-475879.0000
20080922	金融期貨            	FXF    	B         	30	22078.0000	0	.0000	30	22078.0000	144	106560.0000	1034	765160.0000	-890	-658600.0000
20080922	金融期貨            	FXF    	C         	743	553370.0000	609	450812.0000	134	102558.0000	4380	3241200.0000	1751	1295740.0000	2629	1945460.0000
20080922	櫃買期貨            	GTF    	A         	149	51227.0000	138	47420.0000	11	3807.0000	86	29959.0000	94	32663.0000	-8	-2704.0000
20080922	櫃買期貨            	GTF    	B         	0	.0000	0	.0000	0	.0000	0	.0000	43	14998.0000	-43	-14998.0000
20080922	櫃買期貨            	GTF    	C         	0	.0000	0	.0000	0	.0000	0	.0000	0	.0000	0	.0000
20080922	摩臺期              	MSF    	A         	8	6146.0000	8	6146.0000	0	.0000	8	6185.0000	11	8505.0000	-3	-2320.0000
20080922	摩臺期              	MSF    	B         	0	.0000	0	.0000	0	.0000	0	.0000	0	.0000	0	.0000
20080922	摩臺期              	MSF    	C         	0	.0000	0	.0000	0	.0000	0	.0000	0	.0000	0	.0000
20080922	小型臺指            	MXF    	A         	3859	1164292.0000	3340	1007569.0000	519	156724.0000	4034	1225900.0000	4882	1483900.0000	-848	-258000.0000
20080922	小型臺指            	MXF    	B         	0	.0000	0	.0000	0	.0000	0	.0000	3	913.0000	-3	-913.0000
20080922	小型臺指            	MXF    	C         	0	.0000	0	.0000	0	.0000	11	3312.0000	175	53253.0000	-164	-49941.0000
20080922	臺灣50期貨          	T5F    	A         	0	.0000	0	.0000	0	.0000	0	.0000	0	.0000	0	.0000
20080922	臺灣50期貨          	T5F    	B         	0	.0000	0	.0000	0	.0000	0	.0000	0	.0000	0	.0000
20080922	臺灣50期貨          	T5F    	C         	0	.0000	0	.0000	0	.0000	0	.0000	0	.0000	0	.0000
20080922	臺股期貨            	TXF    	A         	13758	16600493.0000	15557	18773982.0000	-1799	-2173489.0000	5917	7197960.0000	8015	9748546.0000	-2098	-2550586.0000
20080922	臺股期貨            	TXF    	B         	2179	2638054.0000	382	459256.0000	1797	2178798.0000	2256	2746003.0000	8209	9991851.0000	-5953	-7245848.0000
20080922	臺股期貨            	TXF    	C         	9797	11826655.0000	5736	6927369.0000	4061	4899286.0000	28608	34815462.0000	19483	23709572.0000	9125	11105890.0000
20080922	非金電期貨          	XIF    	A         	373	255737.0000	353	241589.0000	20	14149.0000	150	104923.0000	127	88871.0000	23	16052.0000
20080922	非金電期貨          	XIF    	B         	0	.0000	0	.0000	0	.0000	45	31505.0000	0	.0000	45	31505.0000
20080922	非金電期貨          	XIF    	C         	90	61301.0000	72	49171.0000	18	12130.0000	83	58105.0000	174	121817.0000	-91	-63712.0000
20080923	電子期貨            	EXF    	A         	763	759759.0000	830	829431.0000	-67	-69671.0000	1198	1209550.0000	643	649255.0000	555	560295.0000
20080923	電子期貨            	EXF    	B         	0	.0000	0	.0000	0	.0000	233	235283.0000	250	252450.0000	-17	-17167.0000
20080923	電子期貨            	EXF    	C         	339	341269.0000	229	229449.0000	110	111820.0000	3472	3506026.0000	3669	3704956.0000	-197	-198930.0000
20080923	金融期貨            	FXF    	A         	564	410911.0000	467	341103.0000	97	69807.0000	367	270691.0000	913	673601.0000	-546	-402910.0000
20080923	金融期貨            	FXF    	B         	800	582348.0000	126	91685.0000	674	490663.0000	394	290693.0000	610	450058.0000	-216	-159365.0000
20080923	金融期貨            	FXF    	C         	200	145638.0000	1118	814245.0000	-918	-668607.0000	4087	3015389.0000	2376	1753013.0000	1711	1262376.0000
20080923	櫃買期貨            	GTF    	A         	138	48348.0000	142	49745.0000	-4	-1397.0000	79	28296.0000	91	32561.0000	-12	-4265.0000
20080923	櫃買期貨            	GTF    	B         	0	.0000	0	.0000	0	.0000	0	.0000	43	15428.0000	-43	-15428.0000
20080923	櫃買期貨            	GTF    	C         	0	.0000	0	.0000	0	.0000	0	.0000	0	.0000	0	.0000
20080923	摩臺期              	MSF    	A         	7	5321.0000	7	5321.0000	0	.0000	13	9981.0000	16	12284.0000	-3	-2303.0000
20080923	摩臺期              	MSF    	B         	0	.0000	0	.0000	0	.0000	0	.0000	0	.0000	0	.0000
20080923	摩臺期              	MSF    	C         	0	.0000	0	.0000	0	.0000	0	.0000	0	.0000	0	.0000
20080923	小型臺指            	MXF    	A         	3249	986952.0000	3581	1087894.0000	-332	-100942.0000	4498	1378581.0000	5666	1736793.0000	-1168	-358212.0000
20080923	小型臺指            	MXF    	B         	0	.0000	0	.0000	0	.0000	0	.0000	3	920.0000	-3	-920.0000
20080923	小型臺指            	MXF    	C         	112	34051.0000	25	7574.0000	87	26477.0000	11	3356.0000	88	26994.0000	-77	-23638.0000
20080923	臺灣50期貨          	T5F    	A         	0	.0000	0	.0000	0	.0000	0	.0000	0	.0000	0	.0000
20080923	臺灣50期貨          	T5F    	B         	0	.0000	0	.0000	0	.0000	0	.0000	0	.0000	0	.0000
20080923	臺灣50期貨          	T5F    	C         	0	.0000	0	.0000	0	.0000	0	.0000	0	.0000	0	.0000
20080923	臺股期貨            	TXF    	A         	12668	15387374.0000	12399	15051061.0000	269	336313.0000	5985	7341193.0000	7817	9586873.0000	-1832	-2245680.0000
20080923	臺股期貨            	TXF    	B         	1560	1896722.0000	528	639582.0000	1032	1257140.0000	2327	2855229.0000	7248	8893220.0000	-4921	-6037991.0000
20080923	臺股期貨            	TXF    	C         	5050	6123607.0000	9096	11042795.0000	-4046	-4919188.0000	26404	32393758.0000	21325	26163023.0000	5079	6230735.0000
20080923	非金電期貨          	XIF    	A         	655	455587.0000	671	466685.0000	-16	-11098.0000	137	96244.0000	130	91377.0000	7	4867.0000
20080923	非金電期貨          	XIF    	B         	0	.0000	0	.0000	0	.0000	45	31631.0000	0	.0000	45	31631.0000
20080923	非金電期貨          	XIF    	C         	39	27107.0000	44	30637.0000	-5	-3530.0000	76	53417.0000	172	120899.0000	-96	-67482.0000
20080924	電子期貨            	EXF    	A         	799	805639.0000	701	708202.0000	98	97438.0000	1229	1245996.0000	576	584010.0000	653	661986.0000
20080924	電子期貨            	EXF    	B         	5	5089.0000	0	.0000	5	5089.0000	233	236262.0000	245	248430.0000	-12	-12168.0000
20080924	電子期貨            	EXF    	C         	318	322303.0000	323	325545.0000	-5	-3242.0000	3582	3632148.0000	3784	3836976.0000	-202	-204828.0000
20080924	金融期貨            	FXF    	A         	581	425461.0000	639	467164.0000	-58	-41703.0000	391	285887.0000	995	727703.0000	-604	-441816.0000
20080924	金融期貨            	FXF    	B         	0	.0000	14	10326.0000	-14	-10326.0000	380	277932.0000	610	446154.0000	-230	-168222.0000
20080924	金融期貨            	FXF    	C         	234	169863.0000	255	186694.0000	-21	-16831.0000	4043	2957050.0000	2353	1720984.0000	1690	1236066.0000
20080924	櫃買期貨            	GTF    	A         	96	35038.0000	97	35444.0000	-1	-405.0000	72	26581.0000	85	31356.0000	-13	-4775.0000
20080924	櫃買期貨            	GTF    	B         	0	.0000	0	.0000	0	.0000	0	.0000	43	15876.0000	-43	-15876.0000
20080924	櫃買期貨            	GTF    	C         	0	.0000	0	.0000	0	.0000	0	.0000	0	.0000	0	.0000
20080924	摩臺期              	MSF    	A         	15	11581.0000	15	11526.0000	0	55.0000	16	12319.0000	19	14629.0000	-3	-2310.0000
20080924	摩臺期              	MSF    	B         	0	.0000	0	.0000	0	.0000	0	.0000	0	.0000	0	.0000
20080924	摩臺期              	MSF    	C         	0	.0000	0	.0000	0	.0000	0	.0000	0	.0000	0	.0000
20080924	小型臺指            	MXF    	A         	2822	865465.0000	2980	912992.0000	-158	-47527.0000	4851	1491104.0000	6177	1899031.0000	-1326	-407927.0000
20080924	小型臺指            	MXF    	B         	0	.0000	0	.0000	0	.0000	0	.0000	3	923.0000	-3	-923.0000
20080924	小型臺指            	MXF    	C         	139	42804.0000	251	76836.0000	-112	-34032.0000	11	3362.0000	200	61540.0000	-189	-58178.0000
20080924	臺灣50期貨          	T5F    	A         	0	.0000	0	.0000	0	.0000	0	.0000	0	.0000	0	.0000
20080924	臺灣50期貨          	T5F    	B         	0	.0000	0	.0000	0	.0000	0	.0000	0	.0000	0	.0000
20080924	臺灣50期貨          	T5F    	C         	0	.0000	0	.0000	0	.0000	0	.0000	0	.0000	0	.0000
20080924	臺股期貨            	TXF    	A         	12484	15313661.0000	13739	16850918.0000	-1255	-1537257.0000	5913	7274306.0000	9000	11070588.0000	-3087	-3796282.0000
20080924	臺股期貨            	TXF    	B         	923	1132914.0000	257	315587.0000	666	817328.0000	2823	3474548.0000	7073	8705328.0000	-4250	-5230780.0000
20080924	臺股期貨            	TXF    	C         	6210	7619625.0000	4897	6007016.0000	1313	1612609.0000	26722	32883890.0000	20330	25017912.0000	6392	7865978.0000
20080924	非金電期貨          	XIF    	A         	665	465875.0000	663	464434.0000	2	1441.0000	143	100769.0000	134	94494.0000	9	6275.0000
20080924	非金電期貨          	XIF    	B         	0	.0000	0	.0000	0	.0000	45	31734.0000	0	.0000	45	31734.0000
20080924	非金電期貨          	XIF    	C         	34	23888.0000	8	5615.0000	26	18273.0000	76	53592.0000	146	102959.0000	-70	-49367.0000
20080925	電子期貨            	EXF    	A         	810	814305.0000	681	682744.0000	129	131561.0000	1321	1318924.0000	539	538191.0000	782	780733.0000
20080925	電子期貨            	EXF    	B         	0	.0000	445	448949.0000	-445	-448949.0000	233	232674.0000	690	689034.0000	-457	-456360.0000
20080925	電子期貨            	EXF    	C         	150	150640.0000	125	124937.0000	25	25703.0000	3564	3559010.0000	3741	3735763.0000	-177	-176753.0000
20080925	金融期貨            	FXF    	A         	679	487799.0000	565	405651.0000	114	82148.0000	428	310122.0000	918	665321.0000	-490	-355199.0000
20080925	金融期貨            	FXF    	B         	60	43332.0000	0	.0000	60	43332.0000	380	275424.0000	550	398640.0000	-170	-123216.0000
20080925	金融期貨            	FXF    	C         	249	178970.0000	344	247112.0000	-95	-68142.0000	4069	2949211.0000	2474	1793155.0000	1595	1156056.0000
20080925	櫃買期貨            	GTF    	A         	706	255979.0000	677	245594.0000	29	10385.0000	113	40815.0000	97	35030.0000	16	5785.0000
20080925	櫃買期貨            	GTF    	B         	0	.0000	0	.0000	0	.0000	0	.0000	43	15514.0000	-43	-15514.0000
20080925	櫃買期貨            	GTF    	C         	0	.0000	0	.0000	0	.0000	0	.0000	0	.0000	0	.0000
20080925	摩臺期              	MSF    	A         	4	3062.0000	4	3062.0000	0	.0000	16	12245.0000	19	14541.0000	-3	-2296.0000
20080925	摩臺期              	MSF    	B         	0	.0000	0	.0000	0	.0000	0	.0000	0	.0000	0	.0000
20080925	摩臺期              	MSF    	C         	0	.0000	0	.0000	0	.0000	0	.0000	0	.0000	0	.0000
20080925	小型臺指            	MXF    	A         	3510	1065777.0000	4059	1232877.0000	-549	-167100.0000	5388	1630218.0000	7203	2179765.0000	-1815	-549547.0000
20080925	小型臺指            	MXF    	B         	0	.0000	0	.0000	0	.0000	0	.0000	3	909.0000	-3	-909.0000
20080925	小型臺指            	MXF    	C         	384	117144.0000	613	186000.0000	-229	-68856.0000	11	3309.0000	429	129923.0000	-418	-126614.0000
20080925	臺灣50期貨          	T5F    	A         	0	.0000	0	.0000	0	.0000	0	.0000	0	.0000	0	.0000
20080925	臺灣50期貨          	T5F    	B         	0	.0000	0	.0000	0	.0000	0	.0000	0	.0000	0	.0000
20080925	臺灣50期貨          	T5F    	C         	0	.0000	0	.0000	0	.0000	0	.0000	0	.0000	0	.0000
20080925	臺股期貨            	TXF    	A         	12366	15026748.0000	12890	15660227.0000	-524	-633479.0000	5630	6816666.0000	9256	11205791.0000	-3626	-4389125.0000
20080925	臺股期貨            	TXF    	B         	1022	1239589.0000	579	703744.0000	443	535845.0000	3275	3967335.0000	7082	8579007.0000	-3807	-4611672.0000
20080925	臺股期貨            	TXF    	C         	5802	7046764.0000	6757	8210735.0000	-955	-1163971.0000	24499	29672353.0000	19062	23087147.0000	5437	6585206.0000
20080925	非金電期貨          	XIF    	A         	726	503466.0000	725	502711.0000	1	755.0000	150	103719.0000	140	96823.0000	10	6896.0000
20080925	非金電期貨          	XIF    	B         	0	.0000	0	.0000	0	.0000	45	31122.0000	0	.0000	45	31122.0000
20080925	非金電期貨          	XIF    	C         	31	21567.0000	4	2775.0000	27	18793.0000	76	52561.0000	119	82300.0000	-43	-29739.0000
20080926	電子期貨            	EXF    	A         	850	825901.0000	1043	1015072.0000	-193	-189170.0000	1203	1163558.0000	614	593929.0000	589	569629.0000
20080926	電子期貨            	EXF    	B         	95	92537.0000	36	35183.0000	59	57354.0000	233	225404.0000	631	610429.0000	-398	-385025.0000
20080926	電子期貨            	EXF    	C         	1046	1014713.0000	434	420777.0000	612	593937.0000	4078	3944973.0000	3643	3524238.0000	435	420735.0000
20080926	金融期貨            	FXF    	A         	753	535900.0000	575	408758.0000	178	127142.0000	369	261523.0000	681	482705.0000	-312	-221182.0000
20080926	金融期貨            	FXF    	B         	0	.0000	47	33221.0000	-47	-33221.0000	380	269344.0000	597	423154.0000	-217	-153810.0000
20080926	金融期貨            	FXF    	C         	327	232073.0000	445	315912.0000	-118	-83839.0000	4235	3001768.0000	2758	1954870.0000	1477	1046898.0000
20080926	櫃買期貨            	GTF    	A         	168	58961.0000	132	46342.0000	36	12620.0000	151	51874.0000	99	34009.0000	52	17865.0000
20080926	櫃買期貨            	GTF    	B         	0	.0000	0	.0000	0	.0000	0	.0000	43	14766.0000	-43	-14766.0000
20080926	櫃買期貨            	GTF    	C         	0	.0000	0	.0000	0	.0000	0	.0000	0	.0000	0	.0000
20080926	摩臺期              	MSF    	A         	9	6699.0000	9	6699.0000	0	.0000	19	14100.0000	22	16326.0000	-3	-2226.0000
20080926	摩臺期              	MSF    	B         	0	.0000	0	.0000	0	.0000	0	.0000	0	.0000	0	.0000
20080926	摩臺期              	MSF    	C         	0	.0000	0	.0000	0	.0000	0	.0000	0	.0000	0	.0000
20080926	小型臺指            	MXF    	A         	5385	1588484.0000	5781	1711917.0000	-396	-123433.0000	6131	1797590.0000	8342	2446065.0000	-2211	-648475.0000
20080926	小型臺指            	MXF    	B         	0	.0000	0	.0000	0	.0000	0	.0000	3	880.0000	-3	-880.0000
20080926	小型臺指            	MXF    	C         	317	92987.0000	771	228462.0000	-454	-135474.0000	11	3203.0000	883	259116.0000	-872	-255913.0000
20080926	臺灣50期貨          	T5F    	A         	0	.0000	0	.0000	0	.0000	0	.0000	0	.0000	0	.0000
20080926	臺灣50期貨          	T5F    	B         	0	.0000	0	.0000	0	.0000	0	.0000	0	.0000	0	.0000
20080926	臺灣50期貨          	T5F    	C         	0	.0000	0	.0000	0	.0000	0	.0000	0	.0000	0	.0000
20080926	臺股期貨            	TXF    	A         	15440	18254015.0000	15445	18255601.0000	-5	-1586.0000	5675	6657790.0000	9306	10916226.0000	-3631	-4258436.0000
20080926	臺股期貨            	TXF    	B         	211	248404.0000	4042	4779652.0000	-3831	-4531248.0000	2305	2705609.0000	9943	11670965.0000	-7638	-8965356.0000
20080926	臺股期貨            	TXF    	C         	8867	10454414.0000	7195	8480875.0000	1672	1973539.0000	25417	29828646.0000	18308	21485118.0000	7109	8343528.0000
20080926	非金電期貨          	XIF    	A         	369	249433.0000	377	255042.0000	-8	-5608.0000	144	96213.0000	142	94894.0000	2	1319.0000
20080926	非金電期貨          	XIF    	B         	0	.0000	0	.0000	0	.0000	45	30074.0000	0	.0000	45	30074.0000
20080926	非金電期貨          	XIF    	C         	30	20544.0000	44	29763.0000	-14	-9218.0000	76	50790.0000	133	88884.0000	-57	-38094.0000
20080930	電子期貨            	EXF    	A         	621	565030.0000	387	352017.0000	234	213013.0000	1402	1278070.0000	579	527804.0000	823	750266.0000
20080930	電子期貨            	EXF    	B         	47	42397.0000	144	130772.0000	-97	-88375.0000	233	212449.0000	728	663790.0000	-495	-451341.0000
20080930	電子期貨            	EXF    	C         	199	180217.0000	340	309851.0000	-141	-129634.0000	4157	3790279.0000	3863	3522283.0000	294	267996.0000
20080930	金融期貨            	FXF    	A         	595	392989.0000	338	223110.0000	257	169878.0000	358	235973.0000	413	272262.0000	-55	-36289.0000
20080930	金融期貨            	FXF    	B         	10	6592.0000	615	405729.0000	-605	-399137.0000	130	85696.0000	952	627558.0000	-822	-541862.0000
20080930	金融期貨            	FXF    	C         	1250	824293.0000	346	228190.0000	904	596104.0000	4129	2721837.0000	1748	1152282.0000	2381	1569555.0000
20080930	櫃買期貨            	GTF    	A         	140	45025.0000	140	45030.0000	0	-5.0000	136	44078.0000	84	27218.0000	52	16860.0000
20080930	櫃買期貨            	GTF    	B         	0	.0000	0	.0000	0	.0000	0	.0000	43	13932.0000	-43	-13932.0000
20080930	櫃買期貨            	GTF    	C         	0	.0000	0	.0000	0	.0000	0	.0000	0	.0000	0	.0000
20080930	摩臺期              	MSF    	A         	1	707.0000	1	708.0000	0	-2.0000	19	13609.0000	22	15758.0000	-3	-2149.0000
20080930	摩臺期              	MSF    	B         	0	.0000	0	.0000	0	.0000	0	.0000	0	.0000	0	.0000
20080930	摩臺期              	MSF    	C         	0	.0000	0	.0000	0	.0000	0	.0000	0	.0000	0	.0000
20080930	小型臺指            	MXF    	A         	3912	1072645.0000	4206	1150339.0000	-294	-77694.0000	5009	1387422.0000	7854	2175936.0000	-2845	-788514.0000
20080930	小型臺指            	MXF    	B         	0	.0000	0	.0000	0	.0000	0	.0000	3	832.0000	-3	-832.0000
20080930	小型臺指            	MXF    	C         	0	.0000	0	.0000	0	.0000	11	3025.0000	883	244856.0000	-872	-241831.0000
20080930	臺灣50期貨          	T5F    	A         	0	.0000	0	.0000	0	.0000	0	.0000	0	.0000	0	.0000
20080930	臺灣50期貨          	T5F    	B         	0	.0000	0	.0000	0	.0000	0	.0000	0	.0000	0	.0000
20080930	臺灣50期貨          	T5F    	C         	0	.0000	0	.0000	0	.0000	0	.0000	0	.0000	0	.0000
20080930	臺股期貨            	TXF    	A         	12480	13723141.0000	12447	13673699.0000	33	49442.0000	5725	6346866.0000	9238	10239757.0000	-3513	-3892891.0000
20080930	臺股期貨            	TXF    	B         	333	367179.0000	3760	4132622.0000	-3427	-3765443.0000	2095	2323774.0000	13160	14596904.0000	-11065	-12273130.0000
20080930	臺股期貨            	TXF    	C         	9901	10876371.0000	5090	5602911.0000	4811	5273460.0000	30895	34262276.0000	18975	21042957.0000	11920	13219319.0000
20080930	非金電期貨          	XIF    	A         	500	312987.0000	506	316637.0000	-6	-3650.0000	126	80431.0000	130	83130.0000	-4	-2699.0000
20080930	非金電期貨          	XIF    	B         	0	.0000	0	.0000	0	.0000	45	28800.0000	0	.0000	45	28800.0000
20080930	非金電期貨          	XIF    	C         	26	16395.0000	22	13888.0000	4	2508.0000	102	65272.0000	155	99200.0000	-53	-33928.0000
