20091102	電子期貨            	EXF    	A         	604	709863.0000	685	805143.0000	-81	-95280.0000	158	186317.0000	357	421193.0000	-199	-234876.0000
20091102	電子期貨            	EXF    	B         	0	.0000	15	17689.0000	-15	-17689.0000	272	321014.0000	141	166408.0000	131	154606.0000
20091102	電子期貨            	EXF    	C         	327	384079.0000	251	293761.0000	76	90319.0000	2363	2788804.0000	2524	2978825.0000	-161	-190021.0000
20091102	金融期貨            	FXF    	A         	729	622332.0000	735	626389.0000	-6	-4057.0000	1364	1174285.0000	415	357062.0000	949	817223.0000
20091102	金融期貨            	FXF    	B         	7	5927.0000	0	.0000	7	5927.0000	122	105042.0000	6	5166.0000	116	99876.0000
20091102	金融期貨            	FXF    	C         	419	355971.0000	179	153119.0000	240	202852.0000	1402	1207122.0000	4985	4292016.0000	-3583	-3084894.0000
20091102	櫃買期貨            	GTF    	A         	27	12869.0000	43	20468.0000	-16	-7600.0000	22	10574.0000	29	13940.0000	-7	-3366.0000
20091102	櫃買期貨            	GTF    	B         	0	.0000	0	.0000	0	.0000	0	.0000	0	.0000	0	.0000
20091102	櫃買期貨            	GTF    	C         	0	.0000	0	.0000	0	.0000	0	.0000	0	.0000	0	.0000
20091102	摩臺期              	MSF    	A         	0	.0000	0	.0000	0	.0000	0	.0000	2	1714.0000	-2	-1714.0000
20091102	摩臺期              	MSF    	B         	0	.0000	0	.0000	0	.0000	0	.0000	0	.0000	0	.0000
20091102	摩臺期              	MSF    	C         	0	.0000	0	.0000	0	.0000	0	.0000	0	.0000	0	.0000
20091102	小型臺指            	MXF    	A         	12457	4503003.0000	12464	4505656.0000	-7	-2653.0000	3902	1418655.0000	3625	1314087.0000	277	104568.0000
20091102	小型臺指            	MXF    	B         	0	.0000	0	.0000	0	.0000	0	.0000	14	5098.0000	-14	-5098.0000
20091102	小型臺指            	MXF    	C         	1827	660327.0000	718	259938.0000	1109	400389.0000	140	50845.0000	612	222841.0000	-472	-171996.0000
20091102	臺灣50期貨          	T5F    	A         	0	.0000	0	.0000	0	.0000	0	.0000	0	.0000	0	.0000
20091102	臺灣50期貨          	T5F    	B         	0	.0000	0	.0000	0	.0000	0	.0000	0	.0000	0	.0000
20091102	臺灣50期貨          	T5F    	C         	0	.0000	0	.0000	0	.0000	0	.0000	0	.0000	0	.0000
20091102	臺股期貨            	TXF    	A         	17497	25332521.0000	18295	26483503.0000	-798	-1150982.0000	4761	6913041.0000	5521	8025151.0000	-760	-1112110.0000
20091102	臺股期貨            	TXF    	B         	222	320061.0000	1431	2070822.0000	-1209	-1750761.0000	1609	2343669.0000	3413	4971376.0000	-1804	-2627707.0000
20091102	臺股期貨            	TXF    	C         	9166	13255192.0000	6126	8866163.0000	3040	4389029.0000	16558	24103219.0000	20261	29483442.0000	-3703	-5380223.0000
20091102	非金電期貨          	XIF    	A         	263	224720.0000	263	224751.0000	0	-31.0000	179	154327.0000	290	250029.0000	-111	-95702.0000
20091102	非金電期貨          	XIF    	B         	0	.0000	0	.0000	0	.0000	25	21550.0000	0	.0000	25	21550.0000
20091102	非金電期貨          	XIF    	C         	48	41044.0000	43	36698.0000	5	4346.0000	176	151712.0000	36	31042.0000	140	120670.0000
20091103	電子期貨            	EXF    	A         	435	512805.0000	515	607043.0000	-80	-94238.0000	107	125876.0000	386	454595.0000	-279	-328719.0000
20091103	電子期貨            	EXF    	B         	0	.0000	73	85940.0000	-73	-85940.0000	269	316936.0000	211	248600.0000	58	68336.0000
20091103	電子期貨            	EXF    	C         	514	606042.0000	162	190905.0000	352	415137.0000	2758	3249464.0000	2567	3024439.0000	191	225025.0000
20091103	金融期貨            	FXF    	A         	633	547991.0000	695	601424.0000	-62	-53432.0000	1323	1145008.0000	436	377001.0000	887	768007.0000
20091103	金融期貨            	FXF    	B         	0	.0000	0	.0000	0	.0000	122	105603.0000	6	5194.0000	116	100409.0000
20091103	金融期貨            	FXF    	C         	297	257056.0000	405	350521.0000	-108	-93464.0000	1143	989381.0000	4834	4184131.0000	-3691	-3194750.0000
20091103	櫃買期貨            	GTF    	A         	233	111506.0000	239	114411.0000	-6	-2905.0000	19	9091.0000	32	15318.0000	-13	-6227.0000
20091103	櫃買期貨            	GTF    	B         	0	.0000	0	.0000	0	.0000	0	.0000	0	.0000	0	.0000
20091103	櫃買期貨            	GTF    	C         	0	.0000	0	.0000	0	.0000	0	.0000	0	.0000	0	.0000
20091103	摩臺期              	MSF    	A         	0	.0000	2	1719.0000	-2	-1719.0000	0	.0000	4	3433.0000	-4	-3433.0000
20091103	摩臺期              	MSF    	B         	0	.0000	0	.0000	0	.0000	0	.0000	0	.0000	0	.0000
20091103	摩臺期              	MSF    	C         	0	.0000	0	.0000	0	.0000	0	.0000	0	.0000	0	.0000
20091103	小型臺指            	MXF    	A         	10098	3677158.0000	10180	3707513.0000	-82	-30355.0000	4453	1617991.0000	4262	1544561.0000	191	73430.0000
20091103	小型臺指            	MXF    	B         	0	.0000	0	.0000	0	.0000	0	.0000	14	5095.0000	-14	-5095.0000
20091103	小型臺指            	MXF    	C         	1076	391906.0000	1252	456058.0000	-176	-64151.0000	184	66832.0000	1268	461402.0000	-1084	-394570.0000
20091103	臺灣50期貨          	T5F    	A         	0	.0000	0	.0000	0	.0000	0	.0000	0	.0000	0	.0000
20091103	臺灣50期貨          	T5F    	B         	0	.0000	0	.0000	0	.0000	0	.0000	0	.0000	0	.0000
20091103	臺灣50期貨          	T5F    	C         	0	.0000	0	.0000	0	.0000	0	.0000	0	.0000	0	.0000
20091103	臺股期貨            	TXF    	A         	12518	18238602.0000	11946	17398689.0000	572	839913.0000	5266	7641570.0000	5453	7919188.0000	-187	-277618.0000
20091103	臺股期貨            	TXF    	B         	474	690694.0000	215	313011.0000	259	377683.0000	1829	2662292.0000	3374	4911194.0000	-1545	-2248902.0000
20091103	臺股期貨            	TXF    	C         	6930	10087339.0000	7145	10406254.0000	-215	-318915.0000	16679	24258357.0000	20488	29787388.0000	-3809	-5529031.0000
20091103	非金電期貨          	XIF    	A         	215	185066.0000	215	185048.0000	0	18.0000	184	158145.0000	295	253644.0000	-111	-95499.0000
20091103	非金電期貨          	XIF    	B         	0	.0000	0	.0000	0	.0000	25	21503.0000	0	.0000	25	21503.0000
20091103	非金電期貨          	XIF    	C         	47	40477.0000	55	47352.0000	-8	-6875.0000	187	160839.0000	55	47289.0000	132	113550.0000
20091104	電子期貨            	EXF    	A         	703	838681.0000	658	784792.0000	45	53889.0000	177	211790.0000	411	492003.0000	-234	-280213.0000
20091104	電子期貨            	EXF    	B         	0	.0000	0	.0000	0	.0000	269	322208.0000	211	252736.0000	58	69472.0000
20091104	電子期貨            	EXF    	C         	473	563694.0000	450	536487.0000	23	27206.0000	3001	3594584.0000	2787	3338269.0000	214	256315.0000
20091104	金融期貨            	FXF    	A         	1060	936649.0000	897	795007.0000	163	141642.0000	1438	1286879.0000	388	347012.0000	1050	939867.0000
20091104	金融期貨            	FXF    	B         	0	.0000	14	12496.0000	-14	-12496.0000	122	109190.0000	20	17900.0000	102	91290.0000
20091104	金融期貨            	FXF    	C         	271	238489.0000	451	396778.0000	-180	-158290.0000	991	886945.0000	4862	4351407.0000	-3871	-3464462.0000
20091104	櫃買期貨            	GTF    	A         	246	120195.0000	260	127108.0000	-14	-6913.0000	15	7474.0000	42	20920.0000	-27	-13446.0000
20091104	櫃買期貨            	GTF    	B         	0	.0000	0	.0000	0	.0000	0	.0000	0	.0000	0	.0000
20091104	櫃買期貨            	GTF    	C         	0	.0000	0	.0000	0	.0000	0	.0000	0	.0000	0	.0000
20091104	摩臺期              	MSF    	A         	2	1746.0000	5	4377.0000	-3	-2630.0000	0	.0000	7	6143.0000	-7	-6143.0000
20091104	摩臺期              	MSF    	B         	0	.0000	0	.0000	0	.0000	0	.0000	0	.0000	0	.0000
20091104	摩臺期              	MSF    	C         	0	.0000	0	.0000	0	.0000	0	.0000	0	.0000	0	.0000
20091104	小型臺指            	MXF    	A         	11590	4273892.0000	7488	2764785.0000	4102	1509107.0000	4226	1568909.0000	3233	1196240.0000	993	372669.0000
20091104	小型臺指            	MXF    	B         	0	.0000	0	.0000	0	.0000	0	.0000	14	5207.0000	-14	-5207.0000
20091104	小型臺指            	MXF    	C         	932	344157.0000	688	254063.0000	244	90094.0000	212	78692.0000	1424	529562.0000	-1212	-450870.0000
20091104	臺灣50期貨          	T5F    	A         	0	.0000	0	.0000	0	.0000	0	.0000	0	.0000	0	.0000
20091104	臺灣50期貨          	T5F    	B         	0	.0000	0	.0000	0	.0000	0	.0000	0	.0000	0	.0000
20091104	臺灣50期貨          	T5F    	C         	0	.0000	0	.0000	0	.0000	0	.0000	0	.0000	0	.0000
20091104	臺股期貨            	TXF    	A         	18469	27280827.0000	17263	25518438.0000	1206	1762389.0000	6955	10321292.0000	5111	7583481.0000	1844	2737811.0000
20091104	臺股期貨            	TXF    	B         	910	1347077.0000	155	228469.0000	755	1118608.0000	1896	2820490.0000	2686	3995694.0000	-790	-1175204.0000
20091104	臺股期貨            	TXF    	C         	7819	11539952.0000	6429	9505327.0000	1390	2034625.0000	17624	26195257.0000	19950	29640158.0000	-2326	-3444901.0000
20091104	非金電期貨          	XIF    	A         	195	170785.0000	160	140006.0000	35	30779.0000	175	154181.0000	251	221261.0000	-76	-67080.0000
20091104	非金電期貨          	XIF    	B         	0	.0000	0	.0000	0	.0000	25	22050.0000	0	.0000	25	22050.0000
20091104	非金電期貨          	XIF    	C         	56	49023.0000	162	141890.0000	-106	-92867.0000	61	53802.0000	35	30843.0000	26	22959.0000
20091105	電子期貨            	EXF    	A         	637	762070.0000	650	777143.0000	-13	-15073.0000	183	218569.0000	430	513770.0000	-247	-295201.0000
20091105	電子期貨            	EXF    	B         	0	.0000	0	.0000	0	.0000	269	321563.0000	211	252229.0000	58	69334.0000
20091105	電子期貨            	EXF    	C         	350	418986.0000	421	503485.0000	-71	-84499.0000	2970	3550316.0000	2827	3379396.0000	143	170920.0000
20091105	金融期貨            	FXF    	A         	487	431690.0000	505	447514.0000	-18	-15824.0000	1437	1270481.0000	405	357832.0000	1032	912649.0000
20091105	金融期貨            	FXF    	B         	0	.0000	0	.0000	0	.0000	122	107872.0000	20	17684.0000	102	90188.0000
20091105	金融期貨            	FXF    	C         	180	159559.0000	277	245565.0000	-97	-86006.0000	1002	885968.0000	4970	4394400.0000	-3968	-3508432.0000
20091105	櫃買期貨            	GTF    	A         	236	116708.0000	229	113207.0000	7	3501.0000	18	8910.0000	38	18821.0000	-20	-9911.0000
20091105	櫃買期貨            	GTF    	B         	0	.0000	0	.0000	0	.0000	0	.0000	0	.0000	0	.0000
20091105	櫃買期貨            	GTF    	C         	0	.0000	0	.0000	0	.0000	0	.0000	0	.0000	0	.0000
20091105	摩臺期              	MSF    	A         	0	.0000	0	.0000	0	.0000	0	.0000	7	6118.0000	-7	-6118.0000
20091105	摩臺期              	MSF    	B         	0	.0000	0	.0000	0	.0000	0	.0000	0	.0000	0	.0000
20091105	摩臺期              	MSF    	C         	0	.0000	0	.0000	0	.0000	0	.0000	0	.0000	0	.0000
20091105	小型臺指            	MXF    	A         	12242	4533746.0000	12541	4642929.0000	-299	-109183.0000	4411	1630519.0000	3717	1369646.0000	694	260873.0000
20091105	小型臺指            	MXF    	B         	0	.0000	0	.0000	0	.0000	0	.0000	14	5184.0000	-14	-5184.0000
20091105	小型臺指            	MXF    	C         	850	314916.0000	669	247639.0000	181	67277.0000	289	106853.0000	1672	619117.0000	-1383	-512264.0000
20091105	臺灣50期貨          	T5F    	A         	0	.0000	0	.0000	0	.0000	0	.0000	0	.0000	0	.0000
20091105	臺灣50期貨          	T5F    	B         	0	.0000	0	.0000	0	.0000	0	.0000	0	.0000	0	.0000
20091105	臺灣50期貨          	T5F    	C         	0	.0000	0	.0000	0	.0000	0	.0000	0	.0000	0	.0000
20091105	臺股期貨            	TXF    	A         	15332	22719466.0000	15810	23420947.0000	-478	-701481.0000	5606	8276660.0000	4240	6259936.0000	1366	2016724.0000
20091105	臺股期貨            	TXF    	B         	631	934924.0000	424	627659.0000	207	307266.0000	1897	2809836.0000	2480	3673376.0000	-583	-863540.0000
20091105	臺股期貨            	TXF    	C         	5635	8344859.0000	5533	8193257.0000	102	151602.0000	18372	27187036.0000	20517	30346841.0000	-2145	-3159805.0000
20091105	非金電期貨          	XIF    	A         	249	217873.0000	283	247611.0000	-34	-29737.0000	178	155950.0000	288	252444.0000	-110	-96494.0000
20091105	非金電期貨          	XIF    	B         	0	.0000	0	.0000	0	.0000	25	21923.0000	0	.0000	25	21923.0000
20091105	非金電期貨          	XIF    	C         	118	103377.0000	36	31541.0000	82	71837.0000	142	124520.0000	34	29798.0000	108	94722.0000
20091106	電子期貨            	EXF    	A         	483	582763.0000	493	594563.0000	-10	-11801.0000	155	186462.0000	412	495850.0000	-257	-309388.0000
20091106	電子期貨            	EXF    	B         	0	.0000	4	4820.0000	-4	-4820.0000	268	322672.0000	214	257656.0000	54	65016.0000
20091106	電子期貨            	EXF    	C         	327	394691.0000	223	268633.0000	104	126059.0000	2959	3562618.0000	2712	3265248.0000	247	297370.0000
20091106	金融期貨            	FXF    	A         	794	709406.0000	777	693616.0000	17	15790.0000	1436	1283057.0000	387	345415.0000	1049	937642.0000
20091106	金融期貨            	FXF    	B         	0	.0000	0	.0000	0	.0000	122	109019.0000	20	17872.0000	102	91147.0000
20091106	金融期貨            	FXF    	C         	212	189341.0000	402	359122.0000	-190	-169781.0000	948	847133.0000	5106	4562588.0000	-4158	-3715455.0000
20091106	櫃買期貨            	GTF    	A         	230	113576.0000	225	111078.0000	5	2498.0000	21	10409.0000	36	17859.0000	-15	-7450.0000
20091106	櫃買期貨            	GTF    	B         	0	.0000	0	.0000	0	.0000	0	.0000	0	.0000	0	.0000
20091106	櫃買期貨            	GTF    	C         	0	.0000	0	.0000	0	.0000	0	.0000	0	.0000	0	.0000
20091106	摩臺期              	MSF    	A         	1	882.0000	1	883.0000	0	-2.0000	0	.0000	7	6161.0000	-7	-6161.0000
20091106	摩臺期              	MSF    	B         	0	.0000	0	.0000	0	.0000	0	.0000	0	.0000	0	.0000
20091106	摩臺期              	MSF    	C         	0	.0000	0	.0000	0	.0000	0	.0000	0	.0000	0	.0000
20091106	小型臺指            	MXF    	A         	10805	4041181.0000	10330	3860265.0000	475	180916.0000	4909	1831762.0000	3764	1399422.0000	1145	432340.0000
20091106	小型臺指            	MXF    	B         	0	.0000	0	.0000	0	.0000	0	.0000	14	5232.0000	-14	-5232.0000
20091106	小型臺指            	MXF    	C         	802	299661.0000	939	350689.0000	-137	-51028.0000	327	121938.0000	1887	705172.0000	-1560	-583234.0000
20091106	臺灣50期貨          	T5F    	A         	0	.0000	0	.0000	0	.0000	0	.0000	0	.0000	0	.0000
20091106	臺灣50期貨          	T5F    	B         	0	.0000	0	.0000	0	.0000	0	.0000	0	.0000	0	.0000
20091106	臺灣50期貨          	T5F    	C         	0	.0000	0	.0000	0	.0000	0	.0000	0	.0000	0	.0000
20091106	臺股期貨            	TXF    	A         	14963	22374250.0000	14887	22260718.0000	76	113532.0000	5804	8648801.0000	4356	6490844.0000	1448	2157957.0000
20091106	臺股期貨            	TXF    	B         	253	379083.0000	90	134348.0000	163	244735.0000	1911	2856563.0000	2331	3484379.0000	-420	-627816.0000
20091106	臺股期貨            	TXF    	C         	5240	7839398.0000	6782	10137001.0000	-1542	-2297603.0000	18270	27284246.0000	21947	32763486.0000	-3677	-5479240.0000
20091106	非金電期貨          	XIF    	A         	113	100103.0000	80	70844.0000	33	29259.0000	183	162184.0000	260	230533.0000	-77	-68349.0000
20091106	非金電期貨          	XIF    	B         	0	.0000	0	.0000	0	.0000	25	22180.0000	0	.0000	25	22180.0000
20091106	非金電期貨          	XIF    	C         	11	9753.0000	44	39024.0000	-33	-29271.0000	138	122430.0000	63	55870.0000	75	66560.0000
20091109	電子期貨            	EXF    	A         	868	1048938.0000	751	908020.0000	117	140917.0000	486	587294.0000	626	756387.0000	-140	-169093.0000
20091109	電子期貨            	EXF    	B         	3	3617.0000	0	.0000	3	3617.0000	268	323958.0000	211	255057.0000	57	68901.0000
20091109	電子期貨            	EXF    	C         	283	342299.0000	531	640825.0000	-248	-298526.0000	3049	3685602.0000	3050	3686840.0000	-1	-1238.0000
20091109	金融期貨            	FXF    	A         	1023	932493.0000	797	726451.0000	226	206042.0000	1601	1463822.0000	326	297795.0000	1275	1166027.0000
20091109	金融期貨            	FXF    	B         	0	.0000	0	.0000	0	.0000	122	111557.0000	20	18288.0000	102	93269.0000
20091109	金融期貨            	FXF    	C         	462	421128.0000	332	302121.0000	130	119008.0000	973	889552.0000	5001	4572713.0000	-4028	-3683161.0000
20091109	櫃買期貨            	GTF    	A         	234	115764.0000	239	118252.0000	-5	-2488.0000	22	10964.0000	42	20962.0000	-20	-9998.0000
20091109	櫃買期貨            	GTF    	B         	0	.0000	0	.0000	0	.0000	0	.0000	0	.0000	0	.0000
20091109	櫃買期貨            	GTF    	C         	0	.0000	0	.0000	0	.0000	0	.0000	0	.0000	0	.0000
20091109	摩臺期              	MSF    	A         	0	.0000	0	.0000	0	.0000	0	.0000	7	6203.0000	-7	-6203.0000
20091109	摩臺期              	MSF    	B         	0	.0000	0	.0000	0	.0000	0	.0000	0	.0000	0	.0000
20091109	摩臺期              	MSF    	C         	0	.0000	0	.0000	0	.0000	0	.0000	0	.0000	0	.0000
20091109	小型臺指            	MXF    	A         	10586	3989555.0000	10228	3852771.0000	358	136784.0000	5839	2200510.0000	4100	1539824.0000	1739	660686.0000
20091109	小型臺指            	MXF    	B         	0	.0000	0	.0000	0	.0000	0	.0000	14	5283.0000	-14	-5283.0000
20091109	小型臺指            	MXF    	C         	774	291825.0000	785	295676.0000	-11	-3850.0000	278	104533.0000	1777	670551.0000	-1499	-566018.0000
20091109	臺灣50期貨          	T5F    	A         	0	.0000	0	.0000	0	.0000	0	.0000	0	.0000	0	.0000
20091109	臺灣50期貨          	T5F    	B         	0	.0000	0	.0000	0	.0000	0	.0000	0	.0000	0	.0000
20091109	臺灣50期貨          	T5F    	C         	0	.0000	0	.0000	0	.0000	0	.0000	0	.0000	0	.0000
20091109	臺股期貨            	TXF    	A         	16044	24187040.0000	15301	23062648.0000	743	1124392.0000	7236	10893952.0000	5104	7682411.0000	2132	3211541.0000
20091109	臺股期貨            	TXF    	B         	380	573371.0000	218	328161.0000	162	245210.0000	1916	2892010.0000	2174	3281436.0000	-258	-389426.0000
20091109	臺股期貨            	TXF    	C         	6292	9485855.0000	6925	10434954.0000	-633	-949099.0000	19452	29335665.0000	23770	35836476.0000	-4318	-6500811.0000
20091109	非金電期貨          	XIF    	A         	191	171133.0000	219	196320.0000	-28	-25187.0000	171	153596.0000	276	248022.0000	-105	-94426.0000
20091109	非金電期貨          	XIF    	B         	0	.0000	0	.0000	0	.0000	25	22475.0000	0	.0000	25	22475.0000
20091109	非金電期貨          	XIF    	C         	41	36820.0000	21	18820.0000	20	18000.0000	158	142040.0000	63	56621.0000	95	85419.0000
20091110	電子期貨            	EXF    	A         	504	614207.0000	458	558254.0000	46	55953.0000	486	591965.0000	580	706263.0000	-94	-114298.0000
20091110	電子期貨            	EXF    	B         	0	.0000	0	.0000	0	.0000	268	326531.0000	211	257082.0000	57	69449.0000
20091110	電子期貨            	EXF    	C         	253	308522.0000	263	320545.0000	-10	-12023.0000	3050	3716010.0000	3061	3729522.0000	-11	-13512.0000
20091110	金融期貨            	FXF    	A         	573	524019.0000	515	471177.0000	58	52843.0000	1657	1516299.0000	324	296241.0000	1333	1220058.0000
20091110	金融期貨            	FXF    	B         	0	.0000	0	.0000	0	.0000	122	111654.0000	20	18304.0000	102	93350.0000
20091110	金融期貨            	FXF    	C         	215	197389.0000	280	256282.0000	-65	-58893.0000	1052	962636.0000	5145	4708369.0000	-4093	-3745733.0000
20091110	櫃買期貨            	GTF    	A         	450	224271.0000	453	225790.0000	-3	-1520.0000	22	11012.0000	45	22550.0000	-23	-11538.0000
20091110	櫃買期貨            	GTF    	B         	0	.0000	0	.0000	0	.0000	0	.0000	0	.0000	0	.0000
20091110	櫃買期貨            	GTF    	C         	0	.0000	0	.0000	0	.0000	0	.0000	0	.0000	0	.0000
20091110	摩臺期              	MSF    	A         	0	.0000	0	.0000	0	.0000	0	.0000	7	6242.0000	-7	-6242.0000
20091110	摩臺期              	MSF    	B         	0	.0000	0	.0000	0	.0000	0	.0000	0	.0000	0	.0000
20091110	摩臺期              	MSF    	C         	0	.0000	0	.0000	0	.0000	0	.0000	0	.0000	0	.0000
20091110	小型臺指            	MXF    	A         	7125	2705920.0000	6614	2510475.0000	511	195445.0000	6828	2588712.0000	3830	1446101.0000	2998	1142611.0000
20091110	小型臺指            	MXF    	B         	0	.0000	0	.0000	0	.0000	0	.0000	14	5314.0000	-14	-5314.0000
20091110	小型臺指            	MXF    	C         	432	163931.0000	538	204136.0000	-106	-40205.0000	309	116861.0000	1966	746195.0000	-1657	-629334.0000
20091110	臺灣50期貨          	T5F    	A         	0	.0000	0	.0000	0	.0000	0	.0000	0	.0000	0	.0000
20091110	臺灣50期貨          	T5F    	B         	0	.0000	0	.0000	0	.0000	0	.0000	0	.0000	0	.0000
20091110	臺灣50期貨          	T5F    	C         	0	.0000	0	.0000	0	.0000	0	.0000	0	.0000	0	.0000
20091110	臺股期貨            	TXF    	A         	12859	19528320.0000	11307	17173069.0000	1552	2355251.0000	8341	12633794.0000	4844	7333343.0000	3497	5300451.0000
20091110	臺股期貨            	TXF    	B         	278	422070.0000	241	365847.0000	37	56223.0000	1844	2799561.0000	2065	3135083.0000	-221	-335522.0000
20091110	臺股期貨            	TXF    	C         	4814	7313037.0000	5797	8801049.0000	-983	-1488012.0000	19067	28920193.0000	24355	36931064.0000	-5288	-8010871.0000
20091110	非金電期貨          	XIF    	A         	692	617732.0000	681	607805.0000	11	9928.0000	178	160852.0000	272	245949.0000	-94	-85097.0000
20091110	非金電期貨          	XIF    	B         	0	.0000	0	.0000	0	.0000	25	22620.0000	0	.0000	25	22620.0000
20091110	非金電期貨          	XIF    	C         	8	7282.0000	31	28071.0000	-23	-20790.0000	138	124859.0000	66	59690.0000	72	65169.0000
20091111	電子期貨            	EXF    	A         	1017	1248589.0000	750	921086.0000	267	327503.0000	761	939777.0000	588	725455.0000	173	214322.0000
20091111	電子期貨            	EXF    	B         	25	30736.0000	0	.0000	25	30736.0000	268	331034.0000	186	229747.0000	82	101287.0000
20091111	電子期貨            	EXF    	C         	579	710334.0000	535	656083.0000	44	54251.0000	3116	3848316.0000	3083	3808070.0000	33	40246.0000
20091111	金融期貨            	FXF    	A         	864	790933.0000	1012	925709.0000	-148	-134776.0000	1528	1408960.0000	343	316036.0000	1185	1092924.0000
20091111	金融期貨            	FXF    	B         	0	.0000	5	4609.0000	-5	-4609.0000	117	107897.0000	20	18444.0000	97	89453.0000
20091111	金融期貨            	FXF    	C         	460	419831.0000	587	535549.0000	-127	-115718.0000	1223	1127628.0000	5443	5018905.0000	-4220	-3891277.0000
20091111	櫃買期貨            	GTF    	A         	12	6021.0000	13	6514.0000	-1	-493.0000	21	10551.0000	45	22657.0000	-24	-12106.0000
20091111	櫃買期貨            	GTF    	B         	0	.0000	0	.0000	0	.0000	0	.0000	0	.0000	0	.0000
20091111	櫃買期貨            	GTF    	C         	0	.0000	0	.0000	0	.0000	0	.0000	0	.0000	0	.0000
20091111	摩臺期              	MSF    	A         	0	.0000	0	.0000	0	.0000	0	.0000	7	6325.0000	-7	-6325.0000
20091111	摩臺期              	MSF    	B         	0	.0000	0	.0000	0	.0000	0	.0000	0	.0000	0	.0000
20091111	摩臺期              	MSF    	C         	0	.0000	0	.0000	0	.0000	0	.0000	0	.0000	0	.0000
20091111	小型臺指            	MXF    	A         	13129	4999171.0000	10845	4132604.0000	2284	866567.0000	5289	2027297.0000	4079	1558528.0000	1210	468769.0000
20091111	小型臺指            	MXF    	B         	0	.0000	0	.0000	0	.0000	0	.0000	14	5375.0000	-14	-5375.0000
20091111	小型臺指            	MXF    	C         	1519	579204.0000	653	248281.0000	866	330923.0000	315	120344.0000	1198	459912.0000	-883	-339568.0000
20091111	臺灣50期貨          	T5F    	A         	0	.0000	0	.0000	0	.0000	0	.0000	0	.0000	0	.0000
20091111	臺灣50期貨          	T5F    	B         	0	.0000	0	.0000	0	.0000	0	.0000	0	.0000	0	.0000
20091111	臺灣50期貨          	T5F    	C         	0	.0000	0	.0000	0	.0000	0	.0000	0	.0000	0	.0000
20091111	臺股期貨            	TXF    	A         	23927	36516056.0000	21446	32716037.0000	2481	3800019.0000	11305	17324313.0000	4309	6595269.0000	6996	10729044.0000
20091111	臺股期貨            	TXF    	B         	508	776921.0000	160	242964.0000	348	533957.0000	1898	2914569.0000	1771	2719548.0000	127	195021.0000
20091111	臺股期貨            	TXF    	C         	11860	18037797.0000	12210	18613274.0000	-350	-575477.0000	19680	30183994.0000	25295	38785237.0000	-5615	-8601243.0000
20091111	非金電期貨          	XIF    	A         	415	372540.0000	411	368989.0000	4	3552.0000	172	156659.0000	262	238766.0000	-90	-82107.0000
20091111	非金電期貨          	XIF    	B         	0	.0000	0	.0000	0	.0000	25	22798.0000	0	.0000	25	22798.0000
20091111	非金電期貨          	XIF    	C         	62	56194.0000	14	12661.0000	48	43533.0000	186	169602.0000	66	60160.0000	120	109442.0000
20091112	電子期貨            	EXF    	A         	412	509100.0000	460	568333.0000	-48	-59234.0000	779	962322.0000	654	807157.0000	125	155165.0000
20091112	電子期貨            	EXF    	B         	0	.0000	0	.0000	0	.0000	268	331141.0000	186	229822.0000	82	101319.0000
20091112	電子期貨            	EXF    	C         	183	226187.0000	145	179250.0000	38	46937.0000	3100	3829757.0000	3029	3742580.0000	71	87177.0000
20091112	金融期貨            	FXF    	A         	618	570056.0000	604	556729.0000	14	13327.0000	1560	1439414.0000	361	332724.0000	1199	1106690.0000
20091112	金融期貨            	FXF    	B         	0	.0000	0	.0000	0	.0000	117	107968.0000	20	18456.0000	97	89512.0000
20091112	金融期貨            	FXF    	C         	253	233533.0000	279	256949.0000	-26	-23416.0000	1220	1125572.0000	5466	5043109.0000	-4246	-3917537.0000
20091112	櫃買期貨            	GTF    	A         	30	15137.0000	33	16658.0000	-3	-1520.0000	20	10078.0000	47	23661.0000	-27	-13583.0000
20091112	櫃買期貨            	GTF    	B         	0	.0000	0	.0000	0	.0000	0	.0000	0	.0000	0	.0000
20091112	櫃買期貨            	GTF    	C         	0	.0000	0	.0000	0	.0000	0	.0000	0	.0000	0	.0000
20091112	摩臺期              	MSF    	A         	0	.0000	0	.0000	0	.0000	0	.0000	7	6314.0000	-7	-6314.0000
20091112	摩臺期              	MSF    	B         	0	.0000	0	.0000	0	.0000	0	.0000	0	.0000	0	.0000
20091112	摩臺期              	MSF    	C         	0	.0000	0	.0000	0	.0000	0	.0000	0	.0000	0	.0000
20091112	小型臺指            	MXF    	A         	8259	3172398.0000	7952	3054592.0000	307	117806.0000	5251	2014650.0000	3846	1470107.0000	1405	544543.0000
20091112	小型臺指            	MXF    	B         	0	.0000	0	.0000	0	.0000	0	.0000	14	5380.0000	-14	-5380.0000
20091112	小型臺指            	MXF    	C         	658	252708.0000	758	291042.0000	-100	-38334.0000	164	62395.0000	1187	456095.0000	-1023	-393700.0000
20091112	臺灣50期貨          	T5F    	A         	0	.0000	0	.0000	0	.0000	0	.0000	0	.0000	0	.0000
20091112	臺灣50期貨          	T5F    	B         	0	.0000	0	.0000	0	.0000	0	.0000	0	.0000	0	.0000
20091112	臺灣50期貨          	T5F    	C         	0	.0000	0	.0000	0	.0000	0	.0000	0	.0000	0	.0000
20091112	臺股期貨            	TXF    	A         	12277	18865884.0000	11800	18133349.0000	477	732536.0000	11778	18062892.0000	4277	6550506.0000	7501	11512386.0000
20091112	臺股期貨            	TXF    	B         	292	449086.0000	524	804855.0000	-232	-355769.0000	1907	2931059.0000	2012	3092444.0000	-105	-161385.0000
20091112	臺股期貨            	TXF    	C         	5826	8952222.0000	5102	7837346.0000	724	1114877.0000	20140	30916651.0000	25021	38393119.0000	-4881	-7476468.0000
20091112	非金電期貨          	XIF    	A         	159	145278.0000	141	128814.0000	18	16464.0000	165	150752.0000	237	216620.0000	-72	-65868.0000
20091112	非金電期貨          	XIF    	B         	0	.0000	0	.0000	0	.0000	25	22860.0000	0	.0000	25	22860.0000
20091112	非金電期貨          	XIF    	C         	9	8207.0000	37	33837.0000	-28	-25630.0000	158	144467.0000	66	60332.0000	92	84135.0000
20091113	電子期貨            	EXF    	A         	949	1174464.0000	669	827231.0000	280	347232.0000	1070	1323814.0000	665	822027.0000	405	501787.0000
20091113	電子期貨            	EXF    	B         	0	.0000	79	97808.0000	-79	-97808.0000	189	233869.0000	186	230156.0000	3	3713.0000
20091113	電子期貨            	EXF    	C         	494	611269.0000	730	903461.0000	-236	-292192.0000	3253	4024649.0000	3418	4229391.0000	-165	-204742.0000
20091113	金融期貨            	FXF    	A         	1457	1321232.0000	1548	1405705.0000	-91	-84473.0000	1476	1333762.0000	368	332081.0000	1108	1001681.0000
20091113	金融期貨            	FXF    	B         	0	.0000	0	.0000	0	.0000	117	105745.0000	20	18076.0000	97	87669.0000
20091113	金融期貨            	FXF    	C         	375	340640.0000	1639	1487680.0000	-1264	-1147040.0000	1214	1097033.0000	6724	6075210.0000	-5510	-4978177.0000
20091113	櫃買期貨            	GTF    	A         	134	67178.0000	137	68688.0000	-3	-1510.0000	18	9046.0000	48	24132.0000	-30	-15086.0000
20091113	櫃買期貨            	GTF    	B         	0	.0000	0	.0000	0	.0000	0	.0000	0	.0000	0	.0000
20091113	櫃買期貨            	GTF    	C         	0	.0000	0	.0000	0	.0000	0	.0000	0	.0000	0	.0000
20091113	摩臺期              	MSF    	A         	0	.0000	0	.0000	0	.0000	0	.0000	7	6302.0000	-7	-6302.0000
20091113	摩臺期              	MSF    	B         	0	.0000	0	.0000	0	.0000	0	.0000	0	.0000	0	.0000
20091113	摩臺期              	MSF    	C         	0	.0000	0	.0000	0	.0000	0	.0000	0	.0000	0	.0000
20091113	小型臺指            	MXF    	A         	10714	4108793.0000	11677	4477221.0000	-963	-368429.0000	5751	2203329.0000	4613	1761647.0000	1138	441682.0000
20091113	小型臺指            	MXF    	B         	0	.0000	0	.0000	0	.0000	0	.0000	14	5371.0000	-14	-5371.0000
20091113	小型臺指            	MXF    	C         	1142	438447.0000	1196	458003.0000	-54	-19556.0000	158	59934.0000	1271	487612.0000	-1113	-427678.0000
20091113	臺灣50期貨          	T5F    	A         	0	.0000	0	.0000	0	.0000	0	.0000	0	.0000	0	.0000
20091113	臺灣50期貨          	T5F    	B         	0	.0000	0	.0000	0	.0000	0	.0000	0	.0000	0	.0000
20091113	臺灣50期貨          	T5F    	C         	0	.0000	0	.0000	0	.0000	0	.0000	0	.0000	0	.0000
20091113	臺股期貨            	TXF    	A         	16785	25745091.0000	16303	25007920.0000	482	737171.0000	12757	19534556.0000	4948	7573146.0000	7809	11961410.0000
20091113	臺股期貨            	TXF    	B         	576	882491.0000	189	289550.0000	387	592941.0000	1974	3028868.0000	1692	2596522.0000	282	432346.0000
20091113	臺股期貨            	TXF    	C         	9242	14178044.0000	11170	17131979.0000	-1928	-2953935.0000	19430	29772149.0000	26230	40178677.0000	-6800	-10406528.0000
20091113	非金電期貨          	XIF    	A         	201	183443.0000	182	166100.0000	19	17342.0000	141	128727.0000	194	177177.0000	-53	-48450.0000
20091113	非金電期貨          	XIF    	B         	0	.0000	0	.0000	0	.0000	25	22840.0000	0	.0000	25	22840.0000
20091113	非金電期貨          	XIF    	C         	34	31066.0000	28	25642.0000	6	5424.0000	164	149820.0000	66	60284.0000	98	89536.0000
20091116	電子期貨            	EXF    	A         	1250	1566127.0000	1200	1502889.0000	50	63238.0000	1092	1376910.0000	637	801534.0000	455	575376.0000
20091116	電子期貨            	EXF    	B         	107	134066.0000	55	69029.0000	52	65037.0000	181	228088.0000	126	158936.0000	55	69152.0000
20091116	電子期貨            	EXF    	C         	1331	1663722.0000	1424	1781817.0000	-93	-118095.0000	3542	4464346.0000	3800	4790766.0000	-258	-326420.0000
20091116	金融期貨            	FXF    	A         	1691	1552016.0000	1354	1242705.0000	337	309312.0000	2000	1849686.0000	555	511661.0000	1445	1338025.0000
20091116	金融期貨            	FXF    	B         	2	1844.0000	2	1851.0000	0	-7.0000	117	108265.0000	20	18508.0000	97	89757.0000
20091116	金融期貨            	FXF    	C         	2258	2068472.0000	1845	1689416.0000	413	379056.0000	1226	1132334.0000	6323	5846171.0000	-5097	-4713837.0000
20091116	櫃買期貨            	GTF    	A         	223	112558.0000	231	116643.0000	-8	-4085.0000	14	7153.0000	52	26600.0000	-38	-19447.0000
20091116	櫃買期貨            	GTF    	B         	0	.0000	0	.0000	0	.0000	0	.0000	0	.0000	0	.0000
20091116	櫃買期貨            	GTF    	C         	0	.0000	0	.0000	0	.0000	0	.0000	0	.0000	0	.0000
20091116	摩臺期              	MSF    	A         	0	.0000	0	.0000	0	.0000	0	.0000	7	6388.0000	-7	-6388.0000
20091116	摩臺期              	MSF    	B         	0	.0000	0	.0000	0	.0000	0	.0000	0	.0000	0	.0000
20091116	摩臺期              	MSF    	C         	0	.0000	0	.0000	0	.0000	0	.0000	0	.0000	0	.0000
20091116	小型臺指            	MXF    	A         	11661	4514448.0000	9987	3871730.0000	1674	642718.0000	5386	2097930.0000	3462	1344045.0000	1924	753885.0000
20091116	小型臺指            	MXF    	B         	0	.0000	0	.0000	0	.0000	0	.0000	14	5464.0000	-14	-5464.0000
20091116	小型臺指            	MXF    	C         	1128	437299.0000	530	206279.0000	598	231020.0000	228	88055.0000	875	341460.0000	-647	-253405.0000
20091116	臺灣50期貨          	T5F    	A         	0	.0000	0	.0000	0	.0000	0	.0000	0	.0000	0	.0000
20091116	臺灣50期貨          	T5F    	B         	0	.0000	0	.0000	0	.0000	0	.0000	0	.0000	0	.0000
20091116	臺灣50期貨          	T5F    	C         	0	.0000	0	.0000	0	.0000	0	.0000	0	.0000	0	.0000
20091116	臺股期貨            	TXF    	A         	21348	33114599.0000	20234	31410439.0000	1114	1704161.0000	14486	22562199.0000	5341	8319171.0000	9145	14243028.0000
20091116	臺股期貨            	TXF    	B         	1021	1584216.0000	1102	1712635.0000	-81	-128419.0000	1775	2767275.0000	1574	2455418.0000	201	311857.0000
20091116	臺股期貨            	TXF    	C         	16375	25403216.0000	15847	24595475.0000	528	807741.0000	24115	37572920.0000	30354	47277175.0000	-6239	-9704255.0000
20091116	非金電期貨          	XIF    	A         	225	207461.0000	200	184365.0000	25	23096.0000	197	182307.0000	225	208217.0000	-28	-25910.0000
20091116	非金電期貨          	XIF    	B         	3	2771.0000	7	6481.0000	-4	-3711.0000	21	19440.0000	0	.0000	21	19440.0000
20091116	非金電期貨          	XIF    	C         	34	31187.0000	41	37699.0000	-7	-6513.0000	157	145302.0000	66	61104.0000	91	84198.0000
20091117	電子期貨            	EXF    	A         	1722	2165853.0000	1682	2121745.0000	40	44109.0000	988	1233163.0000	493	618133.0000	495	615030.0000
20091117	電子期貨            	EXF    	B         	62	77660.0000	62	78043.0000	0	-383.0000	181	226182.0000	126	157989.0000	55	68193.0000
20091117	電子期貨            	EXF    	C         	3312	4170325.0000	3594	4517607.0000	-282	-347282.0000	3233	4042342.0000	3773	4712228.0000	-540	-669886.0000
20091117	金融期貨            	FXF    	A         	2473	2258220.0000	2210	2020876.0000	263	237344.0000	1882	1689220.0000	174	155406.0000	1708	1533814.0000
20091117	金融期貨            	FXF    	B         	62	55850.0000	55	49793.0000	7	6057.0000	117	105005.0000	13	11708.0000	104	93297.0000
20091117	金融期貨            	FXF    	C         	2755	2512880.0000	3211	2919349.0000	-456	-406469.0000	1364	1222716.0000	6917	6204740.0000	-5553	-4982024.0000
20091117	櫃買期貨            	GTF    	A         	268	134540.0000	262	131543.0000	6	2997.0000	22	11062.0000	54	27237.0000	-32	-16175.0000
20091117	櫃買期貨            	GTF    	B         	0	.0000	0	.0000	0	.0000	0	.0000	0	.0000	0	.0000
20091117	櫃買期貨            	GTF    	C         	0	.0000	0	.0000	0	.0000	0	.0000	0	.0000	0	.0000
20091117	摩臺期              	MSF    	A         	0	.0000	0	.0000	0	.0000	0	.0000	7	6320.0000	-7	-6320.0000
20091117	摩臺期              	MSF    	B         	0	.0000	0	.0000	0	.0000	0	.0000	0	.0000	0	.0000
20091117	摩臺期              	MSF    	C         	0	.0000	0	.0000	0	.0000	0	.0000	0	.0000	0	.0000
20091117	小型臺指            	MXF    	A         	22535	8820399.0000	25079	9807088.0000	-2544	-986690.0000	4614	1780539.0000	3410	1311908.0000	1204	468631.0000
20091117	小型臺指            	MXF    	B         	29	11289.0000	18	7007.0000	11	4283.0000	0	.0000	3	1161.0000	-3	-1161.0000
20091117	小型臺指            	MXF    	C         	735	287062.0000	1751	685885.0000	-1016	-398823.0000	236	90309.0000	1591	615415.0000	-1355	-525106.0000
20091117	臺灣50期貨          	T5F    	A         	0	.0000	0	.0000	0	.0000	0	.0000	0	.0000	0	.0000
20091117	臺灣50期貨          	T5F    	B         	0	.0000	0	.0000	0	.0000	0	.0000	0	.0000	0	.0000
20091117	臺灣50期貨          	T5F    	C         	0	.0000	0	.0000	0	.0000	0	.0000	0	.0000	0	.0000
20091117	臺股期貨            	TXF    	A         	36758	57558681.0000	37705	58966119.0000	-947	-1407438.0000	13631	21028445.0000	5889	9083673.0000	7742	11944772.0000
20091117	臺股期貨            	TXF    	B         	844	1310133.0000	1067	1663169.0000	-223	-353036.0000	1486	2292107.0000	1508	2329735.0000	-22	-37628.0000
20091117	臺股期貨            	TXF    	C         	23803	37144967.0000	25674	40067886.0000	-1871	-2922919.0000	25555	39411030.0000	33742	52025763.0000	-8187	-12614733.0000
20091117	非金電期貨          	XIF    	A         	199	184665.0000	203	188412.0000	-4	-3747.0000	175	161040.0000	207	190419.0000	-32	-29379.0000
20091117	非金電期貨          	XIF    	B         	7	6438.0000	7	6456.0000	0	-17.0000	21	19307.0000	0	.0000	21	19307.0000
20091117	非金電期貨          	XIF    	C         	69	64231.0000	98	90993.0000	-29	-26763.0000	128	117663.0000	66	60713.0000	62	56950.0000
20091118	電子期貨            	EXF    	A         	691	867935.0000	685	861014.0000	6	6921.0000	924	1158906.0000	59	74010.0000	865	1084896.0000
20091118	電子期貨            	EXF    	B         	202	254037.0000	198	248717.0000	4	5320.0000	185	232064.0000	126	158054.0000	59	74010.0000
20091118	電子期貨            	EXF    	C         	1000	1254630.0000	901	1130546.0000	99	124083.0000	2072	2599117.0000	3006	3770726.0000	-934	-1171609.0000
20091118	金融期貨            	FXF    	A         	1264	1139736.0000	1120	1011888.0000	144	127848.0000	1107	987210.0000	119	105661.0000	988	881549.0000
20091118	金融期貨            	FXF    	B         	73	65555.0000	60	54250.0000	13	11305.0000	117	104364.0000	0	.0000	117	104364.0000
20091118	金融期貨            	FXF    	C         	2963	2676251.0000	2724	2454056.0000	239	222195.0000	1332	1188144.0000	5121	4567932.0000	-3789	-3379788.0000
20091118	櫃買期貨            	GTF    	A         	78	39861.0000	77	39352.0000	1	508.0000	12	6114.0000	14	7116.0000	-2	-1002.0000
20091118	櫃買期貨            	GTF    	B         	0	.0000	0	.0000	0	.0000	0	.0000	0	.0000	0	.0000
20091118	櫃買期貨            	GTF    	C         	0	.0000	0	.0000	0	.0000	0	.0000	0	.0000	0	.0000
20091118	摩臺期              	MSF    	A         	0	.0000	0	.0000	0	.0000	0	.0000	2	1808.0000	-2	-1808.0000
20091118	摩臺期              	MSF    	B         	0	.0000	0	.0000	0	.0000	0	.0000	0	.0000	0	.0000
20091118	摩臺期              	MSF    	C         	0	.0000	0	.0000	0	.0000	0	.0000	0	.0000	0	.0000
20091118	小型臺指            	MXF    	A         	7705	2989417.0000	6714	2605583.0000	991	383834.0000	2255	871444.0000	556	210114.0000	1699	661330.0000
20091118	小型臺指            	MXF    	B         	3	1169.0000	2	774.0000	1	395.0000	0	.0000	2	774.0000	-2	-774.0000
20091118	小型臺指            	MXF    	C         	779	302308.0000	440	170662.0000	339	131646.0000	354	136304.0000	34	13156.0000	320	123148.0000
20091118	臺灣50期貨          	T5F    	A         	0	.0000	0	.0000	0	.0000	0	.0000	0	.0000	0	.0000
20091118	臺灣50期貨          	T5F    	B         	0	.0000	0	.0000	0	.0000	0	.0000	0	.0000	0	.0000
20091118	臺灣50期貨          	T5F    	C         	0	.0000	0	.0000	0	.0000	0	.0000	0	.0000	0	.0000
20091118	臺股期貨            	TXF    	A         	15031	23330155.0000	17299	26846218.0000	-2268	-3516063.0000	6930	10716387.0000	2770	4276256.0000	4160	6440131.0000
20091118	臺股期貨            	TXF    	B         	1450	2250545.0000	1244	1928684.0000	206	321861.0000	1551	2400638.0000	1254	1940941.0000	297	459697.0000
20091118	臺股期貨            	TXF    	C         	10970	17002860.0000	8080	12521403.0000	2890	4481456.0000	18130	28051056.0000	23590	36497788.0000	-5460	-8446732.0000
20091118	非金電期貨          	XIF    	A         	433	399161.0000	371	341802.0000	62	57359.0000	68	62832.0000	36	33240.0000	32	29592.0000
20091118	非金電期貨          	XIF    	B         	11	10152.0000	11	10187.0000	0	-35.0000	21	19404.0000	0	.0000	21	19404.0000
20091118	非金電期貨          	XIF    	C         	70	64661.0000	102	94244.0000	-32	-29584.0000	67	61908.0000	59	54516.0000	8	7392.0000
20091119	電子期貨            	EXF    	A         	601	756510.0000	592	745850.0000	9	10659.0000	959	1201276.0000	85	106488.0000	874	1094788.0000
20091119	電子期貨            	EXF    	B         	0	.0000	3	3773.0000	-3	-3773.0000	182	228010.0000	126	157853.0000	56	70157.0000
20091119	電子期貨            	EXF    	C         	570	718941.0000	311	391843.0000	259	327098.0000	2013	2521886.0000	2688	3367526.0000	-675	-845640.0000
20091119	金融期貨            	FXF    	A         	526	469862.0000	690	616670.0000	-164	-146808.0000	1006	894033.0000	182	161093.0000	824	732940.0000
20091119	金融期貨            	FXF    	B         	20	17871.0000	0	.0000	20	17871.0000	137	121793.0000	0	.0000	137	121793.0000
20091119	金融期貨            	FXF    	C         	183	163297.0000	381	340497.0000	-198	-177200.0000	1280	1137920.0000	5267	4682359.0000	-3987	-3544439.0000
20091119	櫃買期貨            	GTF    	A         	115	59577.0000	117	60623.0000	-2	-1046.0000	24	12431.0000	28	14493.0000	-4	-2062.0000
20091119	櫃買期貨            	GTF    	B         	0	.0000	0	.0000	0	.0000	0	.0000	0	.0000	0	.0000
20091119	櫃買期貨            	GTF    	C         	0	.0000	0	.0000	0	.0000	0	.0000	0	.0000	0	.0000
20091119	摩臺期              	MSF    	A         	0	.0000	0	.0000	0	.0000	0	.0000	2	1796.0000	-2	-1796.0000
20091119	摩臺期              	MSF    	B         	0	.0000	0	.0000	0	.0000	0	.0000	0	.0000	0	.0000
20091119	摩臺期              	MSF    	C         	0	.0000	0	.0000	0	.0000	0	.0000	0	.0000	0	.0000
20091119	小型臺指            	MXF    	A         	9503	3682734.0000	10214	3956488.0000	-711	-273754.0000	2396	921552.0000	1416	539999.0000	980	381553.0000
20091119	小型臺指            	MXF    	B         	0	.0000	0	.0000	0	.0000	0	.0000	2	770.0000	-2	-770.0000
20091119	小型臺指            	MXF    	C         	880	341288.0000	817	316174.0000	63	25115.0000	622	238875.0000	123	47367.0000	499	191508.0000
20091119	臺灣50期貨          	T5F    	A         	0	.0000	0	.0000	0	.0000	0	.0000	0	.0000	0	.0000
20091119	臺灣50期貨          	T5F    	B         	0	.0000	0	.0000	0	.0000	0	.0000	0	.0000	0	.0000
20091119	臺灣50期貨          	T5F    	C         	0	.0000	0	.0000	0	.0000	0	.0000	0	.0000	0	.0000
20091119	臺股期貨            	TXF    	A         	14294	22157789.0000	14946	23164022.0000	-652	-1006232.0000	6522	10037254.0000	3012	4627729.0000	3510	5409525.0000
20091119	臺股期貨            	TXF    	B         	271	420255.0000	467	721533.0000	-196	-301278.0000	1551	2389160.0000	1450	2233580.0000	101	155580.0000
20091119	臺股期貨            	TXF    	C         	4419	6853749.0000	4555	7057174.0000	-136	-203425.0000	17972	27674113.0000	23597	36334504.0000	-5625	-8660391.0000
20091119	非金電期貨          	XIF    	A         	133	122378.0000	103	94728.0000	30	27649.0000	113	103263.0000	51	46571.0000	62	56692.0000
20091119	非金電期貨          	XIF    	B         	0	.0000	0	.0000	0	.0000	21	19194.0000	0	.0000	21	19194.0000
20091119	非金電期貨          	XIF    	C         	34	31317.0000	53	48835.0000	-19	-17518.0000	64	58496.0000	75	68550.0000	-11	-10054.0000
20091120	電子期貨            	EXF    	A         	955	1190517.0000	995	1240013.0000	-40	-49496.0000	988	1234180.0000	154	192011.0000	834	1042169.0000
20091120	電子期貨            	EXF    	B         	0	.0000	4	4997.0000	-4	-4997.0000	178	222571.0000	126	157550.0000	52	65021.0000
20091120	電子期貨            	EXF    	C         	425	529691.0000	338	420807.0000	87	108883.0000	2084	2605834.0000	2672	3341069.0000	-588	-735235.0000
20091120	金融期貨            	FXF    	A         	1067	941851.0000	1089	960460.0000	-22	-18609.0000	1056	926050.0000	254	221960.0000	802	704090.0000
20091120	金融期貨            	FXF    	B         	0	.0000	0	.0000	0	.0000	137	120176.0000	0	.0000	137	120176.0000
20091120	金融期貨            	FXF    	C         	497	437027.0000	572	503593.0000	-75	-66566.0000	1166	1022815.0000	5228	4585997.0000	-4062	-3563182.0000
20091120	櫃買期貨            	GTF    	A         	64	33067.0000	68	35161.0000	-4	-2095.0000	27	14002.0000	35	18143.0000	-8	-4141.0000
20091120	櫃買期貨            	GTF    	B         	0	.0000	0	.0000	0	.0000	0	.0000	0	.0000	0	.0000
20091120	櫃買期貨            	GTF    	C         	0	.0000	0	.0000	0	.0000	0	.0000	0	.0000	0	.0000
20091120	摩臺期              	MSF    	A         	0	.0000	0	.0000	0	.0000	0	.0000	2	1791.0000	-2	-1791.0000
20091120	摩臺期              	MSF    	B         	0	.0000	0	.0000	0	.0000	0	.0000	0	.0000	0	.0000
20091120	摩臺期              	MSF    	C         	0	.0000	0	.0000	0	.0000	0	.0000	0	.0000	0	.0000
20091120	小型臺指            	MXF    	A         	12416	4753678.0000	12966	4961164.0000	-550	-207487.0000	2467	944910.0000	1557	591593.0000	910	353317.0000
20091120	小型臺指            	MXF    	B         	0	.0000	0	.0000	0	.0000	0	.0000	2	767.0000	-2	-767.0000
20091120	小型臺指            	MXF    	C         	1041	399011.0000	952	363703.0000	89	35308.0000	253	96351.0000	29	11122.0000	224	85229.0000
20091120	臺灣50期貨          	T5F    	A         	0	.0000	0	.0000	0	.0000	0	.0000	0	.0000	0	.0000
20091120	臺灣50期貨          	T5F    	B         	0	.0000	0	.0000	0	.0000	0	.0000	0	.0000	0	.0000
20091120	臺灣50期貨          	T5F    	C         	0	.0000	0	.0000	0	.0000	0	.0000	0	.0000	0	.0000
20091120	臺股期貨            	TXF    	A         	16521	25305445.0000	17714	27130560.0000	-1193	-1825115.0000	5509	8440703.0000	3312	5068401.0000	2197	3372302.0000
20091120	臺股期貨            	TXF    	B         	749	1146946.0000	778	1191628.0000	-29	-44682.0000	1606	2463604.0000	1534	2353156.0000	72	110448.0000
20091120	臺股期貨            	TXF    	C         	6691	10251625.0000	5887	9009852.0000	804	1241773.0000	17954	27530885.0000	22684	34782227.0000	-4730	-7251342.0000
20091120	非金電期貨          	XIF    	A         	166	150546.0000	177	160622.0000	-11	-10076.0000	91	82882.0000	40	36392.0000	51	46490.0000
20091120	非金電期貨          	XIF    	B         	0	.0000	0	.0000	0	.0000	21	19131.0000	0	.0000	21	19131.0000
20091120	非金電期貨          	XIF    	C         	27	24570.0000	24	21897.0000	3	2673.0000	64	58304.0000	72	65592.0000	-8	-7288.0000
20091123	電子期貨            	EXF    	A         	378	472423.0000	390	487654.0000	-12	-15231.0000	1003	1258088.0000	181	226689.0000	822	1031399.0000
20091123	電子期貨            	EXF    	B         	0	.0000	1	1255.0000	-1	-1255.0000	177	222206.0000	126	158180.0000	51	64026.0000
20091123	電子期貨            	EXF    	C         	229	286393.0000	315	393531.0000	-86	-107138.0000	2137	2682790.0000	2811	3528929.0000	-674	-846139.0000
20091123	金融期貨            	FXF    	A         	382	335843.0000	408	358556.0000	-26	-22714.0000	1032	909745.0000	256	224848.0000	776	684897.0000
20091123	金融期貨            	FXF    	B         	0	.0000	0	.0000	0	.0000	137	120807.0000	0	.0000	137	120807.0000
20091123	金融期貨            	FXF    	C         	90	79152.0000	105	92289.0000	-15	-13137.0000	1169	1030824.0000	5246	4625919.0000	-4077	-3595095.0000
20091123	櫃買期貨            	GTF    	A         	21	10949.0000	22	11474.0000	-1	-525.0000	26	13597.0000	35	18266.0000	-9	-4669.0000
20091123	櫃買期貨            	GTF    	B         	0	.0000	0	.0000	0	.0000	0	.0000	0	.0000	0	.0000
20091123	櫃買期貨            	GTF    	C         	0	.0000	0	.0000	0	.0000	0	.0000	0	.0000	0	.0000
20091123	摩臺期              	MSF    	A         	2	1799.0000	1	897.0000	1	902.0000	0	.0000	1	891.0000	-1	-891.0000
20091123	摩臺期              	MSF    	B         	0	.0000	0	.0000	0	.0000	0	.0000	0	.0000	0	.0000
20091123	摩臺期              	MSF    	C         	0	.0000	0	.0000	0	.0000	0	.0000	0	.0000	0	.0000
20091123	小型臺指            	MXF    	A         	4945	1894986.0000	5886	2255034.0000	-941	-360049.0000	2497	958998.0000	2460	940328.0000	37	18670.0000
20091123	小型臺指            	MXF    	B         	0	.0000	0	.0000	0	.0000	0	.0000	2	769.0000	-2	-769.0000
20091123	小型臺指            	MXF    	C         	386	147987.0000	155	59351.0000	231	88636.0000	353	134991.0000	66	25380.0000	287	109611.0000
20091123	臺灣50期貨          	T5F    	A         	0	.0000	0	.0000	0	.0000	0	.0000	0	.0000	0	.0000
20091123	臺灣50期貨          	T5F    	B         	0	.0000	0	.0000	0	.0000	0	.0000	0	.0000	0	.0000
20091123	臺灣50期貨          	T5F    	C         	0	.0000	0	.0000	0	.0000	0	.0000	0	.0000	0	.0000
20091123	臺股期貨            	TXF    	A         	6924	10615598.0000	7497	11492405.0000	-573	-876807.0000	5069	7785300.0000	3462	5311790.0000	1607	2473510.0000
20091123	臺股期貨            	TXF    	B         	242	371439.0000	268	410800.0000	-26	-39361.0000	1569	2413436.0000	1523	2342679.0000	46	70757.0000
20091123	臺股期貨            	TXF    	C         	2480	3803441.0000	3456	5299133.0000	-976	-1495693.0000	17559	26997560.0000	23223	35704658.0000	-5664	-8707098.0000
20091123	非金電期貨          	XIF    	A         	118	106627.0000	126	113916.0000	-8	-7289.0000	84	76457.0000	41	37280.0000	43	39177.0000
20091123	非金電期貨          	XIF    	B         	0	.0000	0	.0000	0	.0000	21	19118.0000	0	.0000	21	19118.0000
20091123	非金電期貨          	XIF    	C         	20	18173.0000	8	7261.0000	12	10912.0000	64	58266.0000	60	54624.0000	4	3642.0000
20091124	電子期貨            	EXF    	A         	490	614135.0000	545	683051.0000	-55	-68916.0000	1012	1266755.0000	245	306402.0000	767	960353.0000
20091124	電子期貨            	EXF    	B         	0	.0000	0	.0000	0	.0000	177	221746.0000	126	157853.0000	51	63893.0000
20091124	電子期貨            	EXF    	C         	294	368825.0000	259	324935.0000	35	43890.0000	2109	2642155.0000	2748	3442694.0000	-639	-800539.0000
20091124	金融期貨            	FXF    	A         	535	472067.0000	488	429968.0000	47	42099.0000	1083	960341.0000	260	229661.0000	823	730680.0000
20091124	金融期貨            	FXF    	B         	0	.0000	0	.0000	0	.0000	137	121519.0000	0	.0000	137	121519.0000
20091124	金融期貨            	FXF    	C         	135	119039.0000	319	281304.0000	-184	-162266.0000	1080	957960.0000	5341	4737460.0000	-4261	-3779500.0000
20091124	櫃買期貨            	GTF    	A         	460	238353.0000	452	234166.0000	8	4187.0000	32	16686.0000	33	17184.0000	-1	-498.0000
20091124	櫃買期貨            	GTF    	B         	0	.0000	0	.0000	0	.0000	0	.0000	0	.0000	0	.0000
20091124	櫃買期貨            	GTF    	C         	0	.0000	0	.0000	0	.0000	0	.0000	0	.0000	0	.0000
20091124	摩臺期              	MSF    	A         	0	.0000	0	.0000	0	.0000	0	.0000	1	896.0000	-1	-896.0000
20091124	摩臺期              	MSF    	B         	0	.0000	0	.0000	0	.0000	0	.0000	0	.0000	0	.0000
20091124	摩臺期              	MSF    	C         	0	.0000	0	.0000	0	.0000	0	.0000	0	.0000	0	.0000
20091124	小型臺指            	MXF    	A         	5975	2298587.0000	6582	2531371.0000	-607	-232784.0000	2527	971491.0000	2697	1031746.0000	-170	-60255.0000
20091124	小型臺指            	MXF    	B         	0	.0000	0	.0000	0	.0000	0	.0000	2	770.0000	-2	-770.0000
20091124	小型臺指            	MXF    	C         	322	123871.0000	581	223599.0000	-259	-99727.0000	189	72053.0000	257	98919.0000	-68	-26866.0000
20091124	臺灣50期貨          	T5F    	A         	1	529.0000	0	.0000	1	529.0000	1	534.0000	0	.0000	1	534.0000
20091124	臺灣50期貨          	T5F    	B         	0	.0000	0	.0000	0	.0000	0	.0000	0	.0000	0	.0000
20091124	臺灣50期貨          	T5F    	C         	0	.0000	0	.0000	0	.0000	0	.0000	0	.0000	0	.0000
20091124	臺股期貨            	TXF    	A         	7748	11924545.0000	6851	10540699.0000	897	1383846.0000	5856	9004239.0000	3452	5301226.0000	2404	3703013.0000
20091124	臺股期貨            	TXF    	B         	187	287768.0000	268	412606.0000	-81	-124838.0000	1561	2403316.0000	1596	2457202.0000	-35	-53886.0000
20091124	臺股期貨            	TXF    	C         	3401	5234261.0000	3899	6000790.0000	-498	-766529.0000	17460	26869587.0000	23598	36314297.0000	-6138	-9444710.0000
20091124	非金電期貨          	XIF    	A         	39	35633.0000	59	53912.0000	-20	-18279.0000	62	56676.0000	39	35615.0000	23	21061.0000
20091124	非金電期貨          	XIF    	B         	0	.0000	0	.0000	0	.0000	21	19202.0000	0	.0000	21	19202.0000
20091124	非金電期貨          	XIF    	C         	6	5481.0000	20	18269.0000	-14	-12787.0000	64	58522.0000	74	67666.0000	-10	-9144.0000
20091125	電子期貨            	EXF    	A         	603	760380.0000	669	844165.0000	-66	-83785.0000	1115	1407310.0000	414	522396.0000	701	884914.0000
20091125	電子期貨            	EXF    	B         	0	.0000	15	18904.0000	-15	-18904.0000	177	223586.0000	141	178111.0000	36	45475.0000
20091125	電子期貨            	EXF    	C         	706	891148.0000	629	793492.0000	77	97656.0000	1869	2360921.0000	2431	3070839.0000	-562	-709918.0000
20091125	金融期貨            	FXF    	A         	812	726543.0000	774	691782.0000	38	34762.0000	1159	1041362.0000	298	266710.0000	861	774652.0000
20091125	金融期貨            	FXF    	B         	0	.0000	8	7170.0000	-8	-7170.0000	137	123136.0000	8	7190.0000	129	115946.0000
20091125	金融期貨            	FXF    	C         	544	486775.0000	403	360342.0000	141	126433.0000	1265	1136982.0000	5385	4840031.0000	-4120	-3703049.0000
20091125	櫃買期貨            	GTF    	A         	260	134530.0000	255	131920.0000	5	2609.0000	36	18763.0000	32	16660.0000	4	2103.0000
20091125	櫃買期貨            	GTF    	B         	0	.0000	0	.0000	0	.0000	0	.0000	0	.0000	0	.0000
20091125	櫃買期貨            	GTF    	C         	0	.0000	0	.0000	0	.0000	0	.0000	0	.0000	0	.0000
20091125	摩臺期              	MSF    	A         	0	.0000	0	.0000	0	.0000	0	.0000	1	896.0000	-1	-896.0000
20091125	摩臺期              	MSF    	B         	0	.0000	0	.0000	0	.0000	0	.0000	0	.0000	0	.0000
20091125	摩臺期              	MSF    	C         	0	.0000	0	.0000	0	.0000	0	.0000	0	.0000	0	.0000
20091125	小型臺指            	MXF    	A         	10654	4126439.0000	9749	3775179.0000	905	351260.0000	2575	999014.0000	2384	920457.0000	191	78557.0000
20091125	小型臺指            	MXF    	B         	0	.0000	0	.0000	0	.0000	0	.0000	2	777.0000	-2	-777.0000
20091125	小型臺指            	MXF    	C         	1104	427916.0000	539	208639.0000	565	219277.0000	361	139579.0000	52	20210.0000	309	119369.0000
20091125	臺灣50期貨          	T5F    	A         	0	.0000	0	.0000	0	.0000	1	542.0000	0	.0000	1	542.0000
20091125	臺灣50期貨          	T5F    	B         	0	.0000	0	.0000	0	.0000	0	.0000	0	.0000	0	.0000
20091125	臺灣50期貨          	T5F    	C         	0	.0000	0	.0000	0	.0000	0	.0000	0	.0000	0	.0000
20091125	臺股期貨            	TXF    	A         	15802	24502493.0000	14926	23140354.0000	876	1362139.0000	7285	11312743.0000	3869	6000836.0000	3416	5311907.0000
20091125	臺股期貨            	TXF    	B         	428	664397.0000	73	113110.0000	355	551287.0000	1574	2446940.0000	1254	1949468.0000	320	497472.0000
20091125	臺股期貨            	TXF    	C         	7707	11952393.0000	7635	11832224.0000	72	120169.0000	17390	27022450.0000	23409	36373373.0000	-6019	-9350923.0000
20091125	非金電期貨          	XIF    	A         	146	134216.0000	115	105653.0000	31	28564.0000	101	93231.0000	47	43317.0000	54	49914.0000
20091125	非金電期貨          	XIF    	B         	0	.0000	0	.0000	0	.0000	21	19394.0000	0	.0000	21	19394.0000
20091125	非金電期貨          	XIF    	C         	100	92039.0000	115	105920.0000	-15	-13881.0000	103	95121.0000	128	118208.0000	-25	-23087.0000
20091126	電子期貨            	EXF    	A         	605	766288.0000	479	606545.0000	126	159743.0000	1137	1435084.0000	310	391101.0000	827	1043983.0000
20091126	電子期貨            	EXF    	B         	0	.0000	0	.0000	0	.0000	177	223586.0000	141	178111.0000	36	45475.0000
20091126	電子期貨            	EXF    	C         	98	123928.0000	353	447145.0000	-255	-323217.0000	1799	2272497.0000	2616	3304531.0000	-817	-1032034.0000
20091126	金融期貨            	FXF    	A         	533	475940.0000	813	726713.0000	-280	-250773.0000	989	879108.0000	408	361731.0000	581	517377.0000
20091126	金融期貨            	FXF    	B         	0	.0000	8	7141.0000	-8	-7141.0000	137	121820.0000	16	14227.0000	121	107593.0000
20091126	金融期貨            	FXF    	C         	164	146314.0000	405	361911.0000	-241	-215597.0000	1197	1064372.0000	5558	4942169.0000	-4361	-3877797.0000
20091126	櫃買期貨            	GTF    	A         	419	217318.0000	408	211553.0000	11	5765.0000	46	24044.0000	31	16185.0000	15	7859.0000
20091126	櫃買期貨            	GTF    	B         	0	.0000	0	.0000	0	.0000	0	.0000	0	.0000	0	.0000
20091126	櫃買期貨            	GTF    	C         	0	.0000	0	.0000	0	.0000	0	.0000	0	.0000	0	.0000
20091126	摩臺期              	MSF    	A         	0	.0000	0	.0000	0	.0000	0	.0000	1	894.0000	-1	-894.0000
20091126	摩臺期              	MSF    	B         	0	.0000	0	.0000	0	.0000	0	.0000	0	.0000	0	.0000
20091126	摩臺期              	MSF    	C         	0	.0000	0	.0000	0	.0000	0	.0000	0	.0000	0	.0000
20091126	小型臺指            	MXF    	A         	9015	3504587.0000	10699	4156962.0000	-1684	-652376.0000	2461	951609.0000	2122	815648.0000	339	135961.0000
20091126	小型臺指            	MXF    	B         	0	.0000	0	.0000	0	.0000	0	.0000	2	775.0000	-2	-775.0000
20091126	小型臺指            	MXF    	C         	646	251124.0000	912	354202.0000	-266	-103078.0000	225	86501.0000	294	113852.0000	-69	-27351.0000
20091126	臺灣50期貨          	T5F    	A         	0	.0000	0	.0000	0	.0000	1	538.0000	0	.0000	1	538.0000
20091126	臺灣50期貨          	T5F    	B         	0	.0000	0	.0000	0	.0000	0	.0000	0	.0000	0	.0000
20091126	臺灣50期貨          	T5F    	C         	0	.0000	0	.0000	0	.0000	0	.0000	0	.0000	0	.0000
20091126	臺股期貨            	TXF    	A         	14197	22066257.0000	13467	20925036.0000	730	1141221.0000	7304	11301151.0000	3616	5587327.0000	3688	5713824.0000
20091126	臺股期貨            	TXF    	B         	147	228694.0000	243	377396.0000	-96	-148701.0000	1565	2424185.0000	1330	2060170.0000	235	364015.0000
20091126	臺股期貨            	TXF    	C         	5413	8408687.0000	7260	11290816.0000	-1847	-2882129.0000	16822	26041140.0000	24660	38180436.0000	-7838	-12139296.0000
20091126	非金電期貨          	XIF    	A         	200	182860.0000	182	166249.0000	18	16611.0000	121	110957.0000	49	44881.0000	72	66076.0000
20091126	非金電期貨          	XIF    	B         	0	.0000	0	.0000	0	.0000	21	19261.0000	0	.0000	21	19261.0000
20091126	非金電期貨          	XIF    	C         	8	7416.0000	14	12896.0000	-6	-5480.0000	97	88968.0000	128	117402.0000	-31	-28434.0000
20091127	電子期貨            	EXF    	A         	702	867277.0000	811	1001009.0000	-109	-133732.0000	960	1169559.0000	242	294678.0000	718	874881.0000
20091127	電子期貨            	EXF    	B         	0	.0000	0	.0000	0	.0000	177	215834.0000	141	171935.0000	36	43899.0000
20091127	電子期貨            	EXF    	C         	446	549711.0000	608	752477.0000	-162	-202766.0000	1776	2165654.0000	2755	3359447.0000	-979	-1193793.0000
20091127	金融期貨            	FXF    	A         	1400	1194274.0000	1889	1613130.0000	-489	-418856.0000	402	336199.0000	310	258535.0000	92	77664.0000
20091127	金融期貨            	FXF    	B         	16	13695.0000	20	17277.0000	-4	-3582.0000	117	97952.0000	0	.0000	117	97952.0000
20091127	金融期貨            	FXF    	C         	1892	1612010.0000	837	716911.0000	1055	895099.0000	1632	1366310.0000	4938	4134090.0000	-3306	-2767780.0000
20091127	櫃買期貨            	GTF    	A         	60	30640.0000	46	23445.0000	14	7196.0000	62	31300.0000	33	16646.0000	29	14654.0000
20091127	櫃買期貨            	GTF    	B         	0	.0000	0	.0000	0	.0000	0	.0000	0	.0000	0	.0000
20091127	櫃買期貨            	GTF    	C         	0	.0000	0	.0000	0	.0000	0	.0000	0	.0000	0	.0000
20091127	摩臺期              	MSF    	A         	0	.0000	0	.0000	0	.0000	0	.0000	1	898.0000	-1	-898.0000
20091127	摩臺期              	MSF    	B         	0	.0000	0	.0000	0	.0000	0	.0000	0	.0000	0	.0000
20091127	摩臺期              	MSF    	C         	0	.0000	0	.0000	0	.0000	0	.0000	0	.0000	0	.0000
20091127	小型臺指            	MXF    	A         	16200	6105680.0000	20321	7675800.0000	-4121	-1570120.0000	2773	1030405.0000	3487	1288614.0000	-714	-258209.0000
20091127	小型臺指            	MXF    	B         	0	.0000	1	378.0000	-1	-378.0000	0	.0000	3	1116.0000	-3	-1116.0000
20091127	小型臺指            	MXF    	C         	878	330553.0000	2209	834168.0000	-1331	-503616.0000	184	67793.0000	1396	519382.0000	-1212	-451589.0000
20091127	臺灣50期貨          	T5F    	A         	0	.0000	0	.0000	0	.0000	1	519.0000	0	.0000	1	519.0000
20091127	臺灣50期貨          	T5F    	B         	0	.0000	0	.0000	0	.0000	0	.0000	0	.0000	0	.0000
20091127	臺灣50期貨          	T5F    	C         	0	.0000	0	.0000	0	.0000	0	.0000	0	.0000	0	.0000
20091127	臺股期貨            	TXF    	A         	23056	34746362.0000	24509	36955417.0000	-1453	-2209054.0000	5950	8840779.0000	4482	6649910.0000	1468	2190869.0000
20091127	臺股期貨            	TXF    	B         	693	1045415.0000	1043	1573554.0000	-350	-528139.0000	1462	2175748.0000	1577	2346891.0000	-115	-171143.0000
20091127	臺股期貨            	TXF    	C         	9159	13765812.0000	11360	17137265.0000	-2201	-3371453.0000	15908	23652656.0000	25994	38665237.0000	-10086	-15012581.0000
20091127	非金電期貨          	XIF    	A         	172	152571.0000	192	170316.0000	-20	-17746.0000	130	114553.0000	78	68673.0000	52	45880.0000
20091127	非金電期貨          	XIF    	B         	0	.0000	0	.0000	0	.0000	21	18512.0000	0	.0000	21	18512.0000
20091127	非金電期貨          	XIF    	C         	76	68072.0000	52	46607.0000	24	21465.0000	62	54653.0000	69	60824.0000	-7	-6171.0000
20091130	電子期貨            	EXF    	A         	348	431638.0000	313	387312.0000	35	44325.0000	1031	1277524.0000	278	343449.0000	753	934075.0000
20091130	電子期貨            	EXF    	B         	0	.0000	0	.0000	0	.0000	177	219622.0000	141	174953.0000	36	44669.0000
20091130	電子期貨            	EXF    	C         	269	333713.0000	181	224226.0000	88	109487.0000	1732	2149066.0000	2623	3254618.0000	-891	-1105552.0000
20091130	金融期貨            	FXF    	A         	318	270977.0000	558	475836.0000	-240	-204860.0000	343	291958.0000	491	417457.0000	-148	-125499.0000
20091130	金融期貨            	FXF    	B         	0	.0000	0	.0000	0	.0000	117	99707.0000	0	.0000	117	99707.0000
20091130	金融期貨            	FXF    	C         	598	509715.0000	195	165616.0000	403	344099.0000	1557	1326875.0000	4460	3800808.0000	-2903	-2473933.0000
20091130	櫃買期貨            	GTF    	A         	212	108340.0000	220	112471.0000	-8	-4131.0000	60	30962.0000	39	20107.0000	21	10855.0000
20091130	櫃買期貨            	GTF    	B         	0	.0000	0	.0000	0	.0000	0	.0000	0	.0000	0	.0000
20091130	櫃買期貨            	GTF    	C         	0	.0000	0	.0000	0	.0000	0	.0000	0	.0000	0	.0000
20091130	摩臺期              	MSF    	A         	0	.0000	0	.0000	0	.0000	0	.0000	1	894.0000	-1	-894.0000
20091130	摩臺期              	MSF    	B         	0	.0000	0	.0000	0	.0000	0	.0000	0	.0000	0	.0000
20091130	摩臺期              	MSF    	C         	0	.0000	0	.0000	0	.0000	0	.0000	0	.0000	0	.0000
20091130	小型臺指            	MXF    	A         	7836	2963128.0000	6193	2342402.0000	1643	620726.0000	2686	1013561.0000	3113	1168065.0000	-427	-154504.0000
20091130	小型臺指            	MXF    	B         	0	.0000	0	.0000	0	.0000	0	.0000	3	1134.0000	-3	-1134.0000
20091130	小型臺指            	MXF    	C         	492	186265.0000	459	173735.0000	33	12530.0000	162	60564.0000	1433	541458.0000	-1271	-480894.0000
20091130	臺灣50期貨          	T5F    	A         	0	.0000	0	.0000	0	.0000	1	523.0000	0	.0000	1	523.0000
20091130	臺灣50期貨          	T5F    	B         	0	.0000	0	.0000	0	.0000	0	.0000	0	.0000	0	.0000
20091130	臺灣50期貨          	T5F    	C         	0	.0000	0	.0000	0	.0000	0	.0000	0	.0000	0	.0000
20091130	臺股期貨            	TXF    	A         	10913	16516174.0000	9951	15061272.0000	962	1454902.0000	7055	10650535.0000	4286	6457991.0000	2769	4192544.0000
20091130	臺股期貨            	TXF    	B         	192	290545.0000	87	131754.0000	105	158791.0000	1530	2312442.0000	1540	2327556.0000	-10	-15114.0000
20091130	臺股期貨            	TXF    	C         	6104	9241486.0000	4791	7249152.0000	1313	1992334.0000	15974	24122105.0000	24724	37349645.0000	-8750	-13227540.0000
20091130	非金電期貨          	XIF    	A         	37	33241.0000	39	35483.0000	-2	-2242.0000	127	113313.0000	77	68601.0000	50	44712.0000
20091130	非金電期貨          	XIF    	B         	0	.0000	0	.0000	0	.0000	21	18757.0000	0	.0000	21	18757.0000
20091130	非金電期貨          	XIF    	C         	18	16123.0000	27	24201.0000	-9	-8077.0000	53	47340.0000	69	61631.0000	-16	-14291.0000
