20110901	電子期貨            	EXF    	A         	854	942171.0000	1042	1152394.0000	-188	-210223.0000	1054	1147928.0000	557	605769.0000	497	542159.0000
20110901	電子期貨            	EXF    	B         	0	.0000	1	1092.0000	-1	-1092.0000	161	175490.0000	503	548270.0000	-342	-372780.0000
20110901	電子期貨            	EXF    	C         	1595	1762897.0000	1179	1301228.0000	416	461669.0000	4616	5030800.0000	4630	5046435.0000	-14	-15635.0000
20110901	金融期貨            	FXF    	A         	1269	1220392.0000	1178	1132927.0000	91	87465.0000	598	570285.0000	402	383187.0000	196	187098.0000
20110901	金融期貨            	FXF    	B         	0	.0000	59	56522.0000	-59	-56522.0000	118	112596.0000	59	56298.0000	59	56298.0000
20110901	金融期貨            	FXF    	C         	1861	1790937.0000	1610	1548817.0000	251	242120.0000	1305	1245214.0000	3503	3342522.0000	-2198	-2097308.0000
20110901	櫃買期貨            	GTF    	A         	25	11264.0000	25	11337.0000	0	-74.0000	14	6296.0000	214	96050.0000	-200	-89754.0000
20110901	櫃買期貨            	GTF    	B         	0	.0000	0	.0000	0	.0000	141	63309.0000	0	.0000	141	63309.0000
20110901	櫃買期貨            	GTF    	C         	0	.0000	0	.0000	0	.0000	0	.0000	0	.0000	0	.0000
20110901	摩臺期              	MSF    	A         	0	.0000	0	.0000	0	.0000	0	.0000	0	.0000	0	.0000
20110901	摩臺期              	MSF    	B         	0	.0000	0	.0000	0	.0000	0	.0000	0	.0000	0	.0000
20110901	摩臺期              	MSF    	C         	0	.0000	0	.0000	0	.0000	0	.0000	0	.0000	0	.0000
20110901	小型臺指            	MXF    	A         	13194	5125523.0000	13944	5412315.0000	-750	-286792.0000	8202	3154552.0000	16986	6530391.0000	-8784	-3375839.0000
20110901	小型臺指            	MXF    	B         	5	1924.0000	0	.0000	5	1924.0000	9	3465.0000	160	61592.0000	-151	-58127.0000
20110901	小型臺指            	MXF    	C         	13811	5364687.0000	14930	5799116.0000	-1119	-434429.0000	4801	1842658.0000	4057	1558755.0000	744	283903.0000
20110901	股票期貨            	STF    	A         	7777	409045.0000	6624	363481.0000	1153	45564.0000	17698	1147819.0000	12291	810789.0000	5407	337030.0000
20110901	股票期貨            	STF    	B         	0	.0000	0	.0000	0	.0000	11657	1671979.0000	0	.0000	11657	1671979.0000
20110901	股票期貨            	STF    	C         	312	20510.0000	279	15152.0000	33	5358.0000	411	67983.0000	23858	2446046.0000	-23447	-2378063.0000
20110901	臺灣50期貨          	T5F    	A         	0	.0000	0	.0000	0	.0000	500	265100.0000	0	.0000	500	265100.0000
20110901	臺灣50期貨          	T5F    	B         	0	.0000	0	.0000	0	.0000	0	.0000	0	.0000	0	.0000
20110901	臺灣50期貨          	T5F    	C         	0	.0000	0	.0000	0	.0000	0	.0000	500	265100.0000	-500	-265100.0000
20110901	臺股期貨            	TXF    	A         	27903	43372645.0000	29458	45766839.0000	-1555	-2394194.0000	8249	12681302.0000	12669	19464395.0000	-4420	-6783093.0000
20110901	臺股期貨            	TXF    	B         	203	315445.0000	328	511504.0000	-125	-196059.0000	4440	6836712.0000	1608	2475998.0000	2832	4360714.0000
20110901	臺股期貨            	TXF    	C         	24773	38510568.0000	22023	34234713.0000	2750	4275855.0000	31678	48677798.0000	24777	38120537.0000	6901	10557261.0000
20110901	非金電期貨          	XIF    	A         	195	214060.0000	178	195356.0000	17	18704.0000	550	600617.0000	110	120124.0000	440	480493.0000
20110901	非金電期貨          	XIF    	B         	0	.0000	0	.0000	0	.0000	36	39319.0000	0	.0000	36	39319.0000
20110901	非金電期貨          	XIF    	C         	116	127436.0000	177	194763.0000	-61	-67327.0000	91	99390.0000	506	552541.0000	-415	-453151.0000
20110902	電子期貨            	EXF    	A         	887	965278.0000	1121	1219659.0000	-234	-254381.0000	923	1005441.0000	660	718319.0000	263	287122.0000
20110902	電子期貨            	EXF    	B         	0	.0000	40	43284.0000	-40	-43284.0000	161	175587.0000	543	592196.0000	-382	-416609.0000
20110902	電子期貨            	EXF    	C         	1353	1470915.0000	1205	1311309.0000	148	159606.0000	4534	4944092.0000	4400	4798260.0000	134	145832.0000
20110902	金融期貨            	FXF    	A         	858	826499.0000	1161	1117651.0000	-303	-291152.0000	461	443961.0000	568	547025.0000	-107	-103064.0000
20110902	金融期貨            	FXF    	B         	3	2885.0000	30	28890.0000	-27	-26005.0000	118	113728.0000	86	82887.0000	32	30841.0000
20110902	金融期貨            	FXF    	C         	1282	1234389.0000	1364	1313631.0000	-82	-79242.0000	1300	1252925.0000	3580	3450356.0000	-2280	-2197431.0000
20110902	櫃買期貨            	GTF    	A         	35	15678.0000	17	7620.0000	18	8057.0000	13	5832.0000	195	87437.0000	-182	-81605.0000
20110902	櫃買期貨            	GTF    	B         	0	.0000	0	.0000	0	.0000	141	63253.0000	0	.0000	141	63253.0000
20110902	櫃買期貨            	GTF    	C         	0	.0000	0	.0000	0	.0000	0	.0000	0	.0000	0	.0000
20110902	摩臺期              	MSF    	A         	0	.0000	0	.0000	0	.0000	0	.0000	0	.0000	0	.0000
20110902	摩臺期              	MSF    	B         	0	.0000	0	.0000	0	.0000	0	.0000	0	.0000	0	.0000
20110902	摩臺期              	MSF    	C         	0	.0000	0	.0000	0	.0000	0	.0000	0	.0000	0	.0000
20110902	小型臺指            	MXF    	A         	8561	3294914.0000	8850	3403572.0000	-289	-108658.0000	2593	997006.0000	11970	4607047.0000	-9377	-3610041.0000
20110902	小型臺指            	MXF    	B         	0	.0000	0	.0000	0	.0000	9	3471.0000	160	61704.0000	-151	-58233.0000
20110902	小型臺指            	MXF    	C         	12748	4905617.0000	14010	5391454.0000	-1262	-485838.0000	4822	1853164.0000	4744	1826121.0000	78	27043.0000
20110902	股票期貨            	STF    	A         	4637	320852.0000	5084	331957.0000	-447	-11104.0000	17766	1157890.0000	12806	827109.0000	4960	330781.0000
20110902	股票期貨            	STF    	B         	0	.0000	0	.0000	0	.0000	11657	1658878.0000	0	.0000	11657	1658878.0000
20110902	股票期貨            	STF    	C         	42	2473.0000	203	16991.0000	-161	-14518.0000	398	64455.0000	24006	2447847.0000	-23608	-2383392.0000
20110902	臺灣50期貨          	T5F    	A         	0	.0000	0	.0000	0	.0000	500	260100.0000	0	.0000	500	260100.0000
20110902	臺灣50期貨          	T5F    	B         	0	.0000	0	.0000	0	.0000	0	.0000	0	.0000	0	.0000
20110902	臺灣50期貨          	T5F    	C         	0	.0000	0	.0000	0	.0000	0	.0000	500	260100.0000	-500	-260100.0000
20110902	臺股期貨            	TXF    	A         	17892	27545505.0000	18324	28200531.0000	-432	-655026.0000	8483	13063590.0000	13259	20406876.0000	-4776	-7343286.0000
20110902	臺股期貨            	TXF    	B         	58	89706.0000	360	553886.0000	-302	-464181.0000	4300	6633180.0000	1770	2730402.0000	2530	3902778.0000
20110902	臺股期貨            	TXF    	C         	21024	32360796.0000	21988	33853801.0000	-964	-1493005.0000	30370	46743050.0000	24583	37886398.0000	5787	8856652.0000
20110902	非金電期貨          	XIF    	A         	404	440222.0000	356	388162.0000	48	52060.0000	574	628193.0000	86	94116.0000	488	534077.0000
20110902	非金電期貨          	XIF    	B         	0	.0000	0	.0000	0	.0000	36	39398.0000	0	.0000	36	39398.0000
20110902	非金電期貨          	XIF    	C         	138	150471.0000	127	138667.0000	11	11804.0000	86	94118.0000	490	536232.0000	-404	-442114.0000
20110905	電子期貨            	EXF    	A         	938	997966.0000	757	805268.0000	181	192698.0000	915	969506.0000	471	498010.0000	444	471496.0000
20110905	電子期貨            	EXF    	B         	143	152640.0000	15	15951.0000	128	136689.0000	184	195187.0000	438	464630.0000	-254	-269443.0000
20110905	電子期貨            	EXF    	C         	1186	1261714.0000	1933	2056949.0000	-747	-795235.0000	4125	4374988.0000	4738	5025700.0000	-613	-650712.0000
20110905	金融期貨            	FXF    	A         	948	881687.0000	665	618939.0000	283	262748.0000	596	549945.0000	420	387268.0000	176	162677.0000
20110905	金融期貨            	FXF    	B         	88	82086.0000	0	.0000	88	82086.0000	118	108914.0000	0	.0000	118	108914.0000
20110905	金融期貨            	FXF    	C         	1545	1435291.0000	1623	1509399.0000	-78	-74108.0000	1350	1246038.0000	3708	3422456.0000	-2358	-2176418.0000
20110905	櫃買期貨            	GTF    	A         	33	14497.0000	53	23342.0000	-20	-8845.0000	16	7026.0000	218	95875.0000	-202	-88849.0000
20110905	櫃買期貨            	GTF    	B         	0	.0000	0	.0000	0	.0000	141	62040.0000	0	.0000	141	62040.0000
20110905	櫃買期貨            	GTF    	C         	0	.0000	0	.0000	0	.0000	0	.0000	0	.0000	0	.0000
20110905	摩臺期              	MSF    	A         	0	.0000	0	.0000	0	.0000	0	.0000	0	.0000	0	.0000
20110905	摩臺期              	MSF    	B         	0	.0000	0	.0000	0	.0000	0	.0000	0	.0000	0	.0000
20110905	摩臺期              	MSF    	C         	0	.0000	0	.0000	0	.0000	0	.0000	0	.0000	0	.0000
20110905	小型臺指            	MXF    	A         	10277	3857252.0000	12211	4582761.0000	-1934	-725509.0000	2799	1043928.0000	12602	4701011.0000	-9803	-3657083.0000
20110905	小型臺指            	MXF    	B         	0	.0000	5	1870.0000	-5	-1870.0000	4	1495.0000	160	59816.0000	-156	-58321.0000
20110905	小型臺指            	MXF    	C         	13370	5017977.0000	14352	5386898.0000	-982	-368921.0000	5086	1894912.0000	4838	1805532.0000	248	89380.0000
20110905	股票期貨            	STF    	A         	4436	293575.0000	4707	318270.0000	-271	-24695.0000	17660	1139502.0000	12971	846159.0000	4689	293343.0000
20110905	股票期貨            	STF    	B         	0	.0000	0	.0000	0	.0000	11657	1626270.0000	0	.0000	11657	1626270.0000
20110905	股票期貨            	STF    	C         	85	9295.0000	343	36951.0000	-258	-27656.0000	394	61784.0000	24260	2417750.0000	-23866	-2355966.0000
20110905	臺灣50期貨          	T5F    	A         	0	.0000	0	.0000	0	.0000	500	253500.0000	0	.0000	500	253500.0000
20110905	臺灣50期貨          	T5F    	B         	0	.0000	0	.0000	0	.0000	0	.0000	0	.0000	0	.0000
20110905	臺灣50期貨          	T5F    	C         	0	.0000	0	.0000	0	.0000	0	.0000	500	253500.0000	-500	-253500.0000
20110905	臺股期貨            	TXF    	A         	22189	33311253.0000	22360	33562032.0000	-171	-250779.0000	8071	12047939.0000	13395	19984730.0000	-5324	-7936791.0000
20110905	臺股期貨            	TXF    	B         	266	400130.0000	382	574754.0000	-116	-174624.0000	4323	6464614.0000	1909	2854719.0000	2414	3609895.0000
20110905	臺股期貨            	TXF    	C         	23949	35944493.0000	21462	32218521.0000	2487	3725972.0000	32945	49160074.0000	24958	37282750.0000	7987	11877324.0000
20110905	非金電期貨          	XIF    	A         	416	442164.0000	432	459551.0000	-16	-17387.0000	628	666697.0000	156	165439.0000	472	501258.0000
20110905	非金電期貨          	XIF    	B         	0	.0000	0	.0000	0	.0000	36	38178.0000	0	.0000	36	38178.0000
20110905	非金電期貨          	XIF    	C         	348	370104.0000	330	350650.0000	18	19455.0000	130	137865.0000	516	547666.0000	-386	-409801.0000
20110906	電子期貨            	EXF    	A         	1277	1347017.0000	906	954394.0000	371	392623.0000	1187	1238377.0000	372	387261.0000	815	851116.0000
20110906	電子期貨            	EXF    	B         	0	.0000	29	30537.0000	-29	-30537.0000	161	168116.0000	444	463625.0000	-283	-295509.0000
20110906	電子期貨            	EXF    	C         	2170	2283788.0000	2708	2853381.0000	-538	-569593.0000	5062	5285347.0000	6213	6487245.0000	-1151	-1201898.0000
20110906	金融期貨            	FXF    	A         	1243	1116521.0000	1298	1167533.0000	-55	-51013.0000	674	597582.0000	553	489670.0000	121	107912.0000
20110906	金融期貨            	FXF    	B         	0	.0000	0	.0000	0	.0000	118	104642.0000	0	.0000	118	104642.0000
20110906	金融期貨            	FXF    	C         	2510	2250656.0000	2291	2058244.0000	219	192412.0000	1457	1292052.0000	3596	3188899.0000	-2139	-1896847.0000
20110906	櫃買期貨            	GTF    	A         	65	28120.0000	67	28983.0000	-2	-863.0000	16	6866.0000	220	94555.0000	-204	-87689.0000
20110906	櫃買期貨            	GTF    	B         	0	.0000	0	.0000	0	.0000	141	60630.0000	0	.0000	141	60630.0000
20110906	櫃買期貨            	GTF    	C         	0	.0000	0	.0000	0	.0000	0	.0000	0	.0000	0	.0000
20110906	摩臺期              	MSF    	A         	0	.0000	0	.0000	0	.0000	0	.0000	0	.0000	0	.0000
20110906	摩臺期              	MSF    	B         	0	.0000	0	.0000	0	.0000	0	.0000	0	.0000	0	.0000
20110906	摩臺期              	MSF    	C         	0	.0000	0	.0000	0	.0000	0	.0000	0	.0000	0	.0000
20110906	小型臺指            	MXF    	A         	16583	6131132.0000	16908	6247263.0000	-325	-116131.0000	3149	1152935.0000	13189	4827315.0000	-10040	-3674380.0000
20110906	小型臺指            	MXF    	B         	0	.0000	14	5132.0000	-14	-5132.0000	3	1100.0000	173	63456.0000	-170	-62356.0000
20110906	小型臺指            	MXF    	C         	17562	6492655.0000	17542	6486408.0000	20	6247.0000	5227	1910832.0000	4923	1802565.0000	304	108267.0000
20110906	股票期貨            	STF    	A         	8298	442965.0000	7969	424545.0000	329	18420.0000	18631	1152208.0000	13613	845641.0000	5018	306567.0000
20110906	股票期貨            	STF    	B         	0	.0000	0	.0000	0	.0000	11657	1599644.0000	0	.0000	11657	1599644.0000
20110906	股票期貨            	STF    	C         	155	9651.0000	352	23087.0000	-197	-13435.0000	419	61745.0000	24482	2381268.0000	-24063	-2319523.0000
20110906	臺灣50期貨          	T5F    	A         	0	.0000	0	.0000	0	.0000	500	249350.0000	0	.0000	500	249350.0000
20110906	臺灣50期貨          	T5F    	B         	0	.0000	0	.0000	0	.0000	0	.0000	0	.0000	0	.0000
20110906	臺灣50期貨          	T5F    	C         	0	.0000	0	.0000	0	.0000	0	.0000	500	249350.0000	-500	-249350.0000
20110906	臺股期貨            	TXF    	A         	28090	41508080.0000	29772	44014672.0000	-1682	-2506593.0000	6522	9546338.0000	13550	19832999.0000	-7028	-10286661.0000
20110906	臺股期貨            	TXF    	B         	136	200251.0000	625	924731.0000	-489	-724480.0000	4303	6313362.0000	2378	3489002.0000	1925	2824360.0000
20110906	臺股期貨            	TXF    	C         	31000	45852565.0000	30144	44582990.0000	856	1269575.0000	34062	49869081.0000	25236	36983843.0000	8826	12885238.0000
20110906	非金電期貨          	XIF    	A         	371	389763.0000	331	347352.0000	40	42412.0000	654	681213.0000	142	148052.0000	512	533161.0000
20110906	非金電期貨          	XIF    	B         	0	.0000	0	.0000	0	.0000	36	37537.0000	0	.0000	36	37537.0000
20110906	非金電期貨          	XIF    	C         	397	417190.0000	290	305337.0000	107	111853.0000	317	330536.0000	596	620899.0000	-279	-290363.0000
20110907	電子期貨            	EXF    	A         	912	976075.0000	1085	1161256.0000	-173	-185182.0000	1079	1167178.0000	437	471677.0000	642	695501.0000
20110907	電子期貨            	EXF    	B         	0	.0000	0	.0000	0	.0000	161	174395.0000	444	480941.0000	-283	-306546.0000
20110907	電子期貨            	EXF    	C         	1439	1538683.0000	1729	1850480.0000	-290	-311798.0000	4954	5365455.0000	6395	6926484.0000	-1441	-1561029.0000
20110907	金融期貨            	FXF    	A         	1314	1181224.0000	1492	1340209.0000	-178	-158985.0000	695	628271.0000	752	679312.0000	-57	-51041.0000
20110907	金融期貨            	FXF    	B         	0	.0000	0	.0000	0	.0000	118	106696.0000	0	.0000	118	106696.0000
20110907	金融期貨            	FXF    	C         	1336	1199143.0000	2004	1798197.0000	-668	-599054.0000	1004	907806.0000	3811	3445865.0000	-2807	-2538059.0000
20110907	櫃買期貨            	GTF    	A         	25	10871.0000	31	13492.0000	-6	-2621.0000	16	7026.0000	226	99262.0000	-210	-92236.0000
20110907	櫃買期貨            	GTF    	B         	0	.0000	0	.0000	0	.0000	141	61955.0000	0	.0000	141	61955.0000
20110907	櫃買期貨            	GTF    	C         	0	.0000	0	.0000	0	.0000	0	.0000	0	.0000	0	.0000
20110907	摩臺期              	MSF    	A         	0	.0000	0	.0000	0	.0000	0	.0000	0	.0000	0	.0000
20110907	摩臺期              	MSF    	B         	0	.0000	0	.0000	0	.0000	0	.0000	0	.0000	0	.0000
20110907	摩臺期              	MSF    	C         	0	.0000	0	.0000	0	.0000	0	.0000	0	.0000	0	.0000
20110907	小型臺指            	MXF    	A         	8985	3354773.0000	8548	3192455.0000	437	162318.0000	3006	1130002.0000	12969	4875712.0000	-9963	-3745710.0000
20110907	小型臺指            	MXF    	B         	0	.0000	0	.0000	0	.0000	3	1130.0000	173	65178.0000	-170	-64048.0000
20110907	小型臺指            	MXF    	C         	11066	4127165.0000	11750	4385097.0000	-684	-257932.0000	5173	1942141.0000	5693	2141349.0000	-520	-199208.0000
20110907	股票期貨            	STF    	A         	8299	415750.0000	8360	425041.0000	-61	-9291.0000	19204	1193520.0000	14247	889946.0000	4957	303574.0000
20110907	股票期貨            	STF    	B         	0	.0000	0	.0000	0	.0000	11657	1640970.0000	0	.0000	11657	1640970.0000
20110907	股票期貨            	STF    	C         	125	7331.0000	365	28457.0000	-240	-21127.0000	473	66352.0000	24776	2461462.0000	-24303	-2395110.0000
20110907	臺灣50期貨          	T5F    	A         	0	.0000	0	.0000	0	.0000	500	254250.0000	0	.0000	500	254250.0000
20110907	臺灣50期貨          	T5F    	B         	0	.0000	0	.0000	0	.0000	0	.0000	0	.0000	0	.0000
20110907	臺灣50期貨          	T5F    	C         	0	.0000	0	.0000	0	.0000	0	.0000	500	254250.0000	-500	-254250.0000
20110907	臺股期貨            	TXF    	A         	21529	32185770.0000	17457	26092713.0000	4072	6093058.0000	9744	14660249.0000	12610	18955018.0000	-2866	-4294769.0000
20110907	臺股期貨            	TXF    	B         	133	198230.0000	290	432192.0000	-157	-233961.0000	4306	6489142.0000	2538	3824766.0000	1768	2664376.0000
20110907	臺股期貨            	TXF    	C         	18475	27575712.0000	21784	32542244.0000	-3309	-4966533.0000	33261	50012000.0000	27709	41712558.0000	5552	8299442.0000
20110907	非金電期貨          	XIF    	A         	278	293482.0000	327	345319.0000	-49	-51837.0000	620	657920.0000	157	166678.0000	463	491242.0000
20110907	非金電期貨          	XIF    	B         	0	.0000	0	.0000	0	.0000	36	38221.0000	0	.0000	36	38221.0000
20110907	非金電期貨          	XIF    	C         	116	122582.0000	207	218349.0000	-91	-95767.0000	256	271795.0000	626	664249.0000	-370	-392454.0000
20110908	電子期貨            	EXF    	A         	810	878062.0000	1084	1174877.0000	-274	-296814.0000	949	1030537.0000	581	630084.0000	368	400453.0000
20110908	電子期貨            	EXF    	B         	1	1088.0000	2	2170.0000	-1	-1083.0000	160	174016.0000	444	482894.0000	-284	-308878.0000
20110908	電子期貨            	EXF    	C         	2194	2377143.0000	1350	1462660.0000	844	914483.0000	4962	5395820.0000	5559	6045388.0000	-597	-649568.0000
20110908	金融期貨            	FXF    	A         	1081	978908.0000	974	882214.0000	107	96695.0000	708	640104.0000	658	594559.0000	50	45545.0000
20110908	金融期貨            	FXF    	B         	160	145826.0000	0	.0000	160	145826.0000	278	251368.0000	0	.0000	278	251368.0000
20110908	金融期貨            	FXF    	C         	1540	1393915.0000	1674	1517332.0000	-134	-123416.0000	1140	1030781.0000	4081	3690017.0000	-2941	-2659236.0000
20110908	櫃買期貨            	GTF    	A         	53	23253.0000	40	17541.0000	13	5711.0000	21	9211.0000	218	95617.0000	-197	-86406.0000
20110908	櫃買期貨            	GTF    	B         	0	.0000	0	.0000	0	.0000	141	61871.0000	0	.0000	141	61871.0000
20110908	櫃買期貨            	GTF    	C         	0	.0000	0	.0000	0	.0000	0	.0000	0	.0000	0	.0000
20110908	摩臺期              	MSF    	A         	0	.0000	0	.0000	0	.0000	0	.0000	0	.0000	0	.0000
20110908	摩臺期              	MSF    	B         	0	.0000	0	.0000	0	.0000	0	.0000	0	.0000	0	.0000
20110908	摩臺期              	MSF    	C         	0	.0000	0	.0000	0	.0000	0	.0000	0	.0000	0	.0000
20110908	小型臺指            	MXF    	A         	11713	4412092.0000	11248	4233930.0000	465	178163.0000	3238	1219342.0000	12940	4872386.0000	-9702	-3653044.0000
20110908	小型臺指            	MXF    	B         	0	.0000	0	.0000	0	.0000	3	1132.0000	173	65282.0000	-170	-64150.0000
20110908	小型臺指            	MXF    	C         	12404	4670728.0000	13216	4976575.0000	-812	-305847.0000	5111	1921556.0000	6027	2270784.0000	-916	-349228.0000
20110908	股票期貨            	STF    	A         	6546	349507.0000	6490	338920.0000	56	10587.0000	19769	1239984.0000	14756	930833.0000	5013	309151.0000
20110908	股票期貨            	STF    	B         	0	.0000	0	.0000	0	.0000	11657	1636753.0000	0	.0000	11657	1636753.0000
20110908	股票期貨            	STF    	C         	268	13685.0000	164	7131.0000	104	6554.0000	471	66900.0000	24670	2450744.0000	-24199	-2383844.0000
20110908	臺灣50期貨          	T5F    	A         	0	.0000	0	.0000	0	.0000	500	254550.0000	0	.0000	500	254550.0000
20110908	臺灣50期貨          	T5F    	B         	0	.0000	0	.0000	0	.0000	0	.0000	0	.0000	0	.0000
20110908	臺灣50期貨          	T5F    	C         	0	.0000	0	.0000	0	.0000	0	.0000	500	254550.0000	-500	-254550.0000
20110908	臺股期貨            	TXF    	A         	22574	34011511.0000	22803	34339231.0000	-229	-327719.0000	10058	15159058.0000	13102	19727237.0000	-3044	-4568179.0000
20110908	臺股期貨            	TXF    	B         	500	755699.0000	33	49683.0000	467	706016.0000	4321	6522071.0000	2086	3148608.0000	2235	3373463.0000
20110908	臺股期貨            	TXF    	C         	23548	35466088.0000	23070	34766936.0000	478	699152.0000	35527	53508830.0000	29601	44638166.0000	5926	8870664.0000
20110908	非金電期貨          	XIF    	A         	497	526357.0000	549	581129.0000	-52	-54771.0000	675	714984.0000	264	279731.0000	411	435253.0000
20110908	非金電期貨          	XIF    	B         	0	.0000	0	.0000	0	.0000	36	38164.0000	0	.0000	36	38164.0000
20110908	非金電期貨          	XIF    	C         	236	249814.0000	206	218469.0000	30	31345.0000	293	310609.0000	633	670559.0000	-340	-359950.0000
20110909	電子期貨            	EXF    	A         	914	1001513.0000	1022	1119959.0000	-108	-118446.0000	906	994601.0000	625	685416.0000	281	309185.0000
20110909	電子期貨            	EXF    	B         	0	.0000	0	.0000	0	.0000	160	175840.0000	444	487956.0000	-284	-312116.0000
20110909	電子期貨            	EXF    	C         	2030	2226370.0000	1822	1999811.0000	208	226559.0000	4400	4834928.0000	4789	5262746.0000	-389	-427818.0000
20110909	金融期貨            	FXF    	A         	878	797282.0000	827	749701.0000	51	47580.0000	789	714652.0000	688	622928.0000	101	91724.0000
20110909	金融期貨            	FXF    	B         	25	22703.0000	45	40916.0000	-20	-18213.0000	258	233696.0000	0	.0000	258	233696.0000
20110909	金融期貨            	FXF    	C         	1577	1431130.0000	1344	1219889.0000	233	211241.0000	1127	1020832.0000	3835	3473724.0000	-2708	-2452892.0000
20110909	櫃買期貨            	GTF    	A         	63	27829.0000	48	21198.0000	15	6631.0000	22	9668.0000	204	89836.0000	-182	-80168.0000
20110909	櫃買期貨            	GTF    	B         	0	.0000	0	.0000	0	.0000	141	62125.0000	0	.0000	141	62125.0000
20110909	櫃買期貨            	GTF    	C         	0	.0000	0	.0000	0	.0000	0	.0000	0	.0000	0	.0000
20110909	摩臺期              	MSF    	A         	0	.0000	0	.0000	0	.0000	0	.0000	0	.0000	0	.0000
20110909	摩臺期              	MSF    	B         	0	.0000	0	.0000	0	.0000	0	.0000	0	.0000	0	.0000
20110909	摩臺期              	MSF    	C         	0	.0000	0	.0000	0	.0000	0	.0000	0	.0000	0	.0000
20110909	小型臺指            	MXF    	A         	18289	6936524.0000	17491	6629627.0000	798	306897.0000	3325	1261099.0000	12377	4694522.0000	-9052	-3433423.0000
20110909	小型臺指            	MXF    	B         	20	7601.0000	1	380.0000	19	7221.0000	9	3421.0000	160	60816.0000	-151	-57395.0000
20110909	小型臺指            	MXF    	C         	14582	5527772.0000	13824	5239325.0000	758	288447.0000	5211	1973854.0000	5749	2181712.0000	-538	-207858.0000
20110909	股票期貨            	STF    	A         	6568	375249.0000	6033	335339.0000	535	39910.0000	20991	1327092.0000	15443	972818.0000	5548	354274.0000
20110909	股票期貨            	STF    	B         	0	.0000	0	.0000	0	.0000	11657	1646759.0000	0	.0000	11657	1646759.0000
20110909	股票期貨            	STF    	C         	34	3925.0000	130	14990.0000	-96	-11065.0000	482	69989.0000	24777	2478224.0000	-24295	-2408235.0000
20110909	臺灣50期貨          	T5F    	A         	0	.0000	0	.0000	0	.0000	500	259650.0000	0	.0000	500	259650.0000
20110909	臺灣50期貨          	T5F    	B         	0	.0000	0	.0000	0	.0000	0	.0000	0	.0000	0	.0000
20110909	臺灣50期貨          	T5F    	C         	0	.0000	0	.0000	0	.0000	0	.0000	500	259650.0000	-500	-259650.0000
20110909	臺股期貨            	TXF    	A         	30211	45847310.0000	29765	45158292.0000	446	689018.0000	10751	16323134.0000	13312	20191561.0000	-2561	-3868427.0000
20110909	臺股期貨            	TXF    	B         	167	253363.0000	321	485511.0000	-154	-232148.0000	4219	6414524.0000	2098	3189799.0000	2121	3224725.0000
20110909	臺股期貨            	TXF    	C         	27001	40945016.0000	25590	38824246.0000	1411	2120769.0000	36425	55266191.0000	28993	44037437.0000	7432	11228754.0000
20110909	非金電期貨          	XIF    	A         	240	255307.0000	270	286847.0000	-30	-31540.0000	659	701253.0000	278	295929.0000	381	405324.0000
20110909	非金電期貨          	XIF    	B         	0	.0000	0	.0000	0	.0000	36	38336.0000	0	.0000	36	38336.0000
20110909	非金電期貨          	XIF    	C         	224	238345.0000	173	184025.0000	51	54320.0000	283	301367.0000	572	608681.0000	-289	-307314.0000
20110913	電子期貨            	EXF    	A         	988	1068082.0000	994	1074656.0000	-6	-6574.0000	848	908636.0000	573	612803.0000	275	295833.0000
20110913	電子期貨            	EXF    	B         	0	.0000	0	.0000	0	.0000	160	171552.0000	444	476057.0000	-284	-304505.0000
20110913	電子期貨            	EXF    	C         	1566	1694213.0000	1702	1842088.0000	-136	-147875.0000	4090	4384500.0000	4615	4948048.0000	-525	-563548.0000
20110913	金融期貨            	FXF    	A         	1240	1077338.0000	1357	1182474.0000	-117	-105136.0000	868	741668.0000	884	754810.0000	-16	-13142.0000
20110913	金融期貨            	FXF    	B         	0	.0000	30	25683.0000	-30	-25683.0000	228	194849.0000	0	.0000	228	194849.0000
20110913	金融期貨            	FXF    	C         	2482	2154138.0000	2267	1966140.0000	215	187997.0000	1123	959709.0000	3616	3090188.0000	-2493	-2130479.0000
20110913	櫃買期貨            	GTF    	A         	38	16363.0000	23	9911.0000	15	6452.0000	26	11108.0000	193	82635.0000	-167	-71527.0000
20110913	櫃買期貨            	GTF    	B         	0	.0000	0	.0000	0	.0000	141	60404.0000	0	.0000	141	60404.0000
20110913	櫃買期貨            	GTF    	C         	0	.0000	0	.0000	0	.0000	0	.0000	0	.0000	0	.0000
20110913	摩臺期              	MSF    	A         	0	.0000	0	.0000	0	.0000	0	.0000	0	.0000	0	.0000
20110913	摩臺期              	MSF    	B         	0	.0000	0	.0000	0	.0000	0	.0000	0	.0000	0	.0000
20110913	摩臺期              	MSF    	C         	0	.0000	0	.0000	0	.0000	0	.0000	0	.0000	0	.0000
20110913	小型臺指            	MXF    	A         	14793	5494860.0000	19421	7212860.0000	-4628	-1718000.0000	3917	1441304.0000	17513	6442575.0000	-13596	-5001271.0000
20110913	小型臺指            	MXF    	B         	0	.0000	12	4421.0000	-12	-4421.0000	2	737.0000	165	60794.0000	-163	-60057.0000
20110913	小型臺指            	MXF    	C         	12160	4515106.0000	14908	5537521.0000	-2748	-1022415.0000	4974	1827137.0000	6204	2282520.0000	-1230	-455383.0000
20110913	股票期貨            	STF    	A         	9068	518893.0000	9221	531733.0000	-153	-12840.0000	20923	1300230.0000	15528	974697.0000	5395	325533.0000
20110913	股票期貨            	STF    	B         	0	.0000	0	.0000	0	.0000	11657	1607664.0000	0	.0000	11657	1607664.0000
20110913	股票期貨            	STF    	C         	26	3776.0000	75	7046.0000	-49	-3270.0000	482	67455.0000	24826	2419600.0000	-24344	-2352145.0000
20110913	臺灣50期貨          	T5F    	A         	0	.0000	0	.0000	0	.0000	500	250750.0000	0	.0000	500	250750.0000
20110913	臺灣50期貨          	T5F    	B         	0	.0000	0	.0000	0	.0000	0	.0000	0	.0000	0	.0000
20110913	臺灣50期貨          	T5F    	C         	0	.0000	0	.0000	0	.0000	0	.0000	500	250750.0000	-500	-250750.0000
20110913	臺股期貨            	TXF    	A         	27680	41100703.0000	29463	43776405.0000	-1783	-2675702.0000	7822	11509016.0000	12187	17915954.0000	-4365	-6406938.0000
20110913	臺股期貨            	TXF    	B         	500	744225.0000	559	825236.0000	-59	-81011.0000	4235	6241479.0000	2173	3202199.0000	2062	3039280.0000
20110913	臺股期貨            	TXF    	C         	18318	27183590.0000	18550	27532283.0000	-232	-348693.0000	36941	54334618.0000	30256	44551371.0000	6685	9783247.0000
20110913	非金電期貨          	XIF    	A         	373	388474.0000	396	412406.0000	-23	-23932.0000	649	669949.0000	291	300600.0000	358	369349.0000
20110913	非金電期貨          	XIF    	B         	0	.0000	0	.0000	0	.0000	36	37206.0000	0	.0000	36	37206.0000
20110913	非金電期貨          	XIF    	C         	290	302216.0000	190	197944.0000	100	104272.0000	266	274911.0000	455	469723.0000	-189	-194812.0000
20110914	電子期貨            	EXF    	A         	1203	1280444.0000	943	1009004.0000	260	271440.0000	1056	1107763.0000	521	545524.0000	535	562239.0000
20110914	電子期貨            	EXF    	B         	33	35241.0000	0	.0000	33	35241.0000	160	168000.0000	411	431550.0000	-251	-263550.0000
20110914	電子期貨            	EXF    	C         	1692	1797923.0000	1965	2090191.0000	-273	-292268.0000	3760	3947263.0000	4558	4785560.0000	-798	-838297.0000
20110914	金融期貨            	FXF    	A         	1478	1238342.0000	1557	1310568.0000	-79	-72226.0000	908	746842.0000	1003	824722.0000	-95	-77880.0000
20110914	金融期貨            	FXF    	B         	0	.0000	113	96299.0000	-113	-96299.0000	115	94599.0000	0	.0000	115	94599.0000
20110914	金融期貨            	FXF    	C         	4144	3458466.0000	2805	2348444.0000	1339	1110023.0000	1842	1515226.0000	2996	2464436.0000	-1154	-949210.0000
20110914	櫃買期貨            	GTF    	A         	99	41809.0000	77	32623.0000	22	9186.0000	33	13738.0000	178	74425.0000	-145	-60687.0000
20110914	櫃買期貨            	GTF    	B         	2	840.0000	0	.0000	2	840.0000	143	59831.0000	0	.0000	143	59831.0000
20110914	櫃買期貨            	GTF    	C         	0	.0000	0	.0000	0	.0000	0	.0000	0	.0000	0	.0000
20110914	摩臺期              	MSF    	A         	0	.0000	0	.0000	0	.0000	0	.0000	0	.0000	0	.0000
20110914	摩臺期              	MSF    	B         	0	.0000	0	.0000	0	.0000	0	.0000	0	.0000	0	.0000
20110914	摩臺期              	MSF    	C         	0	.0000	0	.0000	0	.0000	0	.0000	0	.0000	0	.0000
20110914	小型臺指            	MXF    	A         	21471	7824176.0000	22052	8038559.0000	-581	-214384.0000	3762	1351323.0000	18395	6605905.0000	-14633	-5254582.0000
20110914	小型臺指            	MXF    	B         	0	.0000	11	3957.0000	-11	-3957.0000	2	719.0000	176	63298.0000	-174	-62579.0000
20110914	小型臺指            	MXF    	C         	19169	7006322.0000	18396	6718826.0000	773	287496.0000	5374	1927355.0000	6229	2237025.0000	-855	-309670.0000
20110914	股票期貨            	STF    	A         	14560	860419.0000	14237	844492.0000	323	15926.0000	21927	1306364.0000	16209	977327.0000	5718	329037.0000
20110914	股票期貨            	STF    	B         	0	.0000	0	.0000	0	.0000	11657	1587574.0000	0	.0000	11657	1587574.0000
20110914	股票期貨            	STF    	C         	18	1907.0000	22	2070.0000	-4	-163.0000	482	66388.0000	24830	2381604.0000	-24348	-2315216.0000
20110914	臺灣50期貨          	T5F    	A         	0	.0000	0	.0000	0	.0000	500	244550.0000	0	.0000	500	244550.0000
20110914	臺灣50期貨          	T5F    	B         	0	.0000	0	.0000	0	.0000	0	.0000	0	.0000	0	.0000
20110914	臺灣50期貨          	T5F    	C         	0	.0000	0	.0000	0	.0000	0	.0000	500	244550.0000	-500	-244550.0000
20110914	臺股期貨            	TXF    	A         	33977	49518119.0000	36509	53252690.0000	-2532	-3734570.0000	7216	10363691.0000	13999	20095719.0000	-6783	-9732028.0000
20110914	臺股期貨            	TXF    	B         	336	488105.0000	379	550125.0000	-43	-62020.0000	4091	5885244.0000	2073	2981708.0000	2018	2903536.0000
20110914	臺股期貨            	TXF    	C         	36152	52807467.0000	32743	47813761.0000	3409	4993706.0000	40519	58183770.0000	30323	43581581.0000	10196	14602189.0000
20110914	非金電期貨          	XIF    	A         	301	307254.0000	361	367809.0000	-60	-60555.0000	627	633051.0000	329	332171.0000	298	300880.0000
20110914	非金電期貨          	XIF    	B         	0	.0000	0	.0000	0	.0000	36	36349.0000	0	.0000	36	36349.0000
20110914	非金電期貨          	XIF    	C         	272	277335.0000	187	191647.0000	85	85689.0000	294	296852.0000	398	401809.0000	-104	-104957.0000
20110915	電子期貨            	EXF    	A         	1315	1424119.0000	1091	1179968.0000	224	244151.0000	1214	1316323.0000	455	492430.0000	759	823893.0000
20110915	電子期貨            	EXF    	B         	7	7608.0000	0	.0000	7	7608.0000	160	173664.0000	404	438502.0000	-244	-264838.0000
20110915	電子期貨            	EXF    	C         	1584	1714389.0000	2035	2204377.0000	-451	-489988.0000	3041	3299957.0000	4290	4655891.0000	-1249	-1355934.0000
20110915	金融期貨            	FXF    	A         	961	809603.0000	1016	855539.0000	-55	-45936.0000	1001	841689.0000	1151	967421.0000	-150	-125732.0000
20110915	金融期貨            	FXF    	B         	0	.0000	0	.0000	0	.0000	115	96715.0000	0	.0000	115	96715.0000
20110915	金融期貨            	FXF    	C         	1925	1619011.0000	2168	1825183.0000	-243	-206172.0000	1714	1441470.0000	3111	2616251.0000	-1397	-1174781.0000
20110915	櫃買期貨            	GTF    	A         	48	20468.0000	56	23921.0000	-8	-3453.0000	36	15283.0000	189	80393.0000	-153	-65110.0000
20110915	櫃買期貨            	GTF    	B         	0	.0000	0	.0000	0	.0000	143	60861.0000	0	.0000	143	60861.0000
20110915	櫃買期貨            	GTF    	C         	0	.0000	0	.0000	0	.0000	0	.0000	0	.0000	0	.0000
20110915	摩臺期              	MSF    	A         	0	.0000	0	.0000	0	.0000	0	.0000	0	.0000	0	.0000
20110915	摩臺期              	MSF    	B         	0	.0000	0	.0000	0	.0000	0	.0000	0	.0000	0	.0000
20110915	摩臺期              	MSF    	C         	0	.0000	0	.0000	0	.0000	0	.0000	0	.0000	0	.0000
20110915	小型臺指            	MXF    	A         	18110	6686763.0000	15890	5864891.0000	2220	821872.0000	2994	1106135.0000	13207	4881693.0000	-10213	-3775558.0000
20110915	小型臺指            	MXF    	B         	8	2962.0000	0	.0000	8	2962.0000	2	741.0000	168	62202.0000	-166	-61461.0000
20110915	小型臺指            	MXF    	C         	17233	6362517.0000	14661	5413560.0000	2572	948957.0000	5999	2214876.0000	5894	2178746.0000	105	36130.0000
20110915	股票期貨            	STF    	A         	8565	480826.0000	8970	476649.0000	-405	4177.0000	22273	1383859.0000	16960	1040764.0000	5313	343095.0000
20110915	股票期貨            	STF    	B         	0	.0000	0	.0000	0	.0000	11657	1625032.0000	0	.0000	11657	1625032.0000
20110915	股票期貨            	STF    	C         	19	2346.0000	12	1350.0000	7	996.0000	486	68248.0000	24827	2443097.0000	-24341	-2374849.0000
20110915	臺灣50期貨          	T5F    	A         	0	.0000	0	.0000	0	.0000	500	249250.0000	0	.0000	500	249250.0000
20110915	臺灣50期貨          	T5F    	B         	0	.0000	0	.0000	0	.0000	0	.0000	0	.0000	0	.0000
20110915	臺灣50期貨          	T5F    	C         	0	.0000	0	.0000	0	.0000	0	.0000	500	249250.0000	-500	-249250.0000
20110915	臺股期貨            	TXF    	A         	30784	45492786.0000	26817	39605221.0000	3967	5887566.0000	9276	13719710.0000	12642	18677660.0000	-3366	-4957950.0000
20110915	臺股期貨            	TXF    	B         	231	340957.0000	676	996436.0000	-445	-655479.0000	4099	6070547.0000	2526	3740151.0000	1573	2330396.0000
20110915	臺股期貨            	TXF    	C         	33456	49415740.0000	34426	50869719.0000	-970	-1453979.0000	41180	60868551.0000	31551	46680989.0000	9629	14187562.0000
20110915	非金電期貨          	XIF    	A         	385	397885.0000	418	431690.0000	-33	-33805.0000	613	635030.0000	348	360618.0000	265	274412.0000
20110915	非金電期貨          	XIF    	B         	0	.0000	0	.0000	0	.0000	36	37321.0000	0	.0000	36	37321.0000
20110915	非金電期貨          	XIF    	C         	208	215121.0000	132	136384.0000	76	78737.0000	336	348331.0000	364	377023.0000	-28	-28692.0000
20110916	電子期貨            	EXF    	A         	1239	1372693.0000	1151	1275053.0000	88	97640.0000	1472	1634786.0000	625	693007.0000	847	941779.0000
20110916	電子期貨            	EXF    	B         	19	20924.0000	0	.0000	19	20924.0000	165	183381.0000	390	433446.0000	-225	-250065.0000
20110916	電子期貨            	EXF    	C         	1940	2147050.0000	1634	1810115.0000	306	336935.0000	3316	3684406.0000	4259	4733048.0000	-943	-1048642.0000
20110916	金融期貨            	FXF    	A         	1808	1583206.0000	2005	1757355.0000	-197	-174149.0000	1169	1031284.0000	1516	1336639.0000	-347	-305355.0000
20110916	金融期貨            	FXF    	B         	128	112011.0000	5	4411.0000	123	107600.0000	238	209883.0000	0	.0000	238	209883.0000
20110916	金融期貨            	FXF    	C         	1439	1261484.0000	2237	1959969.0000	-798	-698485.0000	1165	1027991.0000	3360	2964576.0000	-2195	-1936585.0000
20110916	櫃買期貨            	GTF    	A         	51	22209.0000	76	33110.0000	-25	-10901.0000	18	7850.0000	196	85531.0000	-178	-77681.0000
20110916	櫃買期貨            	GTF    	B         	0	.0000	0	.0000	0	.0000	143	62434.0000	0	.0000	143	62434.0000
20110916	櫃買期貨            	GTF    	C         	0	.0000	0	.0000	0	.0000	0	.0000	0	.0000	0	.0000
20110916	摩臺期              	MSF    	A         	0	.0000	0	.0000	0	.0000	0	.0000	0	.0000	0	.0000
20110916	摩臺期              	MSF    	B         	0	.0000	0	.0000	0	.0000	0	.0000	0	.0000	0	.0000
20110916	摩臺期              	MSF    	C         	0	.0000	0	.0000	0	.0000	0	.0000	0	.0000	0	.0000
20110916	小型臺指            	MXF    	A         	15042	5697740.0000	12755	4837445.0000	2287	860294.0000	3307	1255488.0000	11265	4277798.0000	-7958	-3022310.0000
20110916	小型臺指            	MXF    	B         	13	4946.0000	2	762.0000	11	4184.0000	5	1902.0000	160	60864.0000	-155	-58962.0000
20110916	小型臺指            	MXF    	C         	15885	6017233.0000	13813	5237873.0000	2072	779360.0000	6975	2646027.0000	6214	2360262.0000	761	285765.0000
20110916	股票期貨            	STF    	A         	7120	388711.0000	7285	397154.0000	-165	-8443.0000	22491	1433430.0000	17343	1091564.0000	5148	341866.0000
20110916	股票期貨            	STF    	B         	0	.0000	0	.0000	0	.0000	11657	1663543.0000	0	.0000	11657	1663543.0000
20110916	股票期貨            	STF    	C         	51	3456.0000	27	1785.0000	24	1671.0000	498	70139.0000	24815	2501850.0000	-24317	-2431711.0000
20110916	臺灣50期貨          	T5F    	A         	0	.0000	0	.0000	0	.0000	500	255000.0000	0	.0000	500	255000.0000
20110916	臺灣50期貨          	T5F    	B         	0	.0000	0	.0000	0	.0000	0	.0000	0	.0000	0	.0000
20110916	臺灣50期貨          	T5F    	C         	0	.0000	0	.0000	0	.0000	0	.0000	500	255000.0000	-500	-255000.0000
20110916	臺股期貨            	TXF    	A         	27929	42342215.0000	25339	38434862.0000	2590	3907353.0000	11102	16876397.0000	11870	18020314.0000	-768	-1143917.0000
20110916	臺股期貨            	TXF    	B         	912	1382676.0000	97	147083.0000	815	1235594.0000	4329	6585956.0000	1939	2950080.0000	2390	3635876.0000
20110916	臺股期貨            	TXF    	C         	30870	46792578.0000	30823	46742956.0000	47	49622.0000	41089	62390630.0000	31059	47212391.0000	10030	15178239.0000
20110916	非金電期貨          	XIF    	A         	465	493570.0000	298	316309.0000	167	177261.0000	687	728247.0000	255	270338.0000	432	457909.0000
20110916	非金電期貨          	XIF    	B         	0	.0000	6	6363.0000	-6	-6363.0000	30	31821.0000	0	.0000	30	31821.0000
20110916	非金電期貨          	XIF    	C         	171	181487.0000	357	378532.0000	-186	-197045.0000	178	188805.0000	392	415459.0000	-214	-226654.0000
20110919	電子期貨            	EXF    	A         	863	949833.0000	1189	1309354.0000	-326	-359521.0000	1100	1205029.0000	579	633179.0000	521	571850.0000
20110919	電子期貨            	EXF    	B         	50	54676.0000	50	54895.0000	0	-219.0000	165	180749.0000	390	427674.0000	-225	-246925.0000
20110919	電子期貨            	EXF    	C         	2459	2707565.0000	2327	2561413.0000	132	146152.0000	2933	3214017.0000	3744	4103136.0000	-811	-889119.0000
20110919	金融期貨            	FXF    	A         	1194	1020282.0000	1187	1014227.0000	7	6055.0000	1043	886481.0000	1383	1174625.0000	-340	-288144.0000
20110919	金融期貨            	FXF    	B         	0	.0000	1	850.0000	-1	-850.0000	237	201318.0000	0	.0000	237	201318.0000
20110919	金融期貨            	FXF    	C         	1830	1560071.0000	1572	1340599.0000	258	219472.0000	1122	953849.0000	3059	2600030.0000	-1937	-1646181.0000
20110919	櫃買期貨            	GTF    	A         	91	39343.0000	63	27334.0000	28	12008.0000	6	2588.0000	156	67190.0000	-150	-64602.0000
20110919	櫃買期貨            	GTF    	B         	73	31677.0000	73	31507.0000	0	170.0000	143	61736.0000	0	.0000	143	61736.0000
20110919	櫃買期貨            	GTF    	C         	0	.0000	0	.0000	0	.0000	0	.0000	0	.0000	0	.0000
20110919	摩臺期              	MSF    	A         	0	.0000	0	.0000	0	.0000	0	.0000	0	.0000	0	.0000
20110919	摩臺期              	MSF    	B         	0	.0000	0	.0000	0	.0000	0	.0000	0	.0000	0	.0000
20110919	摩臺期              	MSF    	C         	0	.0000	0	.0000	0	.0000	0	.0000	0	.0000	0	.0000
20110919	小型臺指            	MXF    	A         	12866	4823889.0000	15032	5636822.0000	-2166	-812933.0000	3618	1350939.0000	13342	4979204.0000	-9724	-3628265.0000
20110919	小型臺指            	MXF    	B         	8	2991.0000	0	.0000	8	2991.0000	13	4860.0000	160	59816.0000	-147	-54956.0000
20110919	小型臺指            	MXF    	C         	12138	4550580.0000	16456	6176357.0000	-4318	-1625777.0000	7293	2719156.0000	9070	3386891.0000	-1777	-667735.0000
20110919	股票期貨            	STF    	A         	7822	437828.0000	7971	419182.0000	-149	18646.0000	22390	1430079.0000	17391	1070820.0000	4999	359259.0000
20110919	股票期貨            	STF    	B         	0	.0000	0	.0000	0	.0000	11657	1662969.0000	0	.0000	11657	1662969.0000
20110919	股票期貨            	STF    	C         	11	470.0000	10	328.0000	1	142.0000	498	68624.0000	24814	2489893.0000	-24316	-2421269.0000
20110919	臺灣50期貨          	T5F    	A         	0	.0000	0	.0000	0	.0000	500	254000.0000	0	.0000	500	254000.0000
20110919	臺灣50期貨          	T5F    	B         	0	.0000	0	.0000	0	.0000	0	.0000	0	.0000	0	.0000
20110919	臺灣50期貨          	T5F    	C         	0	.0000	0	.0000	0	.0000	0	.0000	500	254000.0000	-500	-254000.0000
20110919	臺股期貨            	TXF    	A         	20371	30565253.0000	23879	35840824.0000	-3508	-5275571.0000	8104	12104583.0000	12480	18621536.0000	-4376	-6516953.0000
20110919	臺股期貨            	TXF    	B         	1081	1615673.0000	1433	2144836.0000	-352	-529163.0000	3972	5935441.0000	1916	2864815.0000	2056	3070626.0000
20110919	臺股期貨            	TXF    	C         	28433	42659176.0000	28993	43507317.0000	-560	-848140.0000	40168	59938834.0000	31143	46518644.0000	9025	13420190.0000
20110919	非金電期貨          	XIF    	A         	318	333736.0000	338	354779.0000	-20	-21043.0000	726	758821.0000	314	328211.0000	412	430610.0000
20110919	非金電期貨          	XIF    	B         	9	9412.0000	12	12554.0000	-3	-3142.0000	27	28222.0000	0	.0000	27	28222.0000
20110919	非金電期貨          	XIF    	C         	148	155412.0000	191	200770.0000	-43	-45359.0000	104	108722.0000	361	377281.0000	-257	-268559.0000
20110920	電子期貨            	EXF    	A         	1803	1985117.0000	1946	2139576.0000	-143	-154459.0000	931	1024920.0000	553	608169.0000	378	416751.0000
20110920	電子期貨            	EXF    	B         	65	71104.0000	70	76975.0000	-5	-5870.0000	160	176011.0000	390	430092.0000	-230	-254081.0000
20110920	電子期貨            	EXF    	C         	4948	5442524.0000	5199	5720263.0000	-251	-277740.0000	3203	3526394.0000	4265	4695240.0000	-1062	-1168846.0000
20110920	金融期貨            	FXF    	A         	1911	1613726.0000	1811	1529494.0000	100	84231.0000	728	616817.0000	968	819710.0000	-240	-202893.0000
20110920	金融期貨            	FXF    	B         	58	48847.0000	165	138840.0000	-107	-89992.0000	180	152352.0000	50	42290.0000	130	110062.0000
20110920	金融期貨            	FXF    	C         	3289	2777224.0000	3459	2919760.0000	-170	-142536.0000	1162	984380.0000	3269	2769010.0000	-2107	-1784630.0000
20110920	櫃買期貨            	GTF    	A         	76	32752.0000	67	29013.0000	9	3738.0000	7	3043.0000	148	64288.0000	-141	-61245.0000
20110920	櫃買期貨            	GTF    	B         	70	30428.0000	70	30106.0000	0	321.0000	143	62605.0000	0	.0000	143	62605.0000
20110920	櫃買期貨            	GTF    	C         	0	.0000	0	.0000	0	.0000	0	.0000	0	.0000	0	.0000
20110920	摩臺期              	MSF    	A         	0	.0000	0	.0000	0	.0000	0	.0000	0	.0000	0	.0000
20110920	摩臺期              	MSF    	B         	0	.0000	0	.0000	0	.0000	0	.0000	0	.0000	0	.0000
20110920	摩臺期              	MSF    	C         	0	.0000	0	.0000	0	.0000	0	.0000	0	.0000	0	.0000
20110920	小型臺指            	MXF    	A         	20188	7532656.0000	20499	7642695.0000	-311	-110039.0000	2313	863981.0000	12180	4550803.0000	-9867	-3686822.0000
20110920	小型臺指            	MXF    	B         	0	.0000	48	17777.0000	-48	-17777.0000	5	1872.0000	200	74824.0000	-195	-72952.0000
20110920	小型臺指            	MXF    	C         	20725	7742973.0000	19720	7360822.0000	1005	382151.0000	7501	2799449.0000	6305	2355962.0000	1196	443487.0000
20110920	股票期貨            	STF    	A         	9112	609698.0000	9630	618539.0000	-518	-8841.0000	22616	1462997.0000	18135	1111516.0000	4481	351481.0000
20110920	股票期貨            	STF    	B         	0	.0000	0	.0000	0	.0000	11657	1659922.0000	0	.0000	11657	1659922.0000
20110920	股票期貨            	STF    	C         	963	86737.0000	1004	70593.0000	-41	16145.0000	868	96188.0000	25225	2505831.0000	-24357	-2409643.0000
20110920	臺灣50期貨          	T5F    	A         	0	.0000	0	.0000	0	.0000	500	252800.0000	0	.0000	500	252800.0000
20110920	臺灣50期貨          	T5F    	B         	0	.0000	0	.0000	0	.0000	0	.0000	0	.0000	0	.0000
20110920	臺灣50期貨          	T5F    	C         	0	.0000	0	.0000	0	.0000	0	.0000	500	252800.0000	-500	-252800.0000
20110920	臺股期貨            	TXF    	A         	41038	61322471.0000	40533	60555673.0000	505	766798.0000	8030	12006451.0000	11943	17835187.0000	-3913	-5828736.0000
20110920	臺股期貨            	TXF    	B         	2083	3098298.0000	2009	2995974.0000	74	102323.0000	3881	5799948.0000	1751	2620190.0000	2130	3179758.0000
20110920	臺股期貨            	TXF    	C         	51974	77656990.0000	52320	78184397.0000	-346	-527407.0000	39456	58914815.0000	31244	46702393.0000	8212	12212422.0000
20110920	非金電期貨          	XIF    	A         	496	517151.0000	576	600364.0000	-80	-83213.0000	556	579874.0000	224	233682.0000	332	346192.0000
20110920	非金電期貨          	XIF    	B         	18	18716.0000	18	18735.0000	0	-19.0000	27	28142.0000	0	.0000	27	28142.0000
20110920	非金電期貨          	XIF    	C         	217	225649.0000	110	114371.0000	107	111278.0000	164	171200.0000	314	327349.0000	-150	-156149.0000
20110921	電子期貨            	EXF    	A         	1228	1358472.0000	1371	1518258.0000	-143	-159786.0000	608	674793.0000	349	387045.0000	259	287748.0000
20110921	電子期貨            	EXF    	B         	435	483407.0000	45	49964.0000	390	433443.0000	160	177824.0000	0	.0000	160	177824.0000
20110921	電子期貨            	EXF    	C         	2511	2780293.0000	2446	2710868.0000	65	69425.0000	1659	1843813.0000	2437	2708237.0000	-778	-864424.0000
20110921	金融期貨            	FXF    	A         	1581	1349674.0000	1473	1257889.0000	108	91785.0000	317	270860.0000	443	378484.0000	-126	-107624.0000
20110921	金融期貨            	FXF    	B         	54	46134.0000	79	67615.0000	-25	-21481.0000	180	153828.0000	75	64095.0000	105	89733.0000
20110921	金融期貨            	FXF    	C         	3094	2641813.0000	2872	2449783.0000	222	192030.0000	1041	889639.0000	2193	1874120.0000	-1152	-984481.0000
20110921	櫃買期貨            	GTF    	A         	310	135915.0000	362	159031.0000	-52	-23117.0000	2	884.0000	95	41930.0000	-93	-41046.0000
20110921	櫃買期貨            	GTF    	B         	0	.0000	0	.0000	0	.0000	143	63206.0000	0	.0000	143	63206.0000
20110921	櫃買期貨            	GTF    	C         	0	.0000	0	.0000	0	.0000	0	.0000	0	.0000	0	.0000
20110921	摩臺期              	MSF    	A         	0	.0000	0	.0000	0	.0000	0	.0000	0	.0000	0	.0000
20110921	摩臺期              	MSF    	B         	0	.0000	0	.0000	0	.0000	0	.0000	0	.0000	0	.0000
20110921	摩臺期              	MSF    	C         	0	.0000	0	.0000	0	.0000	0	.0000	0	.0000	0	.0000
20110921	小型臺指            	MXF    	A         	13576	5093218.0000	12025	4510936.0000	1551	582283.0000	802	300723.0000	3001	1125383.0000	-2199	-824660.0000
20110921	小型臺指            	MXF    	B         	10	3769.0000	5	1890.0000	5	1879.0000	10	3767.0000	40	15068.0000	-30	-11301.0000
20110921	小型臺指            	MXF    	C         	14128	5303148.0000	12282	4609554.0000	1846	693594.0000	6220	2340303.0000	2405	904232.0000	3815	1436071.0000
20110921	股票期貨            	STF    	A         	7881	498319.0000	8366	502387.0000	-485	-4068.0000	14181	935791.0000	9055	529248.0000	5126	406543.0000
20110921	股票期貨            	STF    	B         	0	.0000	0	.0000	0	.0000	11657	1678952.0000	0	.0000	11657	1678952.0000
20110921	股票期貨            	STF    	C         	345	28308.0000	433	33151.0000	-88	-4843.0000	393	37171.0000	23538	2412907.0000	-23145	-2375736.0000
20110921	臺灣50期貨          	T5F    	A         	0	.0000	0	.0000	0	.0000	500	256700.0000	0	.0000	500	256700.0000
20110921	臺灣50期貨          	T5F    	B         	0	.0000	0	.0000	0	.0000	0	.0000	0	.0000	0	.0000
20110921	臺灣50期貨          	T5F    	C         	0	.0000	0	.0000	0	.0000	0	.0000	500	256700.0000	-500	-256700.0000
20110921	臺股期貨            	TXF    	A         	25896	38921746.0000	25398	38187270.0000	498	734476.0000	3511	5281705.0000	5615	8432578.0000	-2104	-3150873.0000
20110921	臺股期貨            	TXF    	B         	1924	2889773.0000	1782	2673467.0000	142	216306.0000	3795	5718306.0000	1318	1985962.0000	2477	3732344.0000
20110921	臺股期貨            	TXF    	C         	32295	48458713.0000	33155	49743168.0000	-860	-1284455.0000	23944	36005527.0000	19538	29421484.0000	4406	6584043.0000
20110921	非金電期貨          	XIF    	A         	384	400952.0000	534	557636.0000	-150	-156684.0000	373	390259.0000	106	110913.0000	267	279346.0000
20110921	非金電期貨          	XIF    	B         	0	.0000	0	.0000	0	.0000	27	28242.0000	0	.0000	27	28242.0000
20110921	非金電期貨          	XIF    	C         	266	278048.0000	255	266775.0000	11	11273.0000	91	95186.0000	364	380744.0000	-273	-285558.0000
20110922	電子期貨            	EXF    	A         	693	751135.0000	581	628591.0000	112	122544.0000	649	698666.0000	278	298856.0000	371	399810.0000
20110922	電子期貨            	EXF    	B         	0	.0000	0	.0000	0	.0000	160	172480.0000	0	.0000	160	172480.0000
20110922	電子期貨            	EXF    	C         	1173	1267764.0000	1339	1448342.0000	-166	-180578.0000	1688	1819664.0000	2632	2837056.0000	-944	-1017392.0000
20110922	金融期貨            	FXF    	A         	752	619243.0000	677	557138.0000	75	62105.0000	327	269000.0000	378	310890.0000	-51	-41890.0000
20110922	金融期貨            	FXF    	B         	0	.0000	69	56686.0000	-69	-56686.0000	111	91331.0000	75	61710.0000	36	29621.0000
20110922	金融期貨            	FXF    	C         	1769	1455819.0000	1297	1067154.0000	472	388664.0000	1566	1288505.0000	2246	1847984.0000	-680	-559479.0000
20110922	櫃買期貨            	GTF    	A         	67	28588.0000	44	18806.0000	23	9781.0000	11	4688.0000	81	34592.0000	-70	-29904.0000
20110922	櫃買期貨            	GTF    	B         	0	.0000	4	1705.0000	-4	-1705.0000	139	59464.0000	0	.0000	139	59464.0000
20110922	櫃買期貨            	GTF    	C         	0	.0000	0	.0000	0	.0000	0	.0000	0	.0000	0	.0000
20110922	小型臺指            	MXF    	A         	10913	3981985.0000	14345	5240136.0000	-3432	-1258151.0000	1346	488494.0000	3785	1371506.0000	-2439	-883012.0000
20110922	小型臺指            	MXF    	B         	0	.0000	11	4001.0000	-11	-4001.0000	0	.0000	41	14914.0000	-41	-14914.0000
20110922	小型臺指            	MXF    	C         	13445	4906542.0000	16302	5952013.0000	-2857	-1045471.0000	7444	2705316.0000	2102	762883.0000	5342	1942433.0000
20110922	股票期貨            	STF    	A         	6590	426994.0000	6850	418807.0000	-260	8187.0000	14930	973081.0000	10064	570577.0000	4866	402504.0000
20110922	股票期貨            	STF    	B         	0	.0000	0	.0000	0	.0000	11657	1617149.0000	0	.0000	11657	1617149.0000
20110922	股票期貨            	STF    	C         	383	36148.0000	375	25557.0000	8	10591.0000	396	35453.0000	23533	2320629.0000	-23137	-2285176.0000
20110922	臺灣50期貨          	T5F    	A         	0	.0000	0	.0000	0	.0000	500	247500.0000	0	.0000	500	247500.0000
20110922	臺灣50期貨          	T5F    	B         	0	.0000	0	.0000	0	.0000	0	.0000	0	.0000	0	.0000
20110922	臺灣50期貨          	T5F    	C         	0	.0000	0	.0000	0	.0000	0	.0000	500	247500.0000	-500	-247500.0000
20110922	臺股期貨            	TXF    	A         	21363	31181542.0000	21721	31715497.0000	-358	-533955.0000	3847	5591069.0000	7107	10313328.0000	-3260	-4722259.0000
20110922	臺股期貨            	TXF    	B         	45	65551.0000	581	848770.0000	-536	-783219.0000	3824	5563920.0000	1883	2739765.0000	1941	2824155.0000
20110922	臺股期貨            	TXF    	C         	25485	37188014.0000	24682	36031193.0000	803	1156820.0000	27861	40470495.0000	23748	34535938.0000	4113	5934557.0000
20110922	非金電期貨          	XIF    	A         	158	159648.0000	202	204116.0000	-44	-44468.0000	359	361245.0000	136	136847.0000	223	224398.0000
20110922	非金電期貨          	XIF    	B         	0	.0000	0	.0000	0	.0000	27	27162.0000	0	.0000	27	27162.0000
20110922	非金電期貨          	XIF    	C         	239	242037.0000	188	190490.0000	51	51548.0000	69	69414.0000	291	292746.0000	-222	-223332.0000
20110923	電子期貨            	EXF    	A         	724	756648.0000	716	747506.0000	8	9142.0000	709	738055.0000	330	343252.0000	379	394803.0000
20110923	電子期貨            	EXF    	B         	0	.0000	0	.0000	0	.0000	160	166720.0000	0	.0000	160	166720.0000
20110923	電子期貨            	EXF    	C         	1634	1707440.0000	1886	1972135.0000	-252	-264696.0000	1732	1804744.0000	2928	3050786.0000	-1196	-1246042.0000
20110923	金融期貨            	FXF    	A         	729	575978.0000	522	412556.0000	207	163422.0000	486	384918.0000	330	261183.0000	156	123735.0000
20110923	金融期貨            	FXF    	B         	5	3960.0000	100	79157.0000	-95	-75197.0000	111	87934.0000	170	134674.0000	-59	-46740.0000
20110923	金融期貨            	FXF    	C         	1869	1476922.0000	2032	1606703.0000	-163	-129781.0000	1843	1460025.0000	2686	2127824.0000	-843	-667799.0000
20110923	櫃買期貨            	GTF    	A         	42	17231.0000	56	22979.0000	-14	-5748.0000	0	.0000	84	34440.0000	-84	-34440.0000
20110923	櫃買期貨            	GTF    	B         	0	.0000	0	.0000	0	.0000	139	57101.0000	0	.0000	139	57101.0000
20110923	櫃買期貨            	GTF    	C         	0	.0000	0	.0000	0	.0000	0	.0000	0	.0000	0	.0000
20110923	小型臺指            	MXF    	A         	16718	5888554.0000	17047	5997946.0000	-329	-109391.0000	4078	1436004.0000	6762	2376841.0000	-2684	-940837.0000
20110923	小型臺指            	MXF    	B         	0	.0000	4	1409.0000	-4	-1409.0000	0	.0000	45	15858.0000	-45	-15858.0000
20110923	小型臺指            	MXF    	C         	15727	5539098.0000	17882	6294583.0000	-2155	-755485.0000	7202	2535044.0000	951	333249.0000	6251	2201795.0000
20110923	股票期貨            	STF    	A         	8928	512077.0000	8588	478625.0000	340	33452.0000	15984	1027354.0000	10778	599495.0000	5206	427859.0000
20110923	股票期貨            	STF    	B         	0	.0000	0	.0000	0	.0000	11657	1571215.0000	0	.0000	11657	1571215.0000
20110923	股票期貨            	STF    	C         	304	13277.0000	295	15779.0000	9	-2502.0000	391	33719.0000	23519	2251289.0000	-23128	-2217570.0000
20110923	臺灣50期貨          	T5F    	A         	0	.0000	0	.0000	0	.0000	500	239950.0000	0	.0000	500	239950.0000
20110923	臺灣50期貨          	T5F    	B         	0	.0000	0	.0000	0	.0000	0	.0000	0	.0000	0	.0000
20110923	臺灣50期貨          	T5F    	C         	0	.0000	0	.0000	0	.0000	0	.0000	500	239950.0000	-500	-239950.0000
20110923	臺股期貨            	TXF    	A         	25897	36471068.0000	26006	36603555.0000	-109	-132487.0000	5427	7641298.0000	8817	12397654.0000	-3390	-4756356.0000
20110923	臺股期貨            	TXF    	B         	425	600887.0000	1112	1563129.0000	-687	-962242.0000	3816	5379034.0000	2562	3611395.0000	1254	1767639.0000
20110923	臺股期貨            	TXF    	C         	31667	44601039.0000	33628	47358083.0000	-1961	-2757044.0000	29380	41341608.0000	27996	39442394.0000	1384	1899214.0000
20110923	非金電期貨          	XIF    	A         	259	252001.0000	291	282562.0000	-32	-30561.0000	361	353256.0000	170	166264.0000	191	186992.0000
20110923	非金電期貨          	XIF    	B         	0	.0000	0	.0000	0	.0000	27	26425.0000	0	.0000	27	26425.0000
20110923	非金電期貨          	XIF    	C         	379	368790.0000	245	238851.0000	134	129939.0000	109	106678.0000	197	192804.0000	-88	-86126.0000
20110926	電子期貨            	EXF    	A         	781	803534.0000	813	837419.0000	-32	-33885.0000	706	717623.0000	359	364618.0000	347	353005.0000
20110926	電子期貨            	EXF    	B         	0	.0000	80	82396.0000	-80	-82396.0000	160	162656.0000	80	81328.0000	80	81328.0000
20110926	電子期貨            	EXF    	C         	2166	2230413.0000	1942	2000121.0000	224	230292.0000	1670	1697722.0000	2642	2685892.0000	-972	-988170.0000
20110926	金融期貨            	FXF    	A         	731	572881.0000	858	674579.0000	-127	-101698.0000	489	377999.0000	460	355564.0000	29	22435.0000
20110926	金融期貨            	FXF    	B         	0	.0000	0	.0000	0	.0000	111	85803.0000	170	131410.0000	-59	-45607.0000
20110926	金融期貨            	FXF    	C         	2180	1708992.0000	2570	2020475.0000	-390	-311483.0000	1762	1362026.0000	2995	2315147.0000	-1233	-953121.0000
20110926	櫃買期貨            	GTF    	A         	76	30559.0000	76	30679.0000	0	-120.0000	0	.0000	84	33104.0000	-84	-33104.0000
20110926	櫃買期貨            	GTF    	B         	0	.0000	0	.0000	0	.0000	139	54877.0000	0	.0000	139	54877.0000
20110926	櫃買期貨            	GTF    	C         	0	.0000	0	.0000	0	.0000	0	.0000	0	.0000	0	.0000
20110926	小型臺指            	MXF    	A         	18910	6576497.0000	20782	7231754.0000	-1872	-655257.0000	2917	1002718.0000	7409	2543552.0000	-4492	-1540834.0000
20110926	小型臺指            	MXF    	B         	0	.0000	2	688.0000	-2	-688.0000	0	.0000	47	16173.0000	-47	-16173.0000
20110926	小型臺指            	MXF    	C         	16254	5653910.0000	16965	5910325.0000	-711	-256415.0000	7602	2612940.0000	1346	461389.0000	6256	2151551.0000
20110926	股票期貨            	STF    	A         	11549	621883.0000	11509	619787.0000	40	2097.0000	16467	1038983.0000	11221	615800.0000	5246	423183.0000
20110926	股票期貨            	STF    	B         	0	.0000	0	.0000	0	.0000	11657	1568878.0000	0	.0000	11657	1568878.0000
20110926	股票期貨            	STF    	C         	158	9523.0000	261	13497.0000	-103	-3974.0000	396	33754.0000	23627	2230536.0000	-23231	-2196782.0000
20110926	臺灣50期貨          	T5F    	A         	0	.0000	0	.0000	0	.0000	500	237650.0000	0	.0000	500	237650.0000
20110926	臺灣50期貨          	T5F    	B         	0	.0000	0	.0000	0	.0000	0	.0000	0	.0000	0	.0000
20110926	臺灣50期貨          	T5F    	C         	0	.0000	0	.0000	0	.0000	0	.0000	500	237650.0000	-500	-237650.0000
20110926	臺股期貨            	TXF    	A         	26044	36195725.0000	26152	36358731.0000	-108	-163006.0000	6696	9206641.0000	10210	14022105.0000	-3514	-4815464.0000
20110926	臺股期貨            	TXF    	B         	445	621629.0000	107	148643.0000	338	472986.0000	3821	5259224.0000	2229	3067996.0000	1592	2191228.0000
20110926	臺股期貨            	TXF    	C         	37458	52131617.0000	35449	49387965.0000	2009	2743651.0000	29942	41141364.0000	26728	36768339.0000	3214	4373025.0000
20110926	非金電期貨          	XIF    	A         	241	232431.0000	255	246180.0000	-14	-13749.0000	353	337681.0000	176	168351.0000	177	169330.0000
20110926	非金電期貨          	XIF    	B         	0	.0000	0	.0000	0	.0000	27	25820.0000	0	.0000	27	25820.0000
20110926	非金電期貨          	XIF    	C         	137	132527.0000	142	137033.0000	-5	-4506.0000	123	117625.0000	216	206561.0000	-93	-88936.0000
20110927	電子期貨            	EXF    	A         	712	744448.0000	721	754669.0000	-9	-10221.0000	721	757157.0000	383	402090.0000	338	355067.0000
20110927	電子期貨            	EXF    	B         	0	.0000	0	.0000	0	.0000	160	168320.0000	80	84160.0000	80	84160.0000
20110927	電子期貨            	EXF    	C         	1359	1421187.0000	1132	1184953.0000	227	236234.0000	1698	1786296.0000	2443	2569671.0000	-745	-783375.0000
20110927	金融期貨            	FXF    	A         	771	616896.0000	778	622671.0000	-7	-5775.0000	490	396333.0000	468	378432.0000	22	17901.0000
20110927	金融期貨            	FXF    	B         	0	.0000	0	.0000	0	.0000	111	89799.0000	170	137530.0000	-59	-47731.0000
20110927	金融期貨            	FXF    	C         	1825	1458589.0000	2210	1768253.0000	-385	-309665.0000	1424	1152016.0000	3042	2460948.0000	-1618	-1308932.0000
20110927	櫃買期貨            	GTF    	A         	23	9273.0000	24	9696.0000	-1	-423.0000	5	2016.0000	90	36221.0000	-85	-34205.0000
20110927	櫃買期貨            	GTF    	B         	0	.0000	0	.0000	0	.0000	139	55961.0000	0	.0000	139	55961.0000
20110927	櫃買期貨            	GTF    	C         	0	.0000	0	.0000	0	.0000	0	.0000	0	.0000	0	.0000
20110927	小型臺指            	MXF    	A         	13734	4859117.0000	11674	4128126.0000	2060	730991.0000	2776	988181.0000	5592	1987503.0000	-2816	-999322.0000
20110927	小型臺指            	MXF    	B         	0	.0000	0	.0000	0	.0000	0	.0000	47	16753.0000	-47	-16753.0000
20110927	小型臺指            	MXF    	C         	14562	5151734.0000	10564	3737214.0000	3998	1414519.0000	8037	2861507.0000	1431	508371.0000	6606	2353136.0000
20110927	股票期貨            	STF    	A         	8691	470972.0000	8688	460079.0000	3	10893.0000	17084	1109630.0000	11835	667294.0000	5249	442336.0000
20110927	股票期貨            	STF    	B         	0	.0000	0	.0000	0	.0000	11657	1628058.0000	0	.0000	11657	1628058.0000
20110927	股票期貨            	STF    	C         	218	16457.0000	199	12448.0000	19	4009.0000	449	42386.0000	23661	2318519.0000	-23212	-2276133.0000
20110927	臺灣50期貨          	T5F    	A         	0	.0000	0	.0000	0	.0000	500	243200.0000	0	.0000	500	243200.0000
20110927	臺灣50期貨          	T5F    	B         	0	.0000	0	.0000	0	.0000	0	.0000	0	.0000	0	.0000
20110927	臺灣50期貨          	T5F    	C         	0	.0000	0	.0000	0	.0000	0	.0000	500	243200.0000	-500	-243200.0000
20110927	臺股期貨            	TXF    	A         	21473	30402266.0000	20543	29078679.0000	930	1323587.0000	6883	9803459.0000	9371	13328628.0000	-2488	-3525169.0000
20110927	臺股期貨            	TXF    	B         	437	616989.0000	183	259625.0000	254	357365.0000	3812	5435150.0000	1966	2803123.0000	1846	2632027.0000
20110927	臺股期貨            	TXF    	C         	25698	36392074.0000	23946	33907799.0000	1752	2484276.0000	30175	42946743.0000	24297	34622841.0000	5878	8323902.0000
20110927	非金電期貨          	XIF    	A         	147	144428.0000	125	122987.0000	22	21441.0000	361	357582.0000	162	160451.0000	199	197131.0000
20110927	非金電期貨          	XIF    	B         	0	.0000	0	.0000	0	.0000	27	26738.0000	0	.0000	27	26738.0000
20110927	非金電期貨          	XIF    	C         	175	171717.0000	167	163927.0000	8	7790.0000	167	165380.0000	252	249556.0000	-85	-84176.0000
20110928	電子期貨            	EXF    	A         	598	629515.0000	714	751459.0000	-116	-121944.0000	649	682611.0000	427	449057.0000	222	233554.0000
20110928	電子期貨            	EXF    	B         	0	.0000	0	.0000	0	.0000	160	168512.0000	80	84256.0000	80	84256.0000
20110928	電子期貨            	EXF    	C         	1278	1344553.0000	1190	1251717.0000	88	92836.0000	1632	1718822.0000	2289	2410545.0000	-657	-691723.0000
20110928	金融期貨            	FXF    	A         	585	471961.0000	469	378285.0000	116	93676.0000	559	449294.0000	421	338341.0000	138	110953.0000
20110928	金融期貨            	FXF    	B         	40	32319.0000	0	.0000	40	32319.0000	111	89222.0000	130	104494.0000	-19	-15272.0000
20110928	金融期貨            	FXF    	C         	1401	1129780.0000	1552	1251528.0000	-151	-121748.0000	1282	1030472.0000	3051	2452390.0000	-1769	-1421918.0000
20110928	櫃買期貨            	GTF    	A         	11	4439.0000	16	6458.0000	-5	-2019.0000	5	2015.0000	95	38246.0000	-90	-36231.0000
20110928	櫃買期貨            	GTF    	B         	0	.0000	0	.0000	0	.0000	139	55989.0000	0	.0000	139	55989.0000
20110928	櫃買期貨            	GTF    	C         	0	.0000	0	.0000	0	.0000	0	.0000	0	.0000	0	.0000
20110928	小型臺指            	MXF    	A         	11621	4130857.0000	12959	4606697.0000	-1338	-475840.0000	2831	1003973.0000	6977	2472017.0000	-4146	-1468044.0000
20110928	小型臺指            	MXF    	B         	0	.0000	0	.0000	0	.0000	0	.0000	47	16690.0000	-47	-16690.0000
20110928	小型臺指            	MXF    	C         	12963	4607347.0000	13243	4707199.0000	-280	-99852.0000	7941	2816800.0000	1631	577561.0000	6310	2239239.0000
20110928	股票期貨            	STF    	A         	5103	284794.0000	4832	260982.0000	271	23812.0000	17501	1144106.0000	11981	675478.0000	5520	468628.0000
20110928	股票期貨            	STF    	B         	0	.0000	0	.0000	0	.0000	11657	1629057.0000	0	.0000	11657	1629057.0000
20110928	股票期貨            	STF    	C         	89	5095.0000	77	5226.0000	12	-130.0000	465	43332.0000	23665	2324740.0000	-23200	-2281408.0000
20110928	臺灣50期貨          	T5F    	A         	0	.0000	0	.0000	0	.0000	500	247400.0000	0	.0000	500	247400.0000
20110928	臺灣50期貨          	T5F    	B         	0	.0000	0	.0000	0	.0000	0	.0000	0	.0000	0	.0000
20110928	臺灣50期貨          	T5F    	C         	0	.0000	0	.0000	0	.0000	0	.0000	500	247400.0000	-500	-247400.0000
20110928	臺股期貨            	TXF    	A         	16562	23555794.0000	16635	23651323.0000	-73	-95529.0000	6876	9757455.0000	9439	13377007.0000	-2563	-3619552.0000
20110928	臺股期貨            	TXF    	B         	250	356563.0000	63	89617.0000	187	266946.0000	3813	5415985.0000	1780	2528312.0000	2033	2887673.0000
20110928	臺股期貨            	TXF    	C         	23127	32875701.0000	23827	33883000.0000	-700	-1007299.0000	30722	43568001.0000	25540	36257823.0000	5182	7310178.0000
20110928	非金電期貨          	XIF    	A         	57	56013.0000	56	55010.0000	1	1003.0000	360	353473.0000	160	157104.0000	200	196369.0000
20110928	非金電期貨          	XIF    	B         	0	.0000	0	.0000	0	.0000	27	26501.0000	0	.0000	27	26501.0000
20110928	非金電期貨          	XIF    	C         	124	121895.0000	168	165090.0000	-44	-43196.0000	72	70668.0000	201	197282.0000	-129	-126614.0000
20110929	電子期貨            	EXF    	A         	843	889184.0000	683	720547.0000	160	168636.0000	735	777235.0000	353	373086.0000	382	404149.0000
20110929	電子期貨            	EXF    	B         	0	.0000	40	41925.0000	-40	-41925.0000	160	169408.0000	120	127056.0000	40	42352.0000
20110929	電子期貨            	EXF    	C         	1134	1197271.0000	1106	1166070.0000	28	31201.0000	1526	1615729.0000	2152	2278308.0000	-626	-662579.0000
20110929	金融期貨            	FXF    	A         	1018	821520.0000	736	595542.0000	282	225978.0000	608	498503.0000	188	154084.0000	420	344419.0000
20110929	金融期貨            	FXF    	B         	40	32067.0000	0	.0000	40	32067.0000	111	91020.0000	90	73800.0000	21	17220.0000
20110929	金融期貨            	FXF    	C         	2195	1767367.0000	2262	1823747.0000	-67	-56381.0000	1058	867560.0000	2894	2373075.0000	-1836	-1505515.0000
20110929	櫃買期貨            	GTF    	A         	2	811.0000	5	2033.0000	-3	-1222.0000	2	812.0000	95	38574.0000	-93	-37762.0000
20110929	櫃買期貨            	GTF    	B         	0	.0000	0	.0000	0	.0000	139	56462.0000	0	.0000	139	56462.0000
20110929	櫃買期貨            	GTF    	C         	0	.0000	0	.0000	0	.0000	0	.0000	0	.0000	0	.0000
20110929	小型臺指            	MXF    	A         	14386	5127609.0000	12790	4564654.0000	1596	562955.0000	2853	1022778.0000	5591	2001830.0000	-2738	-979052.0000
20110929	小型臺指            	MXF    	B         	10	3590.0000	0	.0000	10	3590.0000	3	1077.0000	40	14362.0000	-37	-13285.0000
20110929	小型臺指            	MXF    	C         	14555	5186249.0000	12034	4294776.0000	2521	891474.0000	8223	2949196.0000	1056	377538.0000	7167	2571658.0000
20110929	股票期貨            	STF    	A         	6771	394738.0000	7118	390115.0000	-347	4623.0000	17681	1195268.0000	12508	719002.0000	5173	476266.0000
20110929	股票期貨            	STF    	B         	0	.0000	0	.0000	0	.0000	11657	1629566.0000	0	.0000	11657	1629566.0000
20110929	股票期貨            	STF    	C         	88	7285.0000	95	5043.0000	-7	2242.0000	483	46522.0000	23690	2329237.0000	-23207	-2282715.0000
20110929	臺灣50期貨          	T5F    	A         	0	.0000	0	.0000	0	.0000	500	244850.0000	0	.0000	500	244850.0000
20110929	臺灣50期貨          	T5F    	B         	0	.0000	0	.0000	0	.0000	0	.0000	0	.0000	0	.0000
20110929	臺灣50期貨          	T5F    	C         	0	.0000	0	.0000	0	.0000	0	.0000	500	244850.0000	-500	-244850.0000
20110929	臺股期貨            	TXF    	A         	22424	32016054.0000	22152	31630949.0000	272	385105.0000	6963	9990890.0000	9207	13191051.0000	-2244	-3200161.0000
20110929	臺股期貨            	TXF    	B         	182	258744.0000	312	445445.0000	-130	-186701.0000	3757	5395803.0000	1854	2662715.0000	1903	2733088.0000
20110929	臺股期貨            	TXF    	C         	24920	35543104.0000	23225	33173384.0000	1695	2369720.0000	30705	44020392.0000	23412	33606257.0000	7293	10414135.0000
20110929	非金電期貨          	XIF    	A         	144	142479.0000	235	231493.0000	-91	-89014.0000	373	371456.0000	264	262864.0000	109	108592.0000
20110929	非金電期貨          	XIF    	B         	0	.0000	0	.0000	0	.0000	27	26887.0000	0	.0000	27	26887.0000
20110929	非金電期貨          	XIF    	C         	264	260435.0000	224	221237.0000	40	39199.0000	93	92609.0000	182	181236.0000	-89	-88627.0000
20110930	電子期貨            	EXF    	A         	627	662358.0000	747	788870.0000	-120	-126512.0000	701	741162.0000	439	464024.0000	262	277138.0000
20110930	電子期貨            	EXF    	B         	0	.0000	130	137245.0000	-130	-137245.0000	160	169344.0000	250	264600.0000	-90	-95256.0000
20110930	電子期貨            	EXF    	C         	1564	1652475.0000	1212	1280962.0000	352	371513.0000	2030	2148552.0000	2304	2438364.0000	-274	-289812.0000
20110930	金融期貨            	FXF    	A         	835	691062.0000	866	716568.0000	-31	-25505.0000	594	488611.0000	205	168658.0000	389	319953.0000
20110930	金融期貨            	FXF    	B         	122	100921.0000	0	.0000	122	100921.0000	233	191666.0000	90	74034.0000	143	117632.0000
20110930	金融期貨            	FXF    	C         	1454	1203571.0000	2105	1740454.0000	-651	-536883.0000	1051	864553.0000	3538	2910371.0000	-2487	-2045818.0000
20110930	櫃買期貨            	GTF    	A         	13	5315.0000	5	2046.0000	8	3268.0000	2	817.0000	87	35528.0000	-85	-34711.0000
20110930	櫃買期貨            	GTF    	B         	0	.0000	0	.0000	0	.0000	139	56795.0000	0	.0000	139	56795.0000
20110930	櫃買期貨            	GTF    	C         	0	.0000	0	.0000	0	.0000	0	.0000	0	.0000	0	.0000
20110930	小型臺指            	MXF    	A         	11402	4090747.0000	12341	4425995.0000	-939	-335248.0000	4890	1754228.0000	8539	3060563.0000	-3649	-1306335.0000
20110930	小型臺指            	MXF    	B         	4	1437.0000	0	.0000	4	1437.0000	7	2513.0000	40	14362.0000	-33	-11849.0000
20110930	小型臺指            	MXF    	C         	13093	4698468.0000	13219	4742445.0000	-126	-43977.0000	8141	2920119.0000	1020	364719.0000	7121	2555400.0000
20110930	股票期貨            	STF    	A         	6535	352618.0000	6603	333433.0000	-68	19185.0000	17656	1214122.0000	12551	721057.0000	5105	493065.0000
20110930	股票期貨            	STF    	B         	0	.0000	0	.0000	0	.0000	11657	1633175.0000	0	.0000	11657	1633175.0000
20110930	股票期貨            	STF    	C         	75	3790.0000	129	7684.0000	-54	-3895.0000	489	47237.0000	23750	2342560.0000	-23261	-2295323.0000
20110930	臺灣50期貨          	T5F    	A         	0	.0000	0	.0000	0	.0000	500	245500.0000	0	.0000	500	245500.0000
20110930	臺灣50期貨          	T5F    	B         	0	.0000	0	.0000	0	.0000	0	.0000	0	.0000	0	.0000
20110930	臺灣50期貨          	T5F    	C         	0	.0000	0	.0000	0	.0000	0	.0000	500	245500.0000	-500	-245500.0000
20110930	臺股期貨            	TXF    	A         	17345	24904296.0000	17936	25747451.0000	-591	-843155.0000	7176	10298126.0000	10018	14358243.0000	-2842	-4060117.0000
20110930	臺股期貨            	TXF    	B         	82	117987.0000	397	569372.0000	-315	-451386.0000	3749	5384314.0000	2161	3103628.0000	1588	2280686.0000
20110930	臺股期貨            	TXF    	C         	27170	38995164.0000	26146	37515429.0000	1024	1479735.0000	29849	42798411.0000	21552	30936149.0000	8297	11862262.0000
20110930	非金電期貨          	XIF    	A         	296	294100.0000	204	202890.0000	92	91210.0000	374	372454.0000	173	172262.0000	201	200192.0000
20110930	非金電期貨          	XIF    	B         	0	.0000	0	.0000	0	.0000	27	26884.0000	0	.0000	27	26884.0000
20110930	非金電期貨          	XIF    	C         	143	142195.0000	212	211162.0000	-69	-68967.0000	43	42815.0000	201	200136.0000	-158	-157321.0000
