20090803	電子期貨            	EXF    	A         	806	906273.0000	958	1077310.0000	-152	-171036.0000	1593	1791072.0000	546	613341.0000	1047	1177731.0000
20090803	電子期貨            	EXF    	B         	3	3374.0000	0	.0000	3	3374.0000	292	328383.0000	54	60728.0000	238	267655.0000
20090803	電子期貨            	EXF    	C         	562	631322.0000	533	598787.0000	29	32535.0000	3012	3387020.0000	4011	4510771.0000	-999	-1123751.0000
20090803	金融期貨            	FXF    	A         	864	719662.0000	975	810360.0000	-111	-90698.0000	761	635654.0000	296	246868.0000	465	388786.0000
20090803	金融期貨            	FXF    	B         	0	.0000	0	.0000	0	.0000	131	109464.0000	0	.0000	131	109464.0000
20090803	金融期貨            	FXF    	C         	1143	951081.0000	709	590096.0000	434	360985.0000	1859	1553380.0000	3970	3317235.0000	-2111	-1763855.0000
20090803	櫃買期貨            	GTF    	A         	153	70742.0000	158	73068.0000	-5	-2325.0000	28	13018.0000	96	44659.0000	-68	-31641.0000
20090803	櫃買期貨            	GTF    	B         	0	.0000	0	.0000	0	.0000	0	.0000	0	.0000	0	.0000
20090803	櫃買期貨            	GTF    	C         	0	.0000	0	.0000	0	.0000	0	.0000	0	.0000	0	.0000
20090803	摩臺期              	MSF    	A         	0	.0000	0	.0000	0	.0000	7	5819.0000	0	.0000	7	5819.0000
20090803	摩臺期              	MSF    	B         	0	.0000	0	.0000	0	.0000	0	.0000	0	.0000	0	.0000
20090803	摩臺期              	MSF    	C         	0	.0000	0	.0000	0	.0000	0	.0000	0	.0000	0	.0000
20090803	小型臺指            	MXF    	A         	8066	2808761.0000	8979	3125489.0000	-913	-316728.0000	2470	858975.0000	3059	1066601.0000	-589	-207626.0000
20090803	小型臺指            	MXF    	B         	0	.0000	0	.0000	0	.0000	0	.0000	0	.0000	0	.0000
20090803	小型臺指            	MXF    	C         	1003	350102.0000	1743	606435.0000	-740	-256332.0000	498	173852.0000	744	259730.0000	-246	-85878.0000
20090803	臺灣50期貨          	T5F    	A         	0	.0000	0	.0000	0	.0000	27	12982.0000	0	.0000	27	12982.0000
20090803	臺灣50期貨          	T5F    	B         	0	.0000	0	.0000	0	.0000	0	.0000	0	.0000	0	.0000
20090803	臺灣50期貨          	T5F    	C         	0	.0000	0	.0000	0	.0000	0	.0000	0	.0000	0	.0000
20090803	臺股期貨            	TXF    	A         	17239	24026884.0000	15140	21094107.0000	2099	2932777.0000	6426	8937180.0000	7532	10511128.0000	-1106	-1573948.0000
20090803	臺股期貨            	TXF    	B         	190	264927.0000	178	248318.0000	12	16609.0000	2282	3186585.0000	2052	2863976.0000	230	322609.0000
20090803	臺股期貨            	TXF    	C         	5250	7318462.0000	8267	11520223.0000	-3017	-4201761.0000	26279	36664594.0000	24221	33773066.0000	2058	2891528.0000
20090803	非金電期貨          	XIF    	A         	485	400796.0000	479	395706.0000	6	5090.0000	173	143380.0000	110	91139.0000	63	52241.0000
20090803	非金電期貨          	XIF    	B         	0	.0000	0	.0000	0	.0000	21	17422.0000	0	.0000	21	17422.0000
20090803	非金電期貨          	XIF    	C         	99	81680.0000	144	118988.0000	-45	-37308.0000	149	123607.0000	256	212233.0000	-107	-88626.0000
20090804	電子期貨            	EXF    	A         	1007	1117871.0000	1241	1381057.0000	-234	-263187.0000	1380	1513181.0000	567	621209.0000	813	891972.0000
20090804	電子期貨            	EXF    	B         	5	5583.0000	30	33296.0000	-25	-27713.0000	293	321362.0000	80	87744.0000	213	233618.0000
20090804	電子期貨            	EXF    	C         	612	679082.0000	518	573883.0000	94	105199.0000	3118	3419577.0000	4023	4412426.0000	-905	-992849.0000
20090804	金融期貨            	FXF    	A         	825	690677.0000	912	762770.0000	-87	-72093.0000	702	580191.0000	324	267487.0000	378	312704.0000
20090804	金融期貨            	FXF    	B         	0	.0000	0	.0000	0	.0000	131	108311.0000	0	.0000	131	108311.0000
20090804	金融期貨            	FXF    	C         	553	462028.0000	295	246123.0000	258	215905.0000	1956	1617221.0000	3809	3149179.0000	-1853	-1531958.0000
20090804	櫃買期貨            	GTF    	A         	341	156903.0000	305	140244.0000	36	16660.0000	52	23490.0000	84	37916.0000	-32	-14426.0000
20090804	櫃買期貨            	GTF    	B         	0	.0000	0	.0000	0	.0000	0	.0000	0	.0000	0	.0000
20090804	櫃買期貨            	GTF    	C         	0	.0000	0	.0000	0	.0000	0	.0000	0	.0000	0	.0000
20090804	摩臺期              	MSF    	A         	0	.0000	0	.0000	0	.0000	7	5721.0000	0	.0000	7	5721.0000
20090804	摩臺期              	MSF    	B         	0	.0000	0	.0000	0	.0000	0	.0000	0	.0000	0	.0000
20090804	摩臺期              	MSF    	C         	0	.0000	0	.0000	0	.0000	0	.0000	0	.0000	0	.0000
20090804	小型臺指            	MXF    	A         	10397	3615985.0000	10417	3623623.0000	-20	-7638.0000	2526	865940.0000	2431	834849.0000	95	31091.0000
20090804	小型臺指            	MXF    	B         	0	.0000	0	.0000	0	.0000	0	.0000	0	.0000	0	.0000
20090804	小型臺指            	MXF    	C         	1546	537830.0000	2615	909867.0000	-1069	-372038.0000	315	108376.0000	914	314462.0000	-599	-206086.0000
20090804	臺灣50期貨          	T5F    	A         	0	.0000	0	.0000	0	.0000	27	12839.0000	0	.0000	27	12839.0000
20090804	臺灣50期貨          	T5F    	B         	0	.0000	0	.0000	0	.0000	0	.0000	0	.0000	0	.0000
20090804	臺灣50期貨          	T5F    	C         	0	.0000	0	.0000	0	.0000	0	.0000	0	.0000	0	.0000
20090804	臺股期貨            	TXF    	A         	22586	31433617.0000	24280	33775260.0000	-1694	-2341643.0000	4991	6835387.0000	7967	10957126.0000	-2976	-4121739.0000
20090804	臺股期貨            	TXF    	B         	209	292182.0000	433	598464.0000	-224	-306282.0000	2279	3136360.0000	2273	3126785.0000	6	9575.0000
20090804	臺股期貨            	TXF    	C         	8318	11564669.0000	5687	7927659.0000	2631	3637010.0000	28416	39072832.0000	23906	32850983.0000	4510	6221849.0000
20090804	非金電期貨          	XIF    	A         	373	312265.0000	358	299280.0000	15	12985.0000	167	138337.0000	89	73677.0000	78	64660.0000
20090804	非金電期貨          	XIF    	B         	1	829.0000	0	.0000	1	829.0000	22	18238.0000	0	.0000	22	18238.0000
20090804	非金電期貨          	XIF    	C         	107	89552.0000	127	106077.0000	-20	-16526.0000	203	168284.0000	330	273457.0000	-127	-105173.0000
20090805	電子期貨            	EXF    	A         	792	870517.0000	930	1020323.0000	-138	-149806.0000	1210	1311977.0000	535	579534.0000	675	732443.0000
20090805	電子期貨            	EXF    	B         	1	1086.0000	0	.0000	1	1086.0000	294	318872.0000	80	86768.0000	214	232104.0000
20090805	電子期貨            	EXF    	C         	525	575871.0000	439	481504.0000	86	94367.0000	3098	3359862.0000	3917	4248378.0000	-819	-888516.0000
20090805	金融期貨            	FXF    	A         	1075	870313.0000	998	808808.0000	77	61506.0000	742	588767.0000	287	227184.0000	455	361583.0000
20090805	金融期貨            	FXF    	B         	0	.0000	0	.0000	0	.0000	131	103988.0000	0	.0000	131	103988.0000
20090805	金融期貨            	FXF    	C         	549	441905.0000	798	646924.0000	-249	-205018.0000	2021	1604270.0000	4123	3272719.0000	-2102	-1668449.0000
20090805	櫃買期貨            	GTF    	A         	221	99420.0000	217	97659.0000	4	1761.0000	59	26128.0000	87	38454.0000	-28	-12326.0000
20090805	櫃買期貨            	GTF    	B         	0	.0000	0	.0000	0	.0000	0	.0000	0	.0000	0	.0000
20090805	櫃買期貨            	GTF    	C         	0	.0000	0	.0000	0	.0000	0	.0000	0	.0000	0	.0000
20090805	摩臺期              	MSF    	A         	0	.0000	3	2454.0000	-3	-2454.0000	4	3230.0000	0	.0000	4	3230.0000
20090805	摩臺期              	MSF    	B         	0	.0000	0	.0000	0	.0000	0	.0000	0	.0000	0	.0000
20090805	摩臺期              	MSF    	C         	0	.0000	0	.0000	0	.0000	0	.0000	0	.0000	0	.0000
20090805	小型臺指            	MXF    	A         	10859	3720812.0000	11493	3938334.0000	-634	-217522.0000	2607	879026.0000	2582	872304.0000	25	6722.0000
20090805	小型臺指            	MXF    	B         	0	.0000	0	.0000	0	.0000	0	.0000	0	.0000	0	.0000
20090805	小型臺指            	MXF    	C         	2256	776420.0000	1895	648044.0000	361	128376.0000	531	179717.0000	477	161441.0000	54	18276.0000
20090805	臺灣50期貨          	T5F    	A         	0	.0000	0	.0000	0	.0000	27	12687.0000	0	.0000	27	12687.0000
20090805	臺灣50期貨          	T5F    	B         	0	.0000	0	.0000	0	.0000	0	.0000	0	.0000	0	.0000
20090805	臺灣50期貨          	T5F    	C         	0	.0000	0	.0000	0	.0000	0	.0000	0	.0000	0	.0000
20090805	臺股期貨            	TXF    	A         	21368	29303904.0000	22398	30702747.0000	-1030	-1398843.0000	4768	6421136.0000	8915	12061508.0000	-4147	-5640372.0000
20090805	臺股期貨            	TXF    	B         	570	779586.0000	475	651009.0000	95	128577.0000	2334	3159617.0000	2233	3021683.0000	101	137934.0000
20090805	臺股期貨            	TXF    	C         	8005	10991115.0000	6205	8503030.0000	1800	2488085.0000	29947	40504163.0000	23710	32049192.0000	6237	8454971.0000
20090805	非金電期貨          	XIF    	A         	338	279617.0000	377	311741.0000	-39	-32124.0000	179	146265.0000	140	114382.0000	39	31883.0000
20090805	非金電期貨          	XIF    	B         	0	.0000	0	.0000	0	.0000	22	17998.0000	0	.0000	22	17998.0000
20090805	非金電期貨          	XIF    	C         	81	66861.0000	33	27427.0000	48	39435.0000	244	199598.0000	323	264071.0000	-79	-64473.0000
20090806	電子期貨            	EXF    	A         	971	1053918.0000	800	868375.0000	171	185543.0000	1353	1472272.0000	507	551623.0000	846	920649.0000
20090806	電子期貨            	EXF    	B         	4	4360.0000	0	.0000	4	4360.0000	294	320284.0000	76	82794.0000	218	237490.0000
20090806	電子期貨            	EXF    	C         	533	577374.0000	383	415906.0000	150	161468.0000	3035	3304857.0000	3704	4035138.0000	-669	-730281.0000
20090806	金融期貨            	FXF    	A         	890	715306.0000	803	644525.0000	87	70781.0000	783	630168.0000	241	193560.0000	542	436608.0000
20090806	金融期貨            	FXF    	B         	0	.0000	0	.0000	0	.0000	131	105481.0000	0	.0000	131	105481.0000
20090806	金融期貨            	FXF    	C         	600	482477.0000	552	443312.0000	48	39166.0000	2127	1712660.0000	4181	3366310.0000	-2054	-1653650.0000
20090806	櫃買期貨            	GTF    	A         	153	67470.0000	179	78997.0000	-26	-11528.0000	40	17864.0000	94	41970.0000	-54	-24106.0000
20090806	櫃買期貨            	GTF    	B         	0	.0000	0	.0000	0	.0000	0	.0000	0	.0000	0	.0000
20090806	櫃買期貨            	GTF    	C         	0	.0000	0	.0000	0	.0000	0	.0000	0	.0000	0	.0000
20090806	摩臺期              	MSF    	A         	0	.0000	1	810.0000	-1	-810.0000	3	2430.0000	0	.0000	3	2430.0000
20090806	摩臺期              	MSF    	B         	0	.0000	0	.0000	0	.0000	0	.0000	0	.0000	0	.0000
20090806	摩臺期              	MSF    	C         	0	.0000	0	.0000	0	.0000	0	.0000	0	.0000	0	.0000
20090806	小型臺指            	MXF    	A         	13794	4669341.0000	13143	4447656.0000	651	221685.0000	3636	1232293.0000	2384	808745.0000	1252	423548.0000
20090806	小型臺指            	MXF    	B         	0	.0000	0	.0000	0	.0000	0	.0000	0	.0000	0	.0000
20090806	小型臺指            	MXF    	C         	1002	339663.0000	1403	474734.0000	-401	-135071.0000	787	267541.0000	526	178814.0000	261	88727.0000
20090806	臺灣50期貨          	T5F    	A         	0	.0000	0	.0000	0	.0000	27	12785.0000	0	.0000	27	12785.0000
20090806	臺灣50期貨          	T5F    	B         	0	.0000	0	.0000	0	.0000	0	.0000	0	.0000	0	.0000
20090806	臺灣50期貨          	T5F    	C         	0	.0000	0	.0000	0	.0000	0	.0000	0	.0000	0	.0000
20090806	臺股期貨            	TXF    	A         	21581	29253669.0000	20617	27926944.0000	964	1326725.0000	4067	5497579.0000	7394	10045164.0000	-3327	-4547585.0000
20090806	臺股期貨            	TXF    	B         	340	461563.0000	411	555833.0000	-71	-94269.0000	2365	3215783.0000	2333	3171765.0000	32	44018.0000
20090806	臺股期貨            	TXF    	C         	6567	8888299.0000	6284	8524451.0000	283	363848.0000	30333	41203599.0000	23965	32537973.0000	6368	8665626.0000
20090806	非金電期貨          	XIF    	A         	678	552064.0000	618	502786.0000	60	49278.0000	298	243273.0000	199	162450.0000	99	80823.0000
20090806	非金電期貨          	XIF    	B         	0	.0000	0	.0000	0	.0000	22	17994.0000	0	.0000	22	17994.0000
20090806	非金電期貨          	XIF    	C         	92	75117.0000	7	5711.0000	85	69406.0000	243	198716.0000	237	193710.0000	6	5006.0000
20090810	電子期貨            	EXF    	A         	599	654712.0000	724	790825.0000	-125	-136113.0000	1179	1289220.0000	458	500824.0000	721	788396.0000
20090810	電子期貨            	EXF    	B         	6	6556.0000	0	.0000	6	6556.0000	297	325274.0000	74	81045.0000	223	244229.0000
20090810	電子期貨            	EXF    	C         	519	568037.0000	232	253615.0000	287	314421.0000	3134	3430442.0000	3516	3850723.0000	-382	-420281.0000
20090810	金融期貨            	FXF    	A         	513	409796.0000	725	578642.0000	-212	-168846.0000	644	514491.0000	314	250461.0000	330	264030.0000
20090810	金融期貨            	FXF    	B         	0	.0000	0	.0000	0	.0000	131	104721.0000	0	.0000	131	104721.0000
20090810	金融期貨            	FXF    	C         	260	207925.0000	178	142084.0000	82	65841.0000	2239	1789857.0000	4211	3366007.0000	-1972	-1576150.0000
20090810	櫃買期貨            	GTF    	A         	229	101827.0000	230	102286.0000	-1	-458.0000	41	18402.0000	96	43077.0000	-55	-24675.0000
20090810	櫃買期貨            	GTF    	B         	0	.0000	0	.0000	0	.0000	0	.0000	0	.0000	0	.0000
20090810	櫃買期貨            	GTF    	C         	0	.0000	0	.0000	0	.0000	0	.0000	0	.0000	0	.0000
20090810	摩臺期              	MSF    	A         	0	.0000	1	816.0000	-1	-816.0000	2	1632.0000	0	.0000	2	1632.0000
20090810	摩臺期              	MSF    	B         	0	.0000	0	.0000	0	.0000	0	.0000	0	.0000	0	.0000
20090810	摩臺期              	MSF    	C         	0	.0000	0	.0000	0	.0000	0	.0000	0	.0000	0	.0000
20090810	小型臺指            	MXF    	A         	9629	3274595.0000	8672	2947876.0000	957	326719.0000	4813	1635863.0000	2596	882730.0000	2217	753133.0000
20090810	小型臺指            	MXF    	B         	0	.0000	0	.0000	0	.0000	0	.0000	0	.0000	0	.0000
20090810	小型臺指            	MXF    	C         	1242	422798.0000	1302	442768.0000	-60	-19971.0000	998	340069.0000	797	271578.0000	201	68491.0000
20090810	臺灣50期貨          	T5F    	A         	0	.0000	0	.0000	0	.0000	27	12771.0000	0	.0000	27	12771.0000
20090810	臺灣50期貨          	T5F    	B         	0	.0000	0	.0000	0	.0000	0	.0000	0	.0000	0	.0000
20090810	臺灣50期貨          	T5F    	C         	0	.0000	0	.0000	0	.0000	0	.0000	0	.0000	0	.0000
20090810	臺股期貨            	TXF    	A         	16894	23006647.0000	15742	21429800.0000	1152	1576847.0000	5032	6823880.0000	7209	9815890.0000	-2177	-2992010.0000
20090810	臺股期貨            	TXF    	B         	263	358362.0000	166	226189.0000	97	132173.0000	2370	3230162.0000	2241	3053832.0000	129	176330.0000
20090810	臺股期貨            	TXF    	C         	8185	11152465.0000	8103	11033439.0000	82	119026.0000	30306	41260595.0000	23856	32465195.0000	6450	8795400.0000
20090810	非金電期貨          	XIF    	A         	310	253850.0000	382	312674.0000	-72	-58825.0000	306	250488.0000	279	228505.0000	27	21983.0000
20090810	非金電期貨          	XIF    	B         	0	.0000	0	.0000	0	.0000	22	18051.0000	0	.0000	22	18051.0000
20090810	非金電期貨          	XIF    	C         	52	42576.0000	45	36915.0000	7	5661.0000	281	230519.0000	268	219730.0000	13	10789.0000
20090811	電子期貨            	EXF    	A         	581	637942.0000	597	656375.0000	-16	-18433.0000	1126	1251193.0000	421	467768.0000	705	783425.0000
20090811	電子期貨            	EXF    	B         	1	1092.0000	1	1094.0000	0	-2.0000	297	330442.0000	74	82332.0000	223	248110.0000
20090811	電子期貨            	EXF    	C         	599	660192.0000	285	313028.0000	314	347165.0000	3192	3549914.0000	3260	3627076.0000	-68	-77162.0000
20090811	金融期貨            	FXF    	A         	772	612964.0000	777	617120.0000	-5	-4156.0000	597	476332.0000	272	216493.0000	325	259839.0000
20090811	金融期貨            	FXF    	B         	0	.0000	0	.0000	0	.0000	131	104590.0000	0	.0000	131	104590.0000
20090811	金融期貨            	FXF    	C         	330	262111.0000	492	389656.0000	-162	-127545.0000	2233	1782827.0000	4367	3486366.0000	-2134	-1703539.0000
20090811	櫃買期貨            	GTF    	A         	184	82848.0000	211	95131.0000	-27	-12283.0000	36	16696.0000	118	55065.0000	-82	-38369.0000
20090811	櫃買期貨            	GTF    	B         	0	.0000	0	.0000	0	.0000	0	.0000	0	.0000	0	.0000
20090811	櫃買期貨            	GTF    	C         	0	.0000	0	.0000	0	.0000	0	.0000	0	.0000	0	.0000
20090811	摩臺期              	MSF    	A         	0	.0000	0	.0000	0	.0000	2	1649.0000	0	.0000	2	1649.0000
20090811	摩臺期              	MSF    	B         	0	.0000	0	.0000	0	.0000	0	.0000	0	.0000	0	.0000
20090811	摩臺期              	MSF    	C         	0	.0000	0	.0000	0	.0000	0	.0000	0	.0000	0	.0000
20090811	小型臺指            	MXF    	A         	9074	3088880.0000	8381	2852357.0000	693	236523.0000	5124	1759418.0000	2898	996118.0000	2226	763300.0000
20090811	小型臺指            	MXF    	B         	0	.0000	0	.0000	0	.0000	0	.0000	0	.0000	0	.0000
20090811	小型臺指            	MXF    	C         	1855	632317.0000	1131	384698.0000	724	247619.0000	1549	533476.0000	604	208018.0000	945	325458.0000
20090811	臺灣50期貨          	T5F    	A         	0	.0000	0	.0000	0	.0000	27	12812.0000	0	.0000	27	12812.0000
20090811	臺灣50期貨          	T5F    	B         	0	.0000	0	.0000	0	.0000	0	.0000	0	.0000	0	.0000
20090811	臺灣50期貨          	T5F    	C         	0	.0000	0	.0000	0	.0000	0	.0000	0	.0000	0	.0000
20090811	臺股期貨            	TXF    	A         	17074	23269126.0000	15593	21244938.0000	1481	2024188.0000	4957	6794031.0000	5482	7542286.0000	-525	-748255.0000
20090811	臺股期貨            	TXF    	B         	382	522116.0000	299	406332.0000	83	115784.0000	2436	3355694.0000	2224	3063166.0000	212	292528.0000
20090811	臺股期貨            	TXF    	C         	5138	6997712.0000	4594	6264446.0000	544	733265.0000	30927	42551653.0000	23938	32923533.0000	6989	9628120.0000
20090811	非金電期貨          	XIF    	A         	188	153319.0000	189	154171.0000	-1	-853.0000	293	241581.0000	267	220287.0000	26	21294.0000
20090811	非金電期貨          	XIF    	B         	0	.0000	0	.0000	0	.0000	22	18192.0000	0	.0000	22	18192.0000
20090811	非金電期貨          	XIF    	C         	15	12212.0000	46	37771.0000	-31	-25559.0000	284	234787.0000	302	249517.0000	-18	-14730.0000
20090812	電子期貨            	EXF    	A         	525	582754.0000	508	563567.0000	17	19187.0000	1049	1161873.0000	327	361985.0000	722	799888.0000
20090812	電子期貨            	EXF    	B         	39	43303.0000	1	1110.0000	38	42193.0000	300	332520.0000	39	43228.0000	261	289292.0000
20090812	電子期貨            	EXF    	C         	186	206705.0000	207	229733.0000	-21	-23028.0000	3170	3512959.0000	3258	3611167.0000	-88	-98208.0000
20090812	金融期貨            	FXF    	A         	473	372359.0000	413	325287.0000	60	47071.0000	639	499924.0000	254	198311.0000	385	301613.0000
20090812	金融期貨            	FXF    	B         	4	3132.0000	0	.0000	4	3132.0000	135	105678.0000	0	.0000	135	105678.0000
20090812	金融期貨            	FXF    	C         	441	346233.0000	843	662701.0000	-402	-316468.0000	2381	1863847.0000	4917	3848567.0000	-2536	-1984720.0000
20090812	櫃買期貨            	GTF    	A         	159	72976.0000	146	66973.0000	13	6003.0000	36	16535.0000	105	48214.0000	-69	-31679.0000
20090812	櫃買期貨            	GTF    	B         	0	.0000	0	.0000	0	.0000	0	.0000	0	.0000	0	.0000
20090812	櫃買期貨            	GTF    	C         	0	.0000	0	.0000	0	.0000	0	.0000	0	.0000	0	.0000
20090812	摩臺期              	MSF    	A         	0	.0000	0	.0000	0	.0000	2	1636.0000	0	.0000	2	1636.0000
20090812	摩臺期              	MSF    	B         	0	.0000	0	.0000	0	.0000	0	.0000	0	.0000	0	.0000
20090812	摩臺期              	MSF    	C         	0	.0000	0	.0000	0	.0000	0	.0000	0	.0000	0	.0000
20090812	小型臺指            	MXF    	A         	6119	2095633.0000	7271	2489579.0000	-1152	-393946.0000	4357	1485685.0000	2859	975917.0000	1498	509768.0000
20090812	小型臺指            	MXF    	B         	0	.0000	0	.0000	0	.0000	0	.0000	0	.0000	0	.0000
20090812	小型臺指            	MXF    	C         	816	279768.0000	1020	349361.0000	-204	-69593.0000	1567	535914.0000	722	246924.0000	845	288990.0000
20090812	臺灣50期貨          	T5F    	A         	0	.0000	0	.0000	0	.0000	27	12798.0000	0	.0000	27	12798.0000
20090812	臺灣50期貨          	T5F    	B         	0	.0000	0	.0000	0	.0000	0	.0000	0	.0000	0	.0000
20090812	臺灣50期貨          	T5F    	C         	0	.0000	0	.0000	0	.0000	0	.0000	0	.0000	0	.0000
20090812	臺股期貨            	TXF    	A         	14442	19802181.0000	14829	20323628.0000	-387	-521447.0000	4699	6399966.0000	5717	7810986.0000	-1018	-1411020.0000
20090812	臺股期貨            	TXF    	B         	542	744346.0000	313	427592.0000	229	316754.0000	2443	3341872.0000	2002	2736813.0000	441	605059.0000
20090812	臺股期貨            	TXF    	C         	5656	7743858.0000	6157	8435104.0000	-501	-691246.0000	29280	40000913.0000	22818	31174594.0000	6462	8826319.0000
20090812	非金電期貨          	XIF    	A         	223	183020.0000	244	200267.0000	-21	-17247.0000	292	239173.0000	287	235218.0000	5	3955.0000
20090812	非金電期貨          	XIF    	B         	1	822.0000	0	.0000	1	822.0000	23	18883.0000	0	.0000	23	18883.0000
20090812	非金電期貨          	XIF    	C         	70	57559.0000	28	23033.0000	42	34526.0000	330	270873.0000	306	251066.0000	24	19807.0000
20090813	電子期貨            	EXF    	A         	616	693822.0000	688	775602.0000	-72	-81780.0000	1042	1179247.0000	392	443519.0000	650	735728.0000
20090813	電子期貨            	EXF    	B         	8	9032.0000	6	6723.0000	2	2309.0000	304	344493.0000	41	46461.0000	263	298032.0000
20090813	電子期貨            	EXF    	C         	397	445400.0000	282	318490.0000	115	126910.0000	3351	3795589.0000	3324	3766757.0000	27	28832.0000
20090813	金融期貨            	FXF    	A         	892	718070.0000	793	639798.0000	99	78272.0000	727	590254.0000	243	196955.0000	484	393299.0000
20090813	金融期貨            	FXF    	B         	153	123458.0000	6	4807.0000	147	118650.0000	282	229040.0000	0	.0000	282	229040.0000
20090813	金融期貨            	FXF    	C         	695	559791.0000	387	311871.0000	308	247920.0000	2771	2250606.0000	4999	4059895.0000	-2228	-1809289.0000
20090813	櫃買期貨            	GTF    	A         	26	12185.0000	36	16850.0000	-10	-4665.0000	28	13065.0000	107	49986.0000	-79	-36921.0000
20090813	櫃買期貨            	GTF    	B         	0	.0000	0	.0000	0	.0000	0	.0000	0	.0000	0	.0000
20090813	櫃買期貨            	GTF    	C         	0	.0000	0	.0000	0	.0000	0	.0000	0	.0000	0	.0000
20090813	摩臺期              	MSF    	A         	0	.0000	0	.0000	0	.0000	2	1683.0000	0	.0000	2	1683.0000
20090813	摩臺期              	MSF    	B         	0	.0000	0	.0000	0	.0000	0	.0000	0	.0000	0	.0000
20090813	摩臺期              	MSF    	C         	0	.0000	0	.0000	0	.0000	0	.0000	0	.0000	0	.0000
20090813	小型臺指            	MXF    	A         	10674	3711535.0000	8412	2929739.0000	2262	781797.0000	4408	1541010.0000	2220	776632.0000	2188	764378.0000
20090813	小型臺指            	MXF    	B         	0	.0000	0	.0000	0	.0000	0	.0000	0	.0000	0	.0000
20090813	小型臺指            	MXF    	C         	1702	592039.0000	785	273549.0000	917	318490.0000	2138	749583.0000	376	131826.0000	1762	617757.0000
20090813	臺灣50期貨          	T5F    	A         	0	.0000	0	.0000	0	.0000	27	13082.0000	0	.0000	27	13082.0000
20090813	臺灣50期貨          	T5F    	B         	0	.0000	0	.0000	0	.0000	0	.0000	0	.0000	0	.0000
20090813	臺灣50期貨          	T5F    	C         	0	.0000	0	.0000	0	.0000	0	.0000	0	.0000	0	.0000
20090813	臺股期貨            	TXF    	A         	21249	29606181.0000	19457	27125515.0000	1792	2480666.0000	5934	8292410.0000	4767	6674848.0000	1167	1617562.0000
20090813	臺股期貨            	TXF    	B         	425	588682.0000	491	678466.0000	-66	-89784.0000	2441	3423107.0000	2066	2893283.0000	375	529824.0000
20090813	臺股期貨            	TXF    	C         	9915	13779968.0000	6787	9459493.0000	3128	4320476.0000	31852	44598512.0000	22262	31170977.0000	9590	13427535.0000
20090813	非金電期貨          	XIF    	A         	273	228136.0000	261	218043.0000	12	10093.0000	293	246011.0000	276	231842.0000	17	14169.0000
20090813	非金電期貨          	XIF    	B         	0	.0000	0	.0000	0	.0000	23	19355.0000	0	.0000	23	19355.0000
20090813	非金電期貨          	XIF    	C         	21	17447.0000	37	30774.0000	-16	-13327.0000	333	280136.0000	325	273332.0000	8	6804.0000
20090814	電子期貨            	EXF    	A         	480	547470.0000	786	895447.0000	-306	-347977.0000	858	973985.0000	514	583862.0000	344	390123.0000
20090814	電子期貨            	EXF    	B         	2	2282.0000	11	12515.0000	-9	-10233.0000	294	334278.0000	40	45480.0000	254	288798.0000
20090814	電子期貨            	EXF    	C         	345	393391.0000	195	222136.0000	150	171255.0000	3359	3817368.0000	3182	3617934.0000	177	199434.0000
20090814	金融期貨            	FXF    	A         	597	483648.0000	757	613279.0000	-160	-129632.0000	634	512891.0000	310	250365.0000	324	262526.0000
20090814	金融期貨            	FXF    	B         	0	.0000	0	.0000	0	.0000	282	228251.0000	0	.0000	282	228251.0000
20090814	金融期貨            	FXF    	C         	210	169800.0000	478	387185.0000	-268	-217385.0000	2480	2006965.0000	4976	4027013.0000	-2496	-2020048.0000
20090814	櫃買期貨            	GTF    	A         	161	75193.0000	149	69558.0000	12	5635.0000	34	15818.0000	101	47031.0000	-67	-31213.0000
20090814	櫃買期貨            	GTF    	B         	0	.0000	0	.0000	0	.0000	0	.0000	0	.0000	0	.0000
20090814	櫃買期貨            	GTF    	C         	0	.0000	0	.0000	0	.0000	0	.0000	0	.0000	0	.0000
20090814	摩臺期              	MSF    	A         	0	.0000	0	.0000	0	.0000	2	1689.0000	0	.0000	2	1689.0000
20090814	摩臺期              	MSF    	B         	0	.0000	0	.0000	0	.0000	0	.0000	0	.0000	0	.0000
20090814	摩臺期              	MSF    	C         	0	.0000	0	.0000	0	.0000	0	.0000	0	.0000	0	.0000
20090814	小型臺指            	MXF    	A         	6695	2363104.0000	7036	2482813.0000	-341	-119708.0000	3987	1403905.0000	1868	657813.0000	2119	746092.0000
20090814	小型臺指            	MXF    	B         	0	.0000	0	.0000	0	.0000	0	.0000	0	.0000	0	.0000
20090814	小型臺指            	MXF    	C         	740	261310.0000	777	273875.0000	-37	-12565.0000	1982	699745.0000	257	90734.0000	1725	609011.0000
20090814	臺灣50期貨          	T5F    	A         	0	.0000	0	.0000	0	.0000	27	13144.0000	0	.0000	27	13144.0000
20090814	臺灣50期貨          	T5F    	B         	0	.0000	0	.0000	0	.0000	0	.0000	0	.0000	0	.0000
20090814	臺灣50期貨          	T5F    	C         	0	.0000	0	.0000	0	.0000	0	.0000	0	.0000	0	.0000
20090814	臺股期貨            	TXF    	A         	17411	24590555.0000	16583	23410510.0000	828	1180045.0000	6027	8485096.0000	4100	5780600.0000	1927	2704496.0000
20090814	臺股期貨            	TXF    	B         	370	522706.0000	351	494866.0000	19	27840.0000	2450	3459537.0000	2056	2898414.0000	394	561123.0000
20090814	臺股期貨            	TXF    	C         	4553	6427969.0000	4746	6703270.0000	-193	-275300.0000	32289	45523625.0000	22892	32280137.0000	9397	13243488.0000
20090814	非金電期貨          	XIF    	A         	264	225074.0000	364	310345.0000	-100	-85271.0000	311	265289.0000	394	336307.0000	-83	-71018.0000
20090814	非金電期貨          	XIF    	B         	0	.0000	0	.0000	0	.0000	23	19658.0000	0	.0000	23	19658.0000
20090814	非金電期貨          	XIF    	C         	17	14472.0000	0	.0000	17	14472.0000	346	295600.0000	321	274214.0000	25	21386.0000
20090817	電子期貨            	EXF    	A         	944	1052972.0000	964	1074278.0000	-20	-21306.0000	1063	1181755.0000	739	821063.0000	324	360692.0000
20090817	電子期貨            	EXF    	B         	78	86726.0000	73	81419.0000	5	5307.0000	296	329119.0000	37	41174.0000	259	287945.0000
20090817	電子期貨            	EXF    	C         	1806	2013957.0000	2002	2234151.0000	-196	-220194.0000	3390	3769152.0000	3409	3791742.0000	-19	-22590.0000
20090817	金融期貨            	FXF    	A         	1025	810080.0000	899	711088.0000	126	98993.0000	945	744100.0000	495	388894.0000	450	355206.0000
20090817	金融期貨            	FXF    	B         	1	786.0000	146	115069.0000	-145	-114283.0000	137	107953.0000	0	.0000	137	107953.0000
20090817	金融期貨            	FXF    	C         	895	707497.0000	1006	796229.0000	-111	-88732.0000	2228	1754572.0000	4835	3808821.0000	-2607	-2054249.0000
20090817	櫃買期貨            	GTF    	A         	175	80101.0000	176	80551.0000	-1	-449.0000	36	16511.0000	104	47625.0000	-68	-31114.0000
20090817	櫃買期貨            	GTF    	B         	0	.0000	0	.0000	0	.0000	0	.0000	0	.0000	0	.0000
20090817	櫃買期貨            	GTF    	C         	0	.0000	0	.0000	0	.0000	0	.0000	0	.0000	0	.0000
20090817	摩臺期              	MSF    	A         	0	.0000	0	.0000	0	.0000	2	1654.0000	0	.0000	2	1654.0000
20090817	摩臺期              	MSF    	B         	0	.0000	0	.0000	0	.0000	0	.0000	0	.0000	0	.0000
20090817	摩臺期              	MSF    	C         	0	.0000	0	.0000	0	.0000	0	.0000	0	.0000	0	.0000
20090817	小型臺指            	MXF    	A         	11098	3851275.0000	13413	4654941.0000	-2315	-803666.0000	3377	1165078.0000	1665	573558.0000	1712	591520.0000
20090817	小型臺指            	MXF    	B         	0	.0000	0	.0000	0	.0000	0	.0000	0	.0000	0	.0000
20090817	小型臺指            	MXF    	C         	769	267218.0000	1454	505358.0000	-685	-238140.0000	1446	499955.0000	1022	353357.0000	424	146598.0000
20090817	臺灣50期貨          	T5F    	A         	0	.0000	0	.0000	0	.0000	27	12879.0000	0	.0000	27	12879.0000
20090817	臺灣50期貨          	T5F    	B         	0	.0000	0	.0000	0	.0000	0	.0000	0	.0000	0	.0000
20090817	臺灣50期貨          	T5F    	C         	0	.0000	0	.0000	0	.0000	0	.0000	0	.0000	0	.0000
20090817	臺股期貨            	TXF    	A         	21769	30232420.0000	23219	32242537.0000	-1450	-2010117.0000	5074	6999516.0000	5074	7002338.0000	0	-2822.0000
20090817	臺股期貨            	TXF    	B         	1342	1859126.0000	1374	1905550.0000	-32	-46424.0000	2531	3495778.0000	2169	2993420.0000	362	502358.0000
20090817	臺股期貨            	TXF    	C         	21254	29483676.0000	23807	33050274.0000	-2553	-3566598.0000	31679	43713417.0000	24681	34072069.0000	6998	9641348.0000
20090817	非金電期貨          	XIF    	A         	304	256123.0000	301	253696.0000	3	2427.0000	308	258249.0000	388	325487.0000	-80	-67238.0000
20090817	非金電期貨          	XIF    	B         	0	.0000	0	.0000	0	.0000	23	19311.0000	0	.0000	23	19311.0000
20090817	非金電期貨          	XIF    	C         	95	80256.0000	47	39864.0000	48	40392.0000	371	311394.0000	298	250123.0000	73	61271.0000
20090818	電子期貨            	EXF    	A         	1241	1361764.0000	1167	1281216.0000	74	80549.0000	1103	1209387.0000	705	773653.0000	398	435734.0000
20090818	電子期貨            	EXF    	B         	111	121656.0000	148	162698.0000	-37	-41041.0000	299	327905.0000	77	84234.0000	222	243671.0000
20090818	電子期貨            	EXF    	C         	2381	2612700.0000	2613	2865086.0000	-232	-252386.0000	3212	3522270.0000	3463	3798177.0000	-251	-275907.0000
20090818	金融期貨            	FXF    	A         	1141	885484.0000	1417	1103361.0000	-276	-217877.0000	609	469729.0000	435	336690.0000	174	133039.0000
20090818	金融期貨            	FXF    	B         	54	41817.0000	48	37442.0000	6	4375.0000	143	110671.0000	0	.0000	143	110671.0000
20090818	金融期貨            	FXF    	C         	4455	3459351.0000	4346	3366711.0000	109	92640.0000	2846	2198214.0000	5344	4126080.0000	-2498	-1927866.0000
20090818	櫃買期貨            	GTF    	A         	56	25204.0000	63	28228.0000	-7	-3025.0000	29	12916.0000	104	46361.0000	-75	-33445.0000
20090818	櫃買期貨            	GTF    	B         	0	.0000	0	.0000	0	.0000	0	.0000	0	.0000	0	.0000
20090818	櫃買期貨            	GTF    	C         	0	.0000	0	.0000	0	.0000	0	.0000	0	.0000	0	.0000
20090818	摩臺期              	MSF    	A         	0	.0000	0	.0000	0	.0000	2	1637.0000	0	.0000	2	1637.0000
20090818	摩臺期              	MSF    	B         	0	.0000	0	.0000	0	.0000	0	.0000	0	.0000	0	.0000
20090818	摩臺期              	MSF    	C         	0	.0000	0	.0000	0	.0000	0	.0000	0	.0000	0	.0000
20090818	小型臺指            	MXF    	A         	16700	5689335.0000	18921	6447924.0000	-2221	-758589.0000	3525	1198627.0000	1834	621668.0000	1691	576959.0000
20090818	小型臺指            	MXF    	B         	0	.0000	0	.0000	0	.0000	0	.0000	0	.0000	0	.0000
20090818	小型臺指            	MXF    	C         	1312	448298.0000	1181	401899.0000	131	46400.0000	588	200390.0000	1069	364230.0000	-481	-163840.0000
20090818	臺灣50期貨          	T5F    	A         	0	.0000	0	.0000	0	.0000	27	12663.0000	0	.0000	27	12663.0000
20090818	臺灣50期貨          	T5F    	B         	0	.0000	0	.0000	0	.0000	0	.0000	0	.0000	0	.0000
20090818	臺灣50期貨          	T5F    	C         	0	.0000	0	.0000	0	.0000	0	.0000	0	.0000	0	.0000
20090818	臺股期貨            	TXF    	A         	29674	40429390.0000	30018	40905046.0000	-344	-475655.0000	6697	9111131.0000	7591	10315415.0000	-894	-1204284.0000
20090818	臺股期貨            	TXF    	B         	1336	1814463.0000	1618	2200120.0000	-282	-385657.0000	2551	3466915.0000	2471	3356771.0000	80	110144.0000
20090818	臺股期貨            	TXF    	C         	25009	34064710.0000	27408	37346103.0000	-2399	-3281393.0000	30944	42012042.0000	26086	35454210.0000	4858	6557832.0000
20090818	非金電期貨          	XIF    	A         	393	324798.0000	389	320834.0000	4	3964.0000	352	289703.0000	428	352371.0000	-76	-62668.0000
20090818	非金電期貨          	XIF    	B         	12	9864.0000	10	8251.0000	2	1613.0000	25	20576.0000	0	.0000	25	20576.0000
20090818	非金電期貨          	XIF    	C         	113	93153.0000	96	79369.0000	17	13784.0000	443	364966.0000	353	290876.0000	90	74090.0000
20090819	電子期貨            	EXF    	A         	767	841430.0000	743	814658.0000	24	26772.0000	709	768916.0000	365	395809.0000	344	373107.0000
20090819	電子期貨            	EXF    	B         	145	158501.0000	144	158393.0000	1	108.0000	294	318872.0000	77	83514.0000	217	235358.0000
20090819	電子期貨            	EXF    	C         	1794	1968035.0000	1592	1744208.0000	202	223827.0000	2137	2317790.0000	2391	2593279.0000	-254	-275489.0000
20090819	金融期貨            	FXF    	A         	617	477049.0000	684	528348.0000	-67	-51299.0000	486	369958.0000	323	245905.0000	163	124053.0000
20090819	金融期貨            	FXF    	B         	89	68365.0000	89	69149.0000	0	-785.0000	143	108852.0000	0	.0000	143	108852.0000
20090819	金融期貨            	FXF    	C         	1646	1272131.0000	1561	1202335.0000	85	69796.0000	2176	1656371.0000	4205	3200846.0000	-2029	-1544475.0000
20090819	櫃買期貨            	GTF    	A         	253	111978.0000	255	112887.0000	-2	-909.0000	20	8843.0000	23	10161.0000	-3	-1318.0000
20090819	櫃買期貨            	GTF    	B         	0	.0000	0	.0000	0	.0000	0	.0000	0	.0000	0	.0000
20090819	櫃買期貨            	GTF    	C         	0	.0000	0	.0000	0	.0000	0	.0000	0	.0000	0	.0000
20090819	摩臺期              	MSF    	A         	0	.0000	0	.0000	0	.0000	2	1633.0000	0	.0000	2	1633.0000
20090819	摩臺期              	MSF    	B         	0	.0000	0	.0000	0	.0000	0	.0000	0	.0000	0	.0000
20090819	摩臺期              	MSF    	C         	0	.0000	0	.0000	0	.0000	0	.0000	0	.0000	0	.0000
20090819	小型臺指            	MXF    	A         	6854	2329907.0000	6700	2277210.0000	154	52697.0000	942	313612.0000	1389	464046.0000	-447	-150434.0000
20090819	小型臺指            	MXF    	B         	0	.0000	0	.0000	0	.0000	0	.0000	0	.0000	0	.0000
20090819	小型臺指            	MXF    	C         	722	245517.0000	962	326248.0000	-240	-80731.0000	40	13384.0000	437	146220.0000	-397	-132836.0000
20090819	臺灣50期貨          	T5F    	A         	0	.0000	0	.0000	0	.0000	0	.0000	0	.0000	0	.0000
20090819	臺灣50期貨          	T5F    	B         	0	.0000	0	.0000	0	.0000	0	.0000	0	.0000	0	.0000
20090819	臺灣50期貨          	T5F    	C         	0	.0000	0	.0000	0	.0000	0	.0000	0	.0000	0	.0000
20090819	臺股期貨            	TXF    	A         	19049	25866836.0000	18873	25616757.0000	176	250079.0000	1577	2102319.0000	5983	8005775.0000	-4406	-5903456.0000
20090819	臺股期貨            	TXF    	B         	1728	2344695.0000	1858	2523561.0000	-130	-178866.0000	2537	3395521.0000	2540	3399536.0000	-3	-4015.0000
20090819	臺股期貨            	TXF    	C         	10760	14609397.0000	12386	16806081.0000	-1626	-2196684.0000	22035	29483443.0000	13338	17840784.0000	8697	11642659.0000
20090819	非金電期貨          	XIF    	A         	468	383526.0000	459	376027.0000	9	7499.0000	159	127934.0000	211	169748.0000	-52	-41814.0000
20090819	非金電期貨          	XIF    	B         	13	10642.0000	13	10695.0000	0	-53.0000	25	20108.0000	0	.0000	25	20108.0000
20090819	非金電期貨          	XIF    	C         	98	80298.0000	108	88426.0000	-10	-8128.0000	76	61127.0000	26	20912.0000	50	40215.0000
20090820	電子期貨            	EXF    	A         	823	890966.0000	991	1073721.0000	-168	-182755.0000	520	568029.0000	344	375772.0000	176	192257.0000
20090820	電子期貨            	EXF    	B         	3	3265.0000	0	.0000	3	3265.0000	294	321224.0000	74	80852.0000	220	240372.0000
20090820	電子期貨            	EXF    	C         	555	602819.0000	406	440205.0000	149	162614.0000	2455	2682333.0000	2560	2797056.0000	-105	-114723.0000
20090820	金融期貨            	FXF    	A         	665	500141.0000	690	518505.0000	-25	-18363.0000	512	385132.0000	374	281210.0000	138	103922.0000
20090820	金融期貨            	FXF    	B         	0	.0000	0	.0000	0	.0000	143	107565.0000	0	.0000	143	107565.0000
20090820	金融期貨            	FXF    	C         	387	290652.0000	482	361583.0000	-95	-70931.0000	2420	1820324.0000	4544	3417997.0000	-2124	-1597673.0000
20090820	櫃買期貨            	GTF    	A         	359	155179.0000	370	159976.0000	-11	-4797.0000	18	7849.0000	32	13950.0000	-14	-6101.0000
20090820	櫃買期貨            	GTF    	B         	0	.0000	0	.0000	0	.0000	0	.0000	0	.0000	0	.0000
20090820	櫃買期貨            	GTF    	C         	0	.0000	0	.0000	0	.0000	0	.0000	0	.0000	0	.0000
20090820	摩臺期              	MSF    	A         	0	.0000	0	.0000	0	.0000	2	1612.0000	0	.0000	2	1612.0000
20090820	摩臺期              	MSF    	B         	0	.0000	0	.0000	0	.0000	0	.0000	0	.0000	0	.0000
20090820	摩臺期              	MSF    	C         	0	.0000	0	.0000	0	.0000	0	.0000	0	.0000	0	.0000
20090820	小型臺指            	MXF    	A         	10683	3558597.0000	10364	3452553.0000	319	106044.0000	1215	403386.0000	1287	429272.0000	-72	-25886.0000
20090820	小型臺指            	MXF    	B         	0	.0000	0	.0000	0	.0000	0	.0000	0	.0000	0	.0000
20090820	小型臺指            	MXF    	C         	1071	357600.0000	1383	460677.0000	-312	-103077.0000	40	13382.0000	609	203741.0000	-569	-190359.0000
20090820	臺灣50期貨          	T5F    	A         	0	.0000	0	.0000	0	.0000	0	.0000	0	.0000	0	.0000
20090820	臺灣50期貨          	T5F    	B         	0	.0000	0	.0000	0	.0000	0	.0000	0	.0000	0	.0000
20090820	臺灣50期貨          	T5F    	C         	0	.0000	0	.0000	0	.0000	0	.0000	0	.0000	0	.0000
20090820	臺股期貨            	TXF    	A         	17301	23065680.0000	16899	22520675.0000	402	545005.0000	1933	2570373.0000	5951	7960548.0000	-4018	-5390175.0000
20090820	臺股期貨            	TXF    	B         	238	318436.0000	406	539557.0000	-168	-221121.0000	2563	3429807.0000	2734	3658639.0000	-171	-228832.0000
20090820	臺股期貨            	TXF    	C         	6422	8568134.0000	7508	10024172.0000	-1086	-1456038.0000	21296	28483852.0000	13720	18340498.0000	7576	10143354.0000
20090820	非金電期貨          	XIF    	A         	371	296496.0000	369	294753.0000	2	1742.0000	151	120478.0000	201	160520.0000	-50	-40042.0000
20090820	非金電期貨          	XIF    	B         	0	.0000	0	.0000	0	.0000	25	19975.0000	0	.0000	25	19975.0000
20090820	非金電期貨          	XIF    	C         	26	20786.0000	88	70513.0000	-62	-49727.0000	42	33555.0000	54	43146.0000	-12	-9591.0000
20090821	電子期貨            	EXF    	A         	536	581512.0000	897	974491.0000	-361	-392978.0000	302	324768.0000	487	523832.0000	-185	-199064.0000
20090821	電子期貨            	EXF    	B         	43	47165.0000	0	.0000	43	47165.0000	295	317361.0000	32	34426.0000	263	282935.0000
20090821	電子期貨            	EXF    	C         	624	678468.0000	251	272379.0000	373	406090.0000	2844	3059565.0000	2576	2771261.0000	268	288304.0000
20090821	金融期貨            	FXF    	A         	676	505954.0000	765	573533.0000	-89	-67579.0000	442	326821.0000	393	290502.0000	49	36319.0000
20090821	金融期貨            	FXF    	B         	0	.0000	0	.0000	0	.0000	143	105734.0000	0	.0000	143	105734.0000
20090821	金融期貨            	FXF    	C         	545	407450.0000	299	224699.0000	246	182751.0000	2363	1747202.0000	4241	3135795.0000	-1878	-1388593.0000
20090821	櫃買期貨            	GTF    	A         	255	110987.0000	251	109257.0000	4	1730.0000	23	9840.0000	33	14118.0000	-10	-4278.0000
20090821	櫃買期貨            	GTF    	B         	0	.0000	0	.0000	0	.0000	0	.0000	0	.0000	0	.0000
20090821	櫃買期貨            	GTF    	C         	0	.0000	0	.0000	0	.0000	0	.0000	0	.0000	0	.0000
20090821	摩臺期              	MSF    	A         	0	.0000	5	3907.0000	-5	-3907.0000	0	.0000	3	2341.0000	-3	-2341.0000
20090821	摩臺期              	MSF    	B         	0	.0000	0	.0000	0	.0000	0	.0000	0	.0000	0	.0000
20090821	摩臺期              	MSF    	C         	0	.0000	0	.0000	0	.0000	0	.0000	0	.0000	0	.0000
20090821	小型臺指            	MXF    	A         	13323	4438026.0000	12315	4106869.0000	1008	331158.0000	1654	542559.0000	1354	445370.0000	300	97189.0000
20090821	小型臺指            	MXF    	B         	0	.0000	0	.0000	0	.0000	0	.0000	0	.0000	0	.0000
20090821	小型臺指            	MXF    	C         	752	250516.0000	1647	547722.0000	-895	-297205.0000	67	22097.0000	1531	504924.0000	-1464	-482827.0000
20090821	臺灣50期貨          	T5F    	A         	0	.0000	0	.0000	0	.0000	0	.0000	0	.0000	0	.0000
20090821	臺灣50期貨          	T5F    	B         	0	.0000	0	.0000	0	.0000	0	.0000	0	.0000	0	.0000
20090821	臺灣50期貨          	T5F    	C         	0	.0000	0	.0000	0	.0000	0	.0000	0	.0000	0	.0000
20090821	臺股期貨            	TXF    	A         	19529	26063527.0000	19852	26491503.0000	-323	-427976.0000	2580	3388551.0000	6762	8916993.0000	-4182	-5528442.0000
20090821	臺股期貨            	TXF    	B         	308	414016.0000	447	593599.0000	-139	-179583.0000	2538	3348130.0000	2848	3757082.0000	-310	-408952.0000
20090821	臺股期貨            	TXF    	C         	8362	11151559.0000	6229	8315845.0000	2133	2835714.0000	24159	31857095.0000	14450	19044778.0000	9709	12812317.0000
20090821	非金電期貨          	XIF    	A         	309	247276.0000	320	255744.0000	-11	-8468.0000	128	101022.0000	189	149299.0000	-61	-48277.0000
20090821	非金電期貨          	XIF    	B         	1	791.0000	0	.0000	1	791.0000	26	20548.0000	0	.0000	26	20548.0000
20090821	非金電期貨          	XIF    	C         	64	51157.0000	34	27086.0000	30	24072.0000	40	31612.0000	22	17387.0000	18	14225.0000
20090824	電子期貨            	EXF    	A         	570	627249.0000	520	572018.0000	50	55231.0000	270	297736.0000	405	446707.0000	-135	-148971.0000
20090824	電子期貨            	EXF    	B         	0	.0000	0	.0000	0	.0000	295	325503.0000	32	35309.0000	263	290194.0000
20090824	電子期貨            	EXF    	C         	301	331110.0000	264	291037.0000	37	40073.0000	2947	3251710.0000	2642	2915183.0000	305	336527.0000
20090824	金融期貨            	FXF    	A         	706	541552.0000	542	416196.0000	164	125356.0000	493	381564.0000	280	216265.0000	213	165299.0000
20090824	金融期貨            	FXF    	B         	0	.0000	0	.0000	0	.0000	143	110711.0000	0	.0000	143	110711.0000
20090824	金融期貨            	FXF    	C         	409	313474.0000	196	150091.0000	213	163383.0000	2486	1924661.0000	4151	3213704.0000	-1665	-1289043.0000
20090824	櫃買期貨            	GTF    	A         	151	66108.0000	152	66580.0000	-1	-473.0000	19	8351.0000	30	13206.0000	-11	-4855.0000
20090824	櫃買期貨            	GTF    	B         	0	.0000	0	.0000	0	.0000	0	.0000	0	.0000	0	.0000
20090824	櫃買期貨            	GTF    	C         	0	.0000	0	.0000	0	.0000	0	.0000	0	.0000	0	.0000
20090824	摩臺期              	MSF    	A         	1	805.0000	1	808.0000	0	-3.0000	0	.0000	3	2405.0000	-3	-2405.0000
20090824	摩臺期              	MSF    	B         	0	.0000	0	.0000	0	.0000	0	.0000	0	.0000	0	.0000
20090824	摩臺期              	MSF    	C         	0	.0000	0	.0000	0	.0000	0	.0000	0	.0000	0	.0000
20090824	小型臺指            	MXF    	A         	11259	3811543.0000	8695	2945018.0000	2564	866525.0000	2979	1010342.0000	1163	394632.0000	1816	615710.0000
20090824	小型臺指            	MXF    	B         	0	.0000	0	.0000	0	.0000	0	.0000	0	.0000	0	.0000
20090824	小型臺指            	MXF    	C         	1955	660537.0000	771	261071.0000	1184	399466.0000	169	57519.0000	449	152817.0000	-280	-95298.0000
20090824	臺灣50期貨          	T5F    	A         	0	.0000	0	.0000	0	.0000	0	.0000	0	.0000	0	.0000
20090824	臺灣50期貨          	T5F    	B         	0	.0000	0	.0000	0	.0000	0	.0000	0	.0000	0	.0000
20090824	臺灣50期貨          	T5F    	C         	0	.0000	0	.0000	0	.0000	0	.0000	0	.0000	0	.0000
20090824	臺股期貨            	TXF    	A         	16729	22668993.0000	15017	20357866.0000	1712	2311127.0000	3110	4217626.0000	5318	7235314.0000	-2208	-3017688.0000
20090824	臺股期貨            	TXF    	B         	501	680497.0000	390	526609.0000	111	153888.0000	2617	3562784.0000	2816	3833702.0000	-199	-270918.0000
20090824	臺股期貨            	TXF    	C         	9279	12558424.0000	5336	7226476.0000	3943	5331948.0000	28116	38261616.0000	14464	19672725.0000	13652	18588891.0000
20090824	非金電期貨          	XIF    	A         	325	263671.0000	324	262975.0000	1	696.0000	144	117547.0000	204	166812.0000	-60	-49265.0000
20090824	非金電期貨          	XIF    	B         	2	1637.0000	0	.0000	2	1637.0000	28	22918.0000	0	.0000	28	22918.0000
20090824	非金電期貨          	XIF    	C         	45	36447.0000	42	34094.0000	3	2353.0000	39	31916.0000	18	14733.0000	21	17183.0000
20090825	電子期貨            	EXF    	A         	370	408747.0000	406	447936.0000	-36	-39189.0000	204	224340.0000	375	412540.0000	-171	-188200.0000
20090825	電子期貨            	EXF    	B         	1	1101.0000	30	33177.0000	-29	-32076.0000	296	325778.0000	62	68237.0000	234	257541.0000
20090825	電子期貨            	EXF    	C         	102	112607.0000	161	177760.0000	-59	-65153.0000	2969	3267678.0000	2723	2996934.0000	246	270744.0000
20090825	金融期貨            	FXF    	A         	444	337769.0000	602	458353.0000	-158	-120584.0000	417	315652.0000	362	273682.0000	55	41970.0000
20090825	金融期貨            	FXF    	B         	0	.0000	0	.0000	0	.0000	143	108280.0000	0	.0000	143	108280.0000
20090825	金融期貨            	FXF    	C         	135	102875.0000	80	61063.0000	55	41812.0000	2567	1943732.0000	4177	3162824.0000	-1610	-1219092.0000
20090825	櫃買期貨            	GTF    	A         	289	127192.0000	282	124112.0000	7	3080.0000	26	11428.0000	30	13183.0000	-4	-1755.0000
20090825	櫃買期貨            	GTF    	B         	0	.0000	0	.0000	0	.0000	0	.0000	0	.0000	0	.0000
20090825	櫃買期貨            	GTF    	C         	0	.0000	0	.0000	0	.0000	0	.0000	0	.0000	0	.0000
20090825	摩臺期              	MSF    	A         	0	.0000	0	.0000	0	.0000	0	.0000	3	2418.0000	-3	-2418.0000
20090825	摩臺期              	MSF    	B         	0	.0000	0	.0000	0	.0000	0	.0000	0	.0000	0	.0000
20090825	摩臺期              	MSF    	C         	0	.0000	0	.0000	0	.0000	0	.0000	0	.0000	0	.0000
20090825	小型臺指            	MXF    	A         	8263	2800928.0000	9664	3274515.0000	-1401	-473587.0000	2233	751563.0000	1742	587591.0000	491	163972.0000
20090825	小型臺指            	MXF    	B         	0	.0000	0	.0000	0	.0000	0	.0000	0	.0000	0	.0000
20090825	小型臺指            	MXF    	C         	812	275455.0000	771	261286.0000	41	14169.0000	256	86528.0000	495	167310.0000	-239	-80782.0000
20090825	臺灣50期貨          	T5F    	A         	0	.0000	0	.0000	0	.0000	0	.0000	0	.0000	0	.0000
20090825	臺灣50期貨          	T5F    	B         	0	.0000	0	.0000	0	.0000	0	.0000	0	.0000	0	.0000
20090825	臺灣50期貨          	T5F    	C         	0	.0000	0	.0000	0	.0000	0	.0000	0	.0000	0	.0000
20090825	臺股期貨            	TXF    	A         	12702	17223603.0000	13098	17752785.0000	-396	-529181.0000	3007	4050341.0000	5630	7607784.0000	-2623	-3557443.0000
20090825	臺股期貨            	TXF    	B         	326	442425.0000	266	360007.0000	60	82418.0000	2619	3540888.0000	2758	3728816.0000	-139	-187928.0000
20090825	臺股期貨            	TXF    	C         	4184	5674921.0000	2879	3903920.0000	1305	1771001.0000	29191	39451010.0000	14234	19225618.0000	14957	20225392.0000
20090825	非金電期貨          	XIF    	A         	202	163935.0000	227	184211.0000	-25	-20275.0000	120	97127.0000	205	166241.0000	-85	-69114.0000
20090825	非金電期貨          	XIF    	B         	0	.0000	0	.0000	0	.0000	28	22728.0000	0	.0000	28	22728.0000
20090825	非金電期貨          	XIF    	C         	68	55202.0000	55	44698.0000	13	10504.0000	103	83601.0000	69	56007.0000	34	27594.0000
20090826	電子期貨            	EXF    	A         	747	814961.0000	712	775592.0000	35	39369.0000	274	299410.0000	410	448081.0000	-136	-148671.0000
20090826	電子期貨            	EXF    	B         	1	1094.0000	0	.0000	1	1094.0000	297	324740.0000	62	67791.0000	235	256949.0000
20090826	電子期貨            	EXF    	C         	319	347928.0000	396	430938.0000	-77	-83011.0000	2927	3200373.0000	2758	3015597.0000	169	184776.0000
20090826	金融期貨            	FXF    	A         	607	455201.0000	770	577081.0000	-163	-121880.0000	356	266762.0000	464	347332.0000	-108	-80570.0000
20090826	金融期貨            	FXF    	B         	1	749.0000	0	.0000	1	749.0000	144	107942.0000	0	.0000	144	107942.0000
20090826	金融期貨            	FXF    	C         	354	265739.0000	537	402668.0000	-183	-136929.0000	2418	1812533.0000	4211	3156566.0000	-1793	-1344033.0000
20090826	櫃買期貨            	GTF    	A         	479	206326.0000	479	206346.0000	0	-21.0000	27	11726.0000	31	13488.0000	-4	-1762.0000
20090826	櫃買期貨            	GTF    	B         	0	.0000	0	.0000	0	.0000	0	.0000	0	.0000	0	.0000
20090826	櫃買期貨            	GTF    	C         	0	.0000	0	.0000	0	.0000	0	.0000	0	.0000	0	.0000
20090826	摩臺期              	MSF    	A         	0	.0000	0	.0000	0	.0000	0	.0000	3	2393.0000	-3	-2393.0000
20090826	摩臺期              	MSF    	B         	0	.0000	0	.0000	0	.0000	0	.0000	0	.0000	0	.0000
20090826	摩臺期              	MSF    	C         	0	.0000	0	.0000	0	.0000	0	.0000	0	.0000	0	.0000
20090826	小型臺指            	MXF    	A         	13415	4484762.0000	14661	4900814.0000	-1246	-416053.0000	2182	727541.0000	1301	434348.0000	881	293193.0000
20090826	小型臺指            	MXF    	B         	0	.0000	0	.0000	0	.0000	0	.0000	0	.0000	0	.0000
20090826	小型臺指            	MXF    	C         	765	256238.0000	1662	554446.0000	-897	-298208.0000	170	56950.0000	702	235170.0000	-532	-178220.0000
20090826	臺灣50期貨          	T5F    	A         	0	.0000	0	.0000	0	.0000	0	.0000	0	.0000	0	.0000
20090826	臺灣50期貨          	T5F    	B         	0	.0000	0	.0000	0	.0000	0	.0000	0	.0000	0	.0000
20090826	臺灣50期貨          	T5F    	C         	0	.0000	0	.0000	0	.0000	0	.0000	0	.0000	0	.0000
20090826	臺股期貨            	TXF    	A         	20616	27572289.0000	20879	27915617.0000	-263	-343328.0000	2466	3287882.0000	5761	7715334.0000	-3295	-4427452.0000
20090826	臺股期貨            	TXF    	B         	150	200745.0000	300	401301.0000	-150	-200556.0000	2617	3506780.0000	2906	3894040.0000	-289	-387260.0000
20090826	臺股期貨            	TXF    	C         	8088	10820169.0000	6856	9164294.0000	1232	1655876.0000	29874	40014704.0000	13836	18518793.0000	16038	21495911.0000
20090826	非金電期貨          	XIF    	A         	227	180835.0000	226	180114.0000	1	721.0000	110	87859.0000	194	155243.0000	-84	-67384.0000
20090826	非金電期貨          	XIF    	B         	0	.0000	0	.0000	0	.0000	28	22431.0000	0	.0000	28	22431.0000
20090826	非金電期貨          	XIF    	C         	46	36761.0000	29	23192.0000	17	13569.0000	103	82508.0000	52	41657.0000	51	40851.0000
20090827	電子期貨            	EXF    	A         	434	472758.0000	340	370176.0000	94	102583.0000	340	368854.0000	382	414413.0000	-42	-45559.0000
20090827	電子期貨            	EXF    	B         	0	.0000	0	.0000	0	.0000	297	322364.0000	62	67295.0000	235	255069.0000
20090827	電子期貨            	EXF    	C         	167	182092.0000	351	382232.0000	-184	-200140.0000	2725	2957710.0000	2740	2973996.0000	-15	-16286.0000
20090827	金融期貨            	FXF    	A         	571	425177.0000	627	466567.0000	-56	-41390.0000	340	251851.0000	504	373043.0000	-164	-121192.0000
20090827	金融期貨            	FXF    	B         	0	.0000	0	.0000	0	.0000	144	106704.0000	0	.0000	144	106704.0000
20090827	金融期貨            	FXF    	C         	540	401585.0000	554	411417.0000	-14	-9832.0000	2581	1912521.0000	4388	3251508.0000	-1807	-1338987.0000
20090827	櫃買期貨            	GTF    	A         	826	356890.0000	827	357312.0000	-1	-422.0000	30	12937.0000	35	15087.0000	-5	-2150.0000
20090827	櫃買期貨            	GTF    	B         	0	.0000	0	.0000	0	.0000	0	.0000	0	.0000	0	.0000
20090827	櫃買期貨            	GTF    	C         	0	.0000	0	.0000	0	.0000	0	.0000	0	.0000	0	.0000
20090827	摩臺期              	MSF    	A         	0	.0000	0	.0000	0	.0000	0	.0000	3	2383.0000	-3	-2383.0000
20090827	摩臺期              	MSF    	B         	0	.0000	0	.0000	0	.0000	0	.0000	0	.0000	0	.0000
20090827	摩臺期              	MSF    	C         	0	.0000	0	.0000	0	.0000	0	.0000	0	.0000	0	.0000
20090827	小型臺指            	MXF    	A         	9906	3304234.0000	11017	3672537.0000	-1111	-368303.0000	1658	548256.0000	1816	602310.0000	-158	-54054.0000
20090827	小型臺指            	MXF    	B         	0	.0000	0	.0000	0	.0000	0	.0000	0	.0000	0	.0000
20090827	小型臺指            	MXF    	C         	790	263624.0000	1181	393702.0000	-391	-130079.0000	104	34554.0000	735	244204.0000	-631	-209650.0000
20090827	臺灣50期貨          	T5F    	A         	0	.0000	0	.0000	0	.0000	0	.0000	0	.0000	0	.0000
20090827	臺灣50期貨          	T5F    	B         	0	.0000	0	.0000	0	.0000	0	.0000	0	.0000	0	.0000
20090827	臺灣50期貨          	T5F    	C         	0	.0000	0	.0000	0	.0000	0	.0000	0	.0000	0	.0000
20090827	臺股期貨            	TXF    	A         	14304	19083016.0000	15458	20611923.0000	-1154	-1528907.0000	2377	3147410.0000	6844	9091346.0000	-4467	-5943936.0000
20090827	臺股期貨            	TXF    	B         	336	448118.0000	768	1022344.0000	-432	-574226.0000	2601	3456729.0000	3322	4414938.0000	-721	-958209.0000
20090827	臺股期貨            	TXF    	C         	3944	5258723.0000	3726	4969366.0000	218	289357.0000	29789	39578218.0000	13606	18069240.0000	16183	21508978.0000
20090827	非金電期貨          	XIF    	A         	311	246978.0000	306	242940.0000	5	4038.0000	122	96738.0000	201	159600.0000	-79	-62862.0000
20090827	非金電期貨          	XIF    	B         	0	.0000	0	.0000	0	.0000	28	22246.0000	0	.0000	28	22246.0000
20090827	非金電期貨          	XIF    	C         	19	15104.0000	17	13538.0000	2	1566.0000	103	81833.0000	50	39725.0000	53	42108.0000
20090828	電子期貨            	EXF    	A         	765	844376.0000	506	558416.0000	259	285960.0000	474	524681.0000	257	284257.0000	217	240424.0000
20090828	電子期貨            	EXF    	B         	0	.0000	0	.0000	0	.0000	297	328898.0000	62	68659.0000	235	260239.0000
20090828	電子期貨            	EXF    	C         	770	850640.0000	697	768155.0000	73	82486.0000	3178	3519256.0000	3120	3455088.0000	58	64168.0000
20090828	金融期貨            	FXF    	A         	853	644376.0000	650	490488.0000	203	153888.0000	423	319166.0000	384	289295.0000	39	29871.0000
20090828	金融期貨            	FXF    	B         	1	755.0000	1	756.0000	0	-1.0000	144	108691.0000	0	.0000	144	108691.0000
20090828	金融期貨            	FXF    	C         	536	404359.0000	549	414074.0000	-13	-9715.0000	2712	2047018.0000	4532	3420754.0000	-1820	-1373736.0000
20090828	櫃買期貨            	GTF    	A         	77	33435.0000	84	36490.0000	-7	-3055.0000	27	11760.0000	39	16948.0000	-12	-5188.0000
20090828	櫃買期貨            	GTF    	B         	0	.0000	0	.0000	0	.0000	0	.0000	0	.0000	0	.0000
20090828	櫃買期貨            	GTF    	C         	1	434.0000	0	.0000	1	434.0000	1	435.0000	0	.0000	1	435.0000
20090828	摩臺期              	MSF    	A         	1	817.0000	1	813.0000	0	5.0000	0	.0000	3	2418.0000	-3	-2418.0000
20090828	摩臺期              	MSF    	B         	0	.0000	0	.0000	0	.0000	0	.0000	0	.0000	0	.0000
20090828	摩臺期              	MSF    	C         	0	.0000	0	.0000	0	.0000	0	.0000	0	.0000	0	.0000
20090828	小型臺指            	MXF    	A         	12249	4134411.0000	11820	3988264.0000	429	146147.0000	2286	768444.0000	2007	676421.0000	279	92023.0000
20090828	小型臺指            	MXF    	B         	0	.0000	0	.0000	0	.0000	0	.0000	0	.0000	0	.0000
20090828	小型臺指            	MXF    	C         	1539	521011.0000	1057	357145.0000	482	163866.0000	208	70252.0000	357	120577.0000	-149	-50325.0000
20090828	臺灣50期貨          	T5F    	A         	0	.0000	0	.0000	0	.0000	0	.0000	0	.0000	0	.0000
20090828	臺灣50期貨          	T5F    	B         	0	.0000	0	.0000	0	.0000	0	.0000	0	.0000	0	.0000
20090828	臺灣50期貨          	T5F    	C         	0	.0000	0	.0000	0	.0000	0	.0000	0	.0000	0	.0000
20090828	臺股期貨            	TXF    	A         	18821	25435194.0000	16658	22497749.0000	2163	2937446.0000	3706	4991391.0000	6012	8117284.0000	-2306	-3125893.0000
20090828	臺股期貨            	TXF    	B         	295	398701.0000	350	472895.0000	-55	-74194.0000	2623	3543673.0000	3399	4592049.0000	-776	-1048376.0000
20090828	臺股期貨            	TXF    	C         	5796	7833098.0000	6006	8113828.0000	-210	-280730.0000	29757	40185957.0000	13784	18602749.0000	15973	21583208.0000
20090828	非金電期貨          	XIF    	A         	233	188331.0000	202	163001.0000	31	25330.0000	165	132326.0000	213	170964.0000	-48	-38638.0000
20090828	非金電期貨          	XIF    	B         	0	.0000	0	.0000	0	.0000	28	22490.0000	0	.0000	28	22490.0000
20090828	非金電期貨          	XIF    	C         	85	68837.0000	84	68046.0000	1	791.0000	77	61838.0000	23	18474.0000	54	43364.0000
20090831	電子期貨            	EXF    	A         	335	371059.0000	513	567896.0000	-178	-196838.0000	334	369779.0000	295	326475.0000	39	43304.0000
20090831	電子期貨            	EXF    	B         	30	33186.0000	2	2213.0000	28	30973.0000	295	326801.0000	32	35450.0000	263	291351.0000
20090831	電子期貨            	EXF    	C         	430	476028.0000	459	508204.0000	-29	-32176.0000	3335	3694461.0000	3306	3662387.0000	29	32074.0000
20090831	金融期貨            	FXF    	A         	411	306942.0000	509	380031.0000	-98	-73089.0000	342	255146.0000	401	298744.0000	-59	-43598.0000
20090831	金融期貨            	FXF    	B         	0	.0000	0	.0000	0	.0000	144	107482.0000	0	.0000	144	107482.0000
20090831	金融期貨            	FXF    	C         	197	147351.0000	380	283078.0000	-183	-135728.0000	2504	1868986.0000	4507	3364025.0000	-2003	-1495039.0000
20090831	櫃買期貨            	GTF    	A         	25	10915.0000	25	10908.0000	0	7.0000	23	10073.0000	35	15347.0000	-12	-5274.0000
20090831	櫃買期貨            	GTF    	B         	0	.0000	0	.0000	0	.0000	0	.0000	0	.0000	0	.0000
20090831	櫃買期貨            	GTF    	C         	0	.0000	0	.0000	0	.0000	1	439.0000	0	.0000	1	439.0000
20090831	摩臺期              	MSF    	A         	2	1623.0000	2	1624.0000	0	-2.0000	0	.0000	3	2418.0000	-3	-2418.0000
20090831	摩臺期              	MSF    	B         	0	.0000	0	.0000	0	.0000	0	.0000	0	.0000	0	.0000
20090831	摩臺期              	MSF    	C         	0	.0000	0	.0000	0	.0000	0	.0000	0	.0000	0	.0000
20090831	小型臺指            	MXF    	A         	10469	3530808.0000	10643	3588567.0000	-174	-57759.0000	2141	720005.0000	2864	966113.0000	-723	-246108.0000
20090831	小型臺指            	MXF    	B         	0	.0000	10	3363.0000	-10	-3363.0000	0	.0000	10	3379.0000	-10	-3379.0000
20090831	小型臺指            	MXF    	C         	571	192577.0000	1525	514028.0000	-954	-321451.0000	170	57435.0000	1273	430083.0000	-1103	-372648.0000
20090831	臺灣50期貨          	T5F    	A         	0	.0000	0	.0000	0	.0000	0	.0000	0	.0000	0	.0000
20090831	臺灣50期貨          	T5F    	B         	0	.0000	0	.0000	0	.0000	0	.0000	0	.0000	0	.0000
20090831	臺灣50期貨          	T5F    	C         	0	.0000	0	.0000	0	.0000	0	.0000	0	.0000	0	.0000
20090831	臺股期貨            	TXF    	A         	12779	17239345.0000	13929	18791604.0000	-1150	-1552260.0000	2683	3611646.0000	5932	8011681.0000	-3249	-4400035.0000
20090831	臺股期貨            	TXF    	B         	575	776576.0000	268	361244.0000	307	415331.0000	2607	3523100.0000	3076	4156906.0000	-469	-633806.0000
20090831	臺股期貨            	TXF    	C         	7550	10183333.0000	6056	8167235.0000	1494	2016099.0000	31941	43149666.0000	14474	19541952.0000	17467	23607714.0000
20090831	非金電期貨          	XIF    	A         	149	119193.0000	136	108759.0000	13	10434.0000	168	135368.0000	203	163696.0000	-35	-28328.0000
20090831	非金電期貨          	XIF    	B         	0	.0000	0	.0000	0	.0000	28	22596.0000	0	.0000	28	22596.0000
20090831	非金電期貨          	XIF    	C         	41	32993.0000	68	54599.0000	-27	-21606.0000	75	60505.0000	48	38736.0000	27	21769.0000
