20101101	電子期貨            	EXF    	A         	901	1168861.0000	623	807744.0000	278	361118.0000	714	924333.0000	202	261246.0000	512	663087.0000
20101101	電子期貨            	EXF    	B         	0	.0000	0	.0000	0	.0000	210	271950.0000	42	54390.0000	168	217560.0000
20101101	電子期貨            	EXF    	C         	1074	1393224.0000	984	1276672.0000	90	116551.0000	2680	3470600.0000	3785	4901569.0000	-1105	-1430969.0000
20101101	金融期貨            	FXF    	A         	1674	1521504.0000	1356	1232979.0000	318	288525.0000	1082	984056.0000	506	460208.0000	576	523848.0000
20101101	金融期貨            	FXF    	B         	0	.0000	0	.0000	0	.0000	169	153756.0000	0	.0000	169	153756.0000
20101101	金融期貨            	FXF    	C         	781	709281.0000	875	794853.0000	-94	-85572.0000	1041	947102.0000	6583	5988869.0000	-5542	-5041767.0000
20101101	櫃買期貨            	GTF    	A         	26	14564.0000	20	11185.0000	6	3379.0000	83	46070.0000	100	55503.0000	-17	-9433.0000
20101101	櫃買期貨            	GTF    	B         	0	.0000	0	.0000	0	.0000	0	.0000	0	.0000	0	.0000
20101101	櫃買期貨            	GTF    	C         	0	.0000	0	.0000	0	.0000	0	.0000	0	.0000	0	.0000
20101101	摩臺期              	MSF    	A         	1	907.0000	0	.0000	1	907.0000	15	13595.0000	33	29942.0000	-18	-16347.0000
20101101	摩臺期              	MSF    	B         	0	.0000	0	.0000	0	.0000	0	.0000	0	.0000	0	.0000
20101101	摩臺期              	MSF    	C         	0	.0000	1	900.0000	-1	-900.0000	22	19961.0000	0	.0000	22	19961.0000
20101101	小型臺指            	MXF    	A         	6677	2799335.0000	4702	1973166.0000	1975	826170.0000	3439	1440354.0000	5129	2149150.0000	-1690	-708796.0000
20101101	小型臺指            	MXF    	B         	0	.0000	0	.0000	0	.0000	0	.0000	0	.0000	0	.0000
20101101	小型臺指            	MXF    	C         	7675	3219119.0000	8306	3485769.0000	-631	-266649.0000	4390	1836732.0000	1118	465363.0000	3272	1371369.0000
20101101	股票期貨            	STF    	A         	1965	156575.0000	2012	155146.0000	-47	1429.0000	3414	272518.0000	6069	455645.0000	-2655	-183127.0000
20101101	股票期貨            	STF    	B         	0	.0000	0	.0000	0	.0000	0	.0000	0	.0000	0	.0000
20101101	股票期貨            	STF    	C         	108	9664.0000	72	3803.0000	36	5861.0000	88	11153.0000	2241	234681.0000	-2153	-223528.0000
20101101	臺灣50期貨          	T5F    	A         	0	.0000	0	.0000	0	.0000	0	.0000	4	2251.0000	-4	-2251.0000
20101101	臺灣50期貨          	T5F    	B         	0	.0000	0	.0000	0	.0000	0	.0000	0	.0000	0	.0000
20101101	臺灣50期貨          	T5F    	C         	0	.0000	0	.0000	0	.0000	0	.0000	0	.0000	0	.0000
20101101	臺股期貨            	TXF    	A         	26178	43942248.0000	24012	40311349.0000	2166	3630900.0000	7341	12315075.0000	3334	5585560.0000	4007	6729515.0000
20101101	臺股期貨            	TXF    	B         	42	70652.0000	25	42032.0000	17	28620.0000	1556	2610968.0000	1367	2293317.0000	189	317651.0000
20101101	臺股期貨            	TXF    	C         	19036	31965097.0000	19318	32445891.0000	-282	-480794.0000	27012	45278526.0000	28367	47565879.0000	-1355	-2287353.0000
20101101	非金電期貨          	XIF    	A         	448	497244.0000	276	306193.0000	172	191051.0000	350	388035.0000	143	158571.0000	207	229464.0000
20101101	非金電期貨          	XIF    	B         	0	.0000	0	.0000	0	.0000	29	32167.0000	0	.0000	29	32167.0000
20101101	非金電期貨          	XIF    	C         	137	152085.0000	330	366491.0000	-193	-214406.0000	146	161943.0000	270	299484.0000	-124	-137541.0000
20101102	電子期貨            	EXF    	A         	271	349807.0000	507	654380.0000	-236	-304573.0000	569	732325.0000	293	376893.0000	276	355432.0000
20101102	電子期貨            	EXF    	B         	0	.0000	0	.0000	0	.0000	210	270354.0000	42	54071.0000	168	216283.0000
20101102	電子期貨            	EXF    	C         	540	696920.0000	420	541833.0000	120	155087.0000	2867	3690976.0000	3852	4959035.0000	-985	-1268059.0000
20101102	金融期貨            	FXF    	A         	1148	1050957.0000	900	823756.0000	248	227202.0000	1476	1347968.0000	652	595506.0000	824	752462.0000
20101102	金融期貨            	FXF    	B         	0	.0000	0	.0000	0	.0000	169	154398.0000	0	.0000	169	154398.0000
20101102	金融期貨            	FXF    	C         	698	638912.0000	552	505147.0000	146	133765.0000	1176	1074394.0000	6572	6003680.0000	-5396	-4929286.0000
20101102	櫃買期貨            	GTF    	A         	121	66463.0000	79	43465.0000	42	22998.0000	86	46777.0000	61	33181.0000	25	13596.0000
20101102	櫃買期貨            	GTF    	B         	0	.0000	0	.0000	0	.0000	0	.0000	0	.0000	0	.0000
20101102	櫃買期貨            	GTF    	C         	0	.0000	0	.0000	0	.0000	0	.0000	0	.0000	0	.0000
20101102	摩臺期              	MSF    	A         	21	19044.0000	2	1819.0000	19	17224.0000	14	12730.0000	13	11834.0000	1	896.0000
20101102	摩臺期              	MSF    	B         	0	.0000	0	.0000	0	.0000	0	.0000	0	.0000	0	.0000
20101102	摩臺期              	MSF    	C         	0	.0000	15	13602.0000	-15	-13602.0000	7	6372.0000	0	.0000	7	6372.0000
20101102	小型臺指            	MXF    	A         	1573	659084.0000	2764	1156656.0000	-1191	-497571.0000	3192	1333318.0000	5201	2172449.0000	-2009	-839131.0000
20101102	小型臺指            	MXF    	B         	0	.0000	0	.0000	0	.0000	0	.0000	0	.0000	0	.0000
20101102	小型臺指            	MXF    	C         	3647	1528230.0000	4568	1913794.0000	-921	-385565.0000	4100	1710191.0000	1409	585834.0000	2691	1124357.0000
20101102	股票期貨            	STF    	A         	2337	165916.0000	2788	202632.0000	-451	-36716.0000	3555	282784.0000	6661	502730.0000	-3106	-219946.0000
20101102	股票期貨            	STF    	B         	0	.0000	0	.0000	0	.0000	0	.0000	0	.0000	0	.0000
20101102	股票期貨            	STF    	C         	108	8434.0000	144	9449.0000	-36	-1015.0000	116	14070.0000	2305	235774.0000	-2189	-221704.0000
20101102	臺灣50期貨          	T5F    	A         	0	.0000	0	.0000	0	.0000	0	.0000	4	2236.0000	-4	-2236.0000
20101102	臺灣50期貨          	T5F    	B         	0	.0000	0	.0000	0	.0000	0	.0000	0	.0000	0	.0000
20101102	臺灣50期貨          	T5F    	C         	0	.0000	0	.0000	0	.0000	0	.0000	0	.0000	0	.0000
20101102	臺股期貨            	TXF    	A         	9710	16272434.0000	8852	14831755.0000	858	1440678.0000	7973	13338123.0000	3326	5556276.0000	4647	7781847.0000
20101102	臺股期貨            	TXF    	B         	82	137536.0000	34	56929.0000	48	80607.0000	1547	2588750.0000	1310	2191624.0000	237	397126.0000
20101102	臺股期貨            	TXF    	C         	9838	16487592.0000	13228	22163419.0000	-3390	-5675827.0000	26913	44987115.0000	31743	53077885.0000	-4830	-8090770.0000
20101102	非金電期貨          	XIF    	A         	144	159490.0000	204	225912.0000	-60	-66423.0000	309	342041.0000	162	179363.0000	147	162678.0000
20101102	非金電期貨          	XIF    	B         	0	.0000	0	.0000	0	.0000	29	32118.0000	0	.0000	29	32118.0000
20101102	非金電期貨          	XIF    	C         	41	45392.0000	37	41026.0000	4	4366.0000	149	165018.0000	269	297918.0000	-120	-132900.0000
20101103	電子期貨            	EXF    	A         	724	927799.0000	644	826049.0000	80	101750.0000	704	899586.0000	348	444289.0000	356	455297.0000
20101103	電子期貨            	EXF    	B         	0	.0000	0	.0000	0	.0000	210	268422.0000	42	53684.0000	168	214738.0000
20101103	電子期貨            	EXF    	C         	844	1081276.0000	783	1003981.0000	61	77296.0000	2901	3708028.0000	3825	4889080.0000	-924	-1181052.0000
20101103	金融期貨            	FXF    	A         	780	710889.0000	763	695286.0000	17	15603.0000	1534	1394536.0000	693	629986.0000	841	764550.0000
20101103	金融期貨            	FXF    	B         	0	.0000	0	.0000	0	.0000	169	153689.0000	0	.0000	169	153689.0000
20101103	金融期貨            	FXF    	C         	649	591925.0000	662	603578.0000	-13	-11653.0000	1227	1115834.0000	6636	6034235.0000	-5409	-4918401.0000
20101103	櫃買期貨            	GTF    	A         	188	100537.0000	161	86030.0000	27	14506.0000	83	44064.0000	31	16451.0000	52	27613.0000
20101103	櫃買期貨            	GTF    	B         	0	.0000	0	.0000	0	.0000	0	.0000	0	.0000	0	.0000
20101103	櫃買期貨            	GTF    	C         	0	.0000	0	.0000	0	.0000	0	.0000	0	.0000	0	.0000
20101103	摩臺期              	MSF    	A         	24	21717.0000	9	8141.0000	15	13576.0000	18	16198.0000	2	1801.0000	16	14397.0000
20101103	摩臺期              	MSF    	B         	0	.0000	0	.0000	0	.0000	0	.0000	0	.0000	0	.0000
20101103	摩臺期              	MSF    	C         	0	.0000	15	13576.0000	-15	-13576.0000	0	.0000	8	7206.0000	-8	-7206.0000
20101103	小型臺指            	MXF    	A         	6860	2863264.0000	8651	3606743.0000	-1791	-743479.0000	2092	869157.0000	5980	2485106.0000	-3888	-1615949.0000
20101103	小型臺指            	MXF    	B         	0	.0000	0	.0000	0	.0000	0	.0000	0	.0000	0	.0000
20101103	小型臺指            	MXF    	C         	9701	4049418.0000	10989	4587126.0000	-1288	-537708.0000	4048	1678980.0000	1845	764134.0000	2203	914846.0000
20101103	股票期貨            	STF    	A         	2356	179791.0000	2506	178107.0000	-150	1684.0000	3632	282368.0000	6888	499179.0000	-3256	-216811.0000
20101103	股票期貨            	STF    	B         	0	.0000	0	.0000	0	.0000	0	.0000	0	.0000	0	.0000
20101103	股票期貨            	STF    	C         	139	14760.0000	142	15435.0000	-3	-675.0000	139	18084.0000	2331	238851.0000	-2192	-220767.0000
20101103	臺灣50期貨          	T5F    	A         	0	.0000	0	.0000	0	.0000	0	.0000	4	2236.0000	-4	-2236.0000
20101103	臺灣50期貨          	T5F    	B         	0	.0000	0	.0000	0	.0000	0	.0000	0	.0000	0	.0000
20101103	臺灣50期貨          	T5F    	C         	0	.0000	0	.0000	0	.0000	0	.0000	0	.0000	0	.0000
20101103	臺股期貨            	TXF    	A         	25488	42541505.0000	27500	45888558.0000	-2012	-3347053.0000	6704	11155003.0000	4047	6725413.0000	2657	4429590.0000
20101103	臺股期貨            	TXF    	B         	414	692562.0000	53	88515.0000	361	604047.0000	1539	2561819.0000	941	1565880.0000	598	995939.0000
20101103	臺股期貨            	TXF    	C         	21335	35629802.0000	22074	36874703.0000	-739	-1244901.0000	27587	45872730.0000	33346	55461018.0000	-5759	-9588288.0000
20101103	非金電期貨          	XIF    	A         	409	453084.0000	408	452110.0000	1	974.0000	307	338312.0000	159	175235.0000	148	163077.0000
20101103	非金電期貨          	XIF    	B         	0	.0000	0	.0000	0	.0000	29	31984.0000	0	.0000	29	31984.0000
20101103	非金電期貨          	XIF    	C         	92	101869.0000	42	46584.0000	50	55284.0000	188	207345.0000	258	284548.0000	-70	-77203.0000
20101104	電子期貨            	EXF    	A         	503	647159.0000	508	653321.0000	-5	-6162.0000	671	863988.0000	320	411707.0000	351	452281.0000
20101104	電子期貨            	EXF    	B         	0	.0000	17	21890.0000	-17	-21890.0000	210	270480.0000	59	75992.0000	151	194488.0000
20101104	電子期貨            	EXF    	C         	558	717828.0000	618	795158.0000	-60	-77330.0000	3020	3889734.0000	4004	5157117.0000	-984	-1267383.0000
20101104	金融期貨            	FXF    	A         	748	682656.0000	763	696343.0000	-15	-13688.0000	1586	1447504.0000	760	693701.0000	826	753803.0000
20101104	金融期貨            	FXF    	B         	0	.0000	0	.0000	0	.0000	169	154297.0000	0	.0000	169	154297.0000
20101104	金融期貨            	FXF    	C         	509	464773.0000	396	361695.0000	113	103078.0000	1382	1261766.0000	6678	6096370.0000	-5296	-4834604.0000
20101104	櫃買期貨            	GTF    	A         	67	35795.0000	87	46501.0000	-20	-10706.0000	70	37515.0000	38	20367.0000	32	17148.0000
20101104	櫃買期貨            	GTF    	B         	0	.0000	0	.0000	0	.0000	0	.0000	0	.0000	0	.0000
20101104	櫃買期貨            	GTF    	C         	0	.0000	0	.0000	0	.0000	0	.0000	0	.0000	0	.0000
20101104	摩臺期              	MSF    	A         	10	9030.0000	3	2708.0000	7	6322.0000	25	22561.0000	2	1806.0000	23	20755.0000
20101104	摩臺期              	MSF    	B         	0	.0000	0	.0000	0	.0000	0	.0000	0	.0000	0	.0000
20101104	摩臺期              	MSF    	C         	0	.0000	11	9857.0000	-11	-9857.0000	0	.0000	19	17158.0000	-19	-17158.0000
20101104	小型臺指            	MXF    	A         	3799	1587976.0000	2515	1051315.0000	1284	536661.0000	2538	1060471.0000	5122	2140432.0000	-2584	-1079961.0000
20101104	小型臺指            	MXF    	B         	0	.0000	0	.0000	0	.0000	0	.0000	0	.0000	0	.0000
20101104	小型臺指            	MXF    	C         	5842	2442141.0000	4793	2004378.0000	1049	437762.0000	4595	1917178.0000	1287	534990.0000	3308	1382188.0000
20101104	股票期貨            	STF    	A         	2831	201058.0000	2611	184888.0000	220	16170.0000	3881	307555.0000	6917	510537.0000	-3036	-202982.0000
20101104	股票期貨            	STF    	B         	0	.0000	0	.0000	0	.0000	0	.0000	0	.0000	0	.0000
20101104	股票期貨            	STF    	C         	114	12221.0000	131	13134.0000	-17	-914.0000	184	22311.0000	2393	247290.0000	-2209	-224979.0000
20101104	臺灣50期貨          	T5F    	A         	0	.0000	0	.0000	0	.0000	0	.0000	4	2232.0000	-4	-2232.0000
20101104	臺灣50期貨          	T5F    	B         	0	.0000	0	.0000	0	.0000	0	.0000	0	.0000	0	.0000
20101104	臺灣50期貨          	T5F    	C         	0	.0000	0	.0000	0	.0000	0	.0000	0	.0000	0	.0000
20101104	臺股期貨            	TXF    	A         	15721	26300812.0000	13773	23042216.0000	1948	3258596.0000	8574	14349601.0000	3974	6643272.0000	4600	7706329.0000
20101104	臺股期貨            	TXF    	B         	34	56845.0000	13	21753.0000	21	35093.0000	1537	2573245.0000	918	1536401.0000	619	1036844.0000
20101104	臺股期貨            	TXF    	C         	9285	15531719.0000	9955	16653753.0000	-670	-1122035.0000	29086	48645704.0000	35529	59433145.0000	-6443	-10787441.0000
20101104	非金電期貨          	XIF    	A         	256	283832.0000	285	316027.0000	-29	-32195.0000	279	309334.0000	160	177444.0000	119	131890.0000
20101104	非金電期貨          	XIF    	B         	0	.0000	0	.0000	0	.0000	29	32176.0000	0	.0000	29	32176.0000
20101104	非金電期貨          	XIF    	C         	40	44328.0000	109	120893.0000	-69	-76565.0000	192	213024.0000	331	367245.0000	-139	-154221.0000
20101105	電子期貨            	EXF    	A         	634	821182.0000	625	808920.0000	9	12261.0000	749	967604.0000	389	502242.0000	360	465362.0000
20101105	電子期貨            	EXF    	B         	0	.0000	0	.0000	0	.0000	210	271362.0000	59	76240.0000	151	195122.0000
20101105	電子期貨            	EXF    	C         	600	777505.0000	630	815829.0000	-30	-38325.0000	2942	3801459.0000	3956	5111746.0000	-1014	-1310287.0000
20101105	金融期貨            	FXF    	A         	763	704311.0000	751	693613.0000	12	10697.0000	1683	1556656.0000	845	781640.0000	838	775016.0000
20101105	金融期貨            	FXF    	B         	0	.0000	0	.0000	0	.0000	169	156359.0000	0	.0000	169	156359.0000
20101105	金融期貨            	FXF    	C         	462	426535.0000	474	437342.0000	-12	-10807.0000	1417	1311008.0000	6725	6221494.0000	-5308	-4910486.0000
20101105	櫃買期貨            	GTF    	A         	165	89121.0000	158	85410.0000	7	3711.0000	111	60129.0000	72	38996.0000	39	21133.0000
20101105	櫃買期貨            	GTF    	B         	0	.0000	0	.0000	0	.0000	0	.0000	0	.0000	0	.0000
20101105	櫃買期貨            	GTF    	C         	0	.0000	0	.0000	0	.0000	0	.0000	0	.0000	0	.0000
20101105	摩臺期              	MSF    	A         	13	11765.0000	7	6344.0000	6	5421.0000	31	28061.0000	2	1814.0000	29	26247.0000
20101105	摩臺期              	MSF    	B         	0	.0000	0	.0000	0	.0000	0	.0000	0	.0000	0	.0000
20101105	摩臺期              	MSF    	C         	0	.0000	0	.0000	0	.0000	0	.0000	19	17235.0000	-19	-17235.0000
20101105	小型臺指            	MXF    	A         	4461	1887056.0000	3159	1335582.0000	1302	551474.0000	3765	1591281.0000	5035	2127178.0000	-1270	-535897.0000
20101105	小型臺指            	MXF    	B         	0	.0000	0	.0000	0	.0000	0	.0000	0	.0000	0	.0000
20101105	小型臺指            	MXF    	C         	4679	1979224.0000	4913	2078569.0000	-234	-99345.0000	4386	1849893.0000	1312	551377.0000	3074	1298516.0000
20101105	股票期貨            	STF    	A         	1728	111593.0000	1543	119085.0000	185	-7492.0000	3889	304817.0000	6740	517684.0000	-2851	-212867.0000
20101105	股票期貨            	STF    	B         	0	.0000	0	.0000	0	.0000	0	.0000	0	.0000	0	.0000
20101105	股票期貨            	STF    	C         	184	12124.0000	170	10053.0000	14	2071.0000	270	29063.0000	2465	252621.0000	-2195	-223558.0000
20101105	臺灣50期貨          	T5F    	A         	0	.0000	0	.0000	0	.0000	0	.0000	4	2272.0000	-4	-2272.0000
20101105	臺灣50期貨          	T5F    	B         	0	.0000	0	.0000	0	.0000	0	.0000	0	.0000	0	.0000
20101105	臺灣50期貨          	T5F    	C         	0	.0000	0	.0000	0	.0000	0	.0000	0	.0000	0	.0000
20101105	臺股期貨            	TXF    	A         	18715	31681008.0000	14159	23969100.0000	4556	7711908.0000	12772	21612667.0000	3619	6116371.0000	9153	15496296.0000
20101105	臺股期貨            	TXF    	B         	56	94821.0000	27	45723.0000	29	49098.0000	1537	2601834.0000	889	1504384.0000	648	1097450.0000
20101105	臺股期貨            	TXF    	C         	11170	18910602.0000	13167	22283256.0000	-1997	-3372654.0000	29752	50313544.0000	38192	64600100.0000	-8440	-14286556.0000
20101105	非金電期貨          	XIF    	A         	484	546594.0000	431	486718.0000	53	59876.0000	376	425996.0000	204	231142.0000	172	194854.0000
20101105	非金電期貨          	XIF    	B         	0	.0000	0	.0000	0	.0000	29	32880.0000	0	.0000	29	32880.0000
20101105	非金電期貨          	XIF    	C         	19	21427.0000	138	155699.0000	-119	-134273.0000	179	202950.0000	437	495471.0000	-258	-292521.0000
20101108	電子期貨            	EXF    	A         	509	652663.0000	559	716828.0000	-50	-64165.0000	762	974856.0000	452	577705.0000	310	397151.0000
20101108	電子期貨            	EXF    	B         	0	.0000	0	.0000	0	.0000	210	268716.0000	59	75496.0000	151	193220.0000
20101108	電子期貨            	EXF    	C         	366	470147.0000	909	1164554.0000	-543	-694407.0000	2758	3528935.0000	4315	5521305.0000	-1557	-1992370.0000
20101108	金融期貨            	FXF    	A         	610	565941.0000	672	623259.0000	-62	-57318.0000	1627	1511925.0000	851	790877.0000	776	721048.0000
20101108	金融期貨            	FXF    	B         	0	.0000	0	.0000	0	.0000	169	157102.0000	0	.0000	169	157102.0000
20101108	金融期貨            	FXF    	C         	1219	1133134.0000	1299	1207258.0000	-80	-74124.0000	1503	1397189.0000	6891	6405168.0000	-5388	-5007979.0000
20101108	櫃買期貨            	GTF    	A         	200	107268.0000	233	125161.0000	-33	-17892.0000	110	58536.0000	104	55319.0000	6	3217.0000
20101108	櫃買期貨            	GTF    	B         	0	.0000	0	.0000	0	.0000	0	.0000	0	.0000	0	.0000
20101108	櫃買期貨            	GTF    	C         	0	.0000	0	.0000	0	.0000	0	.0000	0	.0000	0	.0000
20101108	摩臺期              	MSF    	A         	5	4539.0000	3	2725.0000	2	1813.0000	35	31533.0000	4	3611.0000	31	27922.0000
20101108	摩臺期              	MSF    	B         	0	.0000	0	.0000	0	.0000	0	.0000	0	.0000	0	.0000
20101108	摩臺期              	MSF    	C         	0	.0000	0	.0000	0	.0000	0	.0000	19	17151.0000	-19	-17151.0000
20101108	小型臺指            	MXF    	A         	2999	1267563.0000	3384	1428105.0000	-385	-160542.0000	3818	1611297.0000	5553	2341603.0000	-1735	-730306.0000
20101108	小型臺指            	MXF    	B         	0	.0000	0	.0000	0	.0000	0	.0000	0	.0000	0	.0000
20101108	小型臺指            	MXF    	C         	4287	1811566.0000	4584	1936569.0000	-297	-125003.0000	4317	1817824.0000	1384	580621.0000	2933	1237203.0000
20101108	股票期貨            	STF    	A         	1787	133425.0000	2104	154945.0000	-317	-21520.0000	3648	288337.0000	6816	520996.0000	-3168	-232659.0000
20101108	股票期貨            	STF    	B         	0	.0000	0	.0000	0	.0000	0	.0000	0	.0000	0	.0000
20101108	股票期貨            	STF    	C         	83	9592.0000	100	9713.0000	-17	-120.0000	272	29442.0000	2484	250656.0000	-2212	-221214.0000
20101108	臺灣50期貨          	T5F    	A         	0	.0000	0	.0000	0	.0000	0	.0000	4	2266.0000	-4	-2266.0000
20101108	臺灣50期貨          	T5F    	B         	0	.0000	0	.0000	0	.0000	0	.0000	0	.0000	0	.0000
20101108	臺灣50期貨          	T5F    	C         	0	.0000	0	.0000	0	.0000	0	.0000	0	.0000	0	.0000
20101108	臺股期貨            	TXF    	A         	14268	24116297.0000	14103	23830815.0000	165	285481.0000	13421	22673497.0000	4083	6888072.0000	9338	15785425.0000
20101108	臺股期貨            	TXF    	B         	27	45656.0000	41	69314.0000	-14	-23658.0000	1523	2573870.0000	889	1501936.0000	634	1071934.0000
20101108	臺股期貨            	TXF    	C         	15715	26579482.0000	17140	28989150.0000	-1425	-2409668.0000	30531	51541093.0000	40435	68279128.0000	-9904	-16738035.0000
20101108	非金電期貨          	XIF    	A         	224	255385.0000	204	232529.0000	20	22857.0000	344	392762.0000	152	173570.0000	192	219192.0000
20101108	非金電期貨          	XIF    	B         	0	.0000	0	.0000	0	.0000	29	33130.0000	0	.0000	29	33130.0000
20101108	非金電期貨          	XIF    	C         	449	509095.0000	514	583314.0000	-65	-74219.0000	104	118810.0000	427	487805.0000	-323	-368995.0000
20101109	電子期貨            	EXF    	A         	533	684510.0000	613	787092.0000	-80	-102581.0000	740	951160.0000	510	655039.0000	230	296121.0000
20101109	電子期貨            	EXF    	B         	0	.0000	0	.0000	0	.0000	210	270018.0000	59	75862.0000	151	194156.0000
20101109	電子期貨            	EXF    	C         	404	519043.0000	365	468831.0000	39	50212.0000	2836	3646316.0000	4354	5598195.0000	-1518	-1951879.0000
20101109	金融期貨            	FXF    	A         	408	376643.0000	751	693282.0000	-343	-316639.0000	1461	1348292.0000	1028	948716.0000	433	399576.0000
20101109	金融期貨            	FXF    	B         	0	.0000	0	.0000	0	.0000	169	156021.0000	0	.0000	169	156021.0000
20101109	金融期貨            	FXF    	C         	505	466725.0000	397	366452.0000	108	100273.0000	1601	1478043.0000	6881	6351883.0000	-5280	-4873840.0000
20101109	櫃買期貨            	GTF    	A         	90	48154.0000	96	51371.0000	-6	-3217.0000	125	66962.0000	125	66939.0000	0	23.0000
20101109	櫃買期貨            	GTF    	B         	0	.0000	0	.0000	0	.0000	0	.0000	0	.0000	0	.0000
20101109	櫃買期貨            	GTF    	C         	0	.0000	0	.0000	0	.0000	0	.0000	0	.0000	0	.0000
20101109	摩臺期              	MSF    	A         	7	6351.0000	7	6350.0000	0	1.0000	35	31703.0000	4	3630.0000	31	28073.0000
20101109	摩臺期              	MSF    	B         	0	.0000	0	.0000	0	.0000	0	.0000	0	.0000	0	.0000
20101109	摩臺期              	MSF    	C         	0	.0000	0	.0000	0	.0000	0	.0000	19	17243.0000	-19	-17243.0000
20101109	小型臺指            	MXF    	A         	2034	859281.0000	1504	635281.0000	530	224001.0000	4420	1869242.0000	5625	2376654.0000	-1205	-507412.0000
20101109	小型臺指            	MXF    	B         	0	.0000	0	.0000	0	.0000	0	.0000	0	.0000	0	.0000
20101109	小型臺指            	MXF    	C         	4036	1705322.0000	3294	1392263.0000	742	313059.0000	4898	2067240.0000	1223	513705.0000	3675	1553535.0000
20101109	股票期貨            	STF    	A         	1648	111064.0000	1624	107111.0000	24	3953.0000	3456	277048.0000	6600	506033.0000	-3144	-228985.0000
20101109	股票期貨            	STF    	B         	0	.0000	0	.0000	0	.0000	0	.0000	0	.0000	0	.0000
20101109	股票期貨            	STF    	C         	42	4095.0000	32	3630.0000	10	466.0000	282	30132.0000	2484	251036.0000	-2202	-220904.0000
20101109	臺灣50期貨          	T5F    	A         	0	.0000	0	.0000	0	.0000	0	.0000	4	2272.0000	-4	-2272.0000
20101109	臺灣50期貨          	T5F    	B         	0	.0000	0	.0000	0	.0000	0	.0000	0	.0000	0	.0000
20101109	臺灣50期貨          	T5F    	C         	0	.0000	0	.0000	0	.0000	0	.0000	0	.0000	0	.0000
20101109	臺股期貨            	TXF    	A         	12256	20726690.0000	11200	18936297.0000	1056	1790392.0000	14650	24797418.0000	4256	7192439.0000	10394	17604979.0000
20101109	臺股期貨            	TXF    	B         	46	77856.0000	16	27025.0000	30	50831.0000	1535	2599062.0000	871	1474345.0000	664	1124717.0000
20101109	臺股期貨            	TXF    	C         	9162	15487722.0000	8094	13683430.0000	1068	1804292.0000	31090	52584649.0000	39917	67532274.0000	-8827	-14947625.0000
20101109	非金電期貨          	XIF    	A         	141	160633.0000	172	195953.0000	-31	-35319.0000	328	374758.0000	167	190821.0000	161	183937.0000
20101109	非金電期貨          	XIF    	B         	0	.0000	0	.0000	0	.0000	29	33162.0000	0	.0000	29	33162.0000
20101109	非金電期貨          	XIF    	C         	21	23925.0000	25	28483.0000	-4	-4558.0000	115	131503.0000	442	505427.0000	-327	-373924.0000
20101110	電子期貨            	EXF    	A         	844	1085820.0000	752	968346.0000	92	117474.0000	737	954098.0000	415	536850.0000	322	417248.0000
20101110	電子期貨            	EXF    	B         	0	.0000	0	.0000	0	.0000	210	272076.0000	59	76440.0000	151	195636.0000
20101110	電子期貨            	EXF    	C         	463	596226.0000	546	703177.0000	-83	-106951.0000	2850	3692170.0000	4451	5766289.0000	-1601	-2074119.0000
20101110	金融期貨            	FXF    	A         	515	473831.0000	723	665510.0000	-208	-191680.0000	1322	1216616.0000	1097	1009546.0000	225	207070.0000
20101110	金融期貨            	FXF    	B         	0	.0000	0	.0000	0	.0000	169	155581.0000	0	.0000	169	155581.0000
20101110	金融期貨            	FXF    	C         	531	488400.0000	609	559961.0000	-78	-71560.0000	1551	1427817.0000	6909	6359635.0000	-5358	-4931818.0000
20101110	櫃買期貨            	GTF    	A         	272	145491.0000	274	146580.0000	-2	-1090.0000	117	62801.0000	119	63865.0000	-2	-1064.0000
20101110	櫃買期貨            	GTF    	B         	0	.0000	0	.0000	0	.0000	0	.0000	0	.0000	0	.0000
20101110	櫃買期貨            	GTF    	C         	0	.0000	0	.0000	0	.0000	0	.0000	0	.0000	0	.0000
20101110	摩臺期              	MSF    	A         	0	.0000	0	.0000	0	.0000	35	31688.0000	4	3628.0000	31	28060.0000
20101110	摩臺期              	MSF    	B         	0	.0000	0	.0000	0	.0000	0	.0000	0	.0000	0	.0000
20101110	摩臺期              	MSF    	C         	0	.0000	0	.0000	0	.0000	0	.0000	19	17235.0000	-19	-17235.0000
20101110	小型臺指            	MXF    	A         	3022	1278648.0000	3879	1639853.0000	-857	-361205.0000	3848	1629935.0000	5982	2531873.0000	-2134	-901938.0000
20101110	小型臺指            	MXF    	B         	0	.0000	0	.0000	0	.0000	0	.0000	0	.0000	0	.0000
20101110	小型臺指            	MXF    	C         	4401	1862241.0000	4900	2073001.0000	-499	-210760.0000	4491	1898272.0000	1287	541576.0000	3204	1356696.0000
20101110	股票期貨            	STF    	A         	1383	101062.0000	1513	104101.0000	-130	-3039.0000	3246	265949.0000	6520	498001.0000	-3274	-232052.0000
20101110	股票期貨            	STF    	B         	0	.0000	0	.0000	0	.0000	0	.0000	0	.0000	0	.0000
20101110	股票期貨            	STF    	C         	68	7753.0000	50	5662.0000	18	2091.0000	278	30128.0000	2462	250027.0000	-2184	-219899.0000
20101110	臺灣50期貨          	T5F    	A         	0	.0000	0	.0000	0	.0000	0	.0000	4	2287.0000	-4	-2287.0000
20101110	臺灣50期貨          	T5F    	B         	0	.0000	0	.0000	0	.0000	0	.0000	0	.0000	0	.0000
20101110	臺灣50期貨          	T5F    	C         	0	.0000	0	.0000	0	.0000	0	.0000	0	.0000	0	.0000
20101110	臺股期貨            	TXF    	A         	16245	27502327.0000	16423	27791682.0000	-178	-289354.0000	14885	25241620.0000	4651	7873518.0000	10234	17368102.0000
20101110	臺股期貨            	TXF    	B         	25	42372.0000	26	44031.0000	-1	-1658.0000	1535	2603974.0000	872	1478787.0000	663	1125187.0000
20101110	臺股期貨            	TXF    	C         	9181	15541348.0000	10694	18101421.0000	-1513	-2560073.0000	30478	51643458.0000	40825	69195484.0000	-10347	-17552026.0000
20101110	非金電期貨          	XIF    	A         	510	581801.0000	507	578041.0000	3	3761.0000	370	420853.0000	206	234316.0000	164	186537.0000
20101110	非金電期貨          	XIF    	B         	0	.0000	0	.0000	0	.0000	29	33005.0000	0	.0000	29	33005.0000
20101110	非金電期貨          	XIF    	C         	87	99050.0000	39	44594.0000	48	54456.0000	168	191201.0000	447	508731.0000	-279	-317530.0000
20101111	電子期貨            	EXF    	A         	503	649551.0000	376	485480.0000	127	164071.0000	847	1088996.0000	398	511362.0000	449	577634.0000
20101111	電子期貨            	EXF    	B         	0	.0000	0	.0000	0	.0000	210	270186.0000	59	75909.0000	151	194277.0000
20101111	電子期貨            	EXF    	C         	390	503376.0000	647	834660.0000	-257	-331284.0000	2779	3575224.0000	4637	5965107.0000	-1858	-2389883.0000
20101111	金融期貨            	FXF    	A         	765	704934.0000	479	441331.0000	286	263603.0000	1532	1410190.0000	1021	939849.0000	511	470341.0000
20101111	金融期貨            	FXF    	B         	0	.0000	0	.0000	0	.0000	169	155615.0000	0	.0000	169	155615.0000
20101111	金融期貨            	FXF    	C         	510	469806.0000	892	821513.0000	-382	-351707.0000	1528	1406925.0000	7268	6691386.0000	-5740	-5284461.0000
20101111	櫃買期貨            	GTF    	A         	186	100338.0000	216	116601.0000	-30	-16262.0000	156	84489.0000	188	101757.0000	-32	-17268.0000
20101111	櫃買期貨            	GTF    	B         	0	.0000	0	.0000	0	.0000	0	.0000	0	.0000	0	.0000
20101111	櫃買期貨            	GTF    	C         	0	.0000	0	.0000	0	.0000	0	.0000	0	.0000	0	.0000
20101111	摩臺期              	MSF    	A         	2	1802.0000	2	1802.0000	0	.0000	35	31503.0000	4	3607.0000	31	27896.0000
20101111	摩臺期              	MSF    	B         	0	.0000	0	.0000	0	.0000	0	.0000	0	.0000	0	.0000
20101111	摩臺期              	MSF    	C         	0	.0000	0	.0000	0	.0000	0	.0000	19	17134.0000	-19	-17134.0000
20101111	小型臺指            	MXF    	A         	1450	613441.0000	3387	1432327.0000	-1937	-818887.0000	3188	1345178.0000	6443	2717336.0000	-3255	-1372158.0000
20101111	小型臺指            	MXF    	B         	0	.0000	0	.0000	0	.0000	0	.0000	0	.0000	0	.0000
20101111	小型臺指            	MXF    	C         	2651	1121487.0000	3781	1599317.0000	-1130	-477829.0000	4621	1946860.0000	1831	769131.0000	2790	1177729.0000
20101111	股票期貨            	STF    	A         	1186	84555.0000	1410	118461.0000	-224	-33907.0000	3108	254847.0000	6606	519672.0000	-3498	-264825.0000
20101111	股票期貨            	STF    	B         	0	.0000	0	.0000	0	.0000	0	.0000	0	.0000	0	.0000
20101111	股票期貨            	STF    	C         	97	8874.0000	31	3240.0000	66	5633.0000	301	31622.0000	2419	244342.0000	-2118	-212720.0000
20101111	臺灣50期貨          	T5F    	A         	0	.0000	0	.0000	0	.0000	0	.0000	4	2256.0000	-4	-2256.0000
20101111	臺灣50期貨          	T5F    	B         	0	.0000	0	.0000	0	.0000	0	.0000	0	.0000	0	.0000
20101111	臺灣50期貨          	T5F    	C         	0	.0000	0	.0000	0	.0000	0	.0000	0	.0000	0	.0000
20101111	臺股期貨            	TXF    	A         	9631	16301393.0000	11394	19281628.0000	-1763	-2980235.0000	13341	22540394.0000	5074	8559244.0000	8267	13981150.0000
20101111	臺股期貨            	TXF    	B         	43	72563.0000	189	319889.0000	-146	-247326.0000	1535	2594289.0000	1018	1720170.0000	517	874119.0000
20101111	臺股期貨            	TXF    	C         	10695	18101725.0000	11845	20045404.0000	-1150	-1943679.0000	29902	50479850.0000	41578	70209868.0000	-11676	-19730018.0000
20101111	非金電期貨          	XIF    	A         	159	180527.0000	208	236177.0000	-49	-55650.0000	349	396282.0000	234	265533.0000	115	130749.0000
20101111	非金電期貨          	XIF    	B         	0	.0000	0	.0000	0	.0000	29	32967.0000	0	.0000	29	32967.0000
20101111	非金電期貨          	XIF    	C         	50	56786.0000	79	89730.0000	-29	-32944.0000	195	221676.0000	503	571810.0000	-308	-350134.0000
20101112	電子期貨            	EXF    	A         	724	924040.0000	892	1138144.0000	-168	-214104.0000	682	867634.0000	401	509543.0000	281	358091.0000
20101112	電子期貨            	EXF    	B         	0	.0000	50	63766.0000	-50	-63766.0000	210	267372.0000	109	138779.0000	101	128593.0000
20101112	電子期貨            	EXF    	C         	670	855019.0000	1146	1462436.0000	-476	-607417.0000	2635	3354334.0000	4969	6324999.0000	-2334	-2970665.0000
20101112	金融期貨            	FXF    	A         	1124	1018154.0000	1153	1044110.0000	-29	-25956.0000	1313	1177511.0000	831	745197.0000	482	432314.0000
20101112	金融期貨            	FXF    	B         	0	.0000	0	.0000	0	.0000	169	151627.0000	0	.0000	169	151627.0000
20101112	金融期貨            	FXF    	C         	1733	1567949.0000	1518	1375268.0000	215	192681.0000	1248	1119538.0000	6773	6074834.0000	-5525	-4955296.0000
20101112	櫃買期貨            	GTF    	A         	92	49360.0000	88	47257.0000	4	2103.0000	147	78985.0000	175	93994.0000	-28	-15009.0000
20101112	櫃買期貨            	GTF    	B         	0	.0000	0	.0000	0	.0000	0	.0000	0	.0000	0	.0000
20101112	櫃買期貨            	GTF    	C         	0	.0000	0	.0000	0	.0000	0	.0000	0	.0000	0	.0000
20101112	摩臺期              	MSF    	A         	14	12496.0000	16	14280.0000	-2	-1784.0000	39	34682.0000	10	8878.0000	29	25804.0000
20101112	摩臺期              	MSF    	B         	0	.0000	0	.0000	0	.0000	0	.0000	0	.0000	0	.0000
20101112	摩臺期              	MSF    	C         	0	.0000	0	.0000	0	.0000	0	.0000	19	16945.0000	-19	-16945.0000
20101112	小型臺指            	MXF    	A         	6856	2861087.0000	10810	4514853.0000	-3954	-1653766.0000	2828	1173462.0000	8029	3330004.0000	-5201	-2156542.0000
20101112	小型臺指            	MXF    	B         	0	.0000	0	.0000	0	.0000	0	.0000	0	.0000	0	.0000
20101112	小型臺指            	MXF    	C         	9923	4146153.0000	12879	5382097.0000	-2956	-1235944.0000	4433	1836796.0000	2095	864841.0000	2338	971955.0000
20101112	股票期貨            	STF    	A         	2076	118896.0000	2201	138202.0000	-125	-19306.0000	3156	249615.0000	6779	529191.0000	-3623	-279576.0000
20101112	股票期貨            	STF    	B         	0	.0000	0	.0000	0	.0000	0	.0000	0	.0000	0	.0000
20101112	股票期貨            	STF    	C         	86	5958.0000	222	23540.0000	-136	-17582.0000	253	26913.0000	2507	253899.0000	-2254	-226986.0000
20101112	臺灣50期貨          	T5F    	A         	0	.0000	0	.0000	0	.0000	0	.0000	4	2224.0000	-4	-2224.0000
20101112	臺灣50期貨          	T5F    	B         	0	.0000	0	.0000	0	.0000	0	.0000	0	.0000	0	.0000
20101112	臺灣50期貨          	T5F    	C         	0	.0000	0	.0000	0	.0000	0	.0000	0	.0000	0	.0000
20101112	臺股期貨            	TXF    	A         	30244	50515401.0000	33819	56500835.0000	-3575	-5985433.0000	9492	15770871.0000	5302	8795547.0000	4190	6975324.0000
20101112	臺股期貨            	TXF    	B         	54	90050.0000	376	628289.0000	-322	-538238.0000	1305	2168931.0000	1110	1844530.0000	195	324401.0000
20101112	臺股期貨            	TXF    	C         	22008	36759119.0000	23669	39540844.0000	-1661	-2781725.0000	28947	48051674.0000	42910	71244442.0000	-13963	-23192768.0000
20101112	非金電期貨          	XIF    	A         	466	521429.0000	506	566362.0000	-40	-44933.0000	312	346295.0000	237	262997.0000	75	83298.0000
20101112	非金電期貨          	XIF    	B         	0	.0000	0	.0000	0	.0000	29	32222.0000	0	.0000	29	32222.0000
20101112	非金電期貨          	XIF    	C         	131	146586.0000	66	74296.0000	65	72290.0000	241	267775.0000	484	537772.0000	-243	-269997.0000
20101115	電子期貨            	EXF    	A         	804	1024210.0000	503	640393.0000	301	383817.0000	960	1224499.0000	378	481567.0000	582	742932.0000
20101115	電子期貨            	EXF    	B         	59	75179.0000	59	75001.0000	0	177.0000	210	268002.0000	109	138941.0000	101	129061.0000
20101115	電子期貨            	EXF    	C         	1681	2139915.0000	1897	2415129.0000	-216	-275214.0000	2496	3183606.0000	5046	6436816.0000	-2550	-3253210.0000
20101115	金融期貨            	FXF    	A         	591	525489.0000	823	731627.0000	-232	-206138.0000	1309	1161985.0000	1059	939862.0000	250	222123.0000
20101115	金融期貨            	FXF    	B         	107	94865.0000	87	77265.0000	20	17600.0000	189	167725.0000	0	.0000	189	167725.0000
20101115	金融期貨            	FXF    	C         	1918	1705824.0000	2024	1798618.0000	-106	-92794.0000	1413	1254233.0000	7044	6252718.0000	-5631	-4998485.0000
20101115	櫃買期貨            	GTF    	A         	147	78738.0000	124	66542.0000	23	12196.0000	181	96824.0000	186	99487.0000	-5	-2663.0000
20101115	櫃買期貨            	GTF    	B         	0	.0000	0	.0000	0	.0000	0	.0000	0	.0000	0	.0000
20101115	櫃買期貨            	GTF    	C         	0	.0000	0	.0000	0	.0000	0	.0000	0	.0000	0	.0000
20101115	摩臺期              	MSF    	A         	19	16857.0000	18	15964.0000	1	893.0000	43	38142.0000	13	11535.0000	30	26607.0000
20101115	摩臺期              	MSF    	B         	0	.0000	0	.0000	0	.0000	0	.0000	0	.0000	0	.0000
20101115	摩臺期              	MSF    	C         	0	.0000	0	.0000	0	.0000	0	.0000	19	16889.0000	-19	-16889.0000
20101115	小型臺指            	MXF    	A         	6474	2676355.0000	7556	3119302.0000	-1082	-442947.0000	3082	1272731.0000	9073	3744292.0000	-5991	-2471561.0000
20101115	小型臺指            	MXF    	B         	0	.0000	0	.0000	0	.0000	0	.0000	0	.0000	0	.0000
20101115	小型臺指            	MXF    	C         	7281	3008501.0000	7427	3068482.0000	-146	-59981.0000	5215	2151348.0000	2435	1000750.0000	2780	1150598.0000
20101115	股票期貨            	STF    	A         	1977	133518.0000	1780	120872.0000	197	12645.0000	3242	254320.0000	6668	518933.0000	-3426	-264613.0000
20101115	股票期貨            	STF    	B         	0	.0000	0	.0000	0	.0000	0	.0000	0	.0000	0	.0000
20101115	股票期貨            	STF    	C         	187	23566.0000	244	27000.0000	-57	-3434.0000	207	23302.0000	2518	252199.0000	-2311	-228897.0000
20101115	臺灣50期貨          	T5F    	A         	0	.0000	0	.0000	0	.0000	0	.0000	4	2214.0000	-4	-2214.0000
20101115	臺灣50期貨          	T5F    	B         	0	.0000	0	.0000	0	.0000	0	.0000	0	.0000	0	.0000
20101115	臺灣50期貨          	T5F    	C         	0	.0000	0	.0000	0	.0000	0	.0000	0	.0000	0	.0000
20101115	臺股期貨            	TXF    	A         	20895	34527428.0000	22975	37966128.0000	-2080	-3438700.0000	8740	14449721.0000	6703	11066802.0000	2037	3382919.0000
20101115	臺股期貨            	TXF    	B         	358	590468.0000	547	902930.0000	-189	-312462.0000	1105	1826792.0000	1099	1816681.0000	6	10111.0000
20101115	臺股期貨            	TXF    	C         	28550	47174963.0000	27633	45632057.0000	917	1542905.0000	30409	50214984.0000	43602	72010405.0000	-13193	-21795421.0000
20101115	非金電期貨          	XIF    	A         	494	540908.0000	431	472320.0000	63	68588.0000	398	435674.0000	260	284527.0000	138	151147.0000
20101115	非金電期貨          	XIF    	B         	5	5448.0000	5	5457.0000	0	-9.0000	29	31760.0000	0	.0000	29	31760.0000
20101115	非金電期貨          	XIF    	C         	110	120768.0000	38	41948.0000	72	78820.0000	305	334086.0000	476	521506.0000	-171	-187420.0000
20101116	電子期貨            	EXF    	A         	1943	2478664.0000	1542	1971119.0000	401	507545.0000	1569	2002220.0000	586	748985.0000	983	1253235.0000
20101116	電子期貨            	EXF    	B         	138	176063.0000	138	176854.0000	0	-791.0000	210	268108.0000	109	139209.0000	101	128899.0000
20101116	電子期貨            	EXF    	C         	3594	4595438.0000	3177	4052706.0000	417	542732.0000	2813	3594274.0000	4946	6314767.0000	-2133	-2720493.0000
20101116	金融期貨            	FXF    	A         	1391	1233161.0000	1412	1252053.0000	-21	-18892.0000	1024	909215.0000	795	706197.0000	229	203018.0000
20101116	金融期貨            	FXF    	B         	0	.0000	0	.0000	0	.0000	189	167833.0000	0	.0000	189	167833.0000
20101116	金融期貨            	FXF    	C         	2702	2395989.0000	3020	2675395.0000	-318	-279406.0000	1636	1453164.0000	7585	6735210.0000	-5949	-5282046.0000
20101116	櫃買期貨            	GTF    	A         	83	44460.0000	74	39638.0000	9	4821.0000	172	92145.0000	168	89986.0000	4	2159.0000
20101116	櫃買期貨            	GTF    	B         	0	.0000	0	.0000	0	.0000	0	.0000	0	.0000	0	.0000
20101116	櫃買期貨            	GTF    	C         	0	.0000	0	.0000	0	.0000	0	.0000	0	.0000	0	.0000
20101116	摩臺期              	MSF    	A         	5	4462.0000	4	3572.0000	1	890.0000	46	41056.0000	15	13394.0000	31	27662.0000
20101116	摩臺期              	MSF    	B         	0	.0000	0	.0000	0	.0000	0	.0000	0	.0000	0	.0000
20101116	摩臺期              	MSF    	C         	0	.0000	0	.0000	0	.0000	0	.0000	19	16993.0000	-19	-16993.0000
20101116	小型臺指            	MXF    	A         	6717	2782489.0000	5785	2394246.0000	932	388243.0000	2377	983407.0000	7328	3030617.0000	-4951	-2047210.0000
20101116	小型臺指            	MXF    	B         	0	.0000	0	.0000	0	.0000	0	.0000	0	.0000	0	.0000
20101116	小型臺指            	MXF    	C         	7121	2948565.0000	5219	2161501.0000	1902	787064.0000	6315	2612423.0000	2305	949968.0000	4010	1662455.0000
20101116	股票期貨            	STF    	A         	2292	205557.0000	2258	203525.0000	34	2032.0000	3085	221581.0000	6477	486473.0000	-3392	-264892.0000
20101116	股票期貨            	STF    	B         	0	.0000	0	.0000	0	.0000	0	.0000	0	.0000	0	.0000
20101116	股票期貨            	STF    	C         	98	9317.0000	175	12498.0000	-77	-3181.0000	215	24376.0000	2603	258661.0000	-2388	-234285.0000
20101116	臺灣50期貨          	T5F    	A         	0	.0000	0	.0000	0	.0000	0	.0000	4	2242.0000	-4	-2242.0000
20101116	臺灣50期貨          	T5F    	B         	0	.0000	0	.0000	0	.0000	0	.0000	0	.0000	0	.0000
20101116	臺灣50期貨          	T5F    	C         	0	.0000	0	.0000	0	.0000	0	.0000	0	.0000	0	.0000
20101116	臺股期貨            	TXF    	A         	25942	43005602.0000	25670	42563607.0000	272	441995.0000	7400	12259331.0000	5118	8464534.0000	2282	3794797.0000
20101116	臺股期貨            	TXF    	B         	671	1110791.0000	511	848120.0000	160	262671.0000	1208	1999865.0000	1042	1726272.0000	166	273593.0000
20101116	臺股期貨            	TXF    	C         	38994	64556517.0000	36425	60281324.0000	2569	4275194.0000	35510	58765390.0000	45966	76063398.0000	-10456	-17298008.0000
20101116	非金電期貨          	XIF    	A         	523	574658.0000	470	515661.0000	53	58997.0000	531	584192.0000	340	374097.0000	191	210095.0000
20101116	非金電期貨          	XIF    	B         	19	20877.0000	19	20889.0000	0	-12.0000	29	31909.0000	0	.0000	29	31909.0000
20101116	非金電期貨          	XIF    	C         	115	126861.0000	229	252627.0000	-114	-125766.0000	254	279476.0000	539	593062.0000	-285	-313586.0000
20101117	電子期貨            	EXF    	A         	1154	1472614.0000	1498	1909753.0000	-344	-437139.0000	997	1274574.0000	201	256776.0000	796	1017798.0000
20101117	電子期貨            	EXF    	B         	122	155597.0000	72	91996.0000	50	63600.0000	210	268506.0000	59	75437.0000	151	193069.0000
20101117	電子期貨            	EXF    	C         	1059	1349290.0000	1340	1706974.0000	-281	-357684.0000	1387	1773418.0000	3828	4894481.0000	-2441	-3121063.0000
20101117	金融期貨            	FXF    	A         	1475	1300832.0000	1810	1595307.0000	-335	-294475.0000	577	509056.0000	674	594560.0000	-97	-85504.0000
20101117	金融期貨            	FXF    	B         	82	72291.0000	82	72397.0000	0	-106.0000	189	166774.0000	0	.0000	189	166774.0000
20101117	金融期貨            	FXF    	C         	2118	1869069.0000	2273	2004334.0000	-155	-135266.0000	691	609738.0000	5683	5014679.0000	-4992	-4404941.0000
20101117	櫃買期貨            	GTF    	A         	61	32715.0000	89	47712.0000	-28	-14996.0000	24	12869.0000	83	44517.0000	-59	-31648.0000
20101117	櫃買期貨            	GTF    	B         	0	.0000	0	.0000	0	.0000	0	.0000	0	.0000	0	.0000
20101117	櫃買期貨            	GTF    	C         	0	.0000	0	.0000	0	.0000	0	.0000	0	.0000	0	.0000
20101117	摩臺期              	MSF    	A         	3	2676.0000	4	3578.0000	-1	-902.0000	21	18754.0000	13	11650.0000	8	7104.0000
20101117	摩臺期              	MSF    	B         	0	.0000	0	.0000	0	.0000	0	.0000	0	.0000	0	.0000
20101117	摩臺期              	MSF    	C         	0	.0000	0	.0000	0	.0000	0	.0000	0	.0000	0	.0000
20101117	小型臺指            	MXF    	A         	6875	2836639.0000	7714	3181369.0000	-839	-344730.0000	889	366587.0000	3290	1355901.0000	-2401	-989314.0000
20101117	小型臺指            	MXF    	B         	0	.0000	0	.0000	0	.0000	0	.0000	0	.0000	0	.0000
20101117	小型臺指            	MXF    	C         	5788	2388523.0000	6728	2775903.0000	-940	-387379.0000	3281	1354571.0000	816	332239.0000	2465	1022332.0000
20101117	股票期貨            	STF    	A         	2523	180019.0000	2614	207172.0000	-91	-27153.0000	1214	95624.0000	3510	293065.0000	-2296	-197441.0000
20101117	股票期貨            	STF    	B         	0	.0000	0	.0000	0	.0000	0	.0000	0	.0000	0	.0000
20101117	股票期貨            	STF    	C         	233	21120.0000	164	14746.0000	69	6374.0000	19	2589.0000	1703	156016.0000	-1684	-153427.0000
20101117	臺灣50期貨          	T5F    	A         	0	.0000	0	.0000	0	.0000	0	.0000	4	2237.0000	-4	-2237.0000
20101117	臺灣50期貨          	T5F    	B         	0	.0000	0	.0000	0	.0000	0	.0000	0	.0000	0	.0000
20101117	臺灣50期貨          	T5F    	C         	0	.0000	0	.0000	0	.0000	0	.0000	0	.0000	0	.0000
20101117	臺股期貨            	TXF    	A         	26053	43019711.0000	26424	43625948.0000	-371	-606236.0000	3936	6506678.0000	4820	7963142.0000	-884	-1456464.0000
20101117	臺股期貨            	TXF    	B         	1287	2124855.0000	1121	1848510.0000	166	276345.0000	1290	2133144.0000	958	1583789.0000	332	549355.0000
20101117	臺股期貨            	TXF    	C         	22482	37099983.0000	25267	41691882.0000	-2785	-4591899.0000	23995	39655701.0000	33436	55237748.0000	-9441	-15582047.0000
20101117	非金電期貨          	XIF    	A         	500	546908.0000	631	690210.0000	-131	-143303.0000	345	377427.0000	263	287768.0000	82	89659.0000
20101117	非金電期貨          	XIF    	B         	5	5468.0000	5	5472.0000	0	-4.0000	29	31732.0000	0	.0000	29	31732.0000
20101117	非金電期貨          	XIF    	C         	332	363096.0000	266	290956.0000	66	72140.0000	168	183826.0000	215	235253.0000	-47	-51427.0000
20101118	電子期貨            	EXF    	A         	560	713105.0000	416	529708.0000	144	183397.0000	1101	1404466.0000	161	205161.0000	940	1199305.0000
20101118	電子期貨            	EXF    	B         	0	.0000	0	.0000	0	.0000	210	267918.0000	59	75272.0000	151	192646.0000
20101118	電子期貨            	EXF    	C         	259	329783.0000	393	500422.0000	-134	-170639.0000	1396	1781017.0000	3971	5066202.0000	-2575	-3285185.0000
20101118	金融期貨            	FXF    	A         	315	279155.0000	476	421681.0000	-161	-142525.0000	595	527379.0000	853	755930.0000	-258	-228551.0000
20101118	金融期貨            	FXF    	B         	0	.0000	0	.0000	0	.0000	189	167530.0000	0	.0000	189	167530.0000
20101118	金融期貨            	FXF    	C         	311	275581.0000	708	627194.0000	-397	-351613.0000	615	545135.0000	6004	5321946.0000	-5389	-4776811.0000
20101118	櫃買期貨            	GTF    	A         	71	38175.0000	50	26814.0000	21	11362.0000	37	19846.0000	75	40250.0000	-38	-20404.0000
20101118	櫃買期貨            	GTF    	B         	0	.0000	0	.0000	0	.0000	0	.0000	0	.0000	0	.0000
20101118	櫃買期貨            	GTF    	C         	0	.0000	0	.0000	0	.0000	0	.0000	0	.0000	0	.0000
20101118	摩臺期              	MSF    	A         	0	.0000	0	.0000	0	.0000	21	18735.0000	13	11639.0000	8	7096.0000
20101118	摩臺期              	MSF    	B         	0	.0000	0	.0000	0	.0000	0	.0000	0	.0000	0	.0000
20101118	摩臺期              	MSF    	C         	0	.0000	0	.0000	0	.0000	0	.0000	0	.0000	0	.0000
20101118	小型臺指            	MXF    	A         	3316	1370645.0000	3400	1403604.0000	-84	-32959.0000	1991	824263.0000	3816	1576425.0000	-1825	-752162.0000
20101118	小型臺指            	MXF    	B         	0	.0000	0	.0000	0	.0000	0	.0000	0	.0000	0	.0000
20101118	小型臺指            	MXF    	C         	4325	1787433.0000	5057	2089336.0000	-732	-301903.0000	3235	1339325.0000	1314	539145.0000	1921	800180.0000
20101118	股票期貨            	STF    	A         	1600	103813.0000	1952	131272.0000	-352	-27458.0000	1372	104830.0000	4020	330647.0000	-2648	-225817.0000
20101118	股票期貨            	STF    	B         	0	.0000	0	.0000	0	.0000	0	.0000	0	.0000	0	.0000
20101118	股票期貨            	STF    	C         	1	93.0000	83	3821.0000	-82	-3728.0000	19	2619.0000	1785	160220.0000	-1766	-157601.0000
20101118	臺灣50期貨          	T5F    	A         	0	.0000	0	.0000	0	.0000	0	.0000	4	2240.0000	-4	-2240.0000
20101118	臺灣50期貨          	T5F    	B         	0	.0000	0	.0000	0	.0000	0	.0000	0	.0000	0	.0000
20101118	臺灣50期貨          	T5F    	C         	0	.0000	0	.0000	0	.0000	0	.0000	0	.0000	0	.0000
20101118	臺股期貨            	TXF    	A         	13015	21521687.0000	11133	18404353.0000	1882	3117334.0000	5343	8858452.0000	4510	7469832.0000	833	1388620.0000
20101118	臺股期貨            	TXF    	B         	12	19827.0000	25	41257.0000	-13	-21430.0000	1279	2120838.0000	960	1591413.0000	319	529425.0000
20101118	臺股期貨            	TXF    	C         	9256	15301386.0000	13392	22139009.0000	-4136	-6837623.0000	23216	38473620.0000	36840	61033897.0000	-13624	-22560277.0000
20101118	非金電期貨          	XIF    	A         	378	415763.0000	267	293771.0000	111	121992.0000	421	465793.0000	228	252302.0000	193	213491.0000
20101118	非金電期貨          	XIF    	B         	0	.0000	0	.0000	0	.0000	29	32094.0000	0	.0000	29	32094.0000
20101118	非金電期貨          	XIF    	C         	47	51623.0000	166	182514.0000	-119	-130891.0000	181	200313.0000	347	384025.0000	-166	-183712.0000
20101119	電子期貨            	EXF    	A         	732	940621.0000	641	822903.0000	91	117719.0000	1094	1401348.0000	63	80497.0000	1031	1320851.0000
20101119	電子期貨            	EXF    	B         	0	.0000	2	2563.0000	-2	-2563.0000	208	266448.0000	59	75579.0000	149	190869.0000
20101119	電子期貨            	EXF    	C         	485	622438.0000	576	740563.0000	-91	-118125.0000	1542	1975302.0000	4208	5390448.0000	-2666	-3415146.0000
20101119	金融期貨            	FXF    	A         	333	294568.0000	322	284909.0000	11	9659.0000	566	497946.0000	813	715129.0000	-247	-217183.0000
20101119	金融期貨            	FXF    	B         	0	.0000	0	.0000	0	.0000	189	166282.0000	0	.0000	189	166282.0000
20101119	金融期貨            	FXF    	C         	272	240641.0000	349	308677.0000	-77	-68036.0000	628	552514.0000	6094	5361498.0000	-5466	-4808984.0000
20101119	櫃買期貨            	GTF    	A         	111	59658.0000	108	58124.0000	3	1534.0000	47	25141.0000	82	43859.0000	-35	-18718.0000
20101119	櫃買期貨            	GTF    	B         	0	.0000	0	.0000	0	.0000	0	.0000	0	.0000	0	.0000
20101119	櫃買期貨            	GTF    	C         	0	.0000	0	.0000	0	.0000	0	.0000	0	.0000	0	.0000
20101119	摩臺期              	MSF    	A         	14	12536.0000	15	13433.0000	-1	-897.0000	16	14231.0000	9	8042.0000	7	6189.0000
20101119	摩臺期              	MSF    	B         	0	.0000	0	.0000	0	.0000	0	.0000	0	.0000	0	.0000
20101119	摩臺期              	MSF    	C         	0	.0000	0	.0000	0	.0000	0	.0000	0	.0000	0	.0000
20101119	小型臺指            	MXF    	A         	6187	2571653.0000	6434	2672323.0000	-247	-100670.0000	2280	943846.0000	4368	1804585.0000	-2088	-860739.0000
20101119	小型臺指            	MXF    	B         	0	.0000	0	.0000	0	.0000	0	.0000	0	.0000	0	.0000
20101119	小型臺指            	MXF    	C         	8204	3410352.0000	7924	3291631.0000	280	118720.0000	3899	1614300.0000	1650	678198.0000	2249	936102.0000
20101119	股票期貨            	STF    	A         	2189	170747.0000	2375	161177.0000	-186	9570.0000	1678	150607.0000	4512	367643.0000	-2834	-217036.0000
20101119	股票期貨            	STF    	B         	0	.0000	0	.0000	0	.0000	0	.0000	0	.0000	0	.0000
20101119	股票期貨            	STF    	C         	190	14412.0000	298	24073.0000	-108	-9662.0000	43	4294.0000	1917	171269.0000	-1874	-166975.0000
20101119	臺灣50期貨          	T5F    	A         	0	.0000	0	.0000	0	.0000	0	.0000	4	2251.0000	-4	-2251.0000
20101119	臺灣50期貨          	T5F    	B         	0	.0000	0	.0000	0	.0000	0	.0000	0	.0000	0	.0000
20101119	臺灣50期貨          	T5F    	C         	0	.0000	0	.0000	0	.0000	0	.0000	0	.0000	0	.0000
20101119	臺股期貨            	TXF    	A         	21106	35087484.0000	20615	34273236.0000	491	814247.0000	5357	8879913.0000	4029	6669633.0000	1328	2210280.0000
20101119	臺股期貨            	TXF    	B         	126	210183.0000	63	104533.0000	63	105650.0000	1354	2244932.0000	972	1610944.0000	382	633988.0000
20101119	臺股期貨            	TXF    	C         	13750	22865880.0000	13221	21988976.0000	529	876904.0000	23654	39194768.0000	36761	60894221.0000	-13107	-21699453.0000
20101119	非金電期貨          	XIF    	A         	482	532389.0000	431	476260.0000	51	56129.0000	356	391658.0000	112	123227.0000	244	268431.0000
20101119	非金電期貨          	XIF    	B         	0	.0000	1	1101.0000	-1	-1101.0000	28	30814.0000	0	.0000	28	30814.0000
20101119	非金電期貨          	XIF    	C         	110	121663.0000	54	59804.0000	56	61859.0000	237	260819.0000	347	381866.0000	-110	-121047.0000
20101122	電子期貨            	EXF    	A         	715	922774.0000	540	698149.0000	175	224625.0000	1280	1661260.0000	74	95818.0000	1206	1565442.0000
20101122	電子期貨            	EXF    	B         	0	.0000	51	66156.0000	-51	-66156.0000	157	203786.0000	59	76582.0000	98	127204.0000
20101122	電子期貨            	EXF    	C         	663	856952.0000	255	329527.0000	408	527425.0000	1976	2564848.0000	4234	5495732.0000	-2258	-2930884.0000
20101122	金融期貨            	FXF    	A         	408	361794.0000	401	355380.0000	7	6414.0000	582	515516.0000	822	727963.0000	-240	-212447.0000
20101122	金融期貨            	FXF    	B         	0	.0000	117	103620.0000	-117	-103620.0000	72	63778.0000	0	.0000	72	63778.0000
20101122	金融期貨            	FXF    	C         	409	362699.0000	263	233066.0000	146	129633.0000	717	635117.0000	6037	5347567.0000	-5320	-4712450.0000
20101122	櫃買期貨            	GTF    	A         	148	79475.0000	155	83253.0000	-7	-3778.0000	38	20433.0000	80	43029.0000	-42	-22596.0000
20101122	櫃買期貨            	GTF    	B         	0	.0000	0	.0000	0	.0000	0	.0000	0	.0000	0	.0000
20101122	櫃買期貨            	GTF    	C         	0	.0000	0	.0000	0	.0000	0	.0000	0	.0000	0	.0000
20101122	摩臺期              	MSF    	A         	19	17134.0000	17	15307.0000	2	1826.0000	21	18948.0000	12	10865.0000	9	8083.0000
20101122	摩臺期              	MSF    	B         	0	.0000	0	.0000	0	.0000	0	.0000	0	.0000	0	.0000
20101122	摩臺期              	MSF    	C         	0	.0000	0	.0000	0	.0000	0	.0000	0	.0000	0	.0000
20101122	小型臺指            	MXF    	A         	6677	2786890.0000	3715	1551714.0000	2962	1235176.0000	4270	1785162.0000	3816	1590994.0000	454	194168.0000
20101122	小型臺指            	MXF    	B         	0	.0000	0	.0000	0	.0000	0	.0000	0	.0000	0	.0000
20101122	小型臺指            	MXF    	C         	6854	2861338.0000	4700	1963941.0000	2154	897397.0000	5423	2267187.0000	1032	426120.0000	4391	1841067.0000
20101122	股票期貨            	STF    	A         	2066	129862.0000	2182	130071.0000	-116	-210.0000	1952	179810.0000	4902	398687.0000	-2950	-218877.0000
20101122	股票期貨            	STF    	B         	0	.0000	0	.0000	0	.0000	0	.0000	0	.0000	0	.0000
20101122	股票期貨            	STF    	C         	148	8451.0000	199	11270.0000	-51	-2819.0000	46	4835.0000	1971	176153.0000	-1925	-171318.0000
20101122	臺灣50期貨          	T5F    	A         	0	.0000	0	.0000	0	.0000	0	.0000	4	2277.0000	-4	-2277.0000
20101122	臺灣50期貨          	T5F    	B         	0	.0000	0	.0000	0	.0000	0	.0000	0	.0000	0	.0000
20101122	臺灣50期貨          	T5F    	C         	0	.0000	0	.0000	0	.0000	0	.0000	0	.0000	0	.0000
20101122	臺股期貨            	TXF    	A         	17433	29147844.0000	17033	28476245.0000	400	671599.0000	5754	9627855.0000	3921	6550012.0000	1833	3077843.0000
20101122	臺股期貨            	TXF    	B         	33	55112.0000	35	58608.0000	-2	-3496.0000	1337	2237871.0000	957	1601153.0000	380	636718.0000
20101122	臺股期貨            	TXF    	C         	12817	21407296.0000	9964	16648856.0000	2853	4758440.0000	24690	41298990.0000	34941	58424232.0000	-10251	-17125242.0000
20101122	非金電期貨          	XIF    	A         	446	494712.0000	367	407101.0000	79	87611.0000	404	447222.0000	81	89647.0000	323	357575.0000
20101122	非金電期貨          	XIF    	B         	0	.0000	10	11082.0000	-10	-11082.0000	18	19931.0000	0	.0000	18	19931.0000
20101122	非金電期貨          	XIF    	C         	37	41067.0000	110	121971.0000	-73	-80903.0000	224	248035.0000	407	450664.0000	-183	-202629.0000
20101123	電子期貨            	EXF    	A         	421	545343.0000	770	996462.0000	-349	-451120.0000	1014	1309936.0000	157	202491.0000	857	1107445.0000
20101123	電子期貨            	EXF    	B         	0	.0000	0	.0000	0	.0000	157	202844.0000	59	76228.0000	98	126616.0000
20101123	電子期貨            	EXF    	C         	616	797264.0000	378	489394.0000	238	307870.0000	2057	2657644.0000	4077	5267484.0000	-2020	-2609840.0000
20101123	金融期貨            	FXF    	A         	358	316433.0000	597	527601.0000	-239	-211168.0000	419	369218.0000	898	791120.0000	-479	-421902.0000
20101123	金融期貨            	FXF    	B         	0	.0000	5	4441.0000	-5	-4441.0000	67	59040.0000	0	.0000	67	59040.0000
20101123	金融期貨            	FXF    	C         	228	201517.0000	470	415479.0000	-242	-213962.0000	709	624770.0000	6271	5525991.0000	-5562	-4901221.0000
20101123	櫃買期貨            	GTF    	A         	122	65701.0000	171	92107.0000	-49	-26406.0000	39	20977.0000	130	69989.0000	-91	-49012.0000
20101123	櫃買期貨            	GTF    	B         	0	.0000	0	.0000	0	.0000	0	.0000	0	.0000	0	.0000
20101123	櫃買期貨            	GTF    	C         	0	.0000	0	.0000	0	.0000	0	.0000	0	.0000	0	.0000
20101123	摩臺期              	MSF    	A         	17	15289.0000	27	24312.0000	-10	-9023.0000	15	13427.0000	16	14395.0000	-1	-968.0000
20101123	摩臺期              	MSF    	B         	0	.0000	0	.0000	0	.0000	0	.0000	0	.0000	0	.0000
20101123	摩臺期              	MSF    	C         	0	.0000	0	.0000	0	.0000	0	.0000	0	.0000	0	.0000
20101123	小型臺指            	MXF    	A         	2618	1091177.0000	5243	2184856.0000	-2625	-1093678.0000	3090	1285269.0000	4781	1984225.0000	-1691	-698956.0000
20101123	小型臺指            	MXF    	B         	0	.0000	0	.0000	0	.0000	0	.0000	0	.0000	0	.0000
20101123	小型臺指            	MXF    	C         	4038	1684191.0000	4687	1954372.0000	-649	-270181.0000	5170	2150997.0000	1424	586743.0000	3746	1564254.0000
20101123	股票期貨            	STF    	A         	2331	191890.0000	2655	213818.0000	-324	-21928.0000	1985	179331.0000	5259	418496.0000	-3274	-239165.0000
20101123	股票期貨            	STF    	B         	0	.0000	0	.0000	0	.0000	0	.0000	0	.0000	0	.0000
20101123	股票期貨            	STF    	C         	68	9032.0000	138	15428.0000	-70	-6396.0000	56	4437.0000	2051	181301.0000	-1995	-176864.0000
20101123	臺灣50期貨          	T5F    	A         	0	.0000	0	.0000	0	.0000	0	.0000	4	2261.0000	-4	-2261.0000
20101123	臺灣50期貨          	T5F    	B         	0	.0000	0	.0000	0	.0000	0	.0000	0	.0000	0	.0000
20101123	臺灣50期貨          	T5F    	C         	0	.0000	0	.0000	0	.0000	0	.0000	0	.0000	0	.0000
20101123	臺股期貨            	TXF    	A         	11510	19189762.0000	12308	20521200.0000	-798	-1331438.0000	4967	8270863.0000	4052	6732058.0000	915	1538805.0000
20101123	臺股期貨            	TXF    	B         	1	1671.0000	73	121734.0000	-72	-120064.0000	1338	2228840.0000	1030	1715121.0000	308	513719.0000
20101123	臺股期貨            	TXF    	C         	7951	13264401.0000	8370	13960644.0000	-419	-696244.0000	24429	40666912.0000	35100	58408087.0000	-10671	-17741175.0000
20101123	非金電期貨          	XIF    	A         	106	116877.0000	234	258084.0000	-128	-141207.0000	280	308038.0000	85	93500.0000	195	214538.0000
20101123	非金電期貨          	XIF    	B         	0	.0000	0	.0000	0	.0000	18	19811.0000	0	.0000	18	19811.0000
20101123	非金電期貨          	XIF    	C         	119	131207.0000	8	8812.0000	111	122394.0000	254	279552.0000	326	358787.0000	-72	-79235.0000
20101124	電子期貨            	EXF    	A         	535	690582.0000	551	710860.0000	-16	-20278.0000	1018	1308385.0000	177	227113.0000	841	1081272.0000
20101124	電子期貨            	EXF    	B         	0	.0000	0	.0000	0	.0000	157	201808.0000	59	75839.0000	98	125969.0000
20101124	電子期貨            	EXF    	C         	285	367821.0000	651	839558.0000	-366	-471737.0000	1840	2365136.0000	4226	5432100.0000	-2386	-3066964.0000
20101124	金融期貨            	FXF    	A         	492	432799.0000	520	456956.0000	-28	-24157.0000	515	452062.0000	1022	896830.0000	-507	-444768.0000
20101124	金融期貨            	FXF    	B         	0	.0000	0	.0000	0	.0000	67	58813.0000	0	.0000	67	58813.0000
20101124	金融期貨            	FXF    	C         	333	292733.0000	553	486534.0000	-220	-193801.0000	642	563546.0000	6424	5638931.0000	-5782	-5075385.0000
20101124	櫃買期貨            	GTF    	A         	90	48282.0000	83	44541.0000	7	3741.0000	44	23539.0000	128	68496.0000	-84	-44957.0000
20101124	櫃買期貨            	GTF    	B         	0	.0000	0	.0000	0	.0000	0	.0000	0	.0000	0	.0000
20101124	櫃買期貨            	GTF    	C         	0	.0000	0	.0000	0	.0000	0	.0000	0	.0000	0	.0000
20101124	摩臺期              	MSF    	A         	15	13560.0000	10	9027.0000	5	4533.0000	15	13444.0000	11	9910.0000	4	3534.0000
20101124	摩臺期              	MSF    	B         	0	.0000	0	.0000	0	.0000	0	.0000	0	.0000	0	.0000
20101124	摩臺期              	MSF    	C         	0	.0000	0	.0000	0	.0000	0	.0000	0	.0000	0	.0000
20101124	小型臺指            	MXF    	A         	4863	2022557.0000	6022	2504424.0000	-1159	-481867.0000	2706	1121715.0000	5556	2299092.0000	-2850	-1177377.0000
20101124	小型臺指            	MXF    	B         	0	.0000	0	.0000	0	.0000	0	.0000	0	.0000	0	.0000
20101124	小型臺指            	MXF    	C         	6023	2505888.0000	6111	2542501.0000	-88	-36612.0000	4851	2011890.0000	1005	410975.0000	3846	1600915.0000
20101124	股票期貨            	STF    	A         	1537	105661.0000	1831	123877.0000	-294	-18216.0000	2055	185451.0000	5623	441894.0000	-3568	-256443.0000
20101124	股票期貨            	STF    	B         	0	.0000	0	.0000	0	.0000	0	.0000	0	.0000	0	.0000
20101124	股票期貨            	STF    	C         	80	3822.0000	67	3654.0000	13	168.0000	81	5530.0000	2063	182522.0000	-1982	-176992.0000
20101124	臺灣50期貨          	T5F    	A         	0	.0000	0	.0000	0	.0000	0	.0000	4	2255.0000	-4	-2255.0000
20101124	臺灣50期貨          	T5F    	B         	0	.0000	0	.0000	0	.0000	0	.0000	0	.0000	0	.0000
20101124	臺灣50期貨          	T5F    	C         	0	.0000	0	.0000	0	.0000	0	.0000	0	.0000	0	.0000
20101124	臺股期貨            	TXF    	A         	15966	26570790.0000	16329	27174087.0000	-363	-603297.0000	5301	8799261.0000	4749	7866451.0000	552	932810.0000
20101124	臺股期貨            	TXF    	B         	149	247420.0000	73	121363.0000	76	126057.0000	1402	2328161.0000	1018	1689838.0000	384	638323.0000
20101124	臺股期貨            	TXF    	C         	11668	19420709.0000	12452	20720741.0000	-784	-1300032.0000	23639	39228137.0000	35141	58292419.0000	-11502	-19064282.0000
20101124	非金電期貨          	XIF    	A         	142	156434.0000	126	138625.0000	16	17808.0000	293	322785.0000	82	90310.0000	211	232475.0000
20101124	非金電期貨          	XIF    	B         	0	.0000	0	.0000	0	.0000	18	19840.0000	0	.0000	18	19840.0000
20101124	非金電期貨          	XIF    	C         	48	52761.0000	48	52947.0000	0	-187.0000	233	256813.0000	305	336159.0000	-72	-79346.0000
20101125	電子期貨            	EXF    	A         	824	1067648.0000	469	607388.0000	355	460260.0000	1320	1711744.0000	124	160374.0000	1196	1551370.0000
20101125	電子期貨            	EXF    	B         	0	.0000	0	.0000	0	.0000	157	203629.0000	59	76523.0000	98	127106.0000
20101125	電子期貨            	EXF    	C         	472	611341.0000	433	560953.0000	39	50388.0000	1823	2364431.0000	4170	5408490.0000	-2347	-3044059.0000
20101125	金融期貨            	FXF    	A         	526	463539.0000	389	342772.0000	137	120767.0000	576	509276.0000	946	836202.0000	-370	-326926.0000
20101125	金融期貨            	FXF    	B         	0	.0000	15	13192.0000	-15	-13192.0000	52	45978.0000	0	.0000	52	45978.0000
20101125	金融期貨            	FXF    	C         	328	289077.0000	497	437441.0000	-169	-148363.0000	486	429719.0000	6437	5691514.0000	-5951	-5261795.0000
20101125	櫃買期貨            	GTF    	A         	185	99759.0000	153	82521.0000	32	17238.0000	52	28012.0000	104	56036.0000	-52	-28024.0000
20101125	櫃買期貨            	GTF    	B         	0	.0000	0	.0000	0	.0000	0	.0000	0	.0000	0	.0000
20101125	櫃買期貨            	GTF    	C         	0	.0000	0	.0000	0	.0000	0	.0000	0	.0000	0	.0000
20101125	摩臺期              	MSF    	A         	15	13585.0000	9	8141.0000	6	5445.0000	17	15335.0000	7	6344.0000	10	8991.0000
20101125	摩臺期              	MSF    	B         	0	.0000	0	.0000	0	.0000	0	.0000	0	.0000	0	.0000
20101125	摩臺期              	MSF    	C         	0	.0000	0	.0000	0	.0000	0	.0000	0	.0000	0	.0000
20101125	小型臺指            	MXF    	A         	4528	1888255.0000	3096	1289804.0000	1432	598451.0000	3317	1381150.0000	4975	2066649.0000	-1658	-685499.0000
20101125	小型臺指            	MXF    	B         	0	.0000	0	.0000	0	.0000	0	.0000	0	.0000	0	.0000
20101125	小型臺指            	MXF    	C         	4126	1719088.0000	4278	1782301.0000	-152	-63214.0000	5161	2149433.0000	1403	578835.0000	3758	1570598.0000
20101125	股票期貨            	STF    	A         	2546	217738.0000	2144	189087.0000	402	28651.0000	2630	243683.0000	5796	472251.0000	-3166	-228568.0000
20101125	股票期貨            	STF    	B         	0	.0000	0	.0000	0	.0000	0	.0000	0	.0000	0	.0000
20101125	股票期貨            	STF    	C         	75	4824.0000	162	10592.0000	-87	-5768.0000	81	5272.0000	2150	189019.0000	-2069	-183747.0000
20101125	臺灣50期貨          	T5F    	A         	0	.0000	0	.0000	0	.0000	0	.0000	4	2269.0000	-4	-2269.0000
20101125	臺灣50期貨          	T5F    	B         	0	.0000	0	.0000	0	.0000	0	.0000	0	.0000	0	.0000
20101125	臺灣50期貨          	T5F    	C         	0	.0000	0	.0000	0	.0000	0	.0000	0	.0000	0	.0000
20101125	臺股期貨            	TXF    	A         	11917	19875502.0000	11403	19015057.0000	514	860445.0000	5771	9620640.0000	4645	7725541.0000	1126	1895099.0000
20101125	臺股期貨            	TXF    	B         	27	45011.0000	31	51727.0000	-4	-6716.0000	1393	2323245.0000	1013	1688757.0000	380	634488.0000
20101125	臺股期貨            	TXF    	C         	11106	18518476.0000	10593	17656291.0000	513	862185.0000	24583	40970811.0000	35588	59290230.0000	-11005	-18319419.0000
20101125	非金電期貨          	XIF    	A         	101	111068.0000	141	155048.0000	-40	-43980.0000	271	297558.0000	100	109806.0000	171	187752.0000
20101125	非金電期貨          	XIF    	B         	0	.0000	0	.0000	0	.0000	18	19771.0000	0	.0000	18	19771.0000
20101125	非金電期貨          	XIF    	C         	67	73684.0000	39	42907.0000	28	30777.0000	196	215286.0000	240	263611.0000	-44	-48325.0000
20101126	電子期貨            	EXF    	A         	499	648837.0000	754	979858.0000	-255	-331020.0000	1069	1385612.0000	128	165515.0000	941	1220097.0000
20101126	電子期貨            	EXF    	B         	30	38993.0000	0	.0000	30	38993.0000	187	242427.0000	59	76488.0000	128	165939.0000
20101126	電子期貨            	EXF    	C         	266	345901.0000	178	231368.0000	88	114534.0000	1833	2376301.0000	4092	5304869.0000	-2259	-2928568.0000
20101126	金融期貨            	FXF    	A         	398	350266.0000	422	371732.0000	-24	-21466.0000	526	458880.0000	920	802374.0000	-394	-343494.0000
20101126	金融期貨            	FXF    	B         	0	.0000	0	.0000	0	.0000	52	45365.0000	0	.0000	52	45365.0000
20101126	金融期貨            	FXF    	C         	216	190107.0000	479	421775.0000	-263	-231669.0000	469	409154.0000	6683	5830132.0000	-6214	-5420978.0000
20101126	櫃買期貨            	GTF    	A         	90	48674.0000	80	43280.0000	10	5394.0000	68	36650.0000	110	59261.0000	-42	-22611.0000
20101126	櫃買期貨            	GTF    	B         	0	.0000	0	.0000	0	.0000	0	.0000	0	.0000	0	.0000
20101126	櫃買期貨            	GTF    	C         	0	.0000	0	.0000	0	.0000	0	.0000	0	.0000	0	.0000
20101126	摩臺期              	MSF    	A         	4	3614.0000	5	4518.0000	-1	-904.0000	16	14366.0000	7	6317.0000	9	8049.0000
20101126	摩臺期              	MSF    	B         	0	.0000	0	.0000	0	.0000	0	.0000	0	.0000	0	.0000
20101126	摩臺期              	MSF    	C         	0	.0000	0	.0000	0	.0000	0	.0000	0	.0000	0	.0000
20101126	小型臺指            	MXF    	A         	3999	1664889.0000	4703	1955368.0000	-704	-290480.0000	1457	602814.0000	5167	2134232.0000	-3710	-1531418.0000
20101126	小型臺指            	MXF    	B         	0	.0000	0	.0000	0	.0000	0	.0000	0	.0000	0	.0000
20101126	小型臺指            	MXF    	C         	4779	1989063.0000	4838	2013957.0000	-59	-24894.0000	5248	2174786.0000	1389	570075.0000	3859	1604711.0000
20101126	股票期貨            	STF    	A         	2120	169345.0000	2371	187929.0000	-251	-18585.0000	2833	257015.0000	6250	502134.0000	-3417	-245119.0000
20101126	股票期貨            	STF    	B         	0	.0000	0	.0000	0	.0000	0	.0000	0	.0000	0	.0000
20101126	股票期貨            	STF    	C         	84	6305.0000	144	9640.0000	-60	-3335.0000	71	5036.0000	2200	191233.0000	-2129	-186197.0000
20101126	臺灣50期貨          	T5F    	A         	0	.0000	0	.0000	0	.0000	0	.0000	4	2259.0000	-4	-2259.0000
20101126	臺灣50期貨          	T5F    	B         	0	.0000	0	.0000	0	.0000	0	.0000	0	.0000	0	.0000
20101126	臺灣50期貨          	T5F    	C         	0	.0000	0	.0000	0	.0000	0	.0000	0	.0000	0	.0000
20101126	臺股期貨            	TXF    	A         	14307	23820599.0000	15297	25465734.0000	-990	-1645135.0000	5584	9263149.0000	5111	8456756.0000	473	806393.0000
20101126	臺股期貨            	TXF    	B         	20	33317.0000	41	68305.0000	-21	-34988.0000	1390	2306844.0000	1031	1710374.0000	359	596470.0000
20101126	臺股期貨            	TXF    	C         	12009	20004554.0000	11046	18399452.0000	963	1605101.0000	26443	43857037.0000	36525	60552692.0000	-10082	-16695655.0000
20101126	非金電期貨          	XIF    	A         	138	150719.0000	247	269655.0000	-109	-118936.0000	203	220900.0000	141	153461.0000	62	67439.0000
20101126	非金電期貨          	XIF    	B         	0	.0000	0	.0000	0	.0000	18	19600.0000	0	.0000	18	19600.0000
20101126	非金電期貨          	XIF    	C         	55	60004.0000	33	36016.0000	22	23988.0000	218	237380.0000	240	261327.0000	-22	-23947.0000
20101129	電子期貨            	EXF    	A         	719	936940.0000	642	836254.0000	77	100686.0000	1157	1508879.0000	139	180867.0000	1018	1328012.0000
20101129	電子期貨            	EXF    	B         	0	.0000	0	.0000	0	.0000	187	243923.0000	59	76960.0000	128	166963.0000
20101129	電子期貨            	EXF    	C         	941	1226066.0000	505	657601.0000	436	568465.0000	2264	2953162.0000	4087	5331083.0000	-1823	-2377921.0000
20101129	金融期貨            	FXF    	A         	560	494007.0000	588	518058.0000	-28	-24051.0000	547	482230.0000	969	854016.0000	-422	-371786.0000
20101129	金融期貨            	FXF    	B         	0	.0000	0	.0000	0	.0000	52	45843.0000	0	.0000	52	45843.0000
20101129	金融期貨            	FXF    	C         	1073	945538.0000	559	491983.0000	514	453554.0000	564	497221.0000	6264	5522251.0000	-5700	-5025030.0000
20101129	櫃買期貨            	GTF    	A         	125	68299.0000	212	115808.0000	-87	-47509.0000	59	32278.0000	188	102857.0000	-129	-70579.0000
20101129	櫃買期貨            	GTF    	B         	0	.0000	0	.0000	0	.0000	0	.0000	0	.0000	0	.0000
20101129	櫃買期貨            	GTF    	C         	0	.0000	0	.0000	0	.0000	0	.0000	0	.0000	0	.0000
20101129	摩臺期              	MSF    	A         	8	7266.0000	9	8173.0000	-1	-907.0000	15	13586.0000	7	6374.0000	8	7212.0000
20101129	摩臺期              	MSF    	B         	0	.0000	0	.0000	0	.0000	0	.0000	0	.0000	0	.0000
20101129	摩臺期              	MSF    	C         	0	.0000	0	.0000	0	.0000	0	.0000	0	.0000	0	.0000
20101129	小型臺指            	MXF    	A         	9616	4020687.0000	6814	2846046.0000	2802	1174641.0000	2967	1240981.0000	5183	2162030.0000	-2216	-921049.0000
20101129	小型臺指            	MXF    	B         	0	.0000	0	.0000	0	.0000	0	.0000	0	.0000	0	.0000
20101129	小型臺指            	MXF    	C         	9306	3888744.0000	8059	3367819.0000	1247	520925.0000	4997	2089524.0000	1143	472983.0000	3854	1616541.0000
20101129	股票期貨            	STF    	A         	3649	264793.0000	3690	279440.0000	-41	-14647.0000	2958	256349.0000	6416	515994.0000	-3458	-259645.0000
20101129	股票期貨            	STF    	B         	0	.0000	0	.0000	0	.0000	0	.0000	0	.0000	0	.0000
20101129	股票期貨            	STF    	C         	167	14628.0000	102	4954.0000	65	9673.0000	130	11534.0000	2194	188134.0000	-2064	-176600.0000
20101129	臺灣50期貨          	T5F    	A         	0	.0000	0	.0000	0	.0000	0	.0000	4	2263.0000	-4	-2263.0000
20101129	臺灣50期貨          	T5F    	B         	0	.0000	0	.0000	0	.0000	0	.0000	0	.0000	0	.0000
20101129	臺灣50期貨          	T5F    	C         	0	.0000	0	.0000	0	.0000	0	.0000	0	.0000	0	.0000
20101129	臺股期貨            	TXF    	A         	23952	40068658.0000	24459	40892082.0000	-507	-823424.0000	5937	9943779.0000	5644	9429836.0000	293	513943.0000
20101129	臺股期貨            	TXF    	B         	151	252818.0000	40	66900.0000	111	185918.0000	1409	2361202.0000	939	1572821.0000	470	788381.0000
20101129	臺股期貨            	TXF    	C         	21052	35216098.0000	16275	27224789.0000	4777	7991309.0000	29381	49203185.0000	34373	57536536.0000	-4992	-8333351.0000
20101129	非金電期貨          	XIF    	A         	278	306328.0000	195	215378.0000	83	90950.0000	293	323094.0000	148	163160.0000	145	159934.0000
20101129	非金電期貨          	XIF    	B         	0	.0000	0	.0000	0	.0000	18	19861.0000	0	.0000	18	19861.0000
20101129	非金電期貨          	XIF    	C         	83	91275.0000	168	185175.0000	-85	-93900.0000	226	249368.0000	333	367417.0000	-107	-118049.0000
20101130	電子期貨            	EXF    	A         	583	763759.0000	676	885031.0000	-93	-121272.0000	1119	1461805.0000	194	253022.0000	925	1208783.0000
20101130	電子期貨            	EXF    	B         	0	.0000	0	.0000	0	.0000	187	244334.0000	59	77089.0000	128	167245.0000
20101130	電子期貨            	EXF    	C         	506	663048.0000	416	544488.0000	90	118560.0000	2267	2962062.0000	4000	5226400.0000	-1733	-2264338.0000
20101130	金融期貨            	FXF    	A         	526	463890.0000	409	360558.0000	117	103332.0000	612	538678.0000	917	806818.0000	-305	-268140.0000
20101130	金融期貨            	FXF    	B         	0	.0000	0	.0000	0	.0000	52	45770.0000	0	.0000	52	45770.0000
20101130	金融期貨            	FXF    	C         	387	341301.0000	176	155250.0000	211	186051.0000	700	616138.0000	6189	5447415.0000	-5489	-4831277.0000
20101130	櫃買期貨            	GTF    	A         	102	55901.0000	114	62470.0000	-12	-6569.0000	30	16447.0000	171	93754.0000	-141	-77307.0000
20101130	櫃買期貨            	GTF    	B         	0	.0000	0	.0000	0	.0000	0	.0000	0	.0000	0	.0000
20101130	櫃買期貨            	GTF    	C         	0	.0000	0	.0000	0	.0000	0	.0000	0	.0000	0	.0000
20101130	摩臺期              	MSF    	A         	3	2735.0000	15	13653.0000	-12	-10918.0000	15	13555.0000	19	17256.0000	-4	-3701.0000
20101130	摩臺期              	MSF    	B         	0	.0000	0	.0000	0	.0000	0	.0000	0	.0000	0	.0000
20101130	摩臺期              	MSF    	C         	0	.0000	0	.0000	0	.0000	0	.0000	0	.0000	0	.0000
20101130	小型臺指            	MXF    	A         	7964	3346773.0000	6798	2853780.0000	1166	492993.0000	1685	705706.0000	5343	2233506.0000	-3658	-1527800.0000
20101130	小型臺指            	MXF    	B         	0	.0000	0	.0000	0	.0000	0	.0000	0	.0000	0	.0000
20101130	小型臺指            	MXF    	C         	8235	3457124.0000	7833	3290230.0000	402	166894.0000	4905	2057811.0000	769	319232.0000	4136	1738579.0000
20101130	股票期貨            	STF    	A         	3104	230878.0000	3086	235998.0000	18	-5119.0000	3500	293010.0000	6940	557851.0000	-3440	-264841.0000
20101130	股票期貨            	STF    	B         	0	.0000	0	.0000	0	.0000	0	.0000	0	.0000	0	.0000
20101130	股票期貨            	STF    	C         	79	6049.0000	17	2301.0000	62	3748.0000	170	14245.0000	2172	187873.0000	-2002	-173628.0000
20101130	臺灣50期貨          	T5F    	A         	0	.0000	0	.0000	0	.0000	0	.0000	4	2260.0000	-4	-2260.0000
20101130	臺灣50期貨          	T5F    	B         	0	.0000	0	.0000	0	.0000	0	.0000	0	.0000	0	.0000
20101130	臺灣50期貨          	T5F    	C         	0	.0000	0	.0000	0	.0000	0	.0000	0	.0000	0	.0000
20101130	臺股期貨            	TXF    	A         	24209	40708934.0000	23894	40160128.0000	315	548806.0000	6958	11685046.0000	5698	9542476.0000	1260	2142570.0000
20101130	臺股期貨            	TXF    	B         	290	487801.0000	119	199846.0000	171	287955.0000	1507	2532061.0000	866	1454370.0000	641	1077691.0000
20101130	臺股期貨            	TXF    	C         	15694	26379890.0000	13122	22053222.0000	2572	4326669.0000	30789	51695676.0000	33179	55680894.0000	-2390	-3985218.0000
20101130	非金電期貨          	XIF    	A         	216	239261.0000	129	142803.0000	87	96458.0000	370	410070.0000	138	152801.0000	232	257269.0000
20101130	非金電期貨          	XIF    	B         	0	.0000	0	.0000	0	.0000	18	19966.0000	0	.0000	18	19966.0000
20101130	非金電期貨          	XIF    	C         	55	60919.0000	10	11055.0000	45	49864.0000	271	300593.0000	333	369334.0000	-62	-68741.0000
