20110701	電子期貨            	EXF    	A         	806	1017383.0000	735	926632.0000	71	90751.0000	2274	2859833.0000	663	829693.0000	1611	2030140.0000
20110701	電子期貨            	EXF    	B         	1	1263.0000	0	.0000	1	1263.0000	143	180209.0000	161	202892.0000	-18	-22683.0000
20110701	電子期貨            	EXF    	C         	496	626378.0000	673	848950.0000	-177	-222572.0000	2362	2976592.0000	5865	7388068.0000	-3503	-4411476.0000
20110701	金融期貨            	FXF    	A         	1167	1182197.0000	946	959960.0000	221	222236.0000	1412	1432996.0000	558	564685.0000	854	868311.0000
20110701	金融期貨            	FXF    	B         	298	302563.0000	0	.0000	298	302563.0000	449	456094.0000	0	.0000	449	456094.0000
20110701	金融期貨            	FXF    	C         	960	973349.0000	839	851045.0000	121	122305.0000	1747	1774603.0000	4899	4973784.0000	-3152	-3199181.0000
20110701	櫃買期貨            	GTF    	A         	13	6984.0000	46	24759.0000	-33	-17774.0000	1	534.0000	127	68031.0000	-126	-67497.0000
20110701	櫃買期貨            	GTF    	B         	9	4854.0000	0	.0000	9	4854.0000	74	39797.0000	0	.0000	74	39797.0000
20110701	櫃買期貨            	GTF    	C         	0	.0000	0	.0000	0	.0000	0	.0000	0	.0000	0	.0000
20110701	摩臺期              	MSF    	A         	0	.0000	0	.0000	0	.0000	0	.0000	0	.0000	0	.0000
20110701	摩臺期              	MSF    	B         	0	.0000	0	.0000	0	.0000	0	.0000	0	.0000	0	.0000
20110701	摩臺期              	MSF    	C         	0	.0000	0	.0000	0	.0000	17	14854.0000	0	.0000	17	14854.0000
20110701	小型臺指            	MXF    	A         	7278	3121413.0000	6454	2768614.0000	824	352799.0000	2911	1240775.0000	4516	1917637.0000	-1605	-676862.0000
20110701	小型臺指            	MXF    	B         	0	.0000	0	.0000	0	.0000	0	.0000	130	55718.0000	-130	-55718.0000
20110701	小型臺指            	MXF    	C         	9743	4176721.0000	6803	2917383.0000	2940	1259338.0000	861	365594.0000	4701	2005984.0000	-3840	-1640390.0000
20110701	股票期貨            	STF    	A         	12785	570099.0000	8118	445555.0000	4667	124544.0000	12883	797944.0000	13161	899971.0000	-278	-102027.0000
20110701	股票期貨            	STF    	B         	300	43284.0000	0	.0000	300	43284.0000	525	73815.0000	0	.0000	525	73815.0000
20110701	股票期貨            	STF    	C         	419	46236.0000	487	58553.0000	-68	-12318.0000	1058	212955.0000	9124	599884.0000	-8066	-386929.0000
20110701	臺灣50期貨          	T5F    	A         	0	.0000	0	.0000	0	.0000	500	286800.0000	0	.0000	500	286800.0000
20110701	臺灣50期貨          	T5F    	B         	0	.0000	0	.0000	0	.0000	0	.0000	0	.0000	0	.0000
20110701	臺灣50期貨          	T5F    	C         	0	.0000	0	.0000	0	.0000	0	.0000	500	286800.0000	-500	-286800.0000
20110701	臺股期貨            	TXF    	A         	21226	36435754.0000	19660	33748224.0000	1566	2687530.0000	8480	14466966.0000	8848	15128707.0000	-368	-661741.0000
20110701	臺股期貨            	TXF    	B         	265	454844.0000	74	127172.0000	191	327672.0000	2291	3927690.0000	506	867486.0000	1785	3060204.0000
20110701	臺股期貨            	TXF    	C         	14606	25073717.0000	12898	22133067.0000	1708	2940650.0000	21867	37419657.0000	32297	55167726.0000	-10430	-17748069.0000
20110701	非金電期貨          	XIF    	A         	503	591348.0000	401	470847.0000	102	120501.0000	575	676377.0000	266	310684.0000	309	365693.0000
20110701	非金電期貨          	XIF    	B         	0	.0000	0	.0000	0	.0000	19	22388.0000	0	.0000	19	22388.0000
20110701	非金電期貨          	XIF    	C         	48	56570.0000	129	152202.0000	-81	-95632.0000	309	362929.0000	553	651094.0000	-244	-288165.0000
20110704	電子期貨            	EXF    	A         	761	965104.0000	642	812742.0000	119	152362.0000	2320	2923125.0000	590	738561.0000	1730	2184564.0000
20110704	電子期貨            	EXF    	B         	0	.0000	0	.0000	0	.0000	143	180523.0000	161	203246.0000	-18	-22723.0000
20110704	電子期貨            	EXF    	C         	662	839447.0000	691	876485.0000	-29	-37038.0000	2364	2984314.0000	5896	7440265.0000	-3532	-4455951.0000
20110704	金融期貨            	FXF    	A         	686	697992.0000	649	659382.0000	37	38609.0000	1314	1332174.0000	423	427144.0000	891	905030.0000
20110704	金融期貨            	FXF    	B         	45	45863.0000	100	101515.0000	-55	-55652.0000	394	399674.0000	0	.0000	394	399674.0000
20110704	金融期貨            	FXF    	C         	607	617633.0000	924	940570.0000	-317	-322936.0000	1606	1629126.0000	5075	5145678.0000	-3469	-3516552.0000
20110704	櫃買期貨            	GTF    	A         	33	17726.0000	35	18785.0000	-2	-1059.0000	21	11201.0000	149	79733.0000	-128	-68532.0000
20110704	櫃買期貨            	GTF    	B         	0	.0000	0	.0000	0	.0000	74	39886.0000	0	.0000	74	39886.0000
20110704	櫃買期貨            	GTF    	C         	0	.0000	0	.0000	0	.0000	0	.0000	0	.0000	0	.0000
20110704	摩臺期              	MSF    	A         	0	.0000	0	.0000	0	.0000	0	.0000	0	.0000	0	.0000
20110704	摩臺期              	MSF    	B         	0	.0000	0	.0000	0	.0000	0	.0000	0	.0000	0	.0000
20110704	摩臺期              	MSF    	C         	0	.0000	0	.0000	0	.0000	17	14782.0000	0	.0000	17	14782.0000
20110704	小型臺指            	MXF    	A         	5218	2250038.0000	5202	2242266.0000	16	7772.0000	2511	1075099.0000	4640	1977494.0000	-2129	-902395.0000
20110704	小型臺指            	MXF    	B         	14	6020.0000	0	.0000	14	6020.0000	4	1720.0000	120	51606.0000	-116	-49886.0000
20110704	小型臺指            	MXF    	C         	7261	3128988.0000	5939	2559456.0000	1322	569532.0000	685	290482.0000	4147	1774165.0000	-3462	-1483683.0000
20110704	股票期貨            	STF    	A         	6714	402257.0000	7187	413337.0000	-473	-11079.0000	12892	820269.0000	13643	935902.0000	-751	-115633.0000
20110704	股票期貨            	STF    	B         	500	73330.0000	0	.0000	500	73330.0000	1025	148003.0000	0	.0000	1025	148003.0000
20110704	股票期貨            	STF    	C         	50	4136.0000	612	82856.0000	-562	-78720.0000	1068	217018.0000	9681	681216.0000	-8613	-464198.0000
20110704	臺灣50期貨          	T5F    	A         	0	.0000	0	.0000	0	.0000	500	285100.0000	0	.0000	500	285100.0000
20110704	臺灣50期貨          	T5F    	B         	0	.0000	0	.0000	0	.0000	0	.0000	0	.0000	0	.0000
20110704	臺灣50期貨          	T5F    	C         	0	.0000	0	.0000	0	.0000	0	.0000	500	285100.0000	-500	-285100.0000
20110704	臺股期貨            	TXF    	A         	15305	26409999.0000	14843	25602159.0000	462	807840.0000	8261	14133616.0000	8032	13776651.0000	229	356965.0000
20110704	臺股期貨            	TXF    	B         	106	182796.0000	55	94986.0000	51	87810.0000	2326	4001185.0000	490	842898.0000	1836	3158287.0000
20110704	臺股期貨            	TXF    	C         	14267	24620696.0000	11834	20415755.0000	2433	4204941.0000	23283	39974906.0000	31044	53186662.0000	-7761	-13211756.0000
20110704	非金電期貨          	XIF    	A         	195	231354.0000	217	257524.0000	-22	-26170.0000	588	695041.0000	301	353266.0000	287	341775.0000
20110704	非金電期貨          	XIF    	B         	0	.0000	0	.0000	0	.0000	19	22506.0000	0	.0000	19	22506.0000
20110704	非金電期貨          	XIF    	C         	98	116490.0000	86	102228.0000	12	14262.0000	354	417839.0000	586	693611.0000	-232	-275772.0000
20110705	電子期貨            	EXF    	A         	619	779874.0000	1073	1351210.0000	-454	-571336.0000	1839	2314660.0000	563	702836.0000	1276	1611824.0000
20110705	電子期貨            	EXF    	B         	0	.0000	0	.0000	0	.0000	143	180437.0000	161	203150.0000	-18	-22713.0000
20110705	電子期貨            	EXF    	C         	635	800153.0000	323	407120.0000	312	393033.0000	2517	3175951.0000	5737	7235828.0000	-3220	-4059877.0000
20110705	金融期貨            	FXF    	A         	524	532918.0000	707	718492.0000	-183	-185574.0000	1236	1256989.0000	528	535184.0000	708	721805.0000
20110705	金融期貨            	FXF    	B         	0	.0000	0	.0000	0	.0000	394	400934.0000	0	.0000	394	400934.0000
20110705	金融期貨            	FXF    	C         	625	635637.0000	775	788005.0000	-150	-152368.0000	1436	1461274.0000	5055	5141418.0000	-3619	-3680144.0000
20110705	櫃買期貨            	GTF    	A         	20	10757.0000	22	11852.0000	-2	-1095.0000	21	11147.0000	151	80470.0000	-130	-69323.0000
20110705	櫃買期貨            	GTF    	B         	3	1617.0000	0	.0000	3	1617.0000	77	41303.0000	0	.0000	77	41303.0000
20110705	櫃買期貨            	GTF    	C         	0	.0000	0	.0000	0	.0000	0	.0000	0	.0000	0	.0000
20110705	摩臺期              	MSF    	A         	0	.0000	0	.0000	0	.0000	0	.0000	0	.0000	0	.0000
20110705	摩臺期              	MSF    	B         	0	.0000	0	.0000	0	.0000	0	.0000	0	.0000	0	.0000
20110705	摩臺期              	MSF    	C         	0	.0000	0	.0000	0	.0000	17	14723.0000	0	.0000	17	14723.0000
20110705	小型臺指            	MXF    	A         	3483	1497710.0000	3354	1441529.0000	129	56181.0000	2347	1007549.0000	4299	1836288.0000	-1952	-828739.0000
20110705	小型臺指            	MXF    	B         	0	.0000	0	.0000	0	.0000	4	1726.0000	120	51774.0000	-116	-50048.0000
20110705	小型臺指            	MXF    	C         	6706	2884082.0000	5117	2200350.0000	1589	683733.0000	892	380261.0000	3541	1518859.0000	-2649	-1138598.0000
20110705	股票期貨            	STF    	A         	8495	482380.0000	9024	612983.0000	-529	-130603.0000	12826	781705.0000	14106	1036047.0000	-1280	-254342.0000
20110705	股票期貨            	STF    	B         	500	72348.0000	0	.0000	500	72348.0000	1525	220540.0000	0	.0000	1525	220540.0000
20110705	股票期貨            	STF    	C         	70	8951.0000	633	83096.0000	-563	-74145.0000	1106	223536.0000	10282	754127.0000	-9176	-530591.0000
20110705	臺灣50期貨          	T5F    	A         	0	.0000	0	.0000	0	.0000	500	285500.0000	0	.0000	500	285500.0000
20110705	臺灣50期貨          	T5F    	B         	0	.0000	0	.0000	0	.0000	0	.0000	0	.0000	0	.0000
20110705	臺灣50期貨          	T5F    	C         	0	.0000	0	.0000	0	.0000	0	.0000	500	285500.0000	-500	-285500.0000
20110705	臺股期貨            	TXF    	A         	13011	22403381.0000	10905	18773313.0000	2106	3630068.0000	9490	16300017.0000	7167	12326554.0000	2323	3973463.0000
20110705	臺股期貨            	TXF    	B         	110	189822.0000	46	79120.0000	64	110701.0000	2425	4185065.0000	525	906045.0000	1900	3279020.0000
20110705	臺股期貨            	TXF    	C         	11914	20503067.0000	10019	17245659.0000	1895	3257409.0000	24067	41452347.0000	29739	51109928.0000	-5672	-9657581.0000
20110705	非金電期貨          	XIF    	A         	191	226987.0000	210	249578.0000	-19	-22591.0000	596	711361.0000	328	388499.0000	268	322862.0000
20110705	非金電期貨          	XIF    	B         	0	.0000	0	.0000	0	.0000	19	22741.0000	0	.0000	19	22741.0000
20110705	非金電期貨          	XIF    	C         	139	165282.0000	98	116553.0000	41	48729.0000	419	499620.0000	610	729603.0000	-191	-229983.0000
20110706	電子期貨            	EXF    	A         	963	1223833.0000	890	1131552.0000	73	92280.0000	1786	2272344.0000	437	549616.0000	1349	1722728.0000
20110706	電子期貨            	EXF    	B         	3	3828.0000	0	.0000	3	3828.0000	146	186238.0000	161	205372.0000	-15	-19134.0000
20110706	電子期貨            	EXF    	C         	492	625705.0000	671	852683.0000	-179	-226979.0000	2323	2963219.0000	5722	7295822.0000	-3399	-4332603.0000
20110706	金融期貨            	FXF    	A         	780	796470.0000	602	614269.0000	178	182200.0000	1313	1341763.0000	427	434059.0000	886	907704.0000
20110706	金融期貨            	FXF    	B         	0	.0000	0	.0000	0	.0000	394	402904.0000	0	.0000	394	402904.0000
20110706	金融期貨            	FXF    	C         	621	634314.0000	487	497353.0000	134	136961.0000	1491	1524697.0000	4976	5085803.0000	-3485	-3561106.0000
20110706	櫃買期貨            	GTF    	A         	23	12439.0000	30	16222.0000	-7	-3783.0000	20	10696.0000	157	84359.0000	-137	-73663.0000
20110706	櫃買期貨            	GTF    	B         	0	.0000	0	.0000	0	.0000	77	41657.0000	0	.0000	77	41657.0000
20110706	櫃買期貨            	GTF    	C         	0	.0000	0	.0000	0	.0000	0	.0000	0	.0000	0	.0000
20110706	摩臺期              	MSF    	A         	0	.0000	0	.0000	0	.0000	0	.0000	0	.0000	0	.0000
20110706	摩臺期              	MSF    	B         	0	.0000	0	.0000	0	.0000	0	.0000	0	.0000	0	.0000
20110706	摩臺期              	MSF    	C         	0	.0000	0	.0000	0	.0000	17	15162.0000	0	.0000	17	15162.0000
20110706	小型臺指            	MXF    	A         	7656	3319461.0000	5777	2506316.0000	1879	813144.0000	3881	1680260.0000	3926	1687380.0000	-45	-7120.0000
20110706	小型臺指            	MXF    	B         	5	2173.0000	0	.0000	5	2173.0000	9	3911.0000	120	52140.0000	-111	-48229.0000
20110706	小型臺指            	MXF    	C         	8429	3653339.0000	5775	2506000.0000	2654	1147338.0000	1283	552133.0000	3226	1393008.0000	-1943	-840875.0000
20110706	股票期貨            	STF    	A         	6673	432108.0000	8097	865943.0000	-1424	-433835.0000	12915	799971.0000	15619	1483232.0000	-2704	-683261.0000
20110706	股票期貨            	STF    	B         	750	82238.0000	0	.0000	750	82238.0000	2275	301705.0000	0	.0000	2275	301705.0000
20110706	股票期貨            	STF    	C         	199	16377.0000	845	95249.0000	-646	-78872.0000	1185	228712.0000	11005	837581.0000	-9820	-608869.0000
20110706	臺灣50期貨          	T5F    	A         	0	.0000	0	.0000	0	.0000	500	286700.0000	0	.0000	500	286700.0000
20110706	臺灣50期貨          	T5F    	B         	0	.0000	0	.0000	0	.0000	0	.0000	0	.0000	0	.0000
20110706	臺灣50期貨          	T5F    	C         	0	.0000	0	.0000	0	.0000	0	.0000	500	286700.0000	-500	-286700.0000
20110706	臺股期貨            	TXF    	A         	20537	35647395.0000	19645	34110741.0000	892	1536654.0000	10285	17791090.0000	7077	12254176.0000	3208	5536914.0000
20110706	臺股期貨            	TXF    	B         	317	551162.0000	80	139081.0000	237	412081.0000	2619	4551822.0000	482	837716.0000	2137	3714106.0000
20110706	臺股期貨            	TXF    	C         	15085	26185045.0000	12041	20905126.0000	3044	5279919.0000	24926	43224615.0000	27067	46830445.0000	-2141	-3605830.0000
20110706	非金電期貨          	XIF    	A         	181	216557.0000	279	333957.0000	-98	-117400.0000	483	578063.0000	313	372084.0000	170	205979.0000
20110706	非金電期貨          	XIF    	B         	2	2401.0000	0	.0000	2	2401.0000	21	25208.0000	0	.0000	21	25208.0000
20110706	非金電期貨          	XIF    	C         	167	200158.0000	39	46803.0000	128	153355.0000	503	602217.0000	566	678920.0000	-63	-76703.0000
20110707	電子期貨            	EXF    	A         	631	799581.0000	1096	1386994.0000	-465	-587413.0000	1501	1891495.0000	617	770350.0000	884	1121145.0000
20110707	電子期貨            	EXF    	B         	6	7586.0000	0	.0000	6	7586.0000	152	192128.0000	161	203504.0000	-9	-11376.0000
20110707	電子期貨            	EXF    	C         	709	899019.0000	698	885067.0000	11	13952.0000	2380	3008320.0000	5768	7287651.0000	-3388	-4279331.0000
20110707	金融期貨            	FXF    	A         	683	701592.0000	700	719780.0000	-17	-18188.0000	1294	1333113.0000	425	435779.0000	869	897334.0000
20110707	金融期貨            	FXF    	B         	0	.0000	115	118516.0000	-115	-118516.0000	279	287705.0000	0	.0000	279	287705.0000
20110707	金融期貨            	FXF    	C         	1039	1067720.0000	440	452392.0000	599	615328.0000	1894	1953093.0000	4780	4926429.0000	-2886	-2973336.0000
20110707	櫃買期貨            	GTF    	A         	42	22746.0000	39	21130.0000	3	1616.0000	21	11248.0000	155	83649.0000	-134	-72401.0000
20110707	櫃買期貨            	GTF    	B         	2	1090.0000	0	.0000	2	1090.0000	79	43087.0000	0	.0000	79	43087.0000
20110707	櫃買期貨            	GTF    	C         	0	.0000	0	.0000	0	.0000	0	.0000	0	.0000	0	.0000
20110707	摩臺期              	MSF    	A         	0	.0000	0	.0000	0	.0000	0	.0000	0	.0000	0	.0000
20110707	摩臺期              	MSF    	B         	0	.0000	0	.0000	0	.0000	0	.0000	0	.0000	0	.0000
20110707	摩臺期              	MSF    	C         	0	.0000	0	.0000	0	.0000	17	15046.0000	0	.0000	17	15046.0000
20110707	小型臺指            	MXF    	A         	3541	1537051.0000	3297	1429374.0000	244	107677.0000	4173	1807104.0000	3998	1717966.0000	175	89138.0000
20110707	小型臺指            	MXF    	B         	2	869.0000	0	.0000	2	869.0000	11	4779.0000	120	52134.0000	-109	-47355.0000
20110707	小型臺指            	MXF    	C         	4922	2136459.0000	7277	3158850.0000	-2355	-1022391.0000	534	227819.0000	3704	1600960.0000	-3170	-1373141.0000
20110707	股票期貨            	STF    	A         	6994	514513.0000	7657	675998.0000	-663	-161485.0000	13142	829565.0000	16509	1661502.0000	-3367	-831937.0000
20110707	股票期貨            	STF    	B         	750	107401.0000	0	.0000	750	107401.0000	3025	404250.0000	0	.0000	3025	404250.0000
20110707	股票期貨            	STF    	C         	182	23696.0000	1100	156155.0000	-918	-132459.0000	1271	235413.0000	12009	970928.0000	-10738	-735515.0000
20110707	臺灣50期貨          	T5F    	A         	0	.0000	0	.0000	0	.0000	500	287100.0000	0	.0000	500	287100.0000
20110707	臺灣50期貨          	T5F    	B         	0	.0000	0	.0000	0	.0000	0	.0000	0	.0000	0	.0000
20110707	臺灣50期貨          	T5F    	C         	0	.0000	0	.0000	0	.0000	0	.0000	500	287100.0000	-500	-287100.0000
20110707	臺股期貨            	TXF    	A         	11523	20017685.0000	11847	20574589.0000	-324	-556904.0000	9254	16002262.0000	6364	11014763.0000	2890	4987499.0000
20110707	臺股期貨            	TXF    	B         	138	239822.0000	410	711775.0000	-272	-471953.0000	2596	4511329.0000	731	1270332.0000	1865	3240997.0000
20110707	臺股期貨            	TXF    	C         	11656	20252421.0000	12988	22563506.0000	-1332	-2311085.0000	25352	43963098.0000	29107	50377003.0000	-3755	-6413905.0000
20110707	非金電期貨          	XIF    	A         	97	116969.0000	142	171287.0000	-45	-54318.0000	434	523047.0000	309	370157.0000	125	152890.0000
20110707	非金電期貨          	XIF    	B         	3	3630.0000	0	.0000	3	3630.0000	24	29009.0000	0	.0000	24	29009.0000
20110707	非金電期貨          	XIF    	C         	137	165329.0000	88	106246.0000	49	59083.0000	576	694825.0000	590	712627.0000	-14	-17802.0000
20110708	電子期貨            	EXF    	A         	1177	1482115.0000	1289	1623638.0000	-112	-141523.0000	1631	2035128.0000	859	1063728.0000	772	971400.0000
20110708	電子期貨            	EXF    	B         	1	1254.0000	0	.0000	1	1254.0000	153	191525.0000	161	201540.0000	-8	-10015.0000
20110708	電子期貨            	EXF    	C         	1288	1623942.0000	857	1081828.0000	431	542115.0000	2707	3388623.0000	5664	7086745.0000	-2957	-3698122.0000
20110708	金融期貨            	FXF    	A         	932	961295.0000	1063	1095987.0000	-131	-134692.0000	1159	1184426.0000	421	428425.0000	738	756001.0000
20110708	金融期貨            	FXF    	B         	20	20662.0000	140	144250.0000	-120	-123588.0000	159	162625.0000	0	.0000	159	162625.0000
20110708	金融期貨            	FXF    	C         	1432	1476444.0000	1178	1215194.0000	254	261250.0000	1985	2030258.0000	4617	4719811.0000	-2632	-2689553.0000
20110708	櫃買期貨            	GTF    	A         	101	54480.0000	79	42643.0000	22	11837.0000	24	12786.0000	136	72938.0000	-112	-60152.0000
20110708	櫃買期貨            	GTF    	B         	7	3780.0000	0	.0000	7	3780.0000	86	46492.0000	0	.0000	86	46492.0000
20110708	櫃買期貨            	GTF    	C         	0	.0000	0	.0000	0	.0000	0	.0000	0	.0000	0	.0000
20110708	摩臺期              	MSF    	A         	0	.0000	0	.0000	0	.0000	0	.0000	0	.0000	0	.0000
20110708	摩臺期              	MSF    	B         	0	.0000	0	.0000	0	.0000	0	.0000	0	.0000	0	.0000
20110708	摩臺期              	MSF    	C         	0	.0000	0	.0000	0	.0000	17	14768.0000	0	.0000	17	14768.0000
20110708	小型臺指            	MXF    	A         	9053	3933214.0000	10236	4444545.0000	-1183	-511331.0000	3196	1375771.0000	4244	1815308.0000	-1048	-439537.0000
20110708	小型臺指            	MXF    	B         	2	866.0000	5	2161.0000	-3	-1295.0000	8	3457.0000	120	51858.0000	-112	-48401.0000
20110708	小型臺指            	MXF    	C         	11370	4941210.0000	11009	4781475.0000	361	159735.0000	879	376559.0000	3644	1565617.0000	-2765	-1189058.0000
20110708	股票期貨            	STF    	A         	8665	639085.0000	8392	553256.0000	273	85829.0000	13345	834594.0000	16439	1550276.0000	-3094	-715682.0000
20110708	股票期貨            	STF    	B         	800	118289.0000	0	.0000	800	118289.0000	3825	527825.0000	0	.0000	3825	527825.0000
20110708	股票期貨            	STF    	C         	102	11597.0000	913	129068.0000	-811	-117471.0000	1283	236493.0000	12832	1096808.0000	-11549	-860315.0000
20110708	臺灣50期貨          	T5F    	A         	0	.0000	0	.0000	0	.0000	500	285300.0000	0	.0000	500	285300.0000
20110708	臺灣50期貨          	T5F    	B         	0	.0000	0	.0000	0	.0000	0	.0000	0	.0000	0	.0000
20110708	臺灣50期貨          	T5F    	C         	0	.0000	0	.0000	0	.0000	0	.0000	500	285300.0000	-500	-285300.0000
20110708	臺股期貨            	TXF    	A         	29886	51972128.0000	30229	52552453.0000	-343	-580325.0000	9096	15640749.0000	6539	11255600.0000	2557	4385149.0000
20110708	臺股期貨            	TXF    	B         	378	654331.0000	161	280124.0000	217	374207.0000	2805	4848723.0000	723	1249778.0000	2082	3598945.0000
20110708	臺股期貨            	TXF    	C         	19968	34712705.0000	19661	34176358.0000	307	536347.0000	27666	47732178.0000	31125	53590422.0000	-3459	-5858244.0000
20110708	非金電期貨          	XIF    	A         	396	480392.0000	406	492358.0000	-10	-11966.0000	450	544135.0000	335	403117.0000	115	141018.0000
20110708	非金電期貨          	XIF    	B         	2	2425.0000	0	.0000	2	2425.0000	26	31525.0000	0	.0000	26	31525.0000
20110708	非金電期貨          	XIF    	C         	191	232186.0000	211	256932.0000	-20	-24746.0000	637	770922.0000	671	813273.0000	-34	-42351.0000
20110711	電子期貨            	EXF    	A         	954	1179725.0000	799	988533.0000	155	191192.0000	1892	2333460.0000	965	1181513.0000	927	1151947.0000
20110711	電子期貨            	EXF    	B         	1	1237.0000	0	.0000	1	1237.0000	154	190529.0000	161	199189.0000	-7	-8660.0000
20110711	電子期貨            	EXF    	C         	1035	1281023.0000	1231	1520623.0000	-196	-239601.0000	2799	3462923.0000	5952	7357554.0000	-3153	-3894631.0000
20110711	金融期貨            	FXF    	A         	803	823546.0000	921	945230.0000	-118	-121684.0000	1083	1110738.0000	463	472877.0000	620	637861.0000
20110711	金融期貨            	FXF    	B         	258	265131.0000	0	.0000	258	265131.0000	417	428259.0000	0	.0000	417	428259.0000
20110711	金融期貨            	FXF    	C         	1051	1078779.0000	718	737166.0000	333	341613.0000	2362	2425774.0000	4661	4783738.0000	-2299	-2357964.0000
20110711	櫃買期貨            	GTF    	A         	44	23383.0000	29	15427.0000	15	7956.0000	16	8410.0000	113	59834.0000	-97	-51424.0000
20110711	櫃買期貨            	GTF    	B         	0	.0000	0	.0000	0	.0000	86	45855.0000	0	.0000	86	45855.0000
20110711	櫃買期貨            	GTF    	C         	0	.0000	0	.0000	0	.0000	0	.0000	0	.0000	0	.0000
20110711	摩臺期              	MSF    	A         	0	.0000	0	.0000	0	.0000	0	.0000	0	.0000	0	.0000
20110711	摩臺期              	MSF    	B         	0	.0000	0	.0000	0	.0000	0	.0000	0	.0000	0	.0000
20110711	摩臺期              	MSF    	C         	0	.0000	0	.0000	0	.0000	17	14719.0000	0	.0000	17	14719.0000
20110711	小型臺指            	MXF    	A         	4347	1867651.0000	5984	2569269.0000	-1637	-701618.0000	2298	982602.0000	4599	1956991.0000	-2301	-974389.0000
20110711	小型臺指            	MXF    	B         	0	.0000	17	7310.0000	-17	-7310.0000	2	860.0000	131	56330.0000	-129	-55470.0000
20110711	小型臺指            	MXF    	C         	6841	2939264.0000	8660	3719659.0000	-1819	-780395.0000	424	179331.0000	3876	1658184.0000	-3452	-1478853.0000
20110711	股票期貨            	STF    	A         	9916	597496.0000	11169	802909.0000	-1253	-205413.0000	13677	868172.0000	18024	1770507.0000	-4347	-902335.0000
20110711	股票期貨            	STF    	B         	1050	151127.0000	0	.0000	1050	151127.0000	4875	672100.0000	0	.0000	4875	672100.0000
20110711	股票期貨            	STF    	C         	25	3262.0000	1366	175034.0000	-1341	-171771.0000	1293	233995.0000	14183	1254414.0000	-12890	-1020419.0000
20110711	臺灣50期貨          	T5F    	A         	0	.0000	0	.0000	0	.0000	500	282050.0000	0	.0000	500	282050.0000
20110711	臺灣50期貨          	T5F    	B         	0	.0000	0	.0000	0	.0000	0	.0000	0	.0000	0	.0000
20110711	臺灣50期貨          	T5F    	C         	0	.0000	0	.0000	0	.0000	0	.0000	500	282050.0000	-500	-282050.0000
20110711	臺股期貨            	TXF    	A         	13195	22684019.0000	14905	25625314.0000	-1710	-2941296.0000	7746	13238753.0000	6995	11983415.0000	751	1255338.0000
20110711	臺股期貨            	TXF    	B         	36	61941.0000	261	448608.0000	-225	-386667.0000	2747	4724840.0000	890	1530584.0000	1857	3194256.0000
20110711	臺股期貨            	TXF    	C         	13065	22467197.0000	12709	21841001.0000	356	626196.0000	28404	48764624.0000	31790	54454435.0000	-3386	-5689811.0000
20110711	非金電期貨          	XIF    	A         	219	264478.0000	236	285462.0000	-17	-20984.0000	444	536801.0000	346	416903.0000	98	119898.0000
20110711	非金電期貨          	XIF    	B         	0	.0000	0	.0000	0	.0000	26	31535.0000	0	.0000	26	31535.0000
20110711	非金電期貨          	XIF    	C         	204	247106.0000	131	158268.0000	73	88838.0000	709	859111.0000	670	812329.0000	39	46782.0000
20110712	電子期貨            	EXF    	A         	802	972355.0000	816	991666.0000	-14	-19311.0000	1857	2228966.0000	944	1124530.0000	913	1104436.0000
20110712	電子期貨            	EXF    	B         	0	.0000	0	.0000	0	.0000	154	185447.0000	161	193876.0000	-7	-8429.0000
20110712	電子期貨            	EXF    	C         	726	881775.0000	859	1042251.0000	-133	-160476.0000	2731	3288670.0000	6017	7237835.0000	-3286	-3949165.0000
20110712	金融期貨            	FXF    	A         	1003	1014731.0000	1231	1245210.0000	-228	-230479.0000	921	929705.0000	529	531850.0000	392	397855.0000
20110712	金融期貨            	FXF    	B         	3	3032.0000	0	.0000	3	3032.0000	420	424452.0000	0	.0000	420	424452.0000
20110712	金融期貨            	FXF    	C         	1427	1443293.0000	1326	1339784.0000	101	103509.0000	2441	2466875.0000	4639	4683733.0000	-2198	-2216858.0000
20110712	櫃買期貨            	GTF    	A         	119	61570.0000	73	37679.0000	46	23891.0000	16	8157.0000	67	34264.0000	-51	-26107.0000
20110712	櫃買期貨            	GTF    	B         	0	.0000	0	.0000	0	.0000	86	44531.0000	0	.0000	86	44531.0000
20110712	櫃買期貨            	GTF    	C         	0	.0000	0	.0000	0	.0000	0	.0000	0	.0000	0	.0000
20110712	摩臺期              	MSF    	A         	0	.0000	0	.0000	0	.0000	0	.0000	0	.0000	0	.0000
20110712	摩臺期              	MSF    	B         	0	.0000	0	.0000	0	.0000	0	.0000	0	.0000	0	.0000
20110712	摩臺期              	MSF    	C         	0	.0000	0	.0000	0	.0000	17	14527.0000	0	.0000	17	14527.0000
20110712	小型臺指            	MXF    	A         	7428	3139353.0000	10133	4282725.0000	-2705	-1143372.0000	1541	645266.0000	5403	2254319.0000	-3862	-1609053.0000
20110712	小型臺指            	MXF    	B         	2	844.0000	6	2527.0000	-4	-1682.0000	4	1684.0000	137	57691.0000	-133	-56007.0000
20110712	小型臺指            	MXF    	C         	9617	4067606.0000	14269	6032055.0000	-4652	-1964448.0000	266	110442.0000	4322	1809661.0000	-4056	-1699219.0000
20110712	股票期貨            	STF    	A         	8553	770401.0000	8338	502896.0000	215	267505.0000	13956	864740.0000	18088	1475493.0000	-4132	-610753.0000
20110712	股票期貨            	STF    	B         	150	30235.0000	0	.0000	150	30235.0000	5025	692600.0000	0	.0000	5025	692600.0000
20110712	股票期貨            	STF    	C         	85	12290.0000	373	53796.0000	-288	-41507.0000	1208	220475.0000	14386	1265092.0000	-13178	-1044617.0000
20110712	臺灣50期貨          	T5F    	A         	0	.0000	0	.0000	0	.0000	500	278300.0000	0	.0000	500	278300.0000
20110712	臺灣50期貨          	T5F    	B         	0	.0000	0	.0000	0	.0000	0	.0000	0	.0000	0	.0000
20110712	臺灣50期貨          	T5F    	C         	0	.0000	0	.0000	0	.0000	0	.0000	500	278300.0000	-500	-278300.0000
20110712	臺股期貨            	TXF    	A         	26235	44375461.0000	27273	46182419.0000	-1038	-1806959.0000	6976	11672319.0000	7549	12673346.0000	-573	-1001027.0000
20110712	臺股期貨            	TXF    	B         	363	613090.0000	889	1504452.0000	-526	-891361.0000	2950	4968980.0000	1619	2726830.0000	1331	2242150.0000
20110712	臺股期貨            	TXF    	C         	18942	32061556.0000	22876	38694364.0000	-3934	-6632807.0000	28525	47964916.0000	36857	61817511.0000	-8332	-13852595.0000
20110712	非金電期貨          	XIF    	A         	154	184076.0000	212	253479.0000	-58	-69403.0000	423	503374.0000	383	454728.0000	40	48646.0000
20110712	非金電期貨          	XIF    	B         	1	1195.0000	0	.0000	1	1195.0000	27	32252.0000	0	.0000	27	32252.0000
20110712	非金電期貨          	XIF    	C         	164	196099.0000	147	175814.0000	17	20285.0000	649	774626.0000	593	708024.0000	56	66602.0000
20110713	電子期貨            	EXF    	A         	1030	1239270.0000	1359	1635535.0000	-329	-396265.0000	1715	2054320.0000	1131	1346243.0000	584	708077.0000
20110713	電子期貨            	EXF    	B         	2	2365.0000	0	.0000	2	2365.0000	156	187502.0000	161	193554.0000	-5	-6052.0000
20110713	電子期貨            	EXF    	C         	1107	1334558.0000	788	948982.0000	319	385575.0000	2795	3360047.0000	5762	6918643.0000	-2967	-3558596.0000
20110713	金融期貨            	FXF    	A         	1457	1471914.0000	1593	1609960.0000	-136	-138046.0000	808	816975.0000	552	557124.0000	256	259851.0000
20110713	金融期貨            	FXF    	B         	10	10139.0000	0	.0000	10	10139.0000	430	435934.0000	0	.0000	430	435934.0000
20110713	金融期貨            	FXF    	C         	741	749435.0000	1183	1195254.0000	-442	-445819.0000	2232	2262802.0000	4872	4932697.0000	-2640	-2669895.0000
20110713	櫃買期貨            	GTF    	A         	31	15930.0000	24	12395.0000	7	3535.0000	23	11601.0000	67	33950.0000	-44	-22349.0000
20110713	櫃買期貨            	GTF    	B         	2	1032.0000	0	.0000	2	1032.0000	88	45267.0000	0	.0000	88	45267.0000
20110713	櫃買期貨            	GTF    	C         	0	.0000	0	.0000	0	.0000	0	.0000	0	.0000	0	.0000
20110713	摩臺期              	MSF    	A         	0	.0000	0	.0000	0	.0000	0	.0000	0	.0000	0	.0000
20110713	摩臺期              	MSF    	B         	0	.0000	0	.0000	0	.0000	0	.0000	0	.0000	0	.0000
20110713	摩臺期              	MSF    	C         	0	.0000	0	.0000	0	.0000	17	14511.0000	0	.0000	17	14511.0000
20110713	小型臺指            	MXF    	A         	5777	2437744.0000	6535	2755298.0000	-758	-317554.0000	1479	621544.0000	5863	2460809.0000	-4384	-1839265.0000
20110713	小型臺指            	MXF    	B         	0	.0000	6	2539.0000	-6	-2539.0000	4	1693.0000	143	60510.0000	-139	-58817.0000
20110713	小型臺指            	MXF    	C         	10246	4322438.0000	9057	3818871.0000	1189	503567.0000	1682	707838.0000	4609	1939692.0000	-2927	-1231854.0000
20110713	股票期貨            	STF    	A         	13957	1059396.0000	13190	966563.0000	767	92833.0000	14683	926826.0000	18048	1440060.0000	-3365	-513234.0000
20110713	股票期貨            	STF    	B         	0	.0000	0	.0000	0	.0000	5025	709595.0000	0	.0000	5025	709595.0000
20110713	股票期貨            	STF    	C         	332	61591.0000	200	21254.0000	132	40337.0000	1187	219273.0000	14233	1242918.0000	-13046	-1023645.0000
20110713	臺灣50期貨          	T5F    	A         	0	.0000	0	.0000	0	.0000	500	277050.0000	0	.0000	500	277050.0000
20110713	臺灣50期貨          	T5F    	B         	0	.0000	0	.0000	0	.0000	0	.0000	0	.0000	0	.0000
20110713	臺灣50期貨          	T5F    	C         	0	.0000	0	.0000	0	.0000	0	.0000	500	277050.0000	-500	-277050.0000
20110713	臺股期貨            	TXF    	A         	19957	33707472.0000	19144	32331706.0000	813	1375766.0000	7833	13167902.0000	7652	12907612.0000	181	260290.0000
20110713	臺股期貨            	TXF    	B         	334	564217.0000	125	211149.0000	209	353068.0000	3037	5139597.0000	1497	2533598.0000	1540	2605999.0000
20110713	臺股期貨            	TXF    	C         	15136	25550410.0000	15696	26484603.0000	-560	-934194.0000	29469	49780363.0000	38346	64598156.0000	-8877	-14817793.0000
20110713	非金電期貨          	XIF    	A         	386	464042.0000	263	315866.0000	123	148176.0000	476	574124.0000	313	375976.0000	163	198148.0000
20110713	非金電期貨          	XIF    	B         	1	1212.0000	0	.0000	1	1212.0000	28	33922.0000	0	.0000	28	33922.0000
20110713	非金電期貨          	XIF    	C         	147	176326.0000	399	480158.0000	-252	-303832.0000	597	722626.0000	793	960405.0000	-196	-237779.0000
20110714	電子期貨            	EXF    	A         	1388	1658320.0000	1718	2057161.0000	-330	-398841.0000	1427	1708805.0000	1173	1398227.0000	254	310578.0000
20110714	電子期貨            	EXF    	B         	2	2366.0000	0	.0000	2	2366.0000	158	190089.0000	161	193780.0000	-3	-3691.0000
20110714	電子期貨            	EXF    	C         	1802	2160290.0000	1612	1930326.0000	190	229964.0000	2956	3557582.0000	5733	6889170.0000	-2777	-3331588.0000
20110714	金融期貨            	FXF    	A         	1201	1210028.0000	1468	1479851.0000	-267	-269824.0000	700	706645.0000	711	718201.0000	-11	-11556.0000
20110714	金融期貨            	FXF    	B         	0	.0000	156	157023.0000	-156	-157023.0000	274	277672.0000	0	.0000	274	277672.0000
20110714	金融期貨            	FXF    	C         	1381	1392769.0000	1214	1221747.0000	167	171021.0000	2553	2587210.0000	5026	5085338.0000	-2473	-2498128.0000
20110714	櫃買期貨            	GTF    	A         	30	15228.0000	44	22314.0000	-14	-7086.0000	20	9920.0000	78	39000.0000	-58	-29080.0000
20110714	櫃買期貨            	GTF    	B         	0	.0000	0	.0000	0	.0000	88	44774.0000	0	.0000	88	44774.0000
20110714	櫃買期貨            	GTF    	C         	0	.0000	0	.0000	0	.0000	0	.0000	0	.0000	0	.0000
20110714	摩臺期              	MSF    	A         	0	.0000	0	.0000	0	.0000	0	.0000	0	.0000	0	.0000
20110714	摩臺期              	MSF    	B         	0	.0000	0	.0000	0	.0000	0	.0000	0	.0000	0	.0000
20110714	摩臺期              	MSF    	C         	0	.0000	0	.0000	0	.0000	17	14487.0000	0	.0000	17	14487.0000
20110714	小型臺指            	MXF    	A         	9268	3902966.0000	8920	3751684.0000	348	151282.0000	1621	683164.0000	5641	2370631.0000	-4020	-1687467.0000
20110714	小型臺指            	MXF    	B         	0	.0000	13	5512.0000	-13	-5512.0000	4	1696.0000	156	66152.0000	-152	-64456.0000
20110714	小型臺指            	MXF    	C         	14934	6289953.0000	16100	6775782.0000	-1166	-485829.0000	1956	822552.0000	5133	2165466.0000	-3177	-1342914.0000
20110714	股票期貨            	STF    	A         	6421	431809.0000	7117	497068.0000	-696	-65259.0000	14813	929808.0000	18874	1511744.0000	-4061	-581936.0000
20110714	股票期貨            	STF    	B         	1150	176618.0000	0	.0000	1150	176618.0000	6175	875740.0000	0	.0000	6175	875740.0000
20110714	股票期貨            	STF    	C         	41	15521.0000	1279	183870.0000	-1238	-168349.0000	1217	235883.0000	15501	1414328.0000	-14284	-1178445.0000
20110714	臺灣50期貨          	T5F    	A         	0	.0000	0	.0000	0	.0000	500	278100.0000	0	.0000	500	278100.0000
20110714	臺灣50期貨          	T5F    	B         	0	.0000	0	.0000	0	.0000	0	.0000	0	.0000	0	.0000
20110714	臺灣50期貨          	T5F    	C         	0	.0000	0	.0000	0	.0000	0	.0000	500	278100.0000	-500	-278100.0000
20110714	臺股期貨            	TXF    	A         	31232	52672376.0000	31320	52813759.0000	-88	-141383.0000	9677	16310025.0000	9588	16216805.0000	89	93220.0000
20110714	臺股期貨            	TXF    	B         	284	477273.0000	235	396445.0000	49	80827.0000	3109	5272349.0000	1520	2577319.0000	1589	2695030.0000
20110714	臺股期貨            	TXF    	C         	22040	37156810.0000	22758	38346491.0000	-718	-1189681.0000	30837	52180052.0000	40661	68595038.0000	-9824	-16414986.0000
20110714	非金電期貨          	XIF    	A         	414	500161.0000	632	764490.0000	-218	-264329.0000	377	455989.0000	432	522467.0000	-55	-66478.0000
20110714	非金電期貨          	XIF    	B         	0	.0000	0	.0000	0	.0000	28	34087.0000	0	.0000	28	34087.0000
20110714	非金電期貨          	XIF    	C         	531	643531.0000	260	315029.0000	271	328502.0000	646	785853.0000	571	694821.0000	75	91032.0000
20110715	電子期貨            	EXF    	A         	1319	1585925.0000	1243	1492849.0000	76	93075.0000	1442	1735117.0000	1112	1329122.0000	330	405995.0000
20110715	電子期貨            	EXF    	B         	1	1189.0000	0	.0000	1	1189.0000	159	192221.0000	161	194746.0000	-2	-2525.0000
20110715	電子期貨            	EXF    	C         	1472	1775849.0000	1312	1580196.0000	160	195652.0000	2855	3453009.0000	5472	6606844.0000	-2617	-3153835.0000
20110715	金融期貨            	FXF    	A         	1758	1799281.0000	1581	1618676.0000	177	180605.0000	816	841274.0000	650	669091.0000	166	172183.0000
20110715	金融期貨            	FXF    	B         	103	105384.0000	0	.0000	103	105384.0000	377	389714.0000	0	.0000	377	389714.0000
20110715	金融期貨            	FXF    	C         	1170	1198758.0000	1546	1585213.0000	-376	-386454.0000	2356	2437518.0000	5205	5375594.0000	-2849	-2938076.0000
20110715	櫃買期貨            	GTF    	A         	14	7163.0000	38	19405.0000	-24	-12242.0000	12	6178.0000	94	48626.0000	-82	-42448.0000
20110715	櫃買期貨            	GTF    	B         	5	2558.0000	0	.0000	5	2558.0000	93	48598.0000	0	.0000	93	48598.0000
20110715	櫃買期貨            	GTF    	C         	0	.0000	0	.0000	0	.0000	0	.0000	0	.0000	0	.0000
20110715	摩臺期              	MSF    	A         	0	.0000	0	.0000	0	.0000	0	.0000	0	.0000	0	.0000
20110715	摩臺期              	MSF    	B         	0	.0000	0	.0000	0	.0000	0	.0000	0	.0000	0	.0000
20110715	摩臺期              	MSF    	C         	0	.0000	0	.0000	0	.0000	17	14701.0000	0	.0000	17	14701.0000
20110715	小型臺指            	MXF    	A         	8403	3575971.0000	7014	2983464.0000	1389	592507.0000	1913	814262.0000	4160	1761475.0000	-2247	-947213.0000
20110715	小型臺指            	MXF    	B         	2	855.0000	0	.0000	2	855.0000	6	2569.0000	156	66791.0000	-150	-64222.0000
20110715	小型臺指            	MXF    	C         	14355	6100225.0000	13884	5903635.0000	471	196590.0000	1596	673832.0000	5618	2395112.0000	-4022	-1721280.0000
20110715	股票期貨            	STF    	A         	10132	757809.0000	9145	587380.0000	987	170429.0000	14207	908679.0000	17281	1319121.0000	-3074	-410442.0000
20110715	股票期貨            	STF    	B         	1200	183221.0000	0	.0000	1200	183221.0000	7375	1051790.0000	0	.0000	7375	1051790.0000
20110715	股票期貨            	STF    	C         	302	39221.0000	1333	192369.0000	-1031	-153148.0000	1280	241548.0000	16595	1572663.0000	-15315	-1331115.0000
20110715	臺灣50期貨          	T5F    	A         	0	.0000	0	.0000	0	.0000	500	282450.0000	0	.0000	500	282450.0000
20110715	臺灣50期貨          	T5F    	B         	0	.0000	0	.0000	0	.0000	0	.0000	0	.0000	0	.0000
20110715	臺灣50期貨          	T5F    	C         	0	.0000	0	.0000	0	.0000	0	.0000	500	282450.0000	-500	-282450.0000
20110715	臺股期貨            	TXF    	A         	25697	43780356.0000	23783	40515973.0000	1914	3264383.0000	11544	19653060.0000	9637	16446062.0000	1907	3206998.0000
20110715	臺股期貨            	TXF    	B         	235	397752.0000	126	213527.0000	109	184225.0000	3308	5660601.0000	1623	2777270.0000	1685	2883331.0000
20110715	臺股期貨            	TXF    	C         	22111	37582267.0000	23034	39195509.0000	-923	-1613242.0000	32522	55493274.0000	42940	73105045.0000	-10418	-17611771.0000
20110715	非金電期貨          	XIF    	A         	327	399026.0000	360	440041.0000	-33	-41015.0000	411	502682.0000	499	611301.0000	-88	-108619.0000
20110715	非金電期貨          	XIF    	B         	1	1233.0000	0	.0000	1	1233.0000	29	35745.0000	0	.0000	29	35745.0000
20110715	非金電期貨          	XIF    	C         	187	228843.0000	152	186468.0000	35	42375.0000	618	761084.0000	508	625846.0000	110	135238.0000
20110718	電子期貨            	EXF    	A         	1556	1854230.0000	1370	1633405.0000	186	220825.0000	1549	1825725.0000	1033	1207277.0000	516	618448.0000
20110718	電子期貨            	EXF    	B         	42	49343.0000	40	47919.0000	2	1424.0000	161	189860.0000	161	190978.0000	0	-1118.0000
20110718	電子期貨            	EXF    	C         	2509	2986713.0000	2742	3257305.0000	-233	-270592.0000	2625	3103232.0000	5475	6462334.0000	-2850	-3359102.0000
20110718	金融期貨            	FXF    	A         	1273	1316092.0000	1179	1217367.0000	94	98725.0000	988	1015803.0000	728	747744.0000	260	268059.0000
20110718	金融期貨            	FXF    	B         	128	131655.0000	129	133679.0000	-1	-2023.0000	376	386371.0000	0	.0000	376	386371.0000
20110718	金融期貨            	FXF    	C         	3235	3343932.0000	3294	3399436.0000	-59	-55504.0000	2384	2451825.0000	5291	5435675.0000	-2907	-2983850.0000
20110718	櫃買期貨            	GTF    	A         	95	48939.0000	92	47268.0000	3	1671.0000	24	12280.0000	103	52556.0000	-79	-40276.0000
20110718	櫃買期貨            	GTF    	B         	51	26145.0000	44	22732.0000	7	3413.0000	100	51240.0000	0	.0000	100	51240.0000
20110718	櫃買期貨            	GTF    	C         	0	.0000	0	.0000	0	.0000	0	.0000	0	.0000	0	.0000
20110718	摩臺期              	MSF    	A         	0	.0000	0	.0000	0	.0000	0	.0000	0	.0000	0	.0000
20110718	摩臺期              	MSF    	B         	0	.0000	0	.0000	0	.0000	0	.0000	0	.0000	0	.0000
20110718	摩臺期              	MSF    	C         	0	.0000	0	.0000	0	.0000	17	14612.0000	0	.0000	17	14612.0000
20110718	小型臺指            	MXF    	A         	8171	3476991.0000	8547	3626764.0000	-376	-149773.0000	2239	946481.0000	4658	1953343.0000	-2419	-1006862.0000
20110718	小型臺指            	MXF    	B         	14	5943.0000	0	.0000	14	5943.0000	6	2546.0000	142	60251.0000	-136	-57705.0000
20110718	小型臺指            	MXF    	C         	14576	6202244.0000	14842	6306960.0000	-266	-104717.0000	1957	819887.0000	5781	2441128.0000	-3824	-1621241.0000
20110718	股票期貨            	STF    	A         	6528	421740.0000	6121	357420.0000	407	64320.0000	14039	897960.0000	16706	1242211.0000	-2667	-344251.0000
20110718	股票期貨            	STF    	B         	0	.0000	0	.0000	0	.0000	7375	1049288.0000	0	.0000	7375	1049288.0000
20110718	股票期貨            	STF    	C         	66	5845.0000	68	3539.0000	-2	2306.0000	1297	240263.0000	16614	1561609.0000	-15317	-1321346.0000
20110718	臺灣50期貨          	T5F    	A         	0	.0000	0	.0000	0	.0000	500	278100.0000	0	.0000	500	278100.0000
20110718	臺灣50期貨          	T5F    	B         	0	.0000	0	.0000	0	.0000	0	.0000	0	.0000	0	.0000
20110718	臺灣50期貨          	T5F    	C         	0	.0000	0	.0000	0	.0000	0	.0000	500	278100.0000	-500	-278100.0000
20110718	臺股期貨            	TXF    	A         	25822	43987043.0000	28048	47759163.0000	-2226	-3772120.0000	9040	15224395.0000	9410	15901201.0000	-370	-676806.0000
20110718	臺股期貨            	TXF    	B         	759	1278022.0000	668	1141523.0000	91	136499.0000	3399	5746223.0000	1623	2752276.0000	1776	2993947.0000
20110718	臺股期貨            	TXF    	C         	31025	52724776.0000	31009	52645210.0000	16	79566.0000	33743	56976026.0000	44261	74550324.0000	-10518	-17574298.0000
20110718	非金電期貨          	XIF    	A         	698	858415.0000	629	772537.0000	69	85877.0000	405	496348.0000	424	519403.0000	-19	-23055.0000
20110718	非金電期貨          	XIF    	B         	0	.0000	0	.0000	0	.0000	29	35743.0000	0	.0000	29	35743.0000
20110718	非金電期貨          	XIF    	C         	661	812086.0000	639	785925.0000	22	26161.0000	588	721935.0000	456	560340.0000	132	161595.0000
20110719	電子期貨            	EXF    	A         	1970	2325767.0000	2216	2644702.0000	-246	-318935.0000	1356	1600101.0000	1086	1292918.0000	270	307183.0000
20110719	電子期貨            	EXF    	B         	70	82023.0000	63	75384.0000	7	6639.0000	168	198620.0000	161	192878.0000	7	5742.0000
20110719	電子期貨            	EXF    	C         	3797	4514845.0000	3545	4190720.0000	252	324124.0000	2904	3449928.0000	5502	6520390.0000	-2598	-3070462.0000
20110719	金融期貨            	FXF    	A         	982	1013113.0000	1058	1094290.0000	-76	-81177.0000	832	859332.0000	648	670422.0000	184	188910.0000
20110719	金融期貨            	FXF    	B         	302	310094.0000	234	242209.0000	68	67885.0000	444	456842.0000	0	.0000	444	456842.0000
20110719	金融期貨            	FXF    	C         	2598	2684481.0000	2354	2422680.0000	244	261802.0000	2493	2578133.0000	5156	5320337.0000	-2663	-2742204.0000
20110719	櫃買期貨            	GTF    	A         	103	52994.0000	98	50373.0000	5	2621.0000	62	31968.0000	136	69943.0000	-74	-37975.0000
20110719	櫃買期貨            	GTF    	B         	44	22541.0000	44	22644.0000	0	-102.0000	100	51460.0000	0	.0000	100	51460.0000
20110719	櫃買期貨            	GTF    	C         	0	.0000	0	.0000	0	.0000	0	.0000	0	.0000	0	.0000
20110719	摩臺期              	MSF    	A         	0	.0000	0	.0000	0	.0000	0	.0000	0	.0000	0	.0000
20110719	摩臺期              	MSF    	B         	0	.0000	0	.0000	0	.0000	0	.0000	0	.0000	0	.0000
20110719	摩臺期              	MSF    	C         	0	.0000	0	.0000	0	.0000	17	14603.0000	0	.0000	17	14603.0000
20110719	小型臺指            	MXF    	A         	5207	2208949.0000	5079	2152295.0000	128	56654.0000	1942	823741.0000	5357	2258170.0000	-3415	-1434429.0000
20110719	小型臺指            	MXF    	B         	0	.0000	80	33564.0000	-80	-33564.0000	6	2560.0000	222	94245.0000	-216	-91685.0000
20110719	小型臺指            	MXF    	C         	9907	4210603.0000	8558	3634844.0000	1349	575759.0000	2306	973028.0000	5441	2308939.0000	-3135	-1335911.0000
20110719	股票期貨            	STF    	A         	8036	486069.0000	9280	547467.0000	-1244	-61398.0000	14095	892646.0000	18006	1295886.0000	-3911	-403240.0000
20110719	股票期貨            	STF    	B         	440	84989.0000	0	.0000	440	84989.0000	7815	1117465.0000	0	.0000	7815	1117465.0000
20110719	股票期貨            	STF    	C         	250	38353.0000	615	122662.0000	-365	-84309.0000	1397	243679.0000	17079	1636072.0000	-15682	-1392393.0000
20110719	臺灣50期貨          	T5F    	A         	0	.0000	0	.0000	0	.0000	500	278300.0000	0	.0000	500	278300.0000
20110719	臺灣50期貨          	T5F    	B         	0	.0000	0	.0000	0	.0000	0	.0000	0	.0000	0	.0000
20110719	臺灣50期貨          	T5F    	C         	0	.0000	0	.0000	0	.0000	0	.0000	500	278300.0000	-500	-278300.0000
20110719	臺股期貨            	TXF    	A         	16250	27656574.0000	16892	28718888.0000	-642	-1062314.0000	7783	13166797.0000	8514	14439315.0000	-731	-1272518.0000
20110719	臺股期貨            	TXF    	B         	1562	2626616.0000	1457	2478619.0000	105	147997.0000	3596	6081060.0000	1715	2920404.0000	1881	3160656.0000
20110719	臺股期貨            	TXF    	C         	36268	61487658.0000	35012	59349098.0000	1256	2138561.0000	37837	64069378.0000	46934	79315477.0000	-9097	-15246099.0000
20110719	非金電期貨          	XIF    	A         	671	821783.0000	651	800424.0000	20	21359.0000	510	623317.0000	509	625023.0000	1	-1706.0000
20110719	非金電期貨          	XIF    	B         	13	15875.0000	12	14777.0000	1	1098.0000	30	36831.0000	0	.0000	30	36831.0000
20110719	非金電期貨          	XIF    	C         	1025	1259973.0000	1092	1338226.0000	-67	-78253.0000	1037	1272955.0000	972	1189667.0000	65	83288.0000
20110720	電子期貨            	EXF    	A         	1891	2300868.0000	1614	1964382.0000	277	336485.0000	1092	1335684.0000	350	428001.0000	742	907683.0000
20110720	電子期貨            	EXF    	B         	60	72892.0000	51	62720.0000	9	10172.0000	177	216648.0000	0	.0000	177	216648.0000
20110720	電子期貨            	EXF    	C         	3303	4013676.0000	3036	3673766.0000	267	339910.0000	2088	2555712.0000	4554	5573488.0000	-2466	-3017776.0000
20110720	金融期貨            	FXF    	A         	1025	1070175.0000	881	919595.0000	144	150581.0000	708	739235.0000	311	324224.0000	397	415011.0000
20110720	金融期貨            	FXF    	B         	16	16687.0000	41	42814.0000	-25	-26127.0000	444	463625.0000	30	31326.0000	414	432299.0000
20110720	金融期貨            	FXF    	C         	2443	2550557.0000	2419	2521679.0000	24	28878.0000	1332	1390874.0000	4121	4302860.0000	-2789	-2911986.0000
20110720	櫃買期貨            	GTF    	A         	398	209005.0000	406	213221.0000	-8	-4216.0000	28	14706.0000	130	68274.0000	-102	-53568.0000
20110720	櫃買期貨            	GTF    	B         	10	5233.0000	0	.0000	10	5233.0000	110	57772.0000	0	.0000	110	57772.0000
20110720	櫃買期貨            	GTF    	C         	0	.0000	0	.0000	0	.0000	0	.0000	0	.0000	0	.0000
20110720	摩臺期              	MSF    	A         	0	.0000	0	.0000	0	.0000	0	.0000	0	.0000	0	.0000
20110720	摩臺期              	MSF    	B         	0	.0000	0	.0000	0	.0000	0	.0000	0	.0000	0	.0000
20110720	摩臺期              	MSF    	C         	0	.0000	0	.0000	0	.0000	0	.0000	0	.0000	0	.0000
20110720	小型臺指            	MXF    	A         	13382	5757966.0000	8631	3714912.0000	4751	2043054.0000	4098	1767043.0000	5428	2339108.0000	-1330	-572065.0000
20110720	小型臺指            	MXF    	B         	55	23780.0000	108	46268.0000	-53	-22488.0000	11	4750.0000	160	69088.0000	-149	-64338.0000
20110720	小型臺指            	MXF    	C         	12732	5469512.0000	7849	3378959.0000	4883	2090553.0000	2503	1079201.0000	2130	917141.0000	373	162060.0000
20110720	股票期貨            	STF    	A         	7593	543911.0000	8884	620792.0000	-1291	-76881.0000	9388	583550.0000	12349	868359.0000	-2961	-284809.0000
20110720	股票期貨            	STF    	B         	0	.0000	0	.0000	0	.0000	7815	1158355.0000	0	.0000	7815	1158355.0000
20110720	股票期貨            	STF    	C         	560	73548.0000	220	43860.0000	340	29689.0000	914	180705.0000	16115	1603996.0000	-15201	-1423291.0000
20110720	臺灣50期貨          	T5F    	A         	0	.0000	0	.0000	0	.0000	500	283800.0000	0	.0000	500	283800.0000
20110720	臺灣50期貨          	T5F    	B         	0	.0000	0	.0000	0	.0000	0	.0000	0	.0000	0	.0000
20110720	臺灣50期貨          	T5F    	C         	0	.0000	0	.0000	0	.0000	0	.0000	500	283800.0000	-500	-283800.0000
20110720	臺股期貨            	TXF    	A         	31508	54377438.0000	31691	54711285.0000	-183	-333847.0000	5776	9955314.0000	4481	7729165.0000	1295	2226149.0000
20110720	臺股期貨            	TXF    	B         	2743	4731194.0000	1214	2104168.0000	1529	2627026.0000	3751	6478727.0000	260	449072.0000	3491	6029655.0000
20110720	臺股期貨            	TXF    	C         	37062	63662299.0000	29920	51345271.0000	7142	12317028.0000	27992	48313494.0000	36238	62535664.0000	-8246	-14222170.0000
20110720	非金電期貨          	XIF    	A         	980	1210498.0000	1053	1301777.0000	-73	-91279.0000	518	639309.0000	164	201915.0000	354	437394.0000
20110720	非金電期貨          	XIF    	B         	17	20922.0000	17	21027.0000	0	-105.0000	30	37050.0000	0	.0000	30	37050.0000
20110720	非金電期貨          	XIF    	C         	448	552592.0000	404	497668.0000	44	54924.0000	541	668135.0000	872	1076769.0000	-331	-408634.0000
20110721	電子期貨            	EXF    	A         	600	732287.0000	716	873965.0000	-116	-141678.0000	1160	1420117.0000	534	653733.0000	626	766384.0000
20110721	電子期貨            	EXF    	B         	4	4899.0000	3	3666.0000	1	1233.0000	178	218014.0000	0	.0000	178	218014.0000
20110721	電子期貨            	EXF    	C         	771	941228.0000	1000	1220883.0000	-229	-279655.0000	1842	2256082.0000	4537	5556483.0000	-2695	-3300401.0000
20110721	金融期貨            	FXF    	A         	515	537149.0000	459	478748.0000	56	58401.0000	780	812516.0000	327	340125.0000	453	472391.0000
20110721	金融期貨            	FXF    	B         	145	151772.0000	50	52172.0000	95	99600.0000	584	608411.0000	75	78135.0000	509	530276.0000
20110721	金融期貨            	FXF    	C         	609	634921.0000	901	940539.0000	-292	-305618.0000	1108	1154314.0000	4189	4363469.0000	-3081	-3209155.0000
20110721	櫃買期貨            	GTF    	A         	12	6269.0000	31	16190.0000	-19	-9921.0000	30	15642.0000	151	78771.0000	-121	-63129.0000
20110721	櫃買期貨            	GTF    	B         	0	.0000	0	.0000	0	.0000	110	57354.0000	0	.0000	110	57354.0000
20110721	櫃買期貨            	GTF    	C         	0	.0000	0	.0000	0	.0000	0	.0000	0	.0000	0	.0000
20110721	摩臺期              	MSF    	A         	0	.0000	0	.0000	0	.0000	0	.0000	0	.0000	0	.0000
20110721	摩臺期              	MSF    	B         	0	.0000	0	.0000	0	.0000	0	.0000	0	.0000	0	.0000
20110721	摩臺期              	MSF    	C         	0	.0000	0	.0000	0	.0000	0	.0000	0	.0000	0	.0000
20110721	小型臺指            	MXF    	A         	2314	998661.0000	2255	973135.0000	59	25526.0000	1788	771089.0000	5323	2298177.0000	-3535	-1527088.0000
20110721	小型臺指            	MXF    	B         	12	5190.0000	0	.0000	12	5190.0000	23	9949.0000	160	69208.0000	-137	-59259.0000
20110721	小型臺指            	MXF    	C         	5589	2411977.0000	6658	2873560.0000	-1069	-461583.0000	1778	767755.0000	2450	1057126.0000	-672	-289371.0000
20110721	股票期貨            	STF    	A         	6503	405001.0000	12575	718296.0000	-6072	-313295.0000	9938	626457.0000	18971	1230658.0000	-9033	-604201.0000
20110721	股票期貨            	STF    	B         	588	114161.0000	0	.0000	588	114161.0000	8403	1275539.0000	0	.0000	8403	1275539.0000
20110721	股票期貨            	STF    	C         	331	20085.0000	909	130661.0000	-578	-110576.0000	924	186414.0000	16703	1719490.0000	-15779	-1533076.0000
20110721	臺灣50期貨          	T5F    	A         	0	.0000	0	.0000	0	.0000	500	283800.0000	0	.0000	500	283800.0000
20110721	臺灣50期貨          	T5F    	B         	0	.0000	0	.0000	0	.0000	0	.0000	0	.0000	0	.0000
20110721	臺灣50期貨          	T5F    	C         	0	.0000	0	.0000	0	.0000	0	.0000	500	283800.0000	-500	-283800.0000
20110721	臺股期貨            	TXF    	A         	8854	15293251.0000	8643	14925545.0000	211	367706.0000	6097	10529663.0000	4025	6953842.0000	2072	3575821.0000
20110721	臺股期貨            	TXF    	B         	104	179830.0000	97	167469.0000	7	12361.0000	3801	6576490.0000	303	524251.0000	3498	6052239.0000
20110721	臺股期貨            	TXF    	C         	10444	18030444.0000	11085	19136614.0000	-641	-1106170.0000	29120	50347469.0000	38013	65717316.0000	-8893	-15369847.0000
20110721	非金電期貨          	XIF    	A         	164	203304.0000	143	177256.0000	21	26048.0000	542	672058.0000	167	206574.0000	375	465484.0000
20110721	非金電期貨          	XIF    	B         	0	.0000	0	.0000	0	.0000	30	37224.0000	0	.0000	30	37224.0000
20110721	非金電期貨          	XIF    	C         	121	149939.0000	202	250494.0000	-81	-100555.0000	545	676236.0000	957	1187316.0000	-412	-511080.0000
20110722	電子期貨            	EXF    	A         	734	904511.0000	965	1187768.0000	-231	-283257.0000	1025	1256464.0000	630	771950.0000	395	484514.0000
20110722	電子期貨            	EXF    	B         	0	.0000	0	.0000	0	.0000	178	218299.0000	0	.0000	178	218299.0000
20110722	電子期貨            	EXF    	C         	993	1222721.0000	618	761410.0000	375	461310.0000	2081	2551958.0000	4401	5396984.0000	-2320	-2845026.0000
20110722	金融期貨            	FXF    	A         	694	727266.0000	490	513758.0000	204	213508.0000	959	1006135.0000	302	316572.0000	657	689563.0000
20110722	金融期貨            	FXF    	B         	18	18904.0000	105	110348.0000	-87	-91444.0000	542	568666.0000	120	125904.0000	422	442762.0000
20110722	金融期貨            	FXF    	C         	777	813653.0000	545	570770.0000	232	242883.0000	1257	1318844.0000	4106	4307545.0000	-2849	-2988701.0000
20110722	櫃買期貨            	GTF    	A         	64	33683.0000	65	34011.0000	-1	-328.0000	32	16821.0000	154	80874.0000	-122	-64053.0000
20110722	櫃買期貨            	GTF    	B         	0	.0000	0	.0000	0	.0000	110	57838.0000	0	.0000	110	57838.0000
20110722	櫃買期貨            	GTF    	C         	0	.0000	0	.0000	0	.0000	0	.0000	0	.0000	0	.0000
20110722	摩臺期              	MSF    	A         	0	.0000	0	.0000	0	.0000	0	.0000	0	.0000	0	.0000
20110722	摩臺期              	MSF    	B         	0	.0000	0	.0000	0	.0000	0	.0000	0	.0000	0	.0000
20110722	摩臺期              	MSF    	C         	0	.0000	0	.0000	0	.0000	0	.0000	0	.0000	0	.0000
20110722	小型臺指            	MXF    	A         	3274	1425005.0000	2906	1264825.0000	368	160181.0000	2176	943257.0000	5343	2318521.0000	-3167	-1375264.0000
20110722	小型臺指            	MXF    	B         	16	6961.0000	0	.0000	16	6961.0000	39	16953.0000	160	69552.0000	-121	-52599.0000
20110722	小型臺指            	MXF    	C         	7875	3428621.0000	7162	3118372.0000	713	310250.0000	1891	820566.0000	2358	1022331.0000	-467	-201765.0000
20110722	股票期貨            	STF    	A         	6455	319331.0000	6768	357275.0000	-313	-37944.0000	10446	665399.0000	19792	1293116.0000	-9346	-627717.0000
20110722	股票期貨            	STF    	B         	0	.0000	0	.0000	0	.0000	8403	1285163.0000	0	.0000	8403	1285163.0000
20110722	股票期貨            	STF    	C         	306	13519.0000	340	15434.0000	-34	-1914.0000	935	190078.0000	16748	1735431.0000	-15813	-1545353.0000
20110722	臺灣50期貨          	T5F    	A         	0	.0000	1	590.0000	-1	-590.0000	500	286850.0000	1	590.0000	499	286260.0000
20110722	臺灣50期貨          	T5F    	B         	0	.0000	0	.0000	0	.0000	0	.0000	0	.0000	0	.0000
20110722	臺灣50期貨          	T5F    	C         	0	.0000	0	.0000	0	.0000	0	.0000	500	286850.0000	-500	-286850.0000
20110722	臺股期貨            	TXF    	A         	13521	23557694.0000	12720	22163262.0000	801	1394432.0000	6628	11504170.0000	3755	6518708.0000	2873	4985462.0000
20110722	臺股期貨            	TXF    	B         	35	61060.0000	144	250671.0000	-109	-189612.0000	3826	6652649.0000	437	759856.0000	3389	5892793.0000
20110722	臺股期貨            	TXF    	C         	14235	24799747.0000	13198	22991790.0000	1037	1807958.0000	30887	53669059.0000	38616	67090530.0000	-7729	-13421471.0000
20110722	非金電期貨          	XIF    	A         	228	285687.0000	162	202976.0000	66	82711.0000	599	749270.0000	158	197170.0000	441	552100.0000
20110722	非金電期貨          	XIF    	B         	0	.0000	0	.0000	0	.0000	30	37548.0000	0	.0000	30	37548.0000
20110722	非金電期貨          	XIF    	C         	339	425011.0000	429	537766.0000	-90	-112755.0000	678	848585.0000	1180	1476817.0000	-502	-628232.0000
20110725	電子期貨            	EXF    	A         	996	1213102.0000	782	952672.0000	214	260430.0000	1377	1670694.0000	768	931166.0000	609	739528.0000
20110725	電子期貨            	EXF    	B         	3	3642.0000	150	182432.0000	-147	-178790.0000	181	219662.0000	150	182040.0000	31	37622.0000
20110725	電子期貨            	EXF    	C         	832	1013407.0000	1126	1371819.0000	-294	-358411.0000	2118	2570208.0000	4732	5742421.0000	-2614	-3172213.0000
20110725	金融期貨            	FXF    	A         	699	728262.0000	715	744671.0000	-16	-16409.0000	1026	1062472.0000	385	398353.0000	641	664119.0000
20110725	金融期貨            	FXF    	B         	0	.0000	0	.0000	0	.0000	542	561295.0000	120	124272.0000	422	437023.0000
20110725	金融期貨            	FXF    	C         	836	870256.0000	963	1002504.0000	-127	-132248.0000	1309	1355600.0000	4285	4436851.0000	-2976	-3081251.0000
20110725	櫃買期貨            	GTF    	A         	61	31703.0000	60	31181.0000	1	521.0000	27	13956.0000	148	76421.0000	-121	-62465.0000
20110725	櫃買期貨            	GTF    	B         	0	.0000	0	.0000	0	.0000	110	56892.0000	0	.0000	110	56892.0000
20110725	櫃買期貨            	GTF    	C         	0	.0000	0	.0000	0	.0000	0	.0000	0	.0000	0	.0000
20110725	摩臺期              	MSF    	A         	0	.0000	0	.0000	0	.0000	0	.0000	0	.0000	0	.0000
20110725	摩臺期              	MSF    	B         	0	.0000	0	.0000	0	.0000	0	.0000	0	.0000	0	.0000
20110725	摩臺期              	MSF    	C         	0	.0000	0	.0000	0	.0000	0	.0000	0	.0000	0	.0000
20110725	小型臺指            	MXF    	A         	4642	2002579.0000	5060	2182914.0000	-418	-180335.0000	1712	734358.0000	5161	2216560.0000	-3449	-1482202.0000
20110725	小型臺指            	MXF    	B         	2	861.0000	16	6884.0000	-14	-6024.0000	25	10756.0000	160	68840.0000	-135	-58084.0000
20110725	小型臺指            	MXF    	C         	10214	4406987.0000	11973	5164468.0000	-1759	-757481.0000	1710	735007.0000	2740	1176136.0000	-1030	-441129.0000
20110725	股票期貨            	STF    	A         	6304	373455.0000	8830	471030.0000	-2526	-97575.0000	10765	671975.0000	22637	1385935.0000	-11872	-713960.0000
20110725	股票期貨            	STF    	B         	469	92595.0000	0	.0000	469	92595.0000	8872	1378617.0000	0	.0000	8872	1378617.0000
20110725	股票期貨            	STF    	C         	201	10337.0000	659	95128.0000	-458	-84791.0000	945	189668.0000	17216	1816293.0000	-16271	-1626625.0000
20110725	臺灣50期貨          	T5F    	A         	0	.0000	0	.0000	0	.0000	500	286800.0000	1	590.0000	499	286210.0000
20110725	臺灣50期貨          	T5F    	B         	0	.0000	0	.0000	0	.0000	0	.0000	0	.0000	0	.0000
20110725	臺灣50期貨          	T5F    	C         	0	.0000	0	.0000	0	.0000	0	.0000	500	286800.0000	-500	-286800.0000
20110725	臺股期貨            	TXF    	A         	19760	34100061.0000	20574	35505297.0000	-814	-1405236.0000	6111	10498393.0000	4086	7022526.0000	2025	3475867.0000
20110725	臺股期貨            	TXF    	B         	189	325708.0000	53	91345.0000	136	234363.0000	3967	6827207.0000	442	760682.0000	3525	6066525.0000
20110725	臺股期貨            	TXF    	C         	14383	24826792.0000	16807	29013022.0000	-2424	-4186231.0000	28561	49117121.0000	39013	67089001.0000	-10452	-17971880.0000
20110725	非金電期貨          	XIF    	A         	483	601081.0000	316	392813.0000	167	208269.0000	780	967195.0000	172	212743.0000	608	754452.0000
20110725	非金電期貨          	XIF    	B         	0	.0000	0	.0000	0	.0000	30	37218.0000	0	.0000	30	37218.0000
20110725	非金電期貨          	XIF    	C         	218	271877.0000	328	409002.0000	-110	-137126.0000	626	776616.0000	1238	1535757.0000	-612	-759141.0000
20110726	電子期貨            	EXF    	A         	1209	1487730.0000	879	1082141.0000	330	405589.0000	1624	2013264.0000	685	848134.0000	939	1165130.0000
20110726	電子期貨            	EXF    	B         	1	1240.0000	50	61788.0000	-49	-60548.0000	182	225716.0000	200	248040.0000	-18	-22324.0000
20110726	電子期貨            	EXF    	C         	1095	1347011.0000	1323	1631431.0000	-228	-284420.0000	2118	2626430.0000	4960	6150899.0000	-2842	-3524469.0000
20110726	金融期貨            	FXF    	A         	644	671640.0000	671	700440.0000	-27	-28800.0000	975	1023273.0000	361	378620.0000	614	644653.0000
20110726	金融期貨            	FXF    	B         	154	160919.0000	15	15717.0000	139	145202.0000	681	714914.0000	120	125976.0000	561	588938.0000
20110726	金融期貨            	FXF    	C         	780	814197.0000	657	685133.0000	123	129063.0000	1422	1492816.0000	4275	4486951.0000	-2853	-2994135.0000
20110726	櫃買期貨            	GTF    	A         	28	14604.0000	39	20351.0000	-11	-5747.0000	19	9939.0000	151	78947.0000	-132	-69008.0000
20110726	櫃買期貨            	GTF    	B         	0	.0000	0	.0000	0	.0000	110	57596.0000	0	.0000	110	57596.0000
20110726	櫃買期貨            	GTF    	C         	0	.0000	0	.0000	0	.0000	0	.0000	0	.0000	0	.0000
20110726	摩臺期              	MSF    	A         	0	.0000	0	.0000	0	.0000	0	.0000	0	.0000	0	.0000
20110726	摩臺期              	MSF    	B         	0	.0000	0	.0000	0	.0000	0	.0000	0	.0000	0	.0000
20110726	摩臺期              	MSF    	C         	0	.0000	0	.0000	0	.0000	0	.0000	0	.0000	0	.0000
20110726	小型臺指            	MXF    	A         	5880	2551050.0000	4846	2105598.0000	1034	445452.0000	2933	1277315.0000	5464	2381851.0000	-2531	-1104536.0000
20110726	小型臺指            	MXF    	B         	20	8737.0000	0	.0000	20	8737.0000	45	19652.0000	160	69872.0000	-115	-50220.0000
20110726	小型臺指            	MXF    	C         	11511	4991311.0000	9973	4328518.0000	1538	662793.0000	2073	904032.0000	2749	1197692.0000	-676	-293660.0000
20110726	股票期貨            	STF    	A         	9474	455284.0000	18435	821517.0000	-8961	-366233.0000	11026	711816.0000	31859	1780050.0000	-20833	-1068234.0000
20110726	股票期貨            	STF    	B         	603	118032.0000	0	.0000	603	118032.0000	9475	1519804.0000	0	.0000	9475	1519804.0000
20110726	股票期貨            	STF    	C         	177	33798.0000	791	132926.0000	-614	-99127.0000	940	211386.0000	17825	1960163.0000	-16885	-1748777.0000
20110726	臺灣50期貨          	T5F    	A         	0	.0000	0	.0000	0	.0000	500	287300.0000	1	591.0000	499	286709.0000
20110726	臺灣50期貨          	T5F    	B         	0	.0000	0	.0000	0	.0000	0	.0000	0	.0000	0	.0000
20110726	臺灣50期貨          	T5F    	C         	0	.0000	0	.0000	0	.0000	0	.0000	500	287300.0000	-500	-287300.0000
20110726	臺股期貨            	TXF    	A         	21113	36689583.0000	20647	35897211.0000	466	792373.0000	7413	12924241.0000	4893	8536679.0000	2520	4387562.0000
20110726	臺股期貨            	TXF    	B         	38	66274.0000	174	303107.0000	-136	-236833.0000	3975	6943530.0000	586	1023625.0000	3389	5919905.0000
20110726	臺股期貨            	TXF    	C         	17771	30836057.0000	15108	26236774.0000	2663	4599283.0000	31556	55077889.0000	39049	68147068.0000	-7493	-13069179.0000
20110726	非金電期貨          	XIF    	A         	195	242300.0000	195	242180.0000	0	120.0000	801	1001463.0000	193	240673.0000	608	760790.0000
20110726	非金電期貨          	XIF    	B         	2	2502.0000	0	.0000	2	2502.0000	32	40032.0000	0	.0000	32	40032.0000
20110726	非金電期貨          	XIF    	C         	282	350667.0000	143	178161.0000	139	172506.0000	712	890712.0000	1185	1482203.0000	-473	-591491.0000
20110727	電子期貨            	EXF    	A         	700	869551.0000	704	875053.0000	-4	-5502.0000	1656	2061195.0000	721	896326.0000	935	1164869.0000
20110727	電子期貨            	EXF    	B         	2	2491.0000	0	.0000	2	2491.0000	184	229117.0000	200	249040.0000	-16	-19923.0000
20110727	電子期貨            	EXF    	C         	823	1022259.0000	729	905536.0000	94	116724.0000	2279	2837433.0000	5027	6259118.0000	-2748	-3421685.0000
20110727	金融期貨            	FXF    	A         	604	636922.0000	581	612711.0000	23	24211.0000	1046	1104136.0000	409	431607.0000	637	672529.0000
20110727	金融期貨            	FXF    	B         	121	127863.0000	0	.0000	121	127863.0000	802	847072.0000	120	126744.0000	682	720328.0000
20110727	金融期貨            	FXF    	C         	1054	1110334.0000	769	810495.0000	285	299839.0000	1570	1658234.0000	4138	4368703.0000	-2568	-2710469.0000
20110727	櫃買期貨            	GTF    	A         	8	4226.0000	3	1592.0000	5	2634.0000	21	11105.0000	148	78209.0000	-127	-67104.0000
20110727	櫃買期貨            	GTF    	B         	0	.0000	0	.0000	0	.0000	110	58278.0000	0	.0000	110	58278.0000
20110727	櫃買期貨            	GTF    	C         	0	.0000	0	.0000	0	.0000	0	.0000	0	.0000	0	.0000
20110727	摩臺期              	MSF    	A         	0	.0000	0	.0000	0	.0000	0	.0000	0	.0000	0	.0000
20110727	摩臺期              	MSF    	B         	0	.0000	0	.0000	0	.0000	0	.0000	0	.0000	0	.0000
20110727	摩臺期              	MSF    	C         	0	.0000	0	.0000	0	.0000	0	.0000	0	.0000	0	.0000
20110727	小型臺指            	MXF    	A         	3696	1615598.0000	3335	1457643.0000	361	157955.0000	2926	1277558.0000	5300	2317197.0000	-2374	-1039639.0000
20110727	小型臺指            	MXF    	B         	12	5257.0000	0	.0000	12	5257.0000	57	24969.0000	160	70088.0000	-103	-45119.0000
20110727	小型臺指            	MXF    	C         	8234	3598652.0000	7525	3288552.0000	709	310100.0000	1934	845972.0000	2985	1304335.0000	-1051	-458363.0000
20110727	股票期貨            	STF    	A         	4553	264787.0000	15306	722049.0000	-10753	-457263.0000	11176	708167.0000	42762	2242228.0000	-31586	-1534061.0000
20110727	股票期貨            	STF    	B         	682	125550.0000	0	.0000	682	125550.0000	10157	1631632.0000	0	.0000	10157	1631632.0000
20110727	股票期貨            	STF    	C         	61	5831.0000	772	133716.0000	-711	-127885.0000	979	217403.0000	18575	2081342.0000	-17596	-1863939.0000
20110727	臺灣50期貨          	T5F    	A         	0	.0000	0	.0000	0	.0000	500	287350.0000	1	591.0000	499	286759.0000
20110727	臺灣50期貨          	T5F    	B         	0	.0000	0	.0000	0	.0000	0	.0000	0	.0000	0	.0000
20110727	臺灣50期貨          	T5F    	C         	0	.0000	0	.0000	0	.0000	0	.0000	500	287350.0000	-500	-287350.0000
20110727	臺股期貨            	TXF    	A         	13223	23126667.0000	12874	22516627.0000	349	610040.0000	7780	13605066.0000	4860	8504916.0000	2920	5100150.0000
20110727	臺股期貨            	TXF    	B         	117	204911.0000	46	80527.0000	71	124384.0000	4038	7075384.0000	581	1018028.0000	3457	6057356.0000
20110727	臺股期貨            	TXF    	C         	12549	21946484.0000	11535	20170616.0000	1014	1775868.0000	31864	55785901.0000	38072	66640190.0000	-6208	-10854289.0000
20110727	非金電期貨          	XIF    	A         	104	129428.0000	171	212700.0000	-67	-83272.0000	769	961582.0000	228	284554.0000	541	677028.0000
20110727	非金電期貨          	XIF    	B         	0	.0000	0	.0000	0	.0000	32	40042.0000	0	.0000	32	40042.0000
20110727	非金電期貨          	XIF    	C         	108	134361.0000	92	114758.0000	16	19603.0000	709	887172.0000	1166	1458747.0000	-457	-571575.0000
20110728	電子期貨            	EXF    	A         	915	1125380.0000	922	1134184.0000	-7	-8804.0000	1571	1939576.0000	643	792638.0000	928	1146938.0000
20110728	電子期貨            	EXF    	B         	4	4938.0000	40	49029.0000	-36	-44091.0000	188	232218.0000	240	296448.0000	-52	-64230.0000
20110728	電子期貨            	EXF    	C         	1309	1610177.0000	890	1095536.0000	419	514642.0000	2110	2605922.0000	4439	5482518.0000	-2329	-2876596.0000
20110728	金融期貨            	FXF    	A         	502	527820.0000	464	487857.0000	38	39963.0000	1109	1168332.0000	434	457052.0000	675	711280.0000
20110728	金融期貨            	FXF    	B         	4	4215.0000	0	.0000	4	4215.0000	806	849685.0000	120	126504.0000	686	723181.0000
20110728	金融期貨            	FXF    	C         	600	631213.0000	837	879456.0000	-237	-248243.0000	1278	1347268.0000	4083	4302403.0000	-2805	-2955135.0000
20110728	櫃買期貨            	GTF    	A         	6	3166.0000	7	3694.0000	-1	-528.0000	18	9508.0000	146	77076.0000	-128	-67568.0000
20110728	櫃買期貨            	GTF    	B         	0	.0000	0	.0000	0	.0000	110	58124.0000	0	.0000	110	58124.0000
20110728	櫃買期貨            	GTF    	C         	0	.0000	0	.0000	0	.0000	0	.0000	0	.0000	0	.0000
20110728	摩臺期              	MSF    	A         	0	.0000	0	.0000	0	.0000	0	.0000	0	.0000	0	.0000
20110728	摩臺期              	MSF    	B         	0	.0000	0	.0000	0	.0000	0	.0000	0	.0000	0	.0000
20110728	摩臺期              	MSF    	C         	0	.0000	0	.0000	0	.0000	0	.0000	0	.0000	0	.0000
20110728	小型臺指            	MXF    	A         	6274	2729580.0000	6534	2839406.0000	-260	-109826.0000	2767	1203762.0000	5313	2313810.0000	-2546	-1110048.0000
20110728	小型臺指            	MXF    	B         	0	.0000	3	1309.0000	-3	-1309.0000	54	23560.0000	160	69808.0000	-106	-46248.0000
20110728	小型臺指            	MXF    	C         	9564	4158158.0000	11327	4921779.0000	-1763	-763620.0000	1788	779312.0000	3070	1336291.0000	-1282	-556979.0000
20110728	股票期貨            	STF    	A         	8220	543982.0000	8421	455831.0000	-201	88151.0000	11078	696913.0000	42865	2098749.0000	-31787	-1401836.0000
20110728	股票期貨            	STF    	B         	900	135730.0000	0	.0000	900	135730.0000	11057	1766412.0000	0	.0000	11057	1766412.0000
20110728	股票期貨            	STF    	C         	148	16710.0000	1092	156455.0000	-944	-139745.0000	1026	216464.0000	19566	2212203.0000	-18540	-1995739.0000
20110728	臺灣50期貨          	T5F    	A         	0	.0000	0	.0000	0	.0000	500	285600.0000	1	588.0000	499	285012.0000
20110728	臺灣50期貨          	T5F    	B         	0	.0000	0	.0000	0	.0000	0	.0000	0	.0000	0	.0000
20110728	臺灣50期貨          	T5F    	C         	0	.0000	0	.0000	0	.0000	0	.0000	500	285600.0000	-500	-285600.0000
20110728	臺股期貨            	TXF    	A         	19154	33327519.0000	18939	32947134.0000	215	380385.0000	7661	13345564.0000	4548	7927291.0000	3113	5418273.0000
20110728	臺股期貨            	TXF    	B         	151	263428.0000	194	337145.0000	-43	-73717.0000	4157	7254796.0000	743	1296684.0000	3414	5958112.0000
20110728	臺股期貨            	TXF    	C         	14554	25319576.0000	15919	27689664.0000	-1365	-2370088.0000	32102	55979344.0000	40058	69844357.0000	-7956	-13865013.0000
20110728	非金電期貨          	XIF    	A         	168	209810.0000	190	237277.0000	-22	-27467.0000	726	908417.0000	207	258454.0000	519	649963.0000
20110728	非金電期貨          	XIF    	B         	0	.0000	0	.0000	0	.0000	32	40070.0000	0	.0000	32	40070.0000
20110728	非金電期貨          	XIF    	C         	170	212273.0000	247	308458.0000	-77	-96185.0000	560	701232.0000	1094	1369599.0000	-534	-668367.0000
20110729	電子期貨            	EXF    	A         	993	1209447.0000	1273	1550791.0000	-280	-341344.0000	1418	1717974.0000	770	931500.0000	648	786474.0000
20110729	電子期貨            	EXF    	B         	3	3636.0000	0	.0000	3	3636.0000	191	231492.0000	240	290880.0000	-49	-59388.0000
20110729	電子期貨            	EXF    	C         	1362	1658026.0000	1267	1542785.0000	95	115241.0000	2005	2429765.0000	4239	5137271.0000	-2234	-2707506.0000
20110729	金融期貨            	FXF    	A         	863	900308.0000	1120	1168635.0000	-257	-268327.0000	953	988360.0000	535	554931.0000	418	433429.0000
20110729	金融期貨            	FXF    	B         	57	59167.0000	50	52048.0000	7	7119.0000	775	804450.0000	82	85116.0000	693	719334.0000
20110729	金融期貨            	FXF    	C         	1210	1261078.0000	1458	1520909.0000	-248	-259830.0000	1464	1519632.0000	4517	4686759.0000	-3053	-3167127.0000
20110729	櫃買期貨            	GTF    	A         	14	7322.0000	11	5760.0000	3	1562.0000	22	11490.0000	147	76732.0000	-125	-65242.0000
20110729	櫃買期貨            	GTF    	B         	0	.0000	0	.0000	0	.0000	110	57442.0000	0	.0000	110	57442.0000
20110729	櫃買期貨            	GTF    	C         	0	.0000	0	.0000	0	.0000	0	.0000	0	.0000	0	.0000
20110729	摩臺期              	MSF    	A         	0	.0000	0	.0000	0	.0000	0	.0000	0	.0000	0	.0000
20110729	摩臺期              	MSF    	B         	0	.0000	0	.0000	0	.0000	0	.0000	0	.0000	0	.0000
20110729	摩臺期              	MSF    	C         	0	.0000	0	.0000	0	.0000	0	.0000	0	.0000	0	.0000
20110729	小型臺指            	MXF    	A         	7568	3266952.0000	9253	3994317.0000	-1685	-727365.0000	2020	867106.0000	6363	2735119.0000	-4343	-1868013.0000
20110729	小型臺指            	MXF    	B         	0	.0000	50	21522.0000	-50	-21522.0000	10	4305.0000	166	71463.0000	-156	-67158.0000
20110729	小型臺指            	MXF    	C         	14714	6356990.0000	18493	7990526.0000	-3779	-1633537.0000	1722	740715.0000	3775	1621572.0000	-2053	-880857.0000
20110729	股票期貨            	STF    	A         	9262	424152.0000	5031	267444.0000	4231	156708.0000	11292	706290.0000	38848	1900377.0000	-27556	-1194087.0000
20110729	股票期貨            	STF    	B         	600	95150.0000	0	.0000	600	95150.0000	11657	1842138.0000	0	.0000	11657	1842138.0000
20110729	股票期貨            	STF    	C         	19	1856.0000	656	100847.0000	-637	-98991.0000	1044	212229.0000	20221	2280869.0000	-19177	-2068640.0000
20110729	臺灣50期貨          	T5F    	A         	0	.0000	0	.0000	0	.0000	500	281600.0000	1	580.0000	499	281020.0000
20110729	臺灣50期貨          	T5F    	B         	0	.0000	0	.0000	0	.0000	0	.0000	0	.0000	0	.0000
20110729	臺灣50期貨          	T5F    	C         	0	.0000	0	.0000	0	.0000	0	.0000	500	281600.0000	-500	-281600.0000
20110729	臺股期貨            	TXF    	A         	26972	46614220.0000	29520	51016535.0000	-2548	-4402316.0000	5140	8830465.0000	4547	7819968.0000	593	1010497.0000
20110729	臺股期貨            	TXF    	B         	112	193097.0000	165	284906.0000	-53	-91808.0000	4189	7213458.0000	828	1425816.0000	3361	5787642.0000
20110729	臺股期貨            	TXF    	C         	18999	32830412.0000	21587	37314813.0000	-2588	-4484401.0000	31316	53884933.0000	42612	73312415.0000	-11296	-19427482.0000
20110729	非金電期貨          	XIF    	A         	170	212553.0000	166	207629.0000	4	4924.0000	736	915239.0000	213	264338.0000	523	650901.0000
20110729	非金電期貨          	XIF    	B         	0	.0000	0	.0000	0	.0000	32	39821.0000	0	.0000	32	39821.0000
20110729	非金電期貨          	XIF    	C         	276	344826.0000	160	200110.0000	116	144716.0000	580	721752.0000	998	1241655.0000	-418	-519903.0000
