20110301	電子期貨            	EXF    	A         	822	1099793.0000	1172	1569537.0000	-350	-469743.0000	498	667828.0000	228	305577.0000	270	362251.0000
20110301	電子期貨            	EXF    	B         	0	.0000	10	13323.0000	-10	-13323.0000	137	183827.0000	84	112711.0000	53	71116.0000
20110301	電子期貨            	EXF    	C         	1093	1462667.0000	404	539821.0000	689	922847.0000	2795	3750271.0000	4970	6668711.0000	-2175	-2918440.0000
20110301	金融期貨            	FXF    	A         	601	586396.0000	573	558578.0000	28	27818.0000	1192	1163857.0000	582	567175.0000	610	596682.0000
20110301	金融期貨            	FXF    	B         	0	.0000	0	.0000	0	.0000	143	139625.0000	100	97640.0000	43	41985.0000
20110301	金融期貨            	FXF    	C         	809	789587.0000	1054	1028050.0000	-245	-238462.0000	1487	1451907.0000	7924	7736874.0000	-6437	-6284967.0000
20110301	櫃買期貨            	GTF    	A         	151	85975.0000	234	133346.0000	-83	-47371.0000	38	21669.0000	265	151388.0000	-227	-129719.0000
20110301	櫃買期貨            	GTF    	B         	0	.0000	0	.0000	0	.0000	65	37154.0000	0	.0000	65	37154.0000
20110301	櫃買期貨            	GTF    	C         	0	.0000	0	.0000	0	.0000	0	.0000	0	.0000	0	.0000
20110301	摩臺期              	MSF    	A         	0	.0000	0	.0000	0	.0000	8	7323.0000	0	.0000	8	7323.0000
20110301	摩臺期              	MSF    	B         	0	.0000	0	.0000	0	.0000	0	.0000	0	.0000	0	.0000
20110301	摩臺期              	MSF    	C         	0	.0000	0	.0000	0	.0000	0	.0000	0	.0000	0	.0000
20110301	小型臺指            	MXF    	A         	5939	2573317.0000	5146	2230436.0000	793	342881.0000	1934	835080.0000	5305	2284286.0000	-3371	-1449206.0000
20110301	小型臺指            	MXF    	B         	12	5205.0000	0	.0000	12	5205.0000	0	.0000	15	6518.0000	-15	-6518.0000
20110301	小型臺指            	MXF    	C         	7716	3344064.0000	7252	3142885.0000	464	201179.0000	4508	1955271.0000	2084	881411.0000	2424	1073860.0000
20110301	股票期貨            	STF    	A         	5868	429952.0000	5439	392880.0000	429	37073.0000	3024	224284.0000	4845	381612.0000	-1821	-157328.0000
20110301	股票期貨            	STF    	B         	0	.0000	0	.0000	0	.0000	0	.0000	0	.0000	0	.0000
20110301	股票期貨            	STF    	C         	233	17404.0000	274	16903.0000	-41	502.0000	119	19156.0000	4703	411317.0000	-4584	-392161.0000
20110301	臺灣50期貨          	T5F    	A         	0	.0000	0	.0000	0	.0000	500	298450.0000	0	.0000	500	298450.0000
20110301	臺灣50期貨          	T5F    	B         	0	.0000	0	.0000	0	.0000	0	.0000	0	.0000	0	.0000
20110301	臺灣50期貨          	T5F    	C         	0	.0000	0	.0000	0	.0000	0	.0000	500	298450.0000	-500	-298450.0000
20110301	臺股期貨            	TXF    	A         	16123	27971645.0000	17169	29789390.0000	-1046	-1817745.0000	11437	19815570.0000	7041	12123957.0000	4396	7691613.0000
20110301	臺股期貨            	TXF    	B         	181	314123.0000	48	83185.0000	133	230938.0000	1087	1889193.0000	1364	2370632.0000	-277	-481439.0000
20110301	臺股期貨            	TXF    	C         	12288	21313552.0000	10760	18660854.0000	1528	2652698.0000	24278	42144572.0000	27831	48214081.0000	-3553	-6069509.0000
20110301	非金電期貨          	XIF    	A         	160	180763.0000	188	212446.0000	-28	-31684.0000	110	124443.0000	221	248796.0000	-111	-124353.0000
20110301	非金電期貨          	XIF    	B         	0	.0000	0	.0000	0	.0000	18	20399.0000	0	.0000	18	20399.0000
20110301	非金電期貨          	XIF    	C         	152	172141.0000	69	77914.0000	83	94227.0000	262	296925.0000	10	11315.0000	252	285610.0000
20110302	電子期貨            	EXF    	A         	829	1106605.0000	718	957904.0000	111	148701.0000	581	773739.0000	200	266108.0000	381	507631.0000
20110302	電子期貨            	EXF    	B         	0	.0000	0	.0000	0	.0000	137	182539.0000	84	111922.0000	53	70617.0000
20110302	電子期貨            	EXF    	C         	1372	1830744.0000	1023	1365146.0000	349	465598.0000	3621	4824556.0000	5447	7257545.0000	-1826	-2432989.0000
20110302	金融期貨            	FXF    	A         	884	858529.0000	981	951835.0000	-97	-93306.0000	1186	1148757.0000	673	650709.0000	513	498048.0000
20110302	金融期貨            	FXF    	B         	200	194384.0000	0	.0000	200	194384.0000	343	332230.0000	100	96860.0000	243	235370.0000
20110302	金融期貨            	FXF    	C         	1009	979680.0000	1122	1089951.0000	-113	-110271.0000	1628	1576881.0000	8178	7921115.0000	-6550	-6344234.0000
20110302	櫃買期貨            	GTF    	A         	202	115206.0000	141	80457.0000	61	34749.0000	38	21686.0000	204	116548.0000	-166	-94862.0000
20110302	櫃買期貨            	GTF    	B         	0	.0000	0	.0000	0	.0000	65	37154.0000	0	.0000	65	37154.0000
20110302	櫃買期貨            	GTF    	C         	0	.0000	0	.0000	0	.0000	0	.0000	0	.0000	0	.0000
20110302	摩臺期              	MSF    	A         	0	.0000	0	.0000	0	.0000	8	7269.0000	0	.0000	8	7269.0000
20110302	摩臺期              	MSF    	B         	0	.0000	0	.0000	0	.0000	0	.0000	0	.0000	0	.0000
20110302	摩臺期              	MSF    	C         	0	.0000	0	.0000	0	.0000	0	.0000	0	.0000	0	.0000
20110302	小型臺指            	MXF    	A         	7234	3120504.0000	8413	3623878.0000	-1179	-503374.0000	1597	681813.0000	3959	1681675.0000	-2362	-999862.0000
20110302	小型臺指            	MXF    	B         	0	.0000	0	.0000	0	.0000	0	.0000	15	6451.0000	-15	-6451.0000
20110302	小型臺指            	MXF    	C         	10710	4617520.0000	12159	5239253.0000	-1449	-621733.0000	3477	1491727.0000	2254	943682.0000	1223	548045.0000
20110302	股票期貨            	STF    	A         	5700	353058.0000	5835	356532.0000	-135	-3475.0000	3056	228146.0000	5012	387823.0000	-1956	-159677.0000
20110302	股票期貨            	STF    	B         	0	.0000	0	.0000	0	.0000	0	.0000	0	.0000	0	.0000
20110302	股票期貨            	STF    	C         	220	16615.0000	209	12627.0000	11	3987.0000	114	18157.0000	4687	402470.0000	-4573	-384313.0000
20110302	臺灣50期貨          	T5F    	A         	0	.0000	0	.0000	0	.0000	500	293300.0000	0	.0000	500	293300.0000
20110302	臺灣50期貨          	T5F    	B         	0	.0000	0	.0000	0	.0000	0	.0000	0	.0000	0	.0000
20110302	臺灣50期貨          	T5F    	C         	0	.0000	0	.0000	0	.0000	0	.0000	500	293300.0000	-500	-293300.0000
20110302	臺股期貨            	TXF    	A         	24588	42412283.0000	27149	46822783.0000	-2561	-4410500.0000	8728	14952587.0000	7440	12685485.0000	1288	2267102.0000
20110302	臺股期貨            	TXF    	B         	434	749945.0000	225	387910.0000	209	362035.0000	1452	2497712.0000	1520	2614704.0000	-68	-116992.0000
20110302	臺股期貨            	TXF    	C         	18167	31339586.0000	15084	26017630.0000	3083	5321956.0000	25188	43277977.0000	25720	44088064.0000	-532	-810087.0000
20110302	非金電期貨          	XIF    	A         	402	451378.0000	410	459501.0000	-8	-8123.0000	202	225158.0000	321	356451.0000	-119	-131293.0000
20110302	非金電期貨          	XIF    	B         	0	.0000	0	.0000	0	.0000	18	20079.0000	0	.0000	18	20079.0000
20110302	非金電期貨          	XIF    	C         	231	259172.0000	283	318082.0000	-52	-58910.0000	272	303416.0000	72	80297.0000	200	223119.0000
20110303	電子期貨            	EXF    	A         	911	1226728.0000	944	1272606.0000	-33	-45878.0000	628	849955.0000	280	378851.0000	348	471104.0000
20110303	電子期貨            	EXF    	B         	0	.0000	10	13440.0000	-10	-13440.0000	127	171958.0000	84	113736.0000	43	58222.0000
20110303	電子期貨            	EXF    	C         	1397	1882986.0000	948	1277835.0000	449	605151.0000	3602	4877060.0000	4979	6741538.0000	-1377	-1864478.0000
20110303	金融期貨            	FXF    	A         	1323	1296906.0000	990	970626.0000	333	326280.0000	1437	1415140.0000	591	580916.0000	846	834224.0000
20110303	金融期貨            	FXF    	B         	200	196100.0000	0	.0000	200	196100.0000	443	436266.0000	0	.0000	443	436266.0000
20110303	金融期貨            	FXF    	C         	1000	980862.0000	1046	1025604.0000	-46	-44741.0000	1631	1606209.0000	8227	8101862.0000	-6596	-6495653.0000
20110303	櫃買期貨            	GTF    	A         	126	72786.0000	115	66441.0000	11	6345.0000	59	34161.0000	214	124168.0000	-155	-90007.0000
20110303	櫃買期貨            	GTF    	B         	0	.0000	0	.0000	0	.0000	65	37765.0000	0	.0000	65	37765.0000
20110303	櫃買期貨            	GTF    	C         	0	.0000	0	.0000	0	.0000	0	.0000	0	.0000	0	.0000
20110303	摩臺期              	MSF    	A         	0	.0000	0	.0000	0	.0000	8	7350.0000	0	.0000	8	7350.0000
20110303	摩臺期              	MSF    	B         	0	.0000	0	.0000	0	.0000	0	.0000	0	.0000	0	.0000
20110303	摩臺期              	MSF    	C         	0	.0000	0	.0000	0	.0000	0	.0000	0	.0000	0	.0000
20110303	小型臺指            	MXF    	A         	9804	4261539.0000	5834	2537493.0000	3970	1724047.0000	5212	2272014.0000	3604	1555165.0000	1608	716849.0000
20110303	小型臺指            	MXF    	B         	0	.0000	0	.0000	0	.0000	0	.0000	15	6554.0000	-15	-6554.0000
20110303	小型臺指            	MXF    	C         	12161	5284248.0000	9821	4269551.0000	2340	1014697.0000	3768	1642208.0000	2325	992436.0000	1443	649772.0000
20110303	股票期貨            	STF    	A         	5046	333507.0000	5058	339587.0000	-12	-6080.0000	3193	240215.0000	5161	407985.0000	-1968	-167770.0000
20110303	股票期貨            	STF    	B         	0	.0000	0	.0000	0	.0000	0	.0000	0	.0000	0	.0000
20110303	股票期貨            	STF    	C         	194	11797.0000	285	18240.0000	-91	-6443.0000	115	18729.0000	4779	414088.0000	-4664	-395359.0000
20110303	臺灣50期貨          	T5F    	A         	0	.0000	0	.0000	0	.0000	500	297400.0000	0	.0000	500	297400.0000
20110303	臺灣50期貨          	T5F    	B         	0	.0000	0	.0000	0	.0000	0	.0000	0	.0000	0	.0000
20110303	臺灣50期貨          	T5F    	C         	0	.0000	0	.0000	0	.0000	0	.0000	500	297400.0000	-500	-297400.0000
20110303	臺股期貨            	TXF    	A         	29375	51119658.0000	26954	46932080.0000	2421	4187578.0000	10598	18456047.0000	6889	11931678.0000	3709	6524369.0000
20110303	臺股期貨            	TXF    	B         	334	582493.0000	72	124861.0000	262	457631.0000	1580	2761502.0000	1386	2422293.0000	194	339209.0000
20110303	臺股期貨            	TXF    	C         	12106	21053360.0000	11885	20683289.0000	221	370070.0000	26006	45400726.0000	25787	44912891.0000	219	487835.0000
20110303	非金電期貨          	XIF    	A         	326	366625.0000	302	339709.0000	24	26917.0000	249	281965.0000	344	388154.0000	-95	-106189.0000
20110303	非金電期貨          	XIF    	B         	0	.0000	0	.0000	0	.0000	18	20398.0000	0	.0000	18	20398.0000
20110303	非金電期貨          	XIF    	C         	154	173310.0000	242	272637.0000	-88	-99327.0000	174	197177.0000	62	70230.0000	112	126947.0000
20110304	電子期貨            	EXF    	A         	620	844916.0000	664	904605.0000	-44	-59689.0000	638	868477.0000	334	454601.0000	304	413876.0000
20110304	電子期貨            	EXF    	B         	0	.0000	0	.0000	0	.0000	127	172974.0000	84	114408.0000	43	58566.0000
20110304	電子期貨            	EXF    	C         	860	1171753.0000	564	768279.0000	296	403474.0000	3691	5027082.0000	4772	6499449.0000	-1081	-1472367.0000
20110304	金融期貨            	FXF    	A         	571	564611.0000	846	835954.0000	-275	-271343.0000	1248	1229525.0000	677	665947.0000	571	563578.0000
20110304	金融期貨            	FXF    	B         	0	.0000	0	.0000	0	.0000	443	436444.0000	0	.0000	443	436444.0000
20110304	金融期貨            	FXF    	C         	569	562452.0000	624	617140.0000	-55	-54688.0000	1657	1632476.0000	8308	8184962.0000	-6651	-6552486.0000
20110304	櫃買期貨            	GTF    	A         	164	95148.0000	167	96907.0000	-3	-1758.0000	64	36778.0000	222	127758.0000	-158	-90980.0000
20110304	櫃買期貨            	GTF    	B         	0	.0000	0	.0000	0	.0000	65	37440.0000	0	.0000	65	37440.0000
20110304	櫃買期貨            	GTF    	C         	0	.0000	0	.0000	0	.0000	0	.0000	0	.0000	0	.0000
20110304	摩臺期              	MSF    	A         	0	.0000	0	.0000	0	.0000	8	7344.0000	0	.0000	8	7344.0000
20110304	摩臺期              	MSF    	B         	0	.0000	0	.0000	0	.0000	0	.0000	0	.0000	0	.0000
20110304	摩臺期              	MSF    	C         	0	.0000	0	.0000	0	.0000	0	.0000	0	.0000	0	.0000
20110304	小型臺指            	MXF    	A         	4454	1954327.0000	4242	1859900.0000	212	94427.0000	5349	2337664.0000	3493	1510384.0000	1856	827280.0000
20110304	小型臺指            	MXF    	B         	6	2633.0000	0	.0000	6	2633.0000	0	.0000	9	3942.0000	-9	-3942.0000
20110304	小型臺指            	MXF    	C         	7214	3163373.0000	7230	3171131.0000	-16	-7758.0000	3622	1581785.0000	2547	1092603.0000	1075	489182.0000
20110304	股票期貨            	STF    	A         	5743	303135.0000	5333	258504.0000	410	44631.0000	3307	264307.0000	4865	388594.0000	-1558	-124287.0000
20110304	股票期貨            	STF    	B         	0	.0000	0	.0000	0	.0000	0	.0000	0	.0000	0	.0000
20110304	股票期貨            	STF    	C         	170	7868.0000	235	12280.0000	-65	-4412.0000	221	22985.0000	4950	426691.0000	-4729	-403706.0000
20110304	臺灣50期貨          	T5F    	A         	0	.0000	0	.0000	0	.0000	500	300550.0000	0	.0000	500	300550.0000
20110304	臺灣50期貨          	T5F    	B         	0	.0000	0	.0000	0	.0000	0	.0000	0	.0000	0	.0000
20110304	臺灣50期貨          	T5F    	C         	0	.0000	0	.0000	0	.0000	0	.0000	500	300550.0000	-500	-300550.0000
20110304	臺股期貨            	TXF    	A         	15942	27978931.0000	17267	30302304.0000	-1325	-2323373.0000	9895	17271838.0000	7520	13070460.0000	2375	4201378.0000
20110304	臺股期貨            	TXF    	B         	49	85938.0000	30	52639.0000	19	33299.0000	1581	2770200.0000	1368	2396852.0000	213	373348.0000
20110304	臺股期貨            	TXF    	C         	11533	20240516.0000	10391	18237056.0000	1142	2003460.0000	28125	49226851.0000	26676	46583167.0000	1449	2643684.0000
20110304	非金電期貨          	XIF    	A         	611	692115.0000	502	568497.0000	109	123618.0000	339	383437.0000	325	366062.0000	14	17375.0000
20110304	非金電期貨          	XIF    	B         	0	.0000	0	.0000	0	.0000	18	20374.0000	0	.0000	18	20374.0000
20110304	非金電期貨          	XIF    	C         	74	83846.0000	100	113506.0000	-26	-29660.0000	159	179972.0000	73	82611.0000	86	97361.0000
20110307	電子期貨            	EXF    	A         	667	903676.0000	643	870772.0000	24	32904.0000	630	852357.0000	302	408507.0000	328	443850.0000
20110307	電子期貨            	EXF    	B         	3	4074.0000	5	6761.0000	-2	-2686.0000	127	171907.0000	86	116410.0000	41	55497.0000
20110307	電子期貨            	EXF    	C         	498	674546.0000	507	686725.0000	-9	-12178.0000	3750	5075927.0000	4840	6551407.0000	-1090	-1475480.0000
20110307	金融期貨            	FXF    	A         	884	874549.0000	827	817816.0000	57	56732.0000	1245	1230053.0000	617	608722.0000	628	621331.0000
20110307	金融期貨            	FXF    	B         	0	.0000	0	.0000	0	.0000	443	437684.0000	0	.0000	443	437684.0000
20110307	金融期貨            	FXF    	C         	823	813956.0000	841	830999.0000	-18	-17043.0000	1571	1552148.0000	8240	8140931.0000	-6669	-6588783.0000
20110307	櫃買期貨            	GTF    	A         	152	87484.0000	171	98383.0000	-19	-10900.0000	38	21851.0000	215	123820.0000	-177	-101969.0000
20110307	櫃買期貨            	GTF    	B         	0	.0000	0	.0000	0	.0000	65	37466.0000	0	.0000	65	37466.0000
20110307	櫃買期貨            	GTF    	C         	0	.0000	0	.0000	0	.0000	0	.0000	0	.0000	0	.0000
20110307	摩臺期              	MSF    	A         	0	.0000	0	.0000	0	.0000	8	7295.0000	0	.0000	8	7295.0000
20110307	摩臺期              	MSF    	B         	0	.0000	0	.0000	0	.0000	0	.0000	0	.0000	0	.0000
20110307	摩臺期              	MSF    	C         	0	.0000	0	.0000	0	.0000	0	.0000	0	.0000	0	.0000
20110307	小型臺指            	MXF    	A         	6694	2918623.0000	8182	3561947.0000	-1488	-643324.0000	4330	1882390.0000	4082	1758983.0000	248	123407.0000
20110307	小型臺指            	MXF    	B         	0	.0000	0	.0000	0	.0000	0	.0000	9	3924.0000	-9	-3924.0000
20110307	小型臺指            	MXF    	C         	9237	4025131.0000	10399	4528334.0000	-1162	-503203.0000	2997	1302113.0000	2804	1197827.0000	193	104286.0000
20110307	股票期貨            	STF    	A         	2804	189474.0000	3165	218452.0000	-361	-28977.0000	3246	255730.0000	5165	407284.0000	-1919	-151554.0000
20110307	股票期貨            	STF    	B         	0	.0000	0	.0000	0	.0000	0	.0000	0	.0000	0	.0000
20110307	股票期貨            	STF    	C         	277	34323.0000	321	36324.0000	-44	-2001.0000	255	32417.0000	5028	434829.0000	-4773	-402412.0000
20110307	臺灣50期貨          	T5F    	A         	0	.0000	0	.0000	0	.0000	500	298300.0000	0	.0000	500	298300.0000
20110307	臺灣50期貨          	T5F    	B         	0	.0000	0	.0000	0	.0000	0	.0000	0	.0000	0	.0000
20110307	臺灣50期貨          	T5F    	C         	0	.0000	0	.0000	0	.0000	0	.0000	500	298300.0000	-500	-298300.0000
20110307	臺股期貨            	TXF    	A         	23489	40950734.0000	23770	41429107.0000	-281	-478373.0000	9885	17173840.0000	7761	13427640.0000	2124	3746200.0000
20110307	臺股期貨            	TXF    	B         	54	94136.0000	198	345140.0000	-144	-251005.0000	1584	2762785.0000	1515	2642287.0000	69	120498.0000
20110307	臺股期貨            	TXF    	C         	11394	19862639.0000	12049	20999621.0000	-655	-1136982.0000	27136	47274869.0000	26410	45899305.0000	726	1375564.0000
20110307	非金電期貨          	XIF    	A         	321	360106.0000	275	308305.0000	46	51801.0000	352	395574.0000	292	326534.0000	60	69040.0000
20110307	非金電期貨          	XIF    	B         	0	.0000	0	.0000	0	.0000	18	20237.0000	0	.0000	18	20237.0000
20110307	非金電期貨          	XIF    	C         	147	165043.0000	118	132617.0000	29	32426.0000	189	212493.0000	74	83182.0000	115	129311.0000
20110308	電子期貨            	EXF    	A         	525	712092.0000	524	710318.0000	1	1774.0000	623	844582.0000	294	398418.0000	329	446164.0000
20110308	電子期貨            	EXF    	B         	0	.0000	0	.0000	0	.0000	127	172212.0000	86	116616.0000	41	55596.0000
20110308	電子期貨            	EXF    	C         	349	472957.0000	620	840941.0000	-271	-367984.0000	3504	4751288.0000	4865	6596909.0000	-1361	-1845621.0000
20110308	金融期貨            	FXF    	A         	704	696847.0000	845	835714.0000	-141	-138867.0000	1051	1038369.0000	564	556016.0000	487	482353.0000
20110308	金融期貨            	FXF    	B         	0	.0000	0	.0000	0	.0000	443	437684.0000	0	.0000	443	437684.0000
20110308	金融期貨            	FXF    	C         	511	505871.0000	572	565594.0000	-61	-59723.0000	1617	1597596.0000	8347	8246320.0000	-6730	-6648724.0000
20110308	櫃買期貨            	GTF    	A         	127	73520.0000	115	66561.0000	12	6959.0000	62	35875.0000	227	131369.0000	-165	-95494.0000
20110308	櫃買期貨            	GTF    	B         	0	.0000	0	.0000	0	.0000	65	37622.0000	0	.0000	65	37622.0000
20110308	櫃買期貨            	GTF    	C         	0	.0000	0	.0000	0	.0000	0	.0000	0	.0000	0	.0000
20110308	摩臺期              	MSF    	A         	1	924.0000	1	924.0000	0	.0000	9	8285.0000	1	922.0000	8	7363.0000
20110308	摩臺期              	MSF    	B         	0	.0000	0	.0000	0	.0000	0	.0000	0	.0000	0	.0000
20110308	摩臺期              	MSF    	C         	0	.0000	0	.0000	0	.0000	0	.0000	0	.0000	0	.0000
20110308	小型臺指            	MXF    	A         	3657	1596965.0000	3970	1733186.0000	-313	-136221.0000	2772	1205793.0000	3845	1659791.0000	-1073	-453998.0000
20110308	小型臺指            	MXF    	B         	0	.0000	0	.0000	0	.0000	0	.0000	9	3933.0000	-9	-3933.0000
20110308	小型臺指            	MXF    	C         	5729	2500046.0000	5933	2590017.0000	-204	-89971.0000	3152	1372045.0000	3059	1312929.0000	93	59116.0000
20110308	股票期貨            	STF    	A         	3528	224547.0000	3674	231762.0000	-146	-7214.0000	3168	251143.0000	5233	412766.0000	-2065	-161623.0000
20110308	股票期貨            	STF    	B         	0	.0000	0	.0000	0	.0000	0	.0000	0	.0000	0	.0000
20110308	股票期貨            	STF    	C         	94	25227.0000	107	20516.0000	-13	4711.0000	282	45654.0000	5068	445831.0000	-4786	-400177.0000
20110308	臺灣50期貨          	T5F    	A         	0	.0000	0	.0000	0	.0000	500	299300.0000	0	.0000	500	299300.0000
20110308	臺灣50期貨          	T5F    	B         	0	.0000	0	.0000	0	.0000	0	.0000	0	.0000	0	.0000
20110308	臺灣50期貨          	T5F    	C         	0	.0000	0	.0000	0	.0000	0	.0000	500	299300.0000	-500	-299300.0000
20110308	臺股期貨            	TXF    	A         	16552	28928556.0000	16686	29158061.0000	-134	-229505.0000	9283	16159353.0000	7041	12201274.0000	2242	3958079.0000
20110308	臺股期貨            	TXF    	B         	73	127627.0000	30	52438.0000	43	75189.0000	1604	2803763.0000	1492	2607836.0000	112	195927.0000
20110308	臺股期貨            	TXF    	C         	8398	14670973.0000	9516	16625537.0000	-1118	-1954565.0000	27879	48676592.0000	28297	49300899.0000	-418	-624307.0000
20110308	非金電期貨          	XIF    	A         	255	287361.0000	284	320072.0000	-29	-32711.0000	370	417834.0000	339	381200.0000	31	36634.0000
20110308	非金電期貨          	XIF    	B         	0	.0000	0	.0000	0	.0000	18	20338.0000	0	.0000	18	20338.0000
20110308	非金電期貨          	XIF    	C         	77	86779.0000	142	160358.0000	-65	-73579.0000	167	188693.0000	117	132180.0000	50	56513.0000
20110309	電子期貨            	EXF    	A         	756	1025187.0000	730	989444.0000	26	35743.0000	755	1023287.0000	400	541517.0000	355	481770.0000
20110309	電子期貨            	EXF    	B         	0	.0000	0	.0000	0	.0000	127	172161.0000	86	116582.0000	41	55579.0000
20110309	電子期貨            	EXF    	C         	904	1224473.0000	632	855953.0000	272	368520.0000	3691	5003402.0000	4780	6479551.0000	-1089	-1476149.0000
20110309	金融期貨            	FXF    	A         	1221	1216619.0000	847	842948.0000	374	373671.0000	1245	1237509.0000	384	380430.0000	861	857079.0000
20110309	金融期貨            	FXF    	B         	0	.0000	0	.0000	0	.0000	443	440342.0000	0	.0000	443	440342.0000
20110309	金融期貨            	FXF    	C         	944	939795.0000	576	572875.0000	368	366921.0000	1792	1781248.0000	8154	8104263.0000	-6362	-6323015.0000
20110309	櫃買期貨            	GTF    	A         	131	75873.0000	130	75274.0000	1	599.0000	76	43908.0000	240	138797.0000	-164	-94889.0000
20110309	櫃買期貨            	GTF    	B         	0	.0000	0	.0000	0	.0000	65	37622.0000	0	.0000	65	37622.0000
20110309	櫃買期貨            	GTF    	C         	0	.0000	0	.0000	0	.0000	0	.0000	0	.0000	0	.0000
20110309	摩臺期              	MSF    	A         	0	.0000	0	.0000	0	.0000	9	8211.0000	1	914.0000	8	7297.0000
20110309	摩臺期              	MSF    	B         	0	.0000	0	.0000	0	.0000	0	.0000	0	.0000	0	.0000
20110309	摩臺期              	MSF    	C         	0	.0000	0	.0000	0	.0000	0	.0000	0	.0000	0	.0000
20110309	小型臺指            	MXF    	A         	6160	2695594.0000	6119	2674736.0000	41	20858.0000	2630	1146188.0000	3782	1635568.0000	-1152	-489380.0000
20110309	小型臺指            	MXF    	B         	0	.0000	0	.0000	0	.0000	0	.0000	9	3941.0000	-9	-3941.0000
20110309	小型臺指            	MXF    	C         	8601	3762589.0000	8544	3736598.0000	57	25991.0000	3425	1493656.0000	3267	1406720.0000	158	86936.0000
20110309	股票期貨            	STF    	A         	4988	318013.0000	5065	319895.0000	-77	-1882.0000	3127	252745.0000	5269	414790.0000	-2142	-162045.0000
20110309	股票期貨            	STF    	B         	0	.0000	0	.0000	0	.0000	0	.0000	0	.0000	0	.0000
20110309	股票期貨            	STF    	C         	110	13987.0000	114	12932.0000	-4	1055.0000	330	53787.0000	5120	452463.0000	-4790	-398676.0000
20110309	臺灣50期貨          	T5F    	A         	0	.0000	0	.0000	0	.0000	500	299050.0000	0	.0000	500	299050.0000
20110309	臺灣50期貨          	T5F    	B         	0	.0000	0	.0000	0	.0000	0	.0000	0	.0000	0	.0000
20110309	臺灣50期貨          	T5F    	C         	0	.0000	0	.0000	0	.0000	0	.0000	500	299050.0000	-500	-299050.0000
20110309	臺股期貨            	TXF    	A         	24045	42085667.0000	24335	42580154.0000	-290	-494487.0000	8878	15482870.0000	6896	11971385.0000	1982	3511485.0000
20110309	臺股期貨            	TXF    	B         	48	83840.0000	195	340433.0000	-147	-256593.0000	1429	2503005.0000	1464	2564158.0000	-35	-61153.0000
20110309	臺股期貨            	TXF    	C         	13933	24412293.0000	11304	19791495.0000	2629	4620797.0000	30876	54022976.0000	28667	50044511.0000	2209	3978465.0000
20110309	非金電期貨          	XIF    	A         	260	294128.0000	272	307753.0000	-12	-13625.0000	433	490591.0000	414	467380.0000	19	23211.0000
20110309	非金電期貨          	XIF    	B         	0	.0000	0	.0000	0	.0000	18	20405.0000	0	.0000	18	20405.0000
20110309	非金電期貨          	XIF    	C         	112	126938.0000	86	97289.0000	26	29650.0000	181	205182.0000	105	119008.0000	76	86174.0000
20110310	電子期貨            	EXF    	A         	1291	1723295.0000	1373	1832220.0000	-82	-108926.0000	803	1065579.0000	530	701188.0000	273	364391.0000
20110310	電子期貨            	EXF    	B         	0	.0000	0	.0000	0	.0000	127	168554.0000	86	114139.0000	41	54415.0000
20110310	電子期貨            	EXF    	C         	1312	1750197.0000	2122	2835580.0000	-810	-1085383.0000	3473	4609146.0000	5372	7129490.0000	-1899	-2520344.0000
20110310	金融期貨            	FXF    	A         	1212	1201909.0000	1371	1358500.0000	-159	-156591.0000	1250	1232417.0000	548	539112.0000	702	693305.0000
20110310	金融期貨            	FXF    	B         	100	99651.0000	0	.0000	100	99651.0000	543	535398.0000	0	.0000	543	535398.0000
20110310	金融期貨            	FXF    	C         	2047	2028818.0000	1253	1242419.0000	794	786398.0000	1929	1901994.0000	7497	7391415.0000	-5568	-5489421.0000
20110310	櫃買期貨            	GTF    	A         	237	135588.0000	176	100737.0000	61	34851.0000	100	56878.0000	203	115549.0000	-103	-58671.0000
20110310	櫃買期貨            	GTF    	B         	0	.0000	0	.0000	0	.0000	65	37024.0000	0	.0000	65	37024.0000
20110310	櫃買期貨            	GTF    	C         	0	.0000	0	.0000	0	.0000	0	.0000	0	.0000	0	.0000
20110310	摩臺期              	MSF    	A         	0	.0000	0	.0000	0	.0000	9	8121.0000	1	904.0000	8	7217.0000
20110310	摩臺期              	MSF    	B         	0	.0000	0	.0000	0	.0000	0	.0000	0	.0000	0	.0000
20110310	摩臺期              	MSF    	C         	0	.0000	0	.0000	0	.0000	0	.0000	0	.0000	0	.0000
20110310	小型臺指            	MXF    	A         	8742	3780752.0000	14110	6110183.0000	-5368	-2329431.0000	1902	814798.0000	5254	2243789.0000	-3352	-1428991.0000
20110310	小型臺指            	MXF    	B         	0	.0000	0	.0000	0	.0000	0	.0000	9	3880.0000	-9	-3880.0000
20110310	小型臺指            	MXF    	C         	10514	4550155.0000	14131	6113482.0000	-3617	-1563327.0000	3032	1302593.0000	3655	1548651.0000	-623	-246058.0000
20110310	股票期貨            	STF    	A         	4861	332588.0000	4866	343950.0000	-5	-11362.0000	3384	264513.0000	5531	434986.0000	-2147	-170473.0000
20110310	股票期貨            	STF    	B         	0	.0000	0	.0000	0	.0000	0	.0000	0	.0000	0	.0000
20110310	股票期貨            	STF    	C         	193	24407.0000	478	41398.0000	-285	-16991.0000	359	56830.0000	5434	467809.0000	-5075	-410979.0000
20110310	臺灣50期貨          	T5F    	A         	0	.0000	0	.0000	0	.0000	500	294300.0000	0	.0000	500	294300.0000
20110310	臺灣50期貨          	T5F    	B         	0	.0000	0	.0000	0	.0000	0	.0000	0	.0000	0	.0000
20110310	臺灣50期貨          	T5F    	C         	0	.0000	0	.0000	0	.0000	0	.0000	500	294300.0000	-500	-294300.0000
20110310	臺股期貨            	TXF    	A         	34876	60377178.0000	37035	64149321.0000	-2159	-3772143.0000	6616	11344369.0000	7585	12977675.0000	-969	-1633306.0000
20110310	臺股期貨            	TXF    	B         	56	97016.0000	221	384427.0000	-165	-287411.0000	1303	2247128.0000	1503	2591904.0000	-200	-344776.0000
20110310	臺股期貨            	TXF    	C         	17033	29492137.0000	21062	36460111.0000	-4029	-6967974.0000	26053	44879382.0000	28582	49110507.0000	-2529	-4231125.0000
20110310	非金電期貨          	XIF    	A         	414	465570.0000	481	540423.0000	-67	-74853.0000	448	502177.0000	496	554096.0000	-48	-51919.0000
20110310	非金電期貨          	XIF    	B         	0	.0000	0	.0000	0	.0000	18	20189.0000	0	.0000	18	20189.0000
20110310	非金電期貨          	XIF    	C         	151	170002.0000	187	210407.0000	-36	-40405.0000	142	159267.0000	102	114385.0000	40	44882.0000
20110311	電子期貨            	EXF    	A         	975	1278709.0000	1081	1417093.0000	-106	-138384.0000	698	917064.0000	531	695917.0000	167	221147.0000
20110311	電子期貨            	EXF    	B         	6	7879.0000	21	27498.0000	-15	-19619.0000	128	168213.0000	102	134048.0000	26	34165.0000
20110311	電子期貨            	EXF    	C         	1315	1723713.0000	1050	1377371.0000	265	346342.0000	3673	4825990.0000	5307	6974119.0000	-1634	-2148129.0000
20110311	金融期貨            	FXF    	A         	1203	1175920.0000	1027	1003243.0000	176	172677.0000	1307	1283357.0000	429	419914.0000	878	863443.0000
20110311	金融期貨            	FXF    	B         	20	19551.0000	0	.0000	20	19551.0000	563	552866.0000	0	.0000	563	552866.0000
20110311	金融期貨            	FXF    	C         	1103	1077366.0000	825	805894.0000	278	271472.0000	1966	1930601.0000	7256	7124544.0000	-5290	-5193943.0000
20110311	櫃買期貨            	GTF    	A         	82	46344.0000	74	41837.0000	8	4507.0000	102	57839.0000	197	111980.0000	-95	-54141.0000
20110311	櫃買期貨            	GTF    	B         	0	.0000	0	.0000	0	.0000	65	37024.0000	0	.0000	65	37024.0000
20110311	櫃買期貨            	GTF    	C         	0	.0000	0	.0000	0	.0000	0	.0000	0	.0000	0	.0000
20110311	摩臺期              	MSF    	A         	0	.0000	0	.0000	0	.0000	9	8071.0000	1	898.0000	8	7173.0000
20110311	摩臺期              	MSF    	B         	0	.0000	0	.0000	0	.0000	0	.0000	0	.0000	0	.0000
20110311	摩臺期              	MSF    	C         	0	.0000	0	.0000	0	.0000	0	.0000	0	.0000	0	.0000
20110311	小型臺指            	MXF    	A         	8885	3788278.0000	8750	3725274.0000	135	63004.0000	2301	979651.0000	5194	2200800.0000	-2893	-1221149.0000
20110311	小型臺指            	MXF    	B         	0	.0000	0	.0000	0	.0000	0	.0000	9	3852.0000	-9	-3852.0000
20110311	小型臺指            	MXF    	C         	10606	4519709.0000	11105	4730435.0000	-499	-210725.0000	3449	1470836.0000	4259	1794007.0000	-810	-323171.0000
20110311	股票期貨            	STF    	A         	6439	414666.0000	4404	314285.0000	2035	100381.0000	5613	393619.0000	5725	464912.0000	-112	-71293.0000
20110311	股票期貨            	STF    	B         	0	.0000	0	.0000	0	.0000	0	.0000	0	.0000	0	.0000
20110311	股票期貨            	STF    	C         	146	14859.0000	2452	145350.0000	-2306	-130490.0000	448	68007.0000	7829	608557.0000	-7381	-540550.0000
20110311	臺灣50期貨          	T5F    	A         	0	.0000	0	.0000	0	.0000	500	291300.0000	0	.0000	500	291300.0000
20110311	臺灣50期貨          	T5F    	B         	0	.0000	0	.0000	0	.0000	0	.0000	0	.0000	0	.0000
20110311	臺灣50期貨          	T5F    	C         	0	.0000	0	.0000	0	.0000	0	.0000	500	291300.0000	-500	-291300.0000
20110311	臺股期貨            	TXF    	A         	31397	53553719.0000	32414	55278158.0000	-1017	-1724438.0000	6738	11463910.0000	8805	14964298.0000	-2067	-3500388.0000
20110311	臺股期貨            	TXF    	B         	94	160216.0000	156	266586.0000	-62	-106370.0000	1312	2245840.0000	1574	2694144.0000	-262	-448304.0000
20110311	臺股期貨            	TXF    	C         	20341	34678239.0000	18529	31590181.0000	1812	3088058.0000	25237	43140212.0000	26037	44375067.0000	-800	-1234855.0000
20110311	非金電期貨          	XIF    	A         	282	313671.0000	280	311015.0000	2	2656.0000	456	509580.0000	502	559065.0000	-46	-49485.0000
20110311	非金電期貨          	XIF    	B         	0	.0000	0	.0000	0	.0000	18	20122.0000	0	.0000	18	20122.0000
20110311	非金電期貨          	XIF    	C         	96	106712.0000	141	156941.0000	-45	-50229.0000	126	140855.0000	131	146433.0000	-5	-5578.0000
20110314	電子期貨            	EXF    	A         	1084	1404705.0000	1276	1652430.0000	-192	-247725.0000	512	664687.0000	537	695142.0000	-25	-30455.0000
20110314	電子期貨            	EXF    	B         	40	51533.0000	41	52997.0000	-1	-1464.0000	127	164784.0000	102	132498.0000	25	32286.0000
20110314	電子期貨            	EXF    	C         	2549	3294053.0000	2174	2808980.0000	375	485073.0000	4370	5673415.0000	5629	7309145.0000	-1259	-1635730.0000
20110314	金融期貨            	FXF    	A         	1785	1698935.0000	2010	1915168.0000	-225	-216233.0000	1174	1116928.0000	521	494125.0000	653	622803.0000
20110314	金融期貨            	FXF    	B         	0	.0000	20	18934.0000	-20	-18934.0000	543	516719.0000	0	.0000	543	516719.0000
20110314	金融期貨            	FXF    	C         	4606	4371767.0000	3935	3738931.0000	671	632836.0000	2717	2584676.0000	7336	6977686.0000	-4619	-4393010.0000
20110314	櫃買期貨            	GTF    	A         	345	191290.0000	365	202423.0000	-20	-11133.0000	97	53768.0000	212	117590.0000	-115	-63822.0000
20110314	櫃買期貨            	GTF    	B         	30	16563.0000	30	16607.0000	0	-44.0000	65	36065.0000	0	.0000	65	36065.0000
20110314	櫃買期貨            	GTF    	C         	0	.0000	0	.0000	0	.0000	0	.0000	0	.0000	0	.0000
20110314	摩臺期              	MSF    	A         	0	.0000	0	.0000	0	.0000	9	7956.0000	1	885.0000	8	7071.0000
20110314	摩臺期              	MSF    	B         	0	.0000	0	.0000	0	.0000	0	.0000	0	.0000	0	.0000
20110314	摩臺期              	MSF    	C         	0	.0000	0	.0000	0	.0000	0	.0000	0	.0000	0	.0000
20110314	小型臺指            	MXF    	A         	18989	8036133.0000	16523	6990353.0000	2466	1045780.0000	5149	2183981.0000	6800	2869176.0000	-1651	-685195.0000
20110314	小型臺指            	MXF    	B         	0	.0000	0	.0000	0	.0000	0	.0000	9	3827.0000	-9	-3827.0000
20110314	小型臺指            	MXF    	C         	14636	6192508.0000	14346	6069138.0000	290	123370.0000	4577	1940218.0000	5085	2130764.0000	-508	-190546.0000
20110314	股票期貨            	STF    	A         	8068	492405.0000	7350	469687.0000	718	22718.0000	6409	418580.0000	5803	470524.0000	606	-51944.0000
20110314	股票期貨            	STF    	B         	0	.0000	0	.0000	0	.0000	0	.0000	0	.0000	0	.0000
20110314	股票期貨            	STF    	C         	231	25380.0000	999	61190.0000	-768	-35810.0000	496	75511.0000	8645	647846.0000	-8149	-572335.0000
20110314	臺灣50期貨          	T5F    	A         	0	.0000	0	.0000	0	.0000	500	290900.0000	0	.0000	500	290900.0000
20110314	臺灣50期貨          	T5F    	B         	0	.0000	0	.0000	0	.0000	0	.0000	0	.0000	0	.0000
20110314	臺灣50期貨          	T5F    	C         	0	.0000	0	.0000	0	.0000	0	.0000	500	290900.0000	-500	-290900.0000
20110314	臺股期貨            	TXF    	A         	46122	78097364.0000	46502	78716551.0000	-380	-619188.0000	9115	15430756.0000	11256	19031764.0000	-2141	-3601008.0000
20110314	臺股期貨            	TXF    	B         	553	933891.0000	1128	1903747.0000	-575	-969856.0000	1044	1773859.0000	1881	3197910.0000	-837	-1424051.0000
20110314	臺股期貨            	TXF    	C         	33644	56950610.0000	31177	52791228.0000	2467	4159381.0000	30499	51791354.0000	28910	48944723.0000	1589	2846631.0000
20110314	非金電期貨          	XIF    	A         	498	559855.0000	512	575052.0000	-14	-15197.0000	335	378042.0000	395	443774.0000	-60	-65732.0000
20110314	非金電期貨          	XIF    	B         	0	.0000	0	.0000	0	.0000	18	20324.0000	0	.0000	18	20324.0000
20110314	非金電期貨          	XIF    	C         	234	263636.0000	271	305024.0000	-37	-41388.0000	151	170485.0000	193	217904.0000	-42	-47419.0000
20110315	電子期貨            	EXF    	A         	2416	3024860.0000	2176	2733820.0000	240	291040.0000	828	1035479.0000	613	768410.0000	215	267069.0000
20110315	電子期貨            	EXF    	B         	142	176421.0000	246	304882.0000	-104	-128461.0000	126	157687.0000	205	256414.0000	-79	-98727.0000
20110315	電子期貨            	EXF    	C         	7533	9505977.0000	6573	8300807.0000	960	1205170.0000	5138	6446828.0000	5437	6818106.0000	-299	-371278.0000
20110315	金融期貨            	FXF    	A         	2625	2412941.0000	2756	2545638.0000	-131	-132698.0000	1118	1027683.0000	596	546401.0000	522	481282.0000
20110315	金融期貨            	FXF    	B         	50	45244.0000	240	219291.0000	-190	-174047.0000	353	324741.0000	0	.0000	353	324741.0000
20110315	金融期貨            	FXF    	C         	7315	6727115.0000	5929	5464272.0000	1386	1262843.0000	3200	2942354.0000	6433	5914281.0000	-3233	-2971927.0000
20110315	櫃買期貨            	GTF    	A         	121	65782.0000	155	84116.0000	-34	-18334.0000	84	44470.0000	233	123329.0000	-149	-78859.0000
20110315	櫃買期貨            	GTF    	B         	35	18730.0000	35	18745.0000	0	-15.0000	65	34411.0000	0	.0000	65	34411.0000
20110315	櫃買期貨            	GTF    	C         	0	.0000	0	.0000	0	.0000	0	.0000	0	.0000	0	.0000
20110315	摩臺期              	MSF    	A         	0	.0000	0	.0000	0	.0000	9	7794.0000	1	867.0000	8	6927.0000
20110315	摩臺期              	MSF    	B         	0	.0000	0	.0000	0	.0000	0	.0000	0	.0000	0	.0000
20110315	摩臺期              	MSF    	C         	0	.0000	0	.0000	0	.0000	0	.0000	0	.0000	0	.0000
20110315	小型臺指            	MXF    	A         	43281	17772398.0000	41590	17102892.0000	1691	669505.0000	12233	5045885.0000	16605	6833496.0000	-4372	-1787611.0000
20110315	小型臺指            	MXF    	B         	9	3696.0000	9	3680.0000	0	16.0000	0	.0000	9	3706.0000	-9	-3706.0000
20110315	小型臺指            	MXF    	C         	22828	9398679.0000	22337	9224981.0000	491	173698.0000	6940	2858320.0000	4169	1689398.0000	2771	1168922.0000
20110315	股票期貨            	STF    	A         	7022	496792.0000	6496	458819.0000	526	37972.0000	6765	420700.0000	5633	440359.0000	1132	-19659.0000
20110315	股票期貨            	STF    	B         	0	.0000	0	.0000	0	.0000	0	.0000	0	.0000	0	.0000
20110315	股票期貨            	STF    	C         	276	31904.0000	166	16738.0000	110	15167.0000	579	80183.0000	8618	614068.0000	-8039	-533885.0000
20110315	臺灣50期貨          	T5F    	A         	0	.0000	0	.0000	0	.0000	500	283550.0000	0	.0000	500	283550.0000
20110315	臺灣50期貨          	T5F    	B         	0	.0000	0	.0000	0	.0000	0	.0000	0	.0000	0	.0000
20110315	臺灣50期貨          	T5F    	C         	0	.0000	0	.0000	0	.0000	0	.0000	500	283550.0000	-500	-283550.0000
20110315	臺股期貨            	TXF    	A         	86197	141961190.0000	98951	163103378.0000	-12754	-21142189.0000	7762	12735517.0000	21554	35475593.0000	-13792	-22740076.0000
20110315	臺股期貨            	TXF    	B         	1492	2462303.0000	1132	1888215.0000	360	574087.0000	1044	1720603.0000	1521	2508829.0000	-477	-788226.0000
20110315	臺股期貨            	TXF    	C         	76637	126314163.0000	63827	105339197.0000	12810	20974966.0000	43683	72023086.0000	29979	49247044.0000	13704	22776042.0000
20110315	非金電期貨          	XIF    	A         	836	930260.0000	573	638065.0000	263	292195.0000	476	525781.0000	273	299848.0000	203	225933.0000
20110315	非金電期貨          	XIF    	B         	18	19807.0000	18	19827.0000	0	-20.0000	18	19877.0000	0	.0000	18	19877.0000
20110315	非金電期貨          	XIF    	C         	389	429537.0000	638	704949.0000	-249	-275412.0000	49	54131.0000	340	375636.0000	-291	-321505.0000
20110316	電子期貨            	EXF    	A         	1182	1490622.0000	1246	1567761.0000	-64	-77139.0000	590	740186.0000	414	517759.0000	176	222427.0000
20110316	電子期貨            	EXF    	B         	45	56752.0000	24	30257.0000	21	26495.0000	126	158130.0000	184	230920.0000	-58	-72790.0000
20110316	電子期貨            	EXF    	C         	2999	3777310.0000	2883	3634484.0000	116	142826.0000	2590	3250450.0000	2736	3433680.0000	-146	-183230.0000
20110316	金融期貨            	FXF    	A         	896	833053.0000	1096	1018134.0000	-200	-185080.0000	608	566101.0000	438	406353.0000	170	159748.0000
20110316	金融期貨            	FXF    	B         	3	2784.0000	303	281770.0000	-300	-278987.0000	53	49354.0000	0	.0000	53	49354.0000
20110316	金融期貨            	FXF    	C         	3133	2909217.0000	3481	3231905.0000	-348	-322688.0000	1720	1601664.0000	4779	4450205.0000	-3059	-2848541.0000
20110316	櫃買期貨            	GTF    	A         	305	162139.0000	286	152067.0000	19	10072.0000	56	29949.0000	168	89828.0000	-112	-59879.0000
20110316	櫃買期貨            	GTF    	B         	0	.0000	2	1071.0000	-2	-1071.0000	63	33692.0000	0	.0000	63	33692.0000
20110316	櫃買期貨            	GTF    	C         	0	.0000	0	.0000	0	.0000	0	.0000	0	.0000	0	.0000
20110316	摩臺期              	MSF    	A         	0	.0000	0	.0000	0	.0000	8	6946.0000	1	870.0000	7	6076.0000
20110316	摩臺期              	MSF    	B         	0	.0000	0	.0000	0	.0000	0	.0000	0	.0000	0	.0000
20110316	摩臺期              	MSF    	C         	0	.0000	0	.0000	0	.0000	0	.0000	0	.0000	0	.0000
20110316	小型臺指            	MXF    	A         	20542	8534340.0000	20461	8495814.0000	81	38527.0000	406	164062.0000	4495	1845580.0000	-4089	-1681518.0000
20110316	小型臺指            	MXF    	B         	0	.0000	0	.0000	0	.0000	0	.0000	9	3731.0000	-9	-3731.0000
20110316	小型臺指            	MXF    	C         	10491	4356652.0000	11316	4697129.0000	-825	-340477.0000	4487	1857850.0000	2590	1045240.0000	1897	812610.0000
20110316	股票期貨            	STF    	A         	5883	427202.0000	6005	438455.0000	-122	-11254.0000	5243	299186.0000	3537	270006.0000	1706	29180.0000
20110316	股票期貨            	STF    	B         	0	.0000	0	.0000	0	.0000	0	.0000	0	.0000	0	.0000
20110316	股票期貨            	STF    	C         	165	14478.0000	152	14463.0000	13	15.0000	140	18326.0000	7018	458046.0000	-6878	-439720.0000
20110316	臺灣50期貨          	T5F    	A         	0	.0000	0	.0000	0	.0000	500	287000.0000	0	.0000	500	287000.0000
20110316	臺灣50期貨          	T5F    	B         	0	.0000	0	.0000	0	.0000	0	.0000	0	.0000	0	.0000
20110316	臺灣50期貨          	T5F    	C         	0	.0000	0	.0000	0	.0000	0	.0000	500	287000.0000	-500	-287000.0000
20110316	臺股期貨            	TXF    	A         	38861	64578712.0000	41872	69595552.0000	-3011	-5016840.0000	4233	6953629.0000	10704	17671730.0000	-6471	-10718101.0000
20110316	臺股期貨            	TXF    	B         	1175	1953248.0000	924	1530799.0000	251	422449.0000	1066	1767641.0000	1256	2082550.0000	-190	-314909.0000
20110316	臺股期貨            	TXF    	C         	34712	57644918.0000	33808	56148510.0000	904	1496407.0000	23056	38200894.0000	17361	28601653.0000	5695	9599241.0000
20110316	非金電期貨          	XIF    	A         	478	532736.0000	424	472438.0000	54	60298.0000	219	244141.0000	108	118746.0000	111	125395.0000
20110316	非金電期貨          	XIF    	B         	0	.0000	0	.0000	0	.0000	18	20066.0000	0	.0000	18	20066.0000
20110316	非金電期貨          	XIF    	C         	209	232794.0000	214	238428.0000	-5	-5634.0000	11	12263.0000	91	101447.0000	-80	-89184.0000
20110317	電子期貨            	EXF    	A         	834	1028051.0000	630	777455.0000	204	250596.0000	767	952513.0000	387	478919.0000	380	473594.0000
20110317	電子期貨            	EXF    	B         	0	.0000	41	50673.0000	-41	-50673.0000	126	156542.0000	225	279540.0000	-99	-122998.0000
20110317	電子期貨            	EXF    	C         	2276	2803317.0000	1299	1600376.0000	977	1202941.0000	3642	4524821.0000	2811	3492386.0000	831	1032435.0000
20110317	金融期貨            	FXF    	A         	861	793743.0000	983	905540.0000	-122	-111797.0000	458	425390.0000	410	379493.0000	48	45897.0000
20110317	金融期貨            	FXF    	B         	0	.0000	0	.0000	0	.0000	53	49226.0000	0	.0000	53	49226.0000
20110317	金融期貨            	FXF    	C         	2527	2322783.0000	2547	2341587.0000	-20	-18804.0000	1952	1813018.0000	5031	4672793.0000	-3079	-2859775.0000
20110317	櫃買期貨            	GTF    	A         	226	119141.0000	238	125542.0000	-12	-6400.0000	60	31598.0000	184	97037.0000	-124	-65439.0000
20110317	櫃買期貨            	GTF    	B         	0	.0000	0	.0000	0	.0000	63	33251.0000	0	.0000	63	33251.0000
20110317	櫃買期貨            	GTF    	C         	0	.0000	0	.0000	0	.0000	0	.0000	0	.0000	0	.0000
20110317	摩臺期              	MSF    	A         	0	.0000	0	.0000	0	.0000	8	6946.0000	1	870.0000	7	6076.0000
20110317	摩臺期              	MSF    	B         	0	.0000	0	.0000	0	.0000	0	.0000	0	.0000	0	.0000
20110317	摩臺期              	MSF    	C         	0	.0000	0	.0000	0	.0000	0	.0000	0	.0000	0	.0000
20110317	小型臺指            	MXF    	A         	12977	5322063.0000	13322	5462000.0000	-345	-139937.0000	797	324829.0000	5227	2140188.0000	-4430	-1815359.0000
20110317	小型臺指            	MXF    	B         	0	.0000	0	.0000	0	.0000	0	.0000	9	3716.0000	-9	-3716.0000
20110317	小型臺指            	MXF    	C         	13326	5463199.0000	13420	5504027.0000	-94	-40828.0000	4904	2022273.0000	3089	1246767.0000	1815	775506.0000
20110317	股票期貨            	STF    	A         	5101	340095.0000	5051	344995.0000	50	-4900.0000	5893	345508.0000	4137	318348.0000	1756	27160.0000
20110317	股票期貨            	STF    	B         	0	.0000	0	.0000	0	.0000	0	.0000	0	.0000	0	.0000
20110317	股票期貨            	STF    	C         	74	3080.0000	155	11944.0000	-81	-8864.0000	136	17477.0000	7095	470123.0000	-6959	-452646.0000
20110317	臺灣50期貨          	T5F    	A         	0	.0000	0	.0000	0	.0000	500	286650.0000	0	.0000	500	286650.0000
20110317	臺灣50期貨          	T5F    	B         	0	.0000	0	.0000	0	.0000	0	.0000	0	.0000	0	.0000
20110317	臺灣50期貨          	T5F    	C         	0	.0000	0	.0000	0	.0000	0	.0000	500	286650.0000	-500	-286650.0000
20110317	臺股期貨            	TXF    	A         	27611	45313962.0000	27698	45445806.0000	-87	-131844.0000	4772	7815205.0000	11331	18635481.0000	-6559	-10820276.0000
20110317	臺股期貨            	TXF    	B         	293	480684.0000	877	1437267.0000	-584	-956583.0000	1029	1699291.0000	1803	2977333.0000	-774	-1278042.0000
20110317	臺股期貨            	TXF    	C         	20078	32947825.0000	18479	30332194.0000	1599	2615631.0000	24763	40864280.0000	17476	28674151.0000	7287	12190129.0000
20110317	非金電期貨          	XIF    	A         	377	420110.0000	372	413385.0000	5	6725.0000	297	332661.0000	181	199789.0000	116	132872.0000
20110317	非金電期貨          	XIF    	B         	0	.0000	0	.0000	0	.0000	18	20165.0000	0	.0000	18	20165.0000
20110317	非金電期貨          	XIF    	C         	184	204450.0000	212	236637.0000	-28	-32186.0000	83	92985.0000	191	213977.0000	-108	-120992.0000
20110318	電子期貨            	EXF    	A         	695	871562.0000	641	803271.0000	54	68291.0000	780	979916.0000	346	431788.0000	434	548128.0000
20110318	電子期貨            	EXF    	B         	0	.0000	81	101661.0000	-81	-101661.0000	126	158357.0000	306	384581.0000	-180	-226224.0000
20110318	電子期貨            	EXF    	C         	446	559151.0000	554	694357.0000	-108	-135206.0000	3581	4500601.0000	2858	3591934.0000	723	908667.0000
20110318	金融期貨            	FXF    	A         	660	618245.0000	758	709785.0000	-98	-91540.0000	381	355625.0000	431	401132.0000	-50	-45507.0000
20110318	金融期貨            	FXF    	B         	0	.0000	0	.0000	0	.0000	53	49470.0000	0	.0000	53	49470.0000
20110318	金融期貨            	FXF    	C         	936	876160.0000	1031	965010.0000	-95	-88850.0000	1869	1744525.0000	5043	4707133.0000	-3174	-2962608.0000
20110318	櫃買期貨            	GTF    	A         	99	53076.0000	229	122875.0000	-130	-69799.0000	50	26726.0000	304	162896.0000	-254	-136170.0000
20110318	櫃買期貨            	GTF    	B         	0	.0000	0	.0000	0	.0000	63	33781.0000	0	.0000	63	33781.0000
20110318	櫃買期貨            	GTF    	C         	0	.0000	0	.0000	0	.0000	0	.0000	0	.0000	0	.0000
20110318	摩臺期              	MSF    	A         	0	.0000	0	.0000	0	.0000	8	6997.0000	1	876.0000	7	6121.0000
20110318	摩臺期              	MSF    	B         	0	.0000	0	.0000	0	.0000	0	.0000	0	.0000	0	.0000
20110318	摩臺期              	MSF    	C         	0	.0000	0	.0000	0	.0000	0	.0000	0	.0000	0	.0000
20110318	小型臺指            	MXF    	A         	8250	3429851.0000	6184	2569803.0000	2066	860048.0000	2535	1050400.0000	4903	2022465.0000	-2368	-972065.0000
20110318	小型臺指            	MXF    	B         	0	.0000	0	.0000	0	.0000	0	.0000	9	3744.0000	-9	-3744.0000
20110318	小型臺指            	MXF    	C         	8249	3427254.0000	8010	3328357.0000	239	98897.0000	5210	2164684.0000	3200	1302765.0000	2010	861919.0000
20110318	股票期貨            	STF    	A         	3121	207587.0000	2957	187377.0000	164	20210.0000	6181	377934.0000	4261	330741.0000	1920	47193.0000
20110318	股票期貨            	STF    	B         	0	.0000	0	.0000	0	.0000	0	.0000	0	.0000	0	.0000
20110318	股票期貨            	STF    	C         	86	10278.0000	176	8772.0000	-90	1506.0000	171	23949.0000	7220	483469.0000	-7049	-459520.0000
20110318	臺灣50期貨          	T5F    	A         	0	.0000	0	.0000	0	.0000	500	288650.0000	0	.0000	500	288650.0000
20110318	臺灣50期貨          	T5F    	B         	0	.0000	0	.0000	0	.0000	0	.0000	0	.0000	0	.0000
20110318	臺灣50期貨          	T5F    	C         	0	.0000	0	.0000	0	.0000	0	.0000	500	288650.0000	-500	-288650.0000
20110318	臺股期貨            	TXF    	A         	19312	32120752.0000	18274	30394141.0000	1038	1726610.0000	6168	10198694.0000	11688	19375125.0000	-5520	-9176431.0000
20110318	臺股期貨            	TXF    	B         	146	243068.0000	36	59957.0000	110	183111.0000	1060	1764052.0000	1724	2868942.0000	-664	-1104890.0000
20110318	臺股期貨            	TXF    	C         	13895	23102963.0000	14592	24262000.0000	-697	-1159038.0000	25048	41649623.0000	18447	30508270.0000	6601	11141353.0000
20110318	非金電期貨          	XIF    	A         	334	375224.0000	343	377997.0000	-9	-2773.0000	446	500914.0000	339	370144.0000	107	130770.0000
20110318	非金電期貨          	XIF    	B         	0	.0000	0	.0000	0	.0000	18	20219.0000	0	.0000	18	20219.0000
20110318	非金電期貨          	XIF    	C         	174	195750.0000	75	84309.0000	99	111441.0000	108	121316.0000	117	131426.0000	-9	-10110.0000
20110321	電子期貨            	EXF    	A         	660	834402.0000	719	909174.0000	-59	-74772.0000	741	937268.0000	366	459811.0000	375	477457.0000
20110321	電子期貨            	EXF    	B         	15	18983.0000	0	.0000	15	18983.0000	141	178393.0000	306	387151.0000	-165	-208758.0000
20110321	電子期貨            	EXF    	C         	931	1177069.0000	996	1258554.0000	-65	-81485.0000	3881	4910241.0000	3223	4077740.0000	658	832501.0000
20110321	金融期貨            	FXF    	A         	946	887281.0000	825	773553.0000	121	113729.0000	487	460020.0000	416	391345.0000	71	68675.0000
20110321	金融期貨            	FXF    	B         	0	.0000	0	.0000	0	.0000	53	50064.0000	0	.0000	53	50064.0000
20110321	金融期貨            	FXF    	C         	1563	1464317.0000	831	779075.0000	732	685243.0000	2096	1979882.0000	4538	4286589.0000	-2442	-2306707.0000
20110321	櫃買期貨            	GTF    	A         	196	105604.0000	90	48555.0000	106	57049.0000	64	34494.0000	212	114429.0000	-148	-79935.0000
20110321	櫃買期貨            	GTF    	B         	0	.0000	0	.0000	0	.0000	63	34033.0000	0	.0000	63	34033.0000
20110321	櫃買期貨            	GTF    	C         	0	.0000	0	.0000	0	.0000	0	.0000	0	.0000	0	.0000
20110321	摩臺期              	MSF    	A         	0	.0000	0	.0000	0	.0000	8	7059.0000	1	884.0000	7	6175.0000
20110321	摩臺期              	MSF    	B         	0	.0000	0	.0000	0	.0000	0	.0000	0	.0000	0	.0000
20110321	摩臺期              	MSF    	C         	0	.0000	0	.0000	0	.0000	0	.0000	0	.0000	0	.0000
20110321	小型臺指            	MXF    	A         	9120	3824629.0000	7422	3113031.0000	1698	711599.0000	1389	578299.0000	4127	1723974.0000	-2738	-1145675.0000
20110321	小型臺指            	MXF    	B         	1	421.0000	5	2101.0000	-4	-1680.0000	0	.0000	14	5874.0000	-14	-5874.0000
20110321	小型臺指            	MXF    	C         	8853	3710525.0000	8244	3456563.0000	609	253961.0000	5246	2197435.0000	2659	1086440.0000	2587	1110995.0000
20110321	股票期貨            	STF    	A         	1582	95426.0000	1554	90678.0000	28	4748.0000	6278	382466.0000	4330	332953.0000	1948	49513.0000
20110321	股票期貨            	STF    	B         	0	.0000	0	.0000	0	.0000	0	.0000	0	.0000	0	.0000
20110321	股票期貨            	STF    	C         	111	8847.0000	181	9501.0000	-70	-653.0000	193	29104.0000	7312	489777.0000	-7119	-460673.0000
20110321	臺灣50期貨          	T5F    	A         	0	.0000	0	.0000	0	.0000	500	291150.0000	0	.0000	500	291150.0000
20110321	臺灣50期貨          	T5F    	B         	0	.0000	0	.0000	0	.0000	0	.0000	0	.0000	0	.0000
20110321	臺灣50期貨          	T5F    	C         	0	.0000	0	.0000	0	.0000	0	.0000	500	291150.0000	-500	-291150.0000
20110321	臺股期貨            	TXF    	A         	24215	40640047.0000	23190	38925050.0000	1025	1714997.0000	7192	12006484.0000	11170	18667980.0000	-3978	-6661496.0000
20110321	臺股期貨            	TXF    	B         	44	73749.0000	626	1052405.0000	-582	-978656.0000	1074	1802387.0000	2320	3893279.0000	-1246	-2090892.0000
20110321	臺股期貨            	TXF    	C         	12868	21593720.0000	10294	17271126.0000	2574	4322595.0000	25297	42415210.0000	16114	26845967.0000	9183	15569243.0000
20110321	非金電期貨          	XIF    	A         	242	275538.0000	249	283244.0000	-7	-7707.0000	498	564458.0000	398	440548.0000	100	123910.0000
20110321	非金電期貨          	XIF    	B         	0	.0000	0	.0000	0	.0000	18	20408.0000	0	.0000	18	20408.0000
20110321	非金電期貨          	XIF    	C         	181	206011.0000	72	81955.0000	109	124056.0000	221	250570.0000	121	137190.0000	100	113380.0000
20110322	電子期貨            	EXF    	A         	569	724223.0000	596	758623.0000	-27	-34401.0000	722	913904.0000	374	469524.0000	348	444380.0000
20110322	電子期貨            	EXF    	B         	0	.0000	104	132189.0000	-104	-132189.0000	141	178534.0000	410	519142.0000	-269	-340608.0000
20110322	電子期貨            	EXF    	C         	842	1072297.0000	792	1008287.0000	50	64010.0000	4140	5242068.0000	3432	4345598.0000	708	896470.0000
20110322	金融期貨            	FXF    	A         	934	900826.0000	774	746126.0000	160	154700.0000	584	562392.0000	353	338749.0000	231	223643.0000
20110322	金融期貨            	FXF    	B         	300	287609.0000	0	.0000	300	287609.0000	353	339939.0000	0	.0000	353	339939.0000
20110322	金融期貨            	FXF    	C         	1126	1087518.0000	1410	1360407.0000	-284	-272889.0000	1985	1911555.0000	4711	4536687.0000	-2726	-2625132.0000
20110322	櫃買期貨            	GTF    	A         	24	13115.0000	17	9301.0000	7	3814.0000	64	35016.0000	205	112029.0000	-141	-77013.0000
20110322	櫃買期貨            	GTF    	B         	0	.0000	0	.0000	0	.0000	63	34411.0000	0	.0000	63	34411.0000
20110322	櫃買期貨            	GTF    	C         	0	.0000	0	.0000	0	.0000	0	.0000	0	.0000	0	.0000
20110322	摩臺期              	MSF    	A         	0	.0000	0	.0000	0	.0000	8	7102.0000	1	889.0000	7	6213.0000
20110322	摩臺期              	MSF    	B         	0	.0000	0	.0000	0	.0000	0	.0000	0	.0000	0	.0000
20110322	摩臺期              	MSF    	C         	0	.0000	0	.0000	0	.0000	0	.0000	0	.0000	0	.0000
20110322	小型臺指            	MXF    	A         	6060	2559492.0000	5632	2377951.0000	428	181541.0000	1861	778635.0000	4095	1717241.0000	-2234	-938606.0000
20110322	小型臺指            	MXF    	B         	2	844.0000	0	.0000	2	844.0000	0	.0000	12	5050.0000	-12	-5050.0000
20110322	小型臺指            	MXF    	C         	8240	3478534.0000	7739	3265990.0000	501	212544.0000	5464	2295390.0000	2380	971118.0000	3084	1324272.0000
20110322	股票期貨            	STF    	A         	4159	267485.0000	3688	265409.0000	471	2076.0000	6954	418346.0000	4535	367523.0000	2419	50823.0000
20110322	股票期貨            	STF    	B         	0	.0000	0	.0000	0	.0000	0	.0000	0	.0000	0	.0000
20110322	股票期貨            	STF    	C         	224	12135.0000	473	20064.0000	-249	-7928.0000	196	29928.0000	7564	499095.0000	-7368	-469167.0000
20110322	臺灣50期貨          	T5F    	A         	0	.0000	0	.0000	0	.0000	500	291900.0000	0	.0000	500	291900.0000
20110322	臺灣50期貨          	T5F    	B         	0	.0000	0	.0000	0	.0000	0	.0000	0	.0000	0	.0000
20110322	臺灣50期貨          	T5F    	C         	0	.0000	0	.0000	0	.0000	0	.0000	500	291900.0000	-500	-291900.0000
20110322	臺股期貨            	TXF    	A         	16629	28092395.0000	16420	27733779.0000	209	358616.0000	7522	12598617.0000	11310	18959473.0000	-3788	-6360856.0000
20110322	臺股期貨            	TXF    	B         	778	1315537.0000	173	292510.0000	605	1023027.0000	1081	1819755.0000	1722	2898667.0000	-641	-1078912.0000
20110322	臺股期貨            	TXF    	C         	11868	20053313.0000	9758	16486883.0000	2110	3566430.0000	25446	42794992.0000	14152	23620177.0000	11294	19174815.0000
20110322	非金電期貨          	XIF    	A         	236	267775.0000	238	270058.0000	-2	-2283.0000	535	606531.0000	437	484690.0000	98	121841.0000
20110322	非金電期貨          	XIF    	B         	0	.0000	0	.0000	0	.0000	18	20412.0000	0	.0000	18	20412.0000
20110322	非金電期貨          	XIF    	C         	74	84088.0000	100	113622.0000	-26	-29534.0000	211	239274.0000	137	155358.0000	74	83916.0000
20110323	電子期貨            	EXF    	A         	600	761588.0000	695	880791.0000	-95	-119204.0000	696	881678.0000	443	557078.0000	253	324600.0000
20110323	電子期貨            	EXF    	B         	140	177432.0000	0	.0000	140	177432.0000	141	178675.0000	270	342144.0000	-129	-163469.0000
20110323	電子期貨            	EXF    	C         	730	926088.0000	848	1076254.0000	-118	-150166.0000	4107	5204390.0000	3517	4456742.0000	590	747648.0000
20110323	金融期貨            	FXF    	A         	665	643230.0000	623	601853.0000	42	41377.0000	619	599316.0000	346	333529.0000	273	265787.0000
20110323	金融期貨            	FXF    	B         	20	19362.0000	0	.0000	20	19362.0000	373	361139.0000	0	.0000	373	361139.0000
20110323	金融期貨            	FXF    	C         	906	876086.0000	943	911417.0000	-37	-35331.0000	1961	1898640.0000	4724	4573751.0000	-2763	-2675111.0000
20110323	櫃買期貨            	GTF    	A         	125	68769.0000	122	67133.0000	3	1636.0000	38	20873.0000	176	96771.0000	-138	-75898.0000
20110323	櫃買期貨            	GTF    	B         	0	.0000	0	.0000	0	.0000	63	34650.0000	0	.0000	63	34650.0000
20110323	櫃買期貨            	GTF    	C         	0	.0000	0	.0000	0	.0000	0	.0000	0	.0000	0	.0000
20110323	摩臺期              	MSF    	A         	0	.0000	0	.0000	0	.0000	8	7121.0000	1	892.0000	7	6229.0000
20110323	摩臺期              	MSF    	B         	0	.0000	0	.0000	0	.0000	0	.0000	0	.0000	0	.0000
20110323	摩臺期              	MSF    	C         	0	.0000	0	.0000	0	.0000	0	.0000	0	.0000	0	.0000
20110323	小型臺指            	MXF    	A         	10773	4549582.0000	8652	3655393.0000	2121	894188.0000	4049	1706369.0000	4162	1753551.0000	-113	-47182.0000
20110323	小型臺指            	MXF    	B         	5	2113.0000	0	.0000	5	2113.0000	0	.0000	7	2958.0000	-7	-2958.0000
20110323	小型臺指            	MXF    	C         	9027	3810245.0000	9951	4203332.0000	-924	-393086.0000	5368	2263227.0000	3184	1314219.0000	2184	949008.0000
20110323	股票期貨            	STF    	A         	3476	239182.0000	3662	270435.0000	-186	-31253.0000	7135	418669.0000	4902	399210.0000	2233	19459.0000
20110323	股票期貨            	STF    	B         	0	.0000	0	.0000	0	.0000	0	.0000	0	.0000	0	.0000
20110323	股票期貨            	STF    	C         	83	5388.0000	181	9485.0000	-98	-4097.0000	229	31441.0000	7695	504169.0000	-7466	-472728.0000
20110323	臺灣50期貨          	T5F    	A         	0	.0000	0	.0000	0	.0000	500	292900.0000	0	.0000	500	292900.0000
20110323	臺灣50期貨          	T5F    	B         	0	.0000	0	.0000	0	.0000	0	.0000	0	.0000	0	.0000
20110323	臺灣50期貨          	T5F    	C         	0	.0000	0	.0000	0	.0000	0	.0000	500	292900.0000	-500	-292900.0000
20110323	臺股期貨            	TXF    	A         	25642	43351313.0000	27859	47097401.0000	-2217	-3746089.0000	6888	11577865.0000	12893	21712377.0000	-6005	-10134512.0000
20110323	臺股期貨            	TXF    	B         	135	228579.0000	0	.0000	135	228579.0000	1141	1928518.0000	1647	2783619.0000	-506	-855101.0000
20110323	臺股期貨            	TXF    	C         	14158	23917633.0000	11452	19351458.0000	2706	4566175.0000	28425	48001592.0000	14431	24188542.0000	13994	23813050.0000
20110323	非金電期貨          	XIF    	A         	236	269298.0000	280	319408.0000	-44	-50109.0000	534	610963.0000	480	538676.0000	54	72287.0000
20110323	非金電期貨          	XIF    	B         	0	.0000	0	.0000	0	.0000	18	20603.0000	0	.0000	18	20603.0000
20110323	非金電期貨          	XIF    	C         	127	145089.0000	157	179042.0000	-30	-33953.0000	166	190004.0000	122	139641.0000	44	50363.0000
20110324	電子期貨            	EXF    	A         	646	827769.0000	572	732484.0000	74	95285.0000	830	1065920.0000	503	641414.0000	327	424506.0000
20110324	電子期貨            	EXF    	B         	0	.0000	0	.0000	0	.0000	141	181129.0000	270	346842.0000	-129	-165713.0000
20110324	電子期貨            	EXF    	C         	608	778514.0000	608	779202.0000	0	-688.0000	4222	5423217.0000	3632	4665667.0000	590	757550.0000
20110324	金融期貨            	FXF    	A         	496	481641.0000	441	428067.0000	55	53573.0000	691	670961.0000	363	350904.0000	328	320057.0000
20110324	金融期貨            	FXF    	B         	0	.0000	0	.0000	0	.0000	373	362183.0000	0	.0000	373	362183.0000
20110324	金融期貨            	FXF    	C         	486	471734.0000	459	445557.0000	27	26177.0000	1968	1910928.0000	4704	4567540.0000	-2736	-2656612.0000
20110324	櫃買期貨            	GTF    	A         	42	23311.0000	43	23868.0000	-1	-557.0000	37	20536.0000	176	97788.0000	-139	-77252.0000
20110324	櫃買期貨            	GTF    	B         	0	.0000	0	.0000	0	.0000	63	35015.0000	0	.0000	63	35015.0000
20110324	櫃買期貨            	GTF    	C         	0	.0000	0	.0000	0	.0000	0	.0000	0	.0000	0	.0000
20110324	摩臺期              	MSF    	A         	0	.0000	0	.0000	0	.0000	8	7171.0000	1	898.0000	7	6273.0000
20110324	摩臺期              	MSF    	B         	0	.0000	0	.0000	0	.0000	0	.0000	0	.0000	0	.0000
20110324	摩臺期              	MSF    	C         	0	.0000	0	.0000	0	.0000	0	.0000	0	.0000	0	.0000
20110324	小型臺指            	MXF    	A         	8336	3548412.0000	6889	2930525.0000	1447	617888.0000	5482	2332413.0000	4116	1750738.0000	1366	581675.0000
20110324	小型臺指            	MXF    	B         	0	.0000	0	.0000	0	.0000	0	.0000	7	2984.0000	-7	-2984.0000
20110324	小型臺指            	MXF    	C         	7895	3358474.0000	7292	3100863.0000	603	257612.0000	5342	2272574.0000	2531	1047059.0000	2811	1225515.0000
20110324	股票期貨            	STF    	A         	2631	189719.0000	2616	203819.0000	15	-14100.0000	7492	445467.0000	5244	440306.0000	2248	5161.0000
20110324	股票期貨            	STF    	B         	0	.0000	0	.0000	0	.0000	0	.0000	0	.0000	0	.0000
20110324	股票期貨            	STF    	C         	122	8460.0000	115	7005.0000	7	1455.0000	278	33805.0000	7737	505758.0000	-7459	-471953.0000
20110324	臺灣50期貨          	T5F    	A         	0	.0000	0	.0000	0	.0000	500	294900.0000	0	.0000	500	294900.0000
20110324	臺灣50期貨          	T5F    	B         	0	.0000	0	.0000	0	.0000	0	.0000	0	.0000	0	.0000
20110324	臺灣50期貨          	T5F    	C         	0	.0000	0	.0000	0	.0000	0	.0000	500	294900.0000	-500	-294900.0000
20110324	臺股期貨            	TXF    	A         	18839	32071466.0000	18947	32254598.0000	-108	-183132.0000	7674	13019792.0000	13795	23450082.0000	-6121	-10430290.0000
20110324	臺股期貨            	TXF    	B         	50	85198.0000	35	59610.0000	15	25588.0000	1141	1945861.0000	1632	2783061.0000	-491	-837200.0000
20110324	臺股期貨            	TXF    	C         	11227	19112245.0000	10031	17066232.0000	1196	2046013.0000	29280	49889064.0000	14097	23825267.0000	15183	26063797.0000
20110324	非金電期貨          	XIF    	A         	411	470821.0000	309	353948.0000	102	116874.0000	619	709842.0000	463	520481.0000	156	189361.0000
20110324	非金電期貨          	XIF    	B         	0	.0000	0	.0000	0	.0000	18	20653.0000	0	.0000	18	20653.0000
20110324	非金電期貨          	XIF    	C         	165	189126.0000	56	64274.0000	109	124851.0000	272	312093.0000	119	136541.0000	153	175552.0000
20110325	電子期貨            	EXF    	A         	630	816748.0000	766	993971.0000	-136	-177224.0000	697	904227.0000	506	652278.0000	191	251949.0000
20110325	電子期貨            	EXF    	B         	81	105319.0000	0	.0000	81	105319.0000	141	182990.0000	189	245284.0000	-48	-62294.0000
20110325	電子期貨            	EXF    	C         	891	1155407.0000	1371	1779634.0000	-480	-624227.0000	3499	4540625.0000	3389	4398244.0000	110	142381.0000
20110325	金融期貨            	FXF    	A         	777	757937.0000	643	626683.0000	134	131254.0000	786	764304.0000	324	313503.0000	462	450801.0000
20110325	金融期貨            	FXF    	B         	0	.0000	0	.0000	0	.0000	373	362705.0000	0	.0000	373	362705.0000
20110325	金融期貨            	FXF    	C         	868	847522.0000	928	904985.0000	-60	-57463.0000	1783	1733789.0000	4579	4452591.0000	-2796	-2718802.0000
20110325	櫃買期貨            	GTF    	A         	196	108899.0000	158	87846.0000	38	21053.0000	71	39283.0000	172	95194.0000	-101	-55911.0000
20110325	櫃買期貨            	GTF    	B         	0	.0000	0	.0000	0	.0000	63	34877.0000	0	.0000	63	34877.0000
20110325	櫃買期貨            	GTF    	C         	0	.0000	0	.0000	0	.0000	0	.0000	0	.0000	0	.0000
20110325	摩臺期              	MSF    	A         	0	.0000	0	.0000	0	.0000	8	7209.0000	1	903.0000	7	6306.0000
20110325	摩臺期              	MSF    	B         	0	.0000	0	.0000	0	.0000	0	.0000	0	.0000	0	.0000
20110325	摩臺期              	MSF    	C         	0	.0000	0	.0000	0	.0000	0	.0000	0	.0000	0	.0000
20110325	小型臺指            	MXF    	A         	6551	2808746.0000	5210	2233972.0000	1341	574774.0000	2521	1075698.0000	3698	1583385.0000	-1177	-507687.0000
20110325	小型臺指            	MXF    	B         	16	6861.0000	0	.0000	16	6861.0000	9	3860.0000	0	.0000	9	3860.0000
20110325	小型臺指            	MXF    	C         	8381	3594302.0000	8392	3598586.0000	-11	-4284.0000	5036	2155020.0000	2264	938503.0000	2772	1216517.0000
20110325	股票期貨            	STF    	A         	2915	258887.0000	3314	279368.0000	-399	-20481.0000	7419	461942.0000	5570	477330.0000	1849	-15388.0000
20110325	股票期貨            	STF    	B         	0	.0000	0	.0000	0	.0000	0	.0000	0	.0000	0	.0000
20110325	股票期貨            	STF    	C         	212	10265.0000	103	7723.0000	109	2542.0000	312	35713.0000	7662	505989.0000	-7350	-470276.0000
20110325	臺灣50期貨          	T5F    	A         	0	.0000	0	.0000	0	.0000	500	297400.0000	0	.0000	500	297400.0000
20110325	臺灣50期貨          	T5F    	B         	0	.0000	0	.0000	0	.0000	0	.0000	0	.0000	0	.0000
20110325	臺灣50期貨          	T5F    	C         	0	.0000	0	.0000	0	.0000	0	.0000	500	297400.0000	-500	-297400.0000
20110325	臺股期貨            	TXF    	A         	18759	32194053.0000	18669	32040365.0000	90	153688.0000	7856	13406785.0000	12916	22080842.0000	-5060	-8674057.0000
20110325	臺股期貨            	TXF    	B         	192	329606.0000	221	379265.0000	-29	-49659.0000	1131	1940117.0000	1651	2831971.0000	-520	-891854.0000
20110325	臺股期貨            	TXF    	C         	13602	23338882.0000	9877	16948269.0000	3725	6390613.0000	32748	56129336.0000	13816	23479902.0000	18932	32649434.0000
20110325	非金電期貨          	XIF    	A         	377	432441.0000	395	453995.0000	-18	-21554.0000	614	704763.0000	476	536097.0000	138	168666.0000
20110325	非金電期貨          	XIF    	B         	0	.0000	0	.0000	0	.0000	18	20677.0000	0	.0000	18	20677.0000
20110325	非金電期貨          	XIF    	C         	122	140250.0000	189	217714.0000	-67	-77464.0000	192	220550.0000	106	121762.0000	86	98788.0000
20110328	電子期貨            	EXF    	A         	921	1182701.0000	624	800832.0000	297	381869.0000	1204	1541350.0000	716	912347.0000	488	629003.0000
20110328	電子期貨            	EXF    	B         	0	.0000	15	19332.0000	-15	-19332.0000	126	161356.0000	189	242033.0000	-63	-80677.0000
20110328	電子期貨            	EXF    	C         	940	1207086.0000	1184	1522036.0000	-244	-314950.0000	3967	5079789.0000	4101	5251741.0000	-134	-171952.0000
20110328	金融期貨            	FXF    	A         	642	626484.0000	498	485671.0000	144	140813.0000	891	867820.0000	285	275889.0000	606	591931.0000
20110328	金融期貨            	FXF    	B         	0	.0000	0	.0000	0	.0000	373	363302.0000	0	.0000	373	363302.0000
20110328	金融期貨            	FXF    	C         	545	531672.0000	643	627163.0000	-98	-95491.0000	1798	1751252.0000	4692	4569921.0000	-2894	-2818669.0000
20110328	櫃買期貨            	GTF    	A         	109	59861.0000	77	42308.0000	32	17554.0000	47	25731.0000	116	63528.0000	-69	-37797.0000
20110328	櫃買期貨            	GTF    	B         	0	.0000	0	.0000	0	.0000	63	34499.0000	0	.0000	63	34499.0000
20110328	櫃買期貨            	GTF    	C         	0	.0000	0	.0000	0	.0000	0	.0000	0	.0000	0	.0000
20110328	摩臺期              	MSF    	A         	0	.0000	0	.0000	0	.0000	8	7183.0000	1	900.0000	7	6283.0000
20110328	摩臺期              	MSF    	B         	0	.0000	0	.0000	0	.0000	0	.0000	0	.0000	0	.0000
20110328	摩臺期              	MSF    	C         	0	.0000	0	.0000	0	.0000	0	.0000	0	.0000	0	.0000
20110328	小型臺指            	MXF    	A         	6397	2730737.0000	7843	3345091.0000	-1446	-614353.0000	2000	847213.0000	4623	1966497.0000	-2623	-1119284.0000
20110328	小型臺指            	MXF    	B         	0	.0000	4	1704.0000	-4	-1704.0000	5	2130.0000	0	.0000	5	2130.0000
20110328	小型臺指            	MXF    	C         	8487	3621355.0000	10248	4370830.0000	-1761	-749475.0000	4810	2045400.0000	3591	1496404.0000	1219	548996.0000
20110328	股票期貨            	STF    	A         	1905	140404.0000	2394	182733.0000	-489	-42330.0000	7294	443526.0000	5934	501693.0000	1360	-58167.0000
20110328	股票期貨            	STF    	B         	0	.0000	0	.0000	0	.0000	0	.0000	0	.0000	0	.0000
20110328	股票期貨            	STF    	C         	274	17188.0000	156	8891.0000	118	8297.0000	368	38508.0000	7600	497818.0000	-7232	-459310.0000
20110328	臺灣50期貨          	T5F    	A         	0	.0000	0	.0000	0	.0000	500	295200.0000	0	.0000	500	295200.0000
20110328	臺灣50期貨          	T5F    	B         	0	.0000	0	.0000	0	.0000	0	.0000	0	.0000	0	.0000
20110328	臺灣50期貨          	T5F    	C         	0	.0000	0	.0000	0	.0000	0	.0000	500	295200.0000	-500	-295200.0000
20110328	臺股期貨            	TXF    	A         	19052	32501361.0000	20922	35706208.0000	-1870	-3204848.0000	5415	9160456.0000	12345	20974236.0000	-6930	-11813780.0000
20110328	臺股期貨            	TXF    	B         	47	80146.0000	97	165466.0000	-50	-85320.0000	1132	1928928.0000	1702	2900061.0000	-570	-971133.0000
20110328	臺股期貨            	TXF    	C         	12373	21122757.0000	12941	22077530.0000	-568	-954773.0000	33707	57389561.0000	15395	25988885.0000	18312	31400676.0000
20110328	非金電期貨          	XIF    	A         	475	545563.0000	263	302059.0000	212	243504.0000	842	966336.0000	492	554298.0000	350	412038.0000
20110328	非金電期貨          	XIF    	B         	0	.0000	0	.0000	0	.0000	18	20668.0000	0	.0000	18	20668.0000
20110328	非金電期貨          	XIF    	C         	359	412596.0000	532	611284.0000	-173	-198688.0000	283	324941.0000	370	424834.0000	-87	-99893.0000
20110329	電子期貨            	EXF    	A         	563	719814.0000	619	791207.0000	-56	-71393.0000	1211	1553655.0000	779	994963.0000	432	558692.0000
20110329	電子期貨            	EXF    	B         	0	.0000	213	272479.0000	-213	-272479.0000	126	161708.0000	402	515927.0000	-276	-354219.0000
20110329	電子期貨            	EXF    	C         	795	1015890.0000	610	779529.0000	185	236361.0000	4306	5525839.0000	4255	5460867.0000	51	64972.0000
20110329	金融期貨            	FXF    	A         	775	760090.0000	665	652642.0000	110	107448.0000	999	983711.0000	283	276481.0000	716	707230.0000
20110329	金融期貨            	FXF    	B         	100	98254.0000	0	.0000	100	98254.0000	473	465810.0000	0	.0000	473	465810.0000
20110329	金融期貨            	FXF    	C         	721	706710.0000	532	522432.0000	189	184278.0000	1902	1873090.0000	4607	4536812.0000	-2705	-2663722.0000
20110329	櫃買期貨            	GTF    	A         	62	34063.0000	58	31863.0000	4	2200.0000	61	33476.0000	126	69173.0000	-65	-35697.0000
20110329	櫃買期貨            	GTF    	B         	0	.0000	0	.0000	0	.0000	63	34587.0000	0	.0000	63	34587.0000
20110329	櫃買期貨            	GTF    	C         	0	.0000	0	.0000	0	.0000	0	.0000	0	.0000	0	.0000
20110329	摩臺期              	MSF    	A         	0	.0000	0	.0000	0	.0000	8	7199.0000	1	902.0000	7	6297.0000
20110329	摩臺期              	MSF    	B         	0	.0000	0	.0000	0	.0000	0	.0000	0	.0000	0	.0000
20110329	摩臺期              	MSF    	C         	35	31674.0000	0	.0000	35	31674.0000	35	31559.0000	0	.0000	35	31559.0000
20110329	小型臺指            	MXF    	A         	6821	2911005.0000	5936	2533741.0000	885	377264.0000	2194	935989.0000	3928	1681039.0000	-1734	-745050.0000
20110329	小型臺指            	MXF    	B         	0	.0000	5	2143.0000	-5	-2143.0000	0	.0000	0	.0000	0	.0000
20110329	小型臺指            	MXF    	C         	8324	3549284.0000	8322	3551198.0000	2	-1915.0000	4919	2103687.0000	3602	1510423.0000	1317	593264.0000
20110329	股票期貨            	STF    	A         	3048	226758.0000	2950	211671.0000	98	15087.0000	7356	455099.0000	5898	498765.0000	1458	-43666.0000
20110329	股票期貨            	STF    	B         	0	.0000	0	.0000	0	.0000	0	.0000	0	.0000	0	.0000
20110329	股票期貨            	STF    	C         	88	11863.0000	85	6452.0000	3	5412.0000	396	44460.0000	7625	501394.0000	-7229	-456934.0000
20110329	臺灣50期貨          	T5F    	A         	0	.0000	0	.0000	0	.0000	500	296650.0000	0	.0000	500	296650.0000
20110329	臺灣50期貨          	T5F    	B         	0	.0000	0	.0000	0	.0000	0	.0000	0	.0000	0	.0000
20110329	臺灣50期貨          	T5F    	C         	0	.0000	0	.0000	0	.0000	0	.0000	500	296650.0000	-500	-296650.0000
20110329	臺股期貨            	TXF    	A         	20948	35781616.0000	20550	35101114.0000	398	680503.0000	5872	10000820.0000	12405	21209422.0000	-6533	-11208602.0000
20110329	臺股期貨            	TXF    	B         	98	167462.0000	75	128242.0000	23	39219.0000	1139	1952929.0000	1686	2890662.0000	-547	-937733.0000
20110329	臺股期貨            	TXF    	C         	10477	17889490.0000	10532	17986934.0000	-55	-97443.0000	34448	59014587.0000	16215	27556688.0000	18233	31457899.0000
20110329	非金電期貨          	XIF    	A         	253	292873.0000	215	248578.0000	38	44295.0000	916	1064527.0000	528	603276.0000	388	461251.0000
20110329	非金電期貨          	XIF    	B         	0	.0000	0	.0000	0	.0000	18	20929.0000	0	.0000	18	20929.0000
20110329	非金電期貨          	XIF    	C         	67	77741.0000	160	185273.0000	-93	-107532.0000	265	308116.0000	445	517402.0000	-180	-209286.0000
20110330	電子期貨            	EXF    	A         	517	665715.0000	698	898334.0000	-181	-232619.0000	1073	1377037.0000	822	1050560.0000	251	326477.0000
20110330	電子期貨            	EXF    	B         	0	.0000	0	.0000	0	.0000	126	161759.0000	402	516088.0000	-276	-354329.0000
20110330	電子期貨            	EXF    	C         	705	908574.0000	765	985365.0000	-60	-76791.0000	4094	5255500.0000	4103	5267431.0000	-9	-11931.0000
20110330	金融期貨            	FXF    	A         	1020	1013619.0000	894	888548.0000	126	125070.0000	1148	1140838.0000	306	302169.0000	842	838669.0000
20110330	金融期貨            	FXF    	B         	0	.0000	0	.0000	0	.0000	473	470067.0000	0	.0000	473	470067.0000
20110330	金融期貨            	FXF    	C         	628	623739.0000	569	565493.0000	59	58246.0000	1956	1943873.0000	4592	4563449.0000	-2636	-2619576.0000
20110330	櫃買期貨            	GTF    	A         	24	13233.0000	17	9374.0000	7	3859.0000	69	37982.0000	127	69930.0000	-58	-31948.0000
20110330	櫃買期貨            	GTF    	B         	0	.0000	0	.0000	0	.0000	63	34688.0000	0	.0000	63	34688.0000
20110330	櫃買期貨            	GTF    	C         	0	.0000	0	.0000	0	.0000	0	.0000	0	.0000	0	.0000
20110330	摩臺期              	MSF    	A         	0	.0000	0	.0000	0	.0000	8	7211.0000	1	903.0000	7	6308.0000
20110330	摩臺期              	MSF    	B         	0	.0000	0	.0000	0	.0000	0	.0000	0	.0000	0	.0000
20110330	摩臺期              	MSF    	C         	0	.0000	0	.0000	0	.0000	35	31610.0000	0	.0000	35	31610.0000
20110330	小型臺指            	MXF    	A         	6516	2806570.0000	5815	2504132.0000	701	302437.0000	2287	977930.0000	3708	1590985.0000	-1421	-613055.0000
20110330	小型臺指            	MXF    	B         	0	.0000	0	.0000	0	.0000	0	.0000	0	.0000	0	.0000
20110330	小型臺指            	MXF    	C         	9016	3881431.0000	8657	3728303.0000	359	153128.0000	5018	2149077.0000	3342	1402164.0000	1676	746913.0000
20110330	股票期貨            	STF    	A         	3048	241285.0000	2113	192667.0000	935	48618.0000	8199	505065.0000	5806	502547.0000	2393	2518.0000
20110330	股票期貨            	STF    	B         	0	.0000	0	.0000	0	.0000	0	.0000	0	.0000	0	.0000
20110330	股票期貨            	STF    	C         	102	6621.0000	1111	64982.0000	-1009	-58361.0000	406	45094.0000	8644	562658.0000	-8238	-517564.0000
20110330	臺灣50期貨          	T5F    	A         	0	.0000	0	.0000	0	.0000	500	297600.0000	0	.0000	500	297600.0000
20110330	臺灣50期貨          	T5F    	B         	0	.0000	0	.0000	0	.0000	0	.0000	0	.0000	0	.0000
20110330	臺灣50期貨          	T5F    	C         	0	.0000	0	.0000	0	.0000	0	.0000	500	297600.0000	-500	-297600.0000
20110330	臺股期貨            	TXF    	A         	21043	36267672.0000	20871	35972457.0000	172	295215.0000	6179	10550958.0000	12443	21327026.0000	-6264	-10776068.0000
20110330	臺股期貨            	TXF    	B         	82	141156.0000	0	.0000	82	141156.0000	1139	1957258.0000	1604	2756157.0000	-465	-798899.0000
20110330	臺股期貨            	TXF    	C         	10797	18606928.0000	9917	17092898.0000	880	1514030.0000	35128	60310193.0000	16015	27274915.0000	19113	33035278.0000
20110330	非金電期貨          	XIF    	A         	306	357339.0000	338	394755.0000	-32	-37416.0000	907	1056176.0000	551	631302.0000	356	424874.0000
20110330	非金電期貨          	XIF    	B         	0	.0000	0	.0000	0	.0000	18	20975.0000	0	.0000	18	20975.0000
20110330	非金電期貨          	XIF    	C         	173	202171.0000	161	188032.0000	12	14139.0000	328	382218.0000	496	577989.0000	-168	-195771.0000
20110331	電子期貨            	EXF    	A         	951	1226629.0000	632	814809.0000	319	411820.0000	1269	1640268.0000	699	898946.0000	570	741322.0000
20110331	電子期貨            	EXF    	B         	0	.0000	0	.0000	0	.0000	126	162918.0000	402	519786.0000	-276	-356868.0000
20110331	電子期貨            	EXF    	C         	742	955934.0000	1144	1473754.0000	-402	-517820.0000	4270	5520724.0000	4681	6052533.0000	-411	-531809.0000
20110331	金融期貨            	FXF    	A         	1006	999573.0000	1067	1060189.0000	-61	-60616.0000	1083	1080323.0000	302	298894.0000	781	781429.0000
20110331	金融期貨            	FXF    	B         	80	79697.0000	200	197794.0000	-120	-118097.0000	353	352153.0000	0	.0000	353	352153.0000
20110331	金融期貨            	FXF    	C         	844	838435.0000	575	571234.0000	269	267201.0000	2073	2068025.0000	4440	4429224.0000	-2367	-2361199.0000
20110331	櫃買期貨            	GTF    	A         	39	21552.0000	46	25427.0000	-7	-3875.0000	56	31066.0000	121	67165.0000	-65	-36099.0000
20110331	櫃買期貨            	GTF    	B         	0	.0000	0	.0000	0	.0000	63	34978.0000	0	.0000	63	34978.0000
20110331	櫃買期貨            	GTF    	C         	0	.0000	0	.0000	0	.0000	0	.0000	0	.0000	0	.0000
20110331	摩臺期              	MSF    	A         	0	.0000	0	.0000	0	.0000	8	7238.0000	1	907.0000	7	6331.0000
20110331	摩臺期              	MSF    	B         	0	.0000	0	.0000	0	.0000	0	.0000	0	.0000	0	.0000
20110331	摩臺期              	MSF    	C         	0	.0000	0	.0000	0	.0000	35	31728.0000	0	.0000	35	31728.0000
20110331	小型臺指            	MXF    	A         	5437	2339350.0000	4849	2084132.0000	588	255218.0000	2778	1195520.0000	3611	1557317.0000	-833	-361797.0000
20110331	小型臺指            	MXF    	B         	0	.0000	0	.0000	0	.0000	0	.0000	0	.0000	0	.0000
20110331	小型臺指            	MXF    	C         	9817	4221590.0000	9857	4238455.0000	-40	-16865.0000	5025	2163978.0000	3389	1429634.0000	1636	734344.0000
20110331	股票期貨            	STF    	A         	3587	280146.0000	3176	272749.0000	411	7397.0000	8816	555449.0000	6012	537720.0000	2804	17729.0000
20110331	股票期貨            	STF    	B         	0	.0000	0	.0000	0	.0000	0	.0000	0	.0000	0	.0000
20110331	股票期貨            	STF    	C         	89	8961.0000	83	13786.0000	6	-4826.0000	420	49180.0000	8652	579364.0000	-8232	-530184.0000
20110331	臺灣50期貨          	T5F    	A         	0	.0000	0	.0000	0	.0000	500	299250.0000	0	.0000	500	299250.0000
20110331	臺灣50期貨          	T5F    	B         	0	.0000	0	.0000	0	.0000	0	.0000	0	.0000	0	.0000
20110331	臺灣50期貨          	T5F    	C         	0	.0000	0	.0000	0	.0000	0	.0000	500	299250.0000	-500	-299250.0000
20110331	臺股期貨            	TXF    	A         	24242	41726285.0000	23992	41274717.0000	250	451568.0000	7270	12495945.0000	13284	22893072.0000	-6014	-10397127.0000
20110331	臺股期貨            	TXF    	B         	34	58587.0000	241	415188.0000	-207	-356601.0000	1139	1968192.0000	1811	3129256.0000	-672	-1161064.0000
20110331	臺股期貨            	TXF    	C         	10974	18887764.0000	10021	17244487.0000	953	1643276.0000	36879	63671127.0000	16813	28795125.0000	20066	34876002.0000
20110331	非金電期貨          	XIF    	A         	334	387970.0000	360	418315.0000	-26	-30345.0000	953	1110982.0000	623	716012.0000	330	394970.0000
20110331	非金電期貨          	XIF    	B         	0	.0000	0	.0000	0	.0000	18	21004.0000	0	.0000	18	21004.0000
20110331	非金電期貨          	XIF    	C         	265	308671.0000	151	175619.0000	114	133052.0000	457	533273.0000	511	596286.0000	-54	-63013.0000
