20090105	電子期貨            	EXF    	A         	575	417830.0000	774	562358.0000	-199	-144528.0000	285	205313.0000	339	244304.0000	-54	-38991.0000
20090105	電子期貨            	EXF    	B         	612	448160.0000	3	2188.0000	609	445972.0000	591	427175.0000	1655	1196234.0000	-1064	-769059.0000
20090105	電子期貨            	EXF    	C         	394	286046.0000	653	473841.0000	-259	-187795.0000	2371	1713636.0000	1608	1162262.0000	763	551374.0000
20090105	金融期貨            	FXF    	A         	434	266421.0000	597	367327.0000	-163	-100906.0000	209	126101.0000	565	341319.0000	-356	-215218.0000
20090105	金融期貨            	FXF    	B         	0	.0000	1	622.0000	-1	-622.0000	761	460101.0000	227	137244.0000	534	322857.0000
20090105	金融期貨            	FXF    	C         	743	451341.0000	409	251287.0000	334	200055.0000	754	455822.0000	1057	639062.0000	-303	-183240.0000
20090105	櫃買期貨            	GTF    	A         	421	110374.0000	426	111706.0000	-5	-1332.0000	44	11542.0000	62	16253.0000	-18	-4711.0000
20090105	櫃買期貨            	GTF    	B         	0	.0000	0	.0000	0	.0000	2	525.0000	2	525.0000	0	.0000
20090105	櫃買期貨            	GTF    	C         	0	.0000	0	.0000	0	.0000	0	.0000	0	.0000	0	.0000
20090105	摩臺期              	MSF    	A         	0	.0000	0	.0000	0	.0000	4	2344.0000	9	5273.0000	-5	-2929.0000
20090105	摩臺期              	MSF    	B         	0	.0000	0	.0000	0	.0000	0	.0000	0	.0000	0	.0000
20090105	摩臺期              	MSF    	C         	0	.0000	0	.0000	0	.0000	0	.0000	0	.0000	0	.0000
20090105	小型臺指            	MXF    	A         	9344	2195924.0000	8417	1977011.0000	927	218912.0000	1609	373874.0000	1627	378285.0000	-18	-4411.0000
20090105	小型臺指            	MXF    	B         	0	.0000	0	.0000	0	.0000	0	.0000	0	.0000	0	.0000
20090105	小型臺指            	MXF    	C         	730	173444.0000	516	120698.0000	214	52746.0000	10	2309.0000	1630	380524.0000	-1620	-378215.0000
20090105	臺灣50期貨          	T5F    	A         	0	.0000	0	.0000	0	.0000	0	.0000	0	.0000	0	.0000
20090105	臺灣50期貨          	T5F    	B         	0	.0000	0	.0000	0	.0000	0	.0000	0	.0000	0	.0000
20090105	臺灣50期貨          	T5F    	C         	0	.0000	0	.0000	0	.0000	0	.0000	0	.0000	0	.0000
20090105	臺股期貨            	TXF    	A         	21181	19930673.0000	18978	17841247.0000	2203	2089426.0000	6826	6360875.0000	3730	3437439.0000	3096	2923436.0000
20090105	臺股期貨            	TXF    	B         	3785	3564193.0000	2163	2030999.0000	1622	1533194.0000	1034	965549.0000	15408	14370667.0000	-14374	-13405118.0000
20090105	臺股期貨            	TXF    	C         	10838	10203235.0000	12463	11725013.0000	-1625	-1521778.0000	28669	26663778.0000	17234	16039292.0000	11435	10624486.0000
20090105	非金電期貨          	XIF    	A         	739	425931.0000	711	409578.0000	28	16353.0000	97	55756.0000	152	87368.0000	-55	-31612.0000
20090105	非金電期貨          	XIF    	B         	0	.0000	0	.0000	0	.0000	19	10931.0000	0	.0000	19	10931.0000
20090105	非金電期貨          	XIF    	C         	67	38764.0000	131	75786.0000	-64	-37021.0000	90	51720.0000	98	56379.0000	-8	-4659.0000
20090106	電子期貨            	EXF    	A         	1009	727010.0000	614	442384.0000	395	284626.0000	582	419923.0000	241	173354.0000	341	246569.0000
20090106	電子期貨            	EXF    	B         	117	84104.0000	51	36890.0000	66	47213.0000	606	438017.0000	1604	1159371.0000	-998	-721354.0000
20090106	電子期貨            	EXF    	C         	232	167835.0000	398	286768.0000	-166	-118933.0000	2293	1657200.0000	1696	1225869.0000	597	431331.0000
20090106	金融期貨            	FXF    	A         	467	280292.0000	535	320192.0000	-68	-39901.0000	225	134808.0000	649	389339.0000	-424	-254531.0000
20090106	金融期貨            	FXF    	B         	20	12045.0000	19	11356.0000	1	689.0000	762	457352.0000	227	136245.0000	535	321107.0000
20090106	金融期貨            	FXF    	C         	429	256970.0000	121	72419.0000	308	184551.0000	806	483752.0000	801	480760.0000	5	2992.0000
20090106	櫃買期貨            	GTF    	A         	958	251316.0000	956	250789.0000	2	527.0000	44	11621.0000	60	15816.0000	-16	-4195.0000
20090106	櫃買期貨            	GTF    	B         	0	.0000	0	.0000	0	.0000	2	529.0000	2	529.0000	0	.0000
20090106	櫃買期貨            	GTF    	C         	0	.0000	0	.0000	0	.0000	0	.0000	0	.0000	0	.0000
20090106	摩臺期              	MSF    	A         	4	2355.0000	8	4699.0000	-4	-2343.0000	4	2357.0000	13	7659.0000	-9	-5302.0000
20090106	摩臺期              	MSF    	B         	0	.0000	0	.0000	0	.0000	0	.0000	0	.0000	0	.0000
20090106	摩臺期              	MSF    	C         	0	.0000	0	.0000	0	.0000	0	.0000	0	.0000	0	.0000
20090106	小型臺指            	MXF    	A         	9231	2164626.0000	8240	1930717.0000	991	233908.0000	1920	449690.0000	1315	307603.0000	605	142087.0000
20090106	小型臺指            	MXF    	B         	0	.0000	0	.0000	0	.0000	0	.0000	0	.0000	0	.0000
20090106	小型臺指            	MXF    	C         	336	78807.0000	368	85783.0000	-32	-6976.0000	10	2324.0000	1662	390902.0000	-1652	-388578.0000
20090106	臺灣50期貨          	T5F    	A         	0	.0000	0	.0000	0	.0000	0	.0000	0	.0000	0	.0000
20090106	臺灣50期貨          	T5F    	B         	0	.0000	0	.0000	0	.0000	0	.0000	0	.0000	0	.0000
20090106	臺灣50期貨          	T5F    	C         	0	.0000	0	.0000	0	.0000	0	.0000	0	.0000	0	.0000
20090106	臺股期貨            	TXF    	A         	19036	17855064.0000	19126	17934897.0000	-90	-79832.0000	7342	6893855.0000	4244	3947669.0000	3098	2946186.0000
20090106	臺股期貨            	TXF    	B         	1700	1594731.0000	725	678330.0000	975	916401.0000	1337	1257850.0000	14736	13844509.0000	-13399	-12586659.0000
20090106	臺股期貨            	TXF    	C         	8000	7499422.0000	7141	6692817.0000	859	806605.0000	29254	27406308.0000	16960	15894631.0000	12294	11511677.0000
20090106	非金電期貨          	XIF    	A         	524	308003.0000	472	277331.0000	52	30673.0000	129	76072.0000	132	77870.0000	-3	-1798.0000
20090106	非金電期貨          	XIF    	B         	0	.0000	0	.0000	0	.0000	19	11214.0000	0	.0000	19	11214.0000
20090106	非金電期貨          	XIF    	C         	6	3550.0000	112	65625.0000	-106	-62075.0000	80	47155.0000	194	114499.0000	-114	-67344.0000
20090107	電子期貨            	EXF    	A         	340	249676.0000	797	584729.0000	-457	-335053.0000	419	305404.0000	535	390177.0000	-116	-84773.0000
20090107	電子期貨            	EXF    	B         	53	38817.0000	3	2204.0000	50	36614.0000	606	442744.0000	1554	1135352.0000	-948	-692608.0000
20090107	電子期貨            	EXF    	C         	878	645516.0000	168	123187.0000	710	522329.0000	3030	2213646.0000	1723	1258824.0000	1307	954822.0000
20090107	金融期貨            	FXF    	A         	370	222783.0000	754	453410.0000	-384	-230627.0000	234	140948.0000	1042	628498.0000	-808	-487550.0000
20090107	金融期貨            	FXF    	B         	0	.0000	0	.0000	0	.0000	762	459791.0000	227	136972.0000	535	322819.0000
20090107	金融期貨            	FXF    	C         	544	326979.0000	220	132154.0000	324	194825.0000	1207	728287.0000	878	529785.0000	329	198502.0000
20090107	櫃買期貨            	GTF    	A         	570	151257.0000	563	149391.0000	7	1866.0000	54	14433.0000	63	16819.0000	-9	-2386.0000
20090107	櫃買期貨            	GTF    	B         	0	.0000	0	.0000	0	.0000	2	535.0000	2	535.0000	0	.0000
20090107	櫃買期貨            	GTF    	C         	0	.0000	0	.0000	0	.0000	0	.0000	0	.0000	0	.0000
20090107	摩臺期              	MSF    	A         	1	597.0000	1	597.0000	0	.0000	4	2386.0000	13	7755.0000	-9	-5369.0000
20090107	摩臺期              	MSF    	B         	0	.0000	0	.0000	0	.0000	0	.0000	0	.0000	0	.0000
20090107	摩臺期              	MSF    	C         	0	.0000	0	.0000	0	.0000	0	.0000	0	.0000	0	.0000
20090107	小型臺指            	MXF    	A         	8292	1970769.0000	7355	1746334.0000	937	224435.0000	2039	482959.0000	1053	248766.0000	986	234193.0000
20090107	小型臺指            	MXF    	B         	0	.0000	0	.0000	0	.0000	0	.0000	0	.0000	0	.0000
20090107	小型臺指            	MXF    	C         	248	59007.0000	246	58242.0000	2	765.0000	10	2354.0000	1660	394665.0000	-1650	-392311.0000
20090107	臺灣50期貨          	T5F    	A         	0	.0000	0	.0000	0	.0000	0	.0000	0	.0000	0	.0000
20090107	臺灣50期貨          	T5F    	B         	0	.0000	0	.0000	0	.0000	0	.0000	0	.0000	0	.0000
20090107	臺灣50期貨          	T5F    	C         	0	.0000	0	.0000	0	.0000	0	.0000	0	.0000	0	.0000
20090107	臺股期貨            	TXF    	A         	18322	17416861.0000	18227	17320793.0000	95	96068.0000	7713	7322560.0000	4381	4124907.0000	3332	3197653.0000
20090107	臺股期貨            	TXF    	B         	958	911189.0000	328	311152.0000	630	600037.0000	1369	1301919.0000	14138	13426118.0000	-12769	-12124199.0000
20090107	臺股期貨            	TXF    	C         	10476	9962742.0000	7946	7551521.0000	2530	2411221.0000	30539	28929016.0000	15718	14887131.0000	14821	14041885.0000
20090107	非金電期貨          	XIF    	A         	926	546549.0000	907	535289.0000	19	11260.0000	145	86635.0000	129	77096.0000	16	9539.0000
20090107	非金電期貨          	XIF    	B         	0	.0000	0	.0000	0	.0000	19	11366.0000	0	.0000	19	11366.0000
20090107	非金電期貨          	XIF    	C         	24	14287.0000	92	54666.0000	-68	-40379.0000	80	47817.0000	262	156728.0000	-182	-108911.0000
20090108	電子期貨            	EXF    	A         	1059	740309.0000	546	380474.0000	513	359835.0000	617	418764.0000	220	148906.0000	397	269858.0000
20090108	電子期貨            	EXF    	B         	30	20613.0000	340	236885.0000	-310	-216273.0000	426	289595.0000	1684	1144711.0000	-1258	-855116.0000
20090108	電子期貨            	EXF    	C         	200	138089.0000	593	413606.0000	-393	-275517.0000	2859	1943476.0000	1945	1322211.0000	914	621265.0000
20090108	金融期貨            	FXF    	A         	319	181941.0000	478	273410.0000	-159	-91469.0000	209	117068.0000	1176	659722.0000	-967	-542654.0000
20090108	金融期貨            	FXF    	B         	0	.0000	40	22693.0000	-40	-22693.0000	722	405186.0000	227	127392.0000	495	277794.0000
20090108	金融期貨            	FXF    	C         	260	148145.0000	165	95480.0000	95	52665.0000	1146	643120.0000	722	405186.0000	424	237934.0000
20090108	櫃買期貨            	GTF    	A         	412	105626.0000	390	99922.0000	22	5704.0000	77	19396.0000	64	16101.0000	13	3295.0000
20090108	櫃買期貨            	GTF    	B         	0	.0000	0	.0000	0	.0000	2	504.0000	2	504.0000	0	.0000
20090108	櫃買期貨            	GTF    	C         	0	.0000	0	.0000	0	.0000	0	.0000	0	.0000	0	.0000
20090108	摩臺期              	MSF    	A         	2	1153.0000	2	1153.0000	0	.0000	6	3384.0000	15	8461.0000	-9	-5077.0000
20090108	摩臺期              	MSF    	B         	0	.0000	0	.0000	0	.0000	0	.0000	0	.0000	0	.0000
20090108	摩臺期              	MSF    	C         	0	.0000	0	.0000	0	.0000	0	.0000	0	.0000	0	.0000
20090108	小型臺指            	MXF    	A         	9286	2099682.0000	11248	2556618.0000	-1962	-456936.0000	1995	442864.0000	1559	345374.0000	436	97490.0000
20090108	小型臺指            	MXF    	B         	0	.0000	0	.0000	0	.0000	0	.0000	0	.0000	0	.0000
20090108	小型臺指            	MXF    	C         	0	.0000	596	136208.0000	-596	-136208.0000	10	2204.0000	2256	502524.0000	-2246	-500320.0000
20090108	臺灣50期貨          	T5F    	A         	0	.0000	0	.0000	0	.0000	0	.0000	0	.0000	0	.0000
20090108	臺灣50期貨          	T5F    	B         	0	.0000	0	.0000	0	.0000	0	.0000	0	.0000	0	.0000
20090108	臺灣50期貨          	T5F    	C         	0	.0000	0	.0000	0	.0000	0	.0000	0	.0000	0	.0000
20090108	臺股期貨            	TXF    	A         	23541	21366847.0000	24299	22083973.0000	-758	-717126.0000	6642	5906278.0000	4421	3899325.0000	2221	2006953.0000
20090108	臺股期貨            	TXF    	B         	1313	1202349.0000	2623	2378026.0000	-1310	-1175676.0000	1296	1154736.0000	15385	13688403.0000	-14089	-12533667.0000
20090108	臺股期貨            	TXF    	C         	8995	8148531.0000	8796	8008665.0000	199	139866.0000	31710	28146166.0000	16701	14825518.0000	15009	13320648.0000
20090108	非金電期貨          	XIF    	A         	612	353639.0000	549	316920.0000	63	36720.0000	203	115847.0000	124	70754.0000	79	45093.0000
20090108	非金電期貨          	XIF    	B         	0	.0000	0	.0000	0	.0000	19	10851.0000	0	.0000	19	10851.0000
20090108	非金電期貨          	XIF    	C         	67	38858.0000	61	35426.0000	6	3432.0000	80	45673.0000	256	146202.0000	-176	-100529.0000
20090109	電子期貨            	EXF    	A         	796	541670.0000	605	411755.0000	191	129914.0000	777	522535.0000	189	126537.0000	588	395998.0000
20090109	電子期貨            	EXF    	B         	0	.0000	431	291863.0000	-431	-291863.0000	242	162963.0000	1931	1300197.0000	-1689	-1137234.0000
20090109	電子期貨            	EXF    	C         	209	142486.0000	358	243922.0000	-149	-101436.0000	2714	1827470.0000	1949	1312457.0000	765	515013.0000
20090109	金融期貨            	FXF    	A         	642	352762.0000	377	207594.0000	265	145168.0000	307	167781.0000	1009	551934.0000	-702	-384153.0000
20090109	金融期貨            	FXF    	B         	0	.0000	27	14802.0000	-27	-14802.0000	722	395078.0000	254	138989.0000	468	256089.0000
20090109	金融期貨            	FXF    	C         	315	173262.0000	665	364702.0000	-350	-191439.0000	865	473321.0000	791	432835.0000	74	40486.0000
20090109	櫃買期貨            	GTF    	A         	225	57009.0000	213	53958.0000	12	3050.0000	92	23264.0000	67	16932.0000	25	6332.0000
20090109	櫃買期貨            	GTF    	B         	0	.0000	0	.0000	0	.0000	2	505.0000	2	505.0000	0	.0000
20090109	櫃買期貨            	GTF    	C         	0	.0000	0	.0000	0	.0000	0	.0000	0	.0000	0	.0000
20090109	摩臺期              	MSF    	A         	0	.0000	0	.0000	0	.0000	6	3390.0000	15	8475.0000	-9	-5085.0000
20090109	摩臺期              	MSF    	B         	0	.0000	0	.0000	0	.0000	0	.0000	0	.0000	0	.0000
20090109	摩臺期              	MSF    	C         	0	.0000	0	.0000	0	.0000	0	.0000	0	.0000	0	.0000
20090109	小型臺指            	MXF    	A         	7886	1756971.0000	7322	1630242.0000	564	126729.0000	2543	560916.0000	1695	372827.0000	848	188089.0000
20090109	小型臺指            	MXF    	B         	0	.0000	0	.0000	0	.0000	0	.0000	0	.0000	0	.0000
20090109	小型臺指            	MXF    	C         	467	104115.0000	71	15754.0000	396	88361.0000	10	2196.0000	1860	411246.0000	-1850	-409050.0000
20090109	臺灣50期貨          	T5F    	A         	0	.0000	0	.0000	0	.0000	0	.0000	0	.0000	0	.0000
20090109	臺灣50期貨          	T5F    	B         	0	.0000	0	.0000	0	.0000	0	.0000	0	.0000	0	.0000
20090109	臺灣50期貨          	T5F    	C         	0	.0000	0	.0000	0	.0000	0	.0000	0	.0000	0	.0000
20090109	臺股期貨            	TXF    	A         	19146	17061612.0000	19463	17341504.0000	-317	-279893.0000	6906	6097184.0000	4964	4352059.0000	1942	1745125.0000
20090109	臺股期貨            	TXF    	B         	1114	991838.0000	4374	3895717.0000	-3260	-2903879.0000	1346	1190402.0000	18695	16512514.0000	-17349	-15322112.0000
20090109	臺股期貨            	TXF    	C         	11848	10556100.0000	8557	7620139.0000	3291	2935961.0000	34605	30494951.0000	16303	14361341.0000	18302	16133610.0000
20090109	非金電期貨          	XIF    	A         	482	275048.0000	494	281835.0000	-12	-6787.0000	179	101889.0000	112	63743.0000	67	38146.0000
20090109	非金電期貨          	XIF    	B         	0	.0000	0	.0000	0	.0000	19	10824.0000	0	.0000	19	10824.0000
20090109	非金電期貨          	XIF    	C         	47	26901.0000	34	19381.0000	13	7520.0000	80	45552.0000	243	138437.0000	-163	-92885.0000
20090110	電子期貨            	EXF    	A         	499	333904.0000	319	213001.0000	180	120902.0000	922	612802.0000	154	101749.0000	768	511053.0000
20090110	電子期貨            	EXF    	B         	0	.0000	234	156588.0000	-234	-156588.0000	214	142396.0000	2137	1421822.0000	-1923	-1279426.0000
20090110	電子期貨            	EXF    	C         	133	89263.0000	275	184660.0000	-142	-95397.0000	2789	1855663.0000	2166	1441256.0000	623	414407.0000
20090110	金融期貨            	FXF    	A         	382	205969.0000	271	146211.0000	111	59758.0000	350	188101.0000	941	506136.0000	-591	-318035.0000
20090110	金融期貨            	FXF    	B         	0	.0000	115	62168.0000	-115	-62168.0000	722	388436.0000	369	198522.0000	353	189914.0000
20090110	金融期貨            	FXF    	C         	54	29289.0000	8	4335.0000	46	24954.0000	899	483662.0000	779	419102.0000	120	64560.0000
20090110	櫃買期貨            	GTF    	A         	210	52862.0000	211	53116.0000	-1	-254.0000	92	23167.0000	68	17112.0000	24	6055.0000
20090110	櫃買期貨            	GTF    	B         	0	.0000	0	.0000	0	.0000	2	504.0000	2	504.0000	0	.0000
20090110	櫃買期貨            	GTF    	C         	0	.0000	0	.0000	0	.0000	0	.0000	0	.0000	0	.0000
20090110	摩臺期              	MSF    	A         	1	550.0000	0	.0000	1	550.0000	6	3303.0000	14	7706.0000	-8	-4403.0000
20090110	摩臺期              	MSF    	B         	0	.0000	0	.0000	0	.0000	0	.0000	0	.0000	0	.0000
20090110	摩臺期              	MSF    	C         	0	.0000	0	.0000	0	.0000	0	.0000	0	.0000	0	.0000
20090110	小型臺指            	MXF    	A         	5793	1271376.0000	5469	1199801.0000	324	71575.0000	2507	547006.0000	1915	416665.0000	592	130341.0000
20090110	小型臺指            	MXF    	B         	0	.0000	0	.0000	0	.0000	0	.0000	0	.0000	0	.0000
20090110	小型臺指            	MXF    	C         	0	.0000	0	.0000	0	.0000	10	2165.0000	1860	406968.0000	-1850	-404803.0000
20090110	臺灣50期貨          	T5F    	A         	0	.0000	0	.0000	0	.0000	0	.0000	0	.0000	0	.0000
20090110	臺灣50期貨          	T5F    	B         	0	.0000	0	.0000	0	.0000	0	.0000	0	.0000	0	.0000
20090110	臺灣50期貨          	T5F    	C         	0	.0000	0	.0000	0	.0000	0	.0000	0	.0000	0	.0000
20090110	臺股期貨            	TXF    	A         	11200	9832392.0000	12635	11089089.0000	-1435	-1256697.0000	6420	5606829.0000	5768	5007574.0000	652	599255.0000
20090110	臺股期貨            	TXF    	B         	828	726750.0000	997	874448.0000	-169	-147698.0000	1427	1248910.0000	18945	16556653.0000	-17518	-15307743.0000
20090110	臺股期貨            	TXF    	C         	2958	2595721.0000	1250	1098640.0000	1708	1497081.0000	36493	31823135.0000	16483	14367110.0000	20010	17456025.0000
20090110	非金電期貨          	XIF    	A         	613	346965.0000	594	336152.0000	19	10813.0000	225	126979.0000	139	78413.0000	86	48566.0000
20090110	非金電期貨          	XIF    	B         	0	.0000	0	.0000	0	.0000	19	10726.0000	0	.0000	19	10726.0000
20090110	非金電期貨          	XIF    	C         	44	24943.0000	19	10775.0000	25	14169.0000	80	45127.0000	218	123061.0000	-138	-77934.0000
20090112	電子期貨            	EXF    	A         	364	244597.0000	359	241173.0000	5	3424.0000	984	665077.0000	211	141999.0000	773	523078.0000
20090112	電子期貨            	EXF    	B         	0	.0000	41	27446.0000	-41	-27446.0000	214	144792.0000	2178	1473497.0000	-1964	-1328705.0000
20090112	電子期貨            	EXF    	C         	523	351994.0000	283	189845.0000	240	162149.0000	2898	1960529.0000	2035	1376881.0000	863	583648.0000
20090112	金融期貨            	FXF    	A         	480	258073.0000	599	321563.0000	-119	-63490.0000	326	173787.0000	1036	552705.0000	-710	-378918.0000
20090112	金融期貨            	FXF    	B         	0	.0000	123	64779.0000	-123	-64779.0000	599	319746.0000	369	196972.0000	230	122774.0000
20090112	金融期貨            	FXF    	C         	378	201551.0000	401	215929.0000	-23	-14378.0000	975	520434.0000	874	466541.0000	101	53893.0000
20090112	櫃買期貨            	GTF    	A         	320	79930.0000	325	81200.0000	-5	-1271.0000	87	21949.0000	68	17123.0000	19	4826.0000
20090112	櫃買期貨            	GTF    	B         	0	.0000	0	.0000	0	.0000	2	505.0000	2	505.0000	0	.0000
20090112	櫃買期貨            	GTF    	C         	0	.0000	0	.0000	0	.0000	0	.0000	0	.0000	0	.0000
20090112	摩臺期              	MSF    	A         	4	2196.0000	4	2196.0000	0	.0000	9	4984.0000	17	9415.0000	-8	-4431.0000
20090112	摩臺期              	MSF    	B         	0	.0000	0	.0000	0	.0000	0	.0000	0	.0000	0	.0000
20090112	摩臺期              	MSF    	C         	0	.0000	0	.0000	0	.0000	0	.0000	0	.0000	0	.0000
20090112	小型臺指            	MXF    	A         	8282	1822485.0000	8647	1903056.0000	-365	-80571.0000	2649	583662.0000	2018	443000.0000	631	140662.0000
20090112	小型臺指            	MXF    	B         	1	220.0000	1	221.0000	0	-1.0000	0	.0000	0	.0000	0	.0000
20090112	小型臺指            	MXF    	C         	1062	235762.0000	752	164335.0000	310	71427.0000	10	2173.0000	1550	342783.0000	-1540	-340610.0000
20090112	臺灣50期貨          	T5F    	A         	0	.0000	0	.0000	0	.0000	0	.0000	0	.0000	0	.0000
20090112	臺灣50期貨          	T5F    	B         	0	.0000	0	.0000	0	.0000	0	.0000	0	.0000	0	.0000
20090112	臺灣50期貨          	T5F    	C         	0	.0000	0	.0000	0	.0000	0	.0000	0	.0000	0	.0000
20090112	臺股期貨            	TXF    	A         	21259	18734987.0000	21321	18782532.0000	-62	-47545.0000	6850	6043050.0000	6361	5574856.0000	489	468194.0000
20090112	臺股期貨            	TXF    	B         	569	500855.0000	1670	1473214.0000	-1101	-972359.0000	1521	1345477.0000	20142	17788453.0000	-18621	-16442976.0000
20090112	臺股期貨            	TXF    	C         	12053	10622216.0000	10977	9675573.0000	1076	946643.0000	38841	34224079.0000	17755	15643738.0000	21086	18580341.0000
20090112	非金電期貨          	XIF    	A         	548	311222.0000	565	321119.0000	-17	-9897.0000	217	123620.0000	148	84270.0000	69	39350.0000
20090112	非金電期貨          	XIF    	B         	0	.0000	0	.0000	0	.0000	19	10828.0000	0	.0000	19	10828.0000
20090112	非金電期貨          	XIF    	C         	39	22231.0000	40	22763.0000	-1	-532.0000	82	46679.0000	221	125948.0000	-139	-79269.0000
20090113	電子期貨            	EXF    	A         	757	521478.0000	1260	867275.0000	-503	-345797.0000	991	693754.0000	721	504572.0000	270	189182.0000
20090113	電子期貨            	EXF    	B         	172	118060.0000	92	63852.0000	80	54208.0000	229	160483.0000	2113	1480724.0000	-1884	-1320241.0000
20090113	電子期貨            	EXF    	C         	937	643138.0000	347	238199.0000	590	404939.0000	3112	2180441.0000	1659	1162627.0000	1453	1017814.0000
20090113	金融期貨            	FXF    	A         	666	357612.0000	1045	561931.0000	-379	-204319.0000	365	200145.0000	1454	797900.0000	-1089	-597755.0000
20090113	金融期貨            	FXF    	B         	65	34648.0000	0	.0000	65	34648.0000	599	328851.0000	304	166896.0000	295	161955.0000
20090113	金融期貨            	FXF    	C         	348	186886.0000	344	186105.0000	4	781.0000	1064	584026.0000	959	526491.0000	105	57535.0000
20090113	櫃買期貨            	GTF    	A         	205	51237.0000	209	52250.0000	-4	-1013.0000	79	20030.0000	64	16222.0000	15	3808.0000
20090113	櫃買期貨            	GTF    	B         	0	.0000	0	.0000	0	.0000	2	509.0000	2	509.0000	0	.0000
20090113	櫃買期貨            	GTF    	C         	0	.0000	0	.0000	0	.0000	0	.0000	0	.0000	0	.0000
20090113	摩臺期              	MSF    	A         	0	.0000	0	.0000	0	.0000	9	5085.0000	17	9606.0000	-8	-4521.0000
20090113	摩臺期              	MSF    	B         	0	.0000	0	.0000	0	.0000	0	.0000	0	.0000	0	.0000
20090113	摩臺期              	MSF    	C         	0	.0000	0	.0000	0	.0000	0	.0000	0	.0000	0	.0000
20090113	小型臺指            	MXF    	A         	9217	2042650.0000	8674	1925515.0000	543	117135.0000	2930	659955.0000	1904	427054.0000	1026	232901.0000
20090113	小型臺指            	MXF    	B         	0	.0000	0	.0000	0	.0000	0	.0000	0	.0000	0	.0000
20090113	小型臺指            	MXF    	C         	730	161835.0000	163	35821.0000	567	126014.0000	10	2231.0000	983	222011.0000	-973	-219780.0000
20090113	臺灣50期貨          	T5F    	A         	0	.0000	0	.0000	0	.0000	0	.0000	0	.0000	0	.0000
20090113	臺灣50期貨          	T5F    	B         	0	.0000	0	.0000	0	.0000	0	.0000	0	.0000	0	.0000
20090113	臺灣50期貨          	T5F    	C         	0	.0000	0	.0000	0	.0000	0	.0000	0	.0000	0	.0000
20090113	臺股期貨            	TXF    	A         	21377	18976826.0000	20110	17854992.0000	1267	1121834.0000	8207	7400179.0000	6414	5745245.0000	1793	1654934.0000
20090113	臺股期貨            	TXF    	B         	1691	1505974.0000	1022	898663.0000	669	607311.0000	1681	1518615.0000	19633	17703169.0000	-17952	-16184554.0000
20090113	臺股期貨            	TXF    	C         	11035	9780825.0000	11288	10021448.0000	-253	-240623.0000	39139	35212840.0000	18306	16469964.0000	20833	18742876.0000
20090113	非金電期貨          	XIF    	A         	1373	764780.0000	977	548112.0000	396	216667.0000	1031	576724.0000	566	320831.0000	465	255893.0000
20090113	非金電期貨          	XIF    	B         	0	.0000	0	.0000	0	.0000	19	10771.0000	0	.0000	19	10771.0000
20090113	非金電期貨          	XIF    	C         	457	256143.0000	12	6736.0000	445	249407.0000	326	183555.0000	20	11338.0000	306	172217.0000
20090114	電子期貨            	EXF    	A         	840	586001.0000	793	552633.0000	47	33368.0000	1010	702378.0000	693	481733.0000	317	220645.0000
20090114	電子期貨            	EXF    	B         	91	63468.0000	0	.0000	91	63468.0000	229	159430.0000	2022	1407632.0000	-1793	-1248202.0000
20090114	電子期貨            	EXF    	C         	180	125577.0000	74	51548.0000	106	74030.0000	3252	2263452.0000	1693	1178667.0000	1559	1084785.0000
20090114	金融期貨            	FXF    	A         	529	295218.0000	548	305376.0000	-19	-10158.0000	363	201074.0000	1471	815507.0000	-1108	-614433.0000
20090114	金融期貨            	FXF    	B         	0	.0000	2	1110.0000	-2	-1110.0000	599	332205.0000	306	169708.0000	293	162497.0000
20090114	金融期貨            	FXF    	C         	127	70860.0000	431	240462.0000	-304	-169602.0000	860	476868.0000	1059	587321.0000	-199	-110453.0000
20090114	櫃買期貨            	GTF    	A         	226	57927.0000	246	63083.0000	-20	-5155.0000	70	17940.0000	75	19207.0000	-5	-1267.0000
20090114	櫃買期貨            	GTF    	B         	0	.0000	0	.0000	0	.0000	2	513.0000	2	513.0000	0	.0000
20090114	櫃買期貨            	GTF    	C         	0	.0000	0	.0000	0	.0000	0	.0000	0	.0000	0	.0000
20090114	摩臺期              	MSF    	A         	0	.0000	0	.0000	0	.0000	9	5092.0000	17	9619.0000	-8	-4527.0000
20090114	摩臺期              	MSF    	B         	0	.0000	0	.0000	0	.0000	0	.0000	0	.0000	0	.0000
20090114	摩臺期              	MSF    	C         	0	.0000	0	.0000	0	.0000	0	.0000	0	.0000	0	.0000
20090114	小型臺指            	MXF    	A         	7080	1597189.0000	7215	1627002.0000	-135	-29813.0000	3022	679587.0000	2143	479823.0000	879	199764.0000
20090114	小型臺指            	MXF    	B         	0	.0000	0	.0000	0	.0000	0	.0000	0	.0000	0	.0000
20090114	小型臺指            	MXF    	C         	16	3629.0000	796	179461.0000	-780	-175833.0000	11	2451.0000	1764	397694.0000	-1753	-395243.0000
20090114	臺灣50期貨          	T5F    	A         	0	.0000	0	.0000	0	.0000	0	.0000	0	.0000	0	.0000
20090114	臺灣50期貨          	T5F    	B         	0	.0000	0	.0000	0	.0000	0	.0000	0	.0000	0	.0000
20090114	臺灣50期貨          	T5F    	C         	0	.0000	0	.0000	0	.0000	0	.0000	0	.0000	0	.0000
20090114	臺股期貨            	TXF    	A         	16083	14518125.0000	17066	15401546.0000	-983	-883421.0000	7021	6317470.0000	6208	5550580.0000	813	766890.0000
20090114	臺股期貨            	TXF    	B         	1449	1309913.0000	1405	1261501.0000	44	48412.0000	1695	1528493.0000	19603	17638150.0000	-17908	-16109657.0000
20090114	臺股期貨            	TXF    	C         	11129	10032800.0000	10720	9676350.0000	409	356450.0000	39852	35780918.0000	18610	16712532.0000	21242	19068386.0000
20090114	非金電期貨          	XIF    	A         	402	227099.0000	420	237242.0000	-18	-10143.0000	1044	586528.0000	597	339642.0000	447	246886.0000
20090114	非金電期貨          	XIF    	B         	0	.0000	0	.0000	0	.0000	19	10811.0000	0	.0000	19	10811.0000
20090114	非金電期貨          	XIF    	C         	40	22776.0000	8	4545.0000	32	18231.0000	358	202492.0000	20	11380.0000	338	191112.0000
20090115	電子期貨            	EXF    	A         	1189	784940.0000	846	558151.0000	343	226790.0000	1224	805787.0000	564	369906.0000	660	435881.0000
20090115	電子期貨            	EXF    	B         	65	43000.0000	120	79207.0000	-55	-36207.0000	229	150957.0000	2077	1369014.0000	-1848	-1218057.0000
20090115	電子期貨            	EXF    	C         	421	277666.0000	631	417118.0000	-210	-139452.0000	3040	2001904.0000	1691	1114621.0000	1349	887283.0000
20090115	金融期貨            	FXF    	A         	617	319258.0000	576	297890.0000	41	21368.0000	360	185404.0000	1427	735712.0000	-1067	-550308.0000
20090115	金融期貨            	FXF    	B         	52	26822.0000	150	77672.0000	-98	-50850.0000	449	231594.0000	254	131013.0000	195	100581.0000
20090115	金融期貨            	FXF    	C         	589	304697.0000	131	67819.0000	458	236878.0000	1049	540896.0000	790	407482.0000	259	133414.0000
20090115	櫃買期貨            	GTF    	A         	252	61109.0000	233	56482.0000	19	4627.0000	71	17254.0000	57	13834.0000	14	3420.0000
20090115	櫃買期貨            	GTF    	B         	0	.0000	0	.0000	0	.0000	2	486.0000	2	486.0000	0	.0000
20090115	櫃買期貨            	GTF    	C         	0	.0000	0	.0000	0	.0000	0	.0000	0	.0000	0	.0000
20090115	摩臺期              	MSF    	A         	0	.0000	0	.0000	0	.0000	9	4793.0000	17	9053.0000	-8	-4260.0000
20090115	摩臺期              	MSF    	B         	0	.0000	0	.0000	0	.0000	0	.0000	0	.0000	0	.0000
20090115	摩臺期              	MSF    	C         	0	.0000	0	.0000	0	.0000	0	.0000	0	.0000	0	.0000
20090115	小型臺指            	MXF    	A         	7138	1519264.0000	7760	1650288.0000	-622	-131024.0000	3153	665946.0000	3116	653692.0000	37	12254.0000
20090115	小型臺指            	MXF    	B         	2	426.0000	0	.0000	2	426.0000	2	424.0000	0	.0000	2	424.0000
20090115	小型臺指            	MXF    	C         	634	135471.0000	156	33188.0000	478	102284.0000	11	2292.0000	1286	272311.0000	-1275	-270019.0000
20090115	臺灣50期貨          	T5F    	A         	0	.0000	0	.0000	0	.0000	0	.0000	0	.0000	0	.0000
20090115	臺灣50期貨          	T5F    	B         	0	.0000	0	.0000	0	.0000	0	.0000	0	.0000	0	.0000
20090115	臺灣50期貨          	T5F    	C         	0	.0000	0	.0000	0	.0000	0	.0000	0	.0000	0	.0000
20090115	臺股期貨            	TXF    	A         	16991	14474199.0000	18042	15374535.0000	-1051	-900335.0000	6860	5789340.0000	7043	5909151.0000	-183	-119811.0000
20090115	臺股期貨            	TXF    	B         	1716	1461737.0000	4326	3659997.0000	-2610	-2198260.0000	1531	1296757.0000	22022	18576993.0000	-20491	-17280236.0000
20090115	臺股期貨            	TXF    	C         	20724	17627177.0000	15598	13283438.0000	5126	4343739.0000	47082	39642213.0000	20712	17455340.0000	26370	22186873.0000
20090115	非金電期貨          	XIF    	A         	389	208322.0000	353	188567.0000	36	19755.0000	992	523060.0000	509	271561.0000	483	251499.0000
20090115	非金電期貨          	XIF    	B         	0	.0000	0	.0000	0	.0000	19	10138.0000	0	.0000	19	10138.0000
20090115	非金電期貨          	XIF    	C         	23	12312.0000	97	52174.0000	-74	-39863.0000	292	154710.0000	28	14803.0000	264	139907.0000
20090116	電子期貨            	EXF    	A         	535	360060.0000	736	494891.0000	-201	-134831.0000	1269	859817.0000	810	546797.0000	459	313020.0000
20090116	電子期貨            	EXF    	B         	94	63209.0000	109	73043.0000	-15	-9834.0000	229	155399.0000	2092	1419151.0000	-1863	-1263752.0000
20090116	電子期貨            	EXF    	C         	308	206580.0000	365	245330.0000	-57	-38750.0000	2983	2021014.0000	1691	1147423.0000	1292	873591.0000
20090116	金融期貨            	FXF    	A         	635	324579.0000	536	273772.0000	99	50807.0000	387	198705.0000	1355	696796.0000	-968	-498091.0000
20090116	金融期貨            	FXF    	B         	200	102428.0000	350	179891.0000	-150	-77463.0000	299	154045.0000	254	130861.0000	45	23184.0000
20090116	金融期貨            	FXF    	C         	276	141216.0000	342	175028.0000	-66	-33812.0000	1142	587682.0000	949	488745.0000	193	98937.0000
20090116	櫃買期貨            	GTF    	A         	216	52395.0000	221	53617.0000	-5	-1222.0000	69	16842.0000	60	14614.0000	9	2228.0000
20090116	櫃買期貨            	GTF    	B         	0	.0000	0	.0000	0	.0000	2	488.0000	2	488.0000	0	.0000
20090116	櫃買期貨            	GTF    	C         	0	.0000	0	.0000	0	.0000	0	.0000	0	.0000	0	.0000
20090116	摩臺期              	MSF    	A         	0	.0000	0	.0000	0	.0000	9	4900.0000	17	9256.0000	-8	-4356.0000
20090116	摩臺期              	MSF    	B         	0	.0000	0	.0000	0	.0000	0	.0000	0	.0000	0	.0000
20090116	摩臺期              	MSF    	C         	0	.0000	0	.0000	0	.0000	0	.0000	0	.0000	0	.0000
20090116	小型臺指            	MXF    	A         	7315	1567049.0000	6438	1379824.0000	877	187224.0000	3469	747913.0000	2915	624614.0000	554	123299.0000
20090116	小型臺指            	MXF    	B         	0	.0000	0	.0000	0	.0000	2	432.0000	0	.0000	2	432.0000
20090116	小型臺指            	MXF    	C         	196	42240.0000	235	50274.0000	-39	-8033.0000	11	2341.0000	1325	286465.0000	-1314	-284124.0000
20090116	臺灣50期貨          	T5F    	A         	0	.0000	0	.0000	0	.0000	0	.0000	0	.0000	0	.0000
20090116	臺灣50期貨          	T5F    	B         	0	.0000	0	.0000	0	.0000	0	.0000	0	.0000	0	.0000
20090116	臺灣50期貨          	T5F    	C         	0	.0000	0	.0000	0	.0000	0	.0000	0	.0000	0	.0000
20090116	臺股期貨            	TXF    	A         	15863	13609031.0000	16342	14017998.0000	-479	-408967.0000	6246	5378495.0000	6818	5836048.0000	-572	-457553.0000
20090116	臺股期貨            	TXF    	B         	1740	1493901.0000	3314	2816394.0000	-1574	-1322493.0000	1631	1410489.0000	23686	20383690.0000	-22055	-18973201.0000
20090116	臺股期貨            	TXF    	C         	21369	18277590.0000	16419	14090890.0000	4950	4186700.0000	51101	43888699.0000	19781	17010145.0000	31320	26878554.0000
20090116	非金電期貨          	XIF    	A         	1005	527038.0000	977	512162.0000	28	14876.0000	965	513361.0000	454	244936.0000	511	268425.0000
20090116	非金電期貨          	XIF    	B         	0	.0000	0	.0000	0	.0000	19	10252.0000	0	.0000	19	10252.0000
20090116	非金電期貨          	XIF    	C         	15	8021.0000	71	37788.0000	-56	-29767.0000	246	131610.0000	38	20343.0000	208	111267.0000
20090117	電子期貨            	EXF    	A         	562	378290.0000	396	266905.0000	166	111385.0000	1294	872826.0000	669	448958.0000	625	423868.0000
20090117	電子期貨            	EXF    	B         	390	263272.0000	99	66130.0000	291	197142.0000	229	154804.0000	1801	1216267.0000	-1572	-1061463.0000
20090117	電子期貨            	EXF    	C         	61	41040.0000	183	122436.0000	-122	-81396.0000	2995	2020342.0000	1825	1232627.0000	1170	787715.0000
20090117	金融期貨            	FXF    	A         	443	230256.0000	475	246551.0000	-32	-16296.0000	467	242782.0000	1467	763997.0000	-1000	-521215.0000
20090117	金融期貨            	FXF    	B         	34	17777.0000	160	82477.0000	-126	-64699.0000	319	166646.0000	400	208128.0000	-81	-41482.0000
20090117	金融期貨            	FXF    	C         	11	5713.0000	10	5230.0000	1	483.0000	1143	596042.0000	949	495482.0000	194	100560.0000
20090117	櫃買期貨            	GTF    	A         	802	196663.0000	806	197655.0000	-4	-992.0000	66	16352.0000	61	15083.0000	5	1269.0000
20090117	櫃買期貨            	GTF    	B         	0	.0000	0	.0000	0	.0000	2	496.0000	2	496.0000	0	.0000
20090117	櫃買期貨            	GTF    	C         	0	.0000	0	.0000	0	.0000	0	.0000	0	.0000	0	.0000
20090117	摩臺期              	MSF    	A         	1	542.0000	0	.0000	1	542.0000	9	4920.0000	16	8747.0000	-7	-3827.0000
20090117	摩臺期              	MSF    	B         	0	.0000	0	.0000	0	.0000	0	.0000	0	.0000	0	.0000
20090117	摩臺期              	MSF    	C         	0	.0000	0	.0000	0	.0000	0	.0000	0	.0000	0	.0000
20090117	小型臺指            	MXF    	A         	3810	824291.0000	3090	668292.0000	720	156000.0000	3456	748647.0000	2958	636366.0000	498	112281.0000
20090117	小型臺指            	MXF    	B         	0	.0000	0	.0000	0	.0000	2	435.0000	0	.0000	2	435.0000
20090117	小型臺指            	MXF    	C         	0	.0000	0	.0000	0	.0000	11	2350.0000	1325	287856.0000	-1314	-285506.0000
20090117	臺灣50期貨          	T5F    	A         	0	.0000	0	.0000	0	.0000	0	.0000	0	.0000	0	.0000
20090117	臺灣50期貨          	T5F    	B         	0	.0000	0	.0000	0	.0000	0	.0000	0	.0000	0	.0000
20090117	臺灣50期貨          	T5F    	C         	0	.0000	0	.0000	0	.0000	0	.0000	0	.0000	0	.0000
20090117	臺股期貨            	TXF    	A         	8672	7506828.0000	8319	7202358.0000	353	304470.0000	6432	5562397.0000	6457	5547625.0000	-25	14772.0000
20090117	臺股期貨            	TXF    	B         	1911	1655713.0000	1300	1114536.0000	611	541177.0000	1618	1405882.0000	23062	19925435.0000	-21444	-18519553.0000
20090117	臺股期貨            	TXF    	C         	3444	2967592.0000	2691	2330799.0000	753	636793.0000	52260	45084644.0000	20187	17445307.0000	32073	27639337.0000
20090117	非金電期貨          	XIF    	A         	587	317520.0000	547	295600.0000	40	21920.0000	970	525303.0000	419	229412.0000	551	295891.0000
20090117	非金電期貨          	XIF    	B         	3	1603.0000	3	1631.0000	0	-28.0000	19	10382.0000	0	.0000	19	10382.0000
20090117	非金電期貨          	XIF    	C         	0	.0000	0	.0000	0	.0000	246	133816.0000	38	20681.0000	208	113135.0000
20090119	電子期貨            	EXF    	A         	461	311688.0000	543	367288.0000	-82	-55600.0000	1274	865226.0000	731	493398.0000	543	371828.0000
20090119	電子期貨            	EXF    	B         	228	154244.0000	142	95791.0000	86	58453.0000	229	155560.0000	1715	1165570.0000	-1486	-1010010.0000
20090119	電子期貨            	EXF    	C         	1609	1086285.0000	1790	1208313.0000	-181	-122028.0000	2971	2012094.0000	1982	1342829.0000	989	669265.0000
20090119	金融期貨            	FXF    	A         	603	312265.0000	389	202537.0000	214	109728.0000	461	238484.0000	1247	650394.0000	-786	-411910.0000
20090119	金融期貨            	FXF    	B         	32	16464.0000	152	78031.0000	-120	-61567.0000	319	166874.0000	520	269560.0000	-201	-102686.0000
20090119	金融期貨            	FXF    	C         	757	392171.0000	1085	560298.0000	-328	-168128.0000	1216	631779.0000	1350	699754.0000	-134	-67975.0000
20090119	櫃買期貨            	GTF    	A         	511	125229.0000	514	125969.0000	-3	-740.0000	67	16546.0000	65	16037.0000	2	509.0000
20090119	櫃買期貨            	GTF    	B         	0	.0000	0	.0000	0	.0000	2	494.0000	2	494.0000	0	.0000
20090119	櫃買期貨            	GTF    	C         	0	.0000	0	.0000	0	.0000	0	.0000	0	.0000	0	.0000
20090119	摩臺期              	MSF    	A         	5	2726.0000	4	2177.0000	1	549.0000	8	4375.0000	14	7656.0000	-6	-3281.0000
20090119	摩臺期              	MSF    	B         	0	.0000	0	.0000	0	.0000	0	.0000	0	.0000	0	.0000
20090119	摩臺期              	MSF    	C         	0	.0000	0	.0000	0	.0000	0	.0000	0	.0000	0	.0000
20090119	小型臺指            	MXF    	A         	5001	1086222.0000	5306	1150219.0000	-305	-63996.0000	3541	769287.0000	3656	787334.0000	-115	-18047.0000
20090119	小型臺指            	MXF    	B         	0	.0000	0	.0000	0	.0000	2	436.0000	0	.0000	2	436.0000
20090119	小型臺指            	MXF    	C         	57	12417.0000	688	149402.0000	-631	-136985.0000	11	2350.0000	1956	426305.0000	-1945	-423955.0000
20090119	臺灣50期貨          	T5F    	A         	0	.0000	0	.0000	0	.0000	0	.0000	0	.0000	0	.0000
20090119	臺灣50期貨          	T5F    	B         	0	.0000	0	.0000	0	.0000	0	.0000	0	.0000	0	.0000
20090119	臺灣50期貨          	T5F    	C         	0	.0000	0	.0000	0	.0000	0	.0000	0	.0000	0	.0000
20090119	臺股期貨            	TXF    	A         	10064	8747706.0000	10370	9016973.0000	-306	-269267.0000	6176	5347991.0000	6430	5533586.0000	-254	-185595.0000
20090119	臺股期貨            	TXF    	B         	5350	4652335.0000	4467	3845876.0000	883	806458.0000	1621	1410272.0000	22182	19164666.0000	-20561	-17754394.0000
20090119	臺股期貨            	TXF    	C         	24316	21046579.0000	25248	21915078.0000	-932	-868499.0000	50119	43235014.0000	18978	16413181.0000	31141	26821833.0000
20090119	非金電期貨          	XIF    	A         	347	188549.0000	332	180397.0000	15	8152.0000	958	516664.0000	392	213630.0000	566	303034.0000
20090119	非金電期貨          	XIF    	B         	10	5405.0000	10	5486.0000	0	-81.0000	19	10257.0000	0	.0000	19	10257.0000
20090119	非金電期貨          	XIF    	C         	43	23354.0000	37	20053.0000	6	3301.0000	259	140203.0000	45	24275.0000	214	115928.0000
20090120	電子期貨            	EXF    	A         	887	581111.0000	1002	661574.0000	-115	-80462.0000	1081	712703.0000	653	430036.0000	428	282667.0000
20090120	電子期貨            	EXF    	B         	992	655461.0000	235	154185.0000	757	501276.0000	219	144538.0000	948	626113.0000	-729	-481575.0000
20090120	電子期貨            	EXF    	C         	1860	1223311.0000	2391	1571302.0000	-531	-347991.0000	3293	2168247.0000	2835	1866052.0000	458	302195.0000
20090120	金融期貨            	FXF    	A         	573	288759.0000	481	241734.0000	92	47025.0000	374	184977.0000	1068	534710.0000	-694	-349733.0000
20090120	金融期貨            	FXF    	B         	35	17259.0000	35	17714.0000	0	-455.0000	319	160294.0000	520	259416.0000	-201	-99122.0000
20090120	金融期貨            	FXF    	C         	966	482967.0000	798	397418.0000	168	85549.0000	1647	819845.0000	1613	800591.0000	34	19254.0000
20090120	櫃買期貨            	GTF    	A         	301	72028.0000	297	71075.0000	4	953.0000	65	15585.0000	59	14144.0000	6	1441.0000
20090120	櫃買期貨            	GTF    	B         	0	.0000	0	.0000	0	.0000	2	482.0000	2	482.0000	0	.0000
20090120	櫃買期貨            	GTF    	C         	0	.0000	0	.0000	0	.0000	0	.0000	0	.0000	0	.0000
20090120	摩臺期              	MSF    	A         	0	.0000	0	.0000	0	.0000	8	4284.0000	14	7498.0000	-6	-3214.0000
20090120	摩臺期              	MSF    	B         	0	.0000	0	.0000	0	.0000	0	.0000	0	.0000	0	.0000
20090120	摩臺期              	MSF    	C         	0	.0000	0	.0000	0	.0000	0	.0000	0	.0000	0	.0000
20090120	小型臺指            	MXF    	A         	3953	834122.0000	5593	1175801.0000	-1640	-341680.0000	1915	403835.0000	4946	1031294.0000	-3031	-627459.0000
20090120	小型臺指            	MXF    	B         	0	.0000	0	.0000	0	.0000	2	424.0000	0	.0000	2	424.0000
20090120	小型臺指            	MXF    	C         	526	111605.0000	0	.0000	526	111605.0000	11	2276.0000	1430	303296.0000	-1419	-301020.0000
20090120	臺灣50期貨          	T5F    	A         	0	.0000	0	.0000	0	.0000	0	.0000	0	.0000	0	.0000
20090120	臺灣50期貨          	T5F    	B         	0	.0000	0	.0000	0	.0000	0	.0000	0	.0000	0	.0000
20090120	臺灣50期貨          	T5F    	C         	0	.0000	0	.0000	0	.0000	0	.0000	0	.0000	0	.0000
20090120	臺股期貨            	TXF    	A         	10643	8974975.0000	12864	10858010.0000	-2221	-1883035.0000	5077	4253382.0000	7233	6045480.0000	-2156	-1792098.0000
20090120	臺股期貨            	TXF    	B         	4575	3869650.0000	5602	4675538.0000	-1027	-805887.0000	1833	1543890.0000	23411	19562579.0000	-21578	-18018689.0000
20090120	臺股期貨            	TXF    	C         	27445	23086240.0000	26251	22123912.0000	1194	962328.0000	51415	42930221.0000	19080	15972706.0000	32335	26957515.0000
20090120	非金電期貨          	XIF    	A         	551	288706.0000	496	260348.0000	55	28358.0000	1043	544599.0000	422	223991.0000	621	320608.0000
20090120	非金電期貨          	XIF    	B         	8	4193.0000	8	4267.0000	0	-75.0000	19	9869.0000	0	.0000	19	9869.0000
20090120	非金電期貨          	XIF    	C         	83	43622.0000	25	13119.0000	58	30503.0000	320	167899.0000	48	25035.0000	272	142864.0000
20090121	電子期貨            	EXF    	A         	1179	770583.0000	636	416663.0000	543	353920.0000	942	610735.0000	245	158630.0000	697	452105.0000
20090121	電子期貨            	EXF    	B         	122	80339.0000	809	527959.0000	-687	-447620.0000	164	106403.0000	1205	781804.0000	-1041	-675401.0000
20090121	電子期貨            	EXF    	C         	890	580403.0000	716	468912.0000	174	111491.0000	2678	1737486.0000	1990	1291112.0000	688	446374.0000
20090121	金融期貨            	FXF    	A         	678	336885.0000	407	200287.0000	271	136598.0000	448	219224.0000	486	237937.0000	-38	-18713.0000
20090121	金融期貨            	FXF    	B         	166	81135.0000	246	123280.0000	-80	-42145.0000	131	64111.0000	180	88092.0000	-49	-23981.0000
20090121	金融期貨            	FXF    	C         	435	214979.0000	588	287923.0000	-153	-72944.0000	1158	566725.0000	1624	794786.0000	-466	-228061.0000
20090121	櫃買期貨            	GTF    	A         	135	32352.0000	134	32111.0000	1	241.0000	38	8713.0000	33	7730.0000	5	983.0000
20090121	櫃買期貨            	GTF    	B         	0	.0000	2	481.0000	-2	-481.0000	0	.0000	0	.0000	0	.0000
20090121	櫃買期貨            	GTF    	C         	0	.0000	0	.0000	0	.0000	0	.0000	0	.0000	0	.0000
20090121	摩臺期              	MSF    	A         	3	1590.0000	3	1590.0000	0	.0000	2	1053.0000	2	1053.0000	0	.0000
20090121	摩臺期              	MSF    	B         	0	.0000	0	.0000	0	.0000	0	.0000	0	.0000	0	.0000
20090121	摩臺期              	MSF    	C         	0	.0000	0	.0000	0	.0000	0	.0000	0	.0000	0	.0000
20090121	小型臺指            	MXF    	A         	9664	2017359.0000	8384	1743264.0000	1280	274096.0000	728	149566.0000	5287	1091902.0000	-4559	-942336.0000
20090121	小型臺指            	MXF    	B         	0	.0000	2	426.0000	-2	-426.0000	0	.0000	0	.0000	0	.0000
20090121	小型臺指            	MXF    	C         	272	56101.0000	75	15246.0000	197	40854.0000	259	53532.0000	77	15920.0000	182	37612.0000
20090121	臺灣50期貨          	T5F    	A         	0	.0000	0	.0000	0	.0000	0	.0000	0	.0000	0	.0000
20090121	臺灣50期貨          	T5F    	B         	0	.0000	0	.0000	0	.0000	0	.0000	0	.0000	0	.0000
20090121	臺灣50期貨          	T5F    	C         	0	.0000	0	.0000	0	.0000	0	.0000	0	.0000	0	.0000
20090121	臺股期貨            	TXF    	A         	16357	13650670.0000	15198	12701304.0000	1159	949366.0000	4037	3329381.0000	4112	3372928.0000	-75	-43547.0000
20090121	臺股期貨            	TXF    	B         	7132	5969463.0000	7504	6205931.0000	-372	-236467.0000	1293	1069311.0000	23341	19284546.0000	-22048	-18215235.0000
20090121	臺股期貨            	TXF    	C         	13518	11221246.0000	11868	9896601.0000	1650	1324645.0000	46123	38050953.0000	11917	9800616.0000	34206	28250337.0000
20090121	非金電期貨          	XIF    	A         	530	276616.0000	519	270346.0000	11	6270.0000	790	411517.0000	11	5722.0000	779	405795.0000
20090121	非金電期貨          	XIF    	B         	0	.0000	0	.0000	0	.0000	19	9895.0000	0	.0000	19	9895.0000
20090121	非金電期貨          	XIF    	C         	95	49543.0000	49	25429.0000	46	24114.0000	200	104160.0000	40	20832.0000	160	83328.0000
