20100503	電子期貨            	EXF    	A         	600	783619.0000	636	830398.0000	-36	-46780.0000	755	982477.0000	346	448184.0000	409	534293.0000
20100503	電子期貨            	EXF    	B         	0	.0000	0	.0000	0	.0000	224	292275.0000	259	337943.0000	-35	-45668.0000
20100503	電子期貨            	EXF    	C         	862	1126477.0000	1264	1650974.0000	-402	-524496.0000	3004	3919619.0000	4130	5388720.0000	-1126	-1469101.0000
20100503	金融期貨            	FXF    	A         	526	431204.0000	494	404489.0000	32	26715.0000	934	761878.0000	486	393572.0000	448	368306.0000
20100503	金融期貨            	FXF    	B         	0	.0000	0	.0000	0	.0000	185	151367.0000	0	.0000	185	151367.0000
20100503	金融期貨            	FXF    	C         	539	441810.0000	996	816196.0000	-457	-374386.0000	919	751926.0000	5260	4303732.0000	-4341	-3551806.0000
20100503	櫃買期貨            	GTF    	A         	118	68206.0000	106	61241.0000	12	6965.0000	111	63721.0000	59	33777.0000	52	29944.0000
20100503	櫃買期貨            	GTF    	B         	0	.0000	0	.0000	0	.0000	0	.0000	20	11508.0000	-20	-11508.0000
20100503	櫃買期貨            	GTF    	C         	0	.0000	0	.0000	0	.0000	0	.0000	0	.0000	0	.0000
20100503	摩臺期              	MSF    	A         	0	.0000	0	.0000	0	.0000	0	.0000	0	.0000	0	.0000
20100503	摩臺期              	MSF    	B         	0	.0000	0	.0000	0	.0000	0	.0000	0	.0000	0	.0000
20100503	摩臺期              	MSF    	C         	0	.0000	0	.0000	0	.0000	0	.0000	0	.0000	0	.0000
20100503	小型臺指            	MXF    	A         	16975	6733501.0000	19381	7681909.0000	-2406	-948408.0000	2415	952412.0000	9771	3860595.0000	-7356	-2908183.0000
20100503	小型臺指            	MXF    	B         	0	.0000	0	.0000	0	.0000	0	.0000	0	.0000	0	.0000
20100503	小型臺指            	MXF    	C         	3328	1319988.0000	3342	1325900.0000	-14	-5913.0000	903	358015.0000	876	347384.0000	27	10631.0000
20100503	股票期貨            	STF    	A         	3109	328531.0000	3346	363401.0000	-237	-34870.0000	2395	191721.0000	3871	308828.0000	-1476	-117107.0000
20100503	股票期貨            	STF    	B         	0	.0000	0	.0000	0	.0000	0	.0000	0	.0000	0	.0000
20100503	股票期貨            	STF    	C         	16	613.0000	94	8759.0000	-78	-8147.0000	137	25266.0000	1609	141801.0000	-1472	-116535.0000
20100503	臺灣50期貨          	T5F    	A         	0	.0000	0	.0000	0	.0000	0	.0000	0	.0000	0	.0000
20100503	臺灣50期貨          	T5F    	B         	0	.0000	0	.0000	0	.0000	0	.0000	0	.0000	0	.0000
20100503	臺灣50期貨          	T5F    	C         	0	.0000	0	.0000	0	.0000	0	.0000	0	.0000	0	.0000
20100503	臺股期貨            	TXF    	A         	24651	39095289.0000	25106	39805764.0000	-455	-710476.0000	5178	8183610.0000	5065	7932180.0000	113	251430.0000
20100503	臺股期貨            	TXF    	B         	209	332021.0000	583	924053.0000	-374	-592032.0000	1275	2022602.0000	1069	1695746.0000	206	326856.0000
20100503	臺股期貨            	TXF    	C         	10162	16120961.0000	11978	18990540.0000	-1816	-2869579.0000	21981	34655124.0000	25805	40855947.0000	-3824	-6200823.0000
20100503	非金電期貨          	XIF    	A         	260	250377.0000	229	220465.0000	31	29912.0000	245	235591.0000	107	102380.0000	138	133211.0000
20100503	非金電期貨          	XIF    	B         	0	.0000	0	.0000	0	.0000	21	20257.0000	0	.0000	21	20257.0000
20100503	非金電期貨          	XIF    	C         	35	33704.0000	47	45304.0000	-12	-11599.0000	157	151120.0000	229	220893.0000	-72	-69773.0000
20100504	電子期貨            	EXF    	A         	687	897093.0000	822	1072313.0000	-135	-175219.0000	606	785954.0000	332	428827.0000	274	357127.0000
20100504	電子期貨            	EXF    	B         	0	.0000	0	.0000	0	.0000	224	291424.0000	259	336959.0000	-35	-45535.0000
20100504	電子期貨            	EXF    	C         	914	1192768.0000	729	950700.0000	185	242068.0000	3124	4064324.0000	4065	5288553.0000	-941	-1224229.0000
20100504	金融期貨            	FXF    	A         	756	620631.0000	604	495063.0000	152	125568.0000	1086	884072.0000	486	392577.0000	600	491495.0000
20100504	金融期貨            	FXF    	B         	0	.0000	0	.0000	0	.0000	185	150997.0000	0	.0000	185	150997.0000
20100504	金融期貨            	FXF    	C         	806	660542.0000	737	605025.0000	69	55516.0000	872	711726.0000	5144	4198533.0000	-4272	-3486807.0000
20100504	櫃買期貨            	GTF    	A         	227	130327.0000	250	143553.0000	-23	-13226.0000	112	63840.0000	83	47224.0000	29	16616.0000
20100504	櫃買期貨            	GTF    	B         	0	.0000	0	.0000	0	.0000	0	.0000	20	11416.0000	-20	-11416.0000
20100504	櫃買期貨            	GTF    	C         	0	.0000	0	.0000	0	.0000	0	.0000	0	.0000	0	.0000
20100504	摩臺期              	MSF    	A         	0	.0000	0	.0000	0	.0000	0	.0000	0	.0000	0	.0000
20100504	摩臺期              	MSF    	B         	0	.0000	0	.0000	0	.0000	0	.0000	0	.0000	0	.0000
20100504	摩臺期              	MSF    	C         	0	.0000	0	.0000	0	.0000	0	.0000	0	.0000	0	.0000
20100504	小型臺指            	MXF    	A         	16638	6582401.0000	17398	6877393.0000	-760	-294991.0000	2765	1084093.0000	10561	4146057.0000	-7796	-3061964.0000
20100504	小型臺指            	MXF    	B         	0	.0000	0	.0000	0	.0000	0	.0000	0	.0000	0	.0000
20100504	小型臺指            	MXF    	C         	3294	1302924.0000	3621	1432494.0000	-327	-129570.0000	1283	505454.0000	1027	404656.0000	256	100798.0000
20100504	股票期貨            	STF    	A         	3781	177825.0000	3909	187464.0000	-128	-9639.0000	2439	201878.0000	4043	328639.0000	-1604	-126761.0000
20100504	股票期貨            	STF    	B         	0	.0000	0	.0000	0	.0000	0	.0000	0	.0000	0	.0000
20100504	股票期貨            	STF    	C         	17	1193.0000	56	4253.0000	-39	-3061.0000	139	25420.0000	1650	145013.0000	-1511	-119593.0000
20100504	臺灣50期貨          	T5F    	A         	0	.0000	0	.0000	0	.0000	0	.0000	0	.0000	0	.0000
20100504	臺灣50期貨          	T5F    	B         	0	.0000	0	.0000	0	.0000	0	.0000	0	.0000	0	.0000
20100504	臺灣50期貨          	T5F    	C         	0	.0000	0	.0000	0	.0000	0	.0000	0	.0000	0	.0000
20100504	臺股期貨            	TXF    	A         	27608	43674817.0000	27939	44185258.0000	-331	-510441.0000	4858	7625631.0000	5156	8023501.0000	-298	-397870.0000
20100504	臺股期貨            	TXF    	B         	524	830731.0000	213	337309.0000	311	493422.0000	1437	2264939.0000	920	1449984.0000	517	814955.0000
20100504	臺股期貨            	TXF    	C         	10154	16069947.0000	9821	15537730.0000	333	532217.0000	22804	35728932.0000	26434	41581217.0000	-3630	-5852285.0000
20100504	非金電期貨          	XIF    	A         	433	414624.0000	395	377945.0000	38	36679.0000	321	304841.0000	145	137216.0000	176	167625.0000
20100504	非金電期貨          	XIF    	B         	0	.0000	0	.0000	0	.0000	21	19990.0000	0	.0000	21	19990.0000
20100504	非金電期貨          	XIF    	C         	70	67004.0000	105	100440.0000	-35	-33436.0000	173	164357.0000	280	266532.0000	-107	-102175.0000
20100505	電子期貨            	EXF    	A         	565	716058.0000	657	831833.0000	-92	-115775.0000	561	703870.0000	379	473974.0000	182	229896.0000
20100505	電子期貨            	EXF    	B         	0	.0000	0	.0000	0	.0000	224	282106.0000	259	326185.0000	-35	-44079.0000
20100505	電子期貨            	EXF    	C         	2030	2574713.0000	1981	2511502.0000	49	63211.0000	3851	4849949.0000	4743	5973238.0000	-892	-1123289.0000
20100505	金融期貨            	FXF    	A         	459	368254.0000	763	612041.0000	-304	-243787.0000	810	645514.0000	514	406926.0000	296	238588.0000
20100505	金融期貨            	FXF    	B         	0	.0000	0	.0000	0	.0000	185	147926.0000	0	.0000	185	147926.0000
20100505	金融期貨            	FXF    	C         	1075	862987.0000	1124	902342.0000	-49	-39356.0000	1218	973913.0000	5539	4428984.0000	-4321	-3455071.0000
20100505	櫃買期貨            	GTF    	A         	102	56353.0000	109	60183.0000	-7	-3830.0000	116	63446.0000	94	51326.0000	22	12120.0000
20100505	櫃買期貨            	GTF    	B         	0	.0000	0	.0000	0	.0000	0	.0000	20	10944.0000	-20	-10944.0000
20100505	櫃買期貨            	GTF    	C         	0	.0000	0	.0000	0	.0000	0	.0000	0	.0000	0	.0000
20100505	摩臺期              	MSF    	A         	1	863.0000	1	863.0000	0	.0000	0	.0000	0	.0000	0	.0000
20100505	摩臺期              	MSF    	B         	0	.0000	0	.0000	0	.0000	0	.0000	0	.0000	0	.0000
20100505	摩臺期              	MSF    	C         	8	6913.0000	8	6913.0000	0	.0000	0	.0000	0	.0000	0	.0000
20100505	小型臺指            	MXF    	A         	19791	7608540.0000	23048	8857317.0000	-3257	-1248778.0000	2356	897271.0000	7981	3037604.0000	-5625	-2140333.0000
20100505	小型臺指            	MXF    	B         	0	.0000	0	.0000	0	.0000	0	.0000	0	.0000	0	.0000
20100505	小型臺指            	MXF    	C         	4937	1899824.0000	4285	1648715.0000	652	251109.0000	2086	798304.0000	1014	388062.0000	1072	410242.0000
20100505	股票期貨            	STF    	A         	5527	260539.0000	5644	273482.0000	-117	-12944.0000	3269	240597.0000	4990	376720.0000	-1721	-136123.0000
20100505	股票期貨            	STF    	B         	0	.0000	0	.0000	0	.0000	0	.0000	0	.0000	0	.0000
20100505	股票期貨            	STF    	C         	71	3349.0000	103	7353.0000	-32	-4004.0000	148	24017.0000	1691	143440.0000	-1543	-119423.0000
20100505	臺灣50期貨          	T5F    	A         	0	.0000	0	.0000	0	.0000	0	.0000	0	.0000	0	.0000
20100505	臺灣50期貨          	T5F    	B         	0	.0000	0	.0000	0	.0000	0	.0000	0	.0000	0	.0000
20100505	臺灣50期貨          	T5F    	C         	0	.0000	0	.0000	0	.0000	0	.0000	0	.0000	0	.0000
20100505	臺股期貨            	TXF    	A         	31848	48980851.0000	31749	48820966.0000	99	159885.0000	4897	7467546.0000	6453	9771063.0000	-1556	-2303517.0000
20100505	臺股期貨            	TXF    	B         	176	270994.0000	938	1443061.0000	-762	-1172066.0000	1266	1938151.0000	1511	2313241.0000	-245	-375090.0000
20100505	臺股期貨            	TXF    	C         	14514	22324035.0000	16189	24910464.0000	-1675	-2586428.0000	21921	33345085.0000	27327	41756261.0000	-5406	-8411176.0000
20100505	非金電期貨          	XIF    	A         	202	187437.0000	208	192949.0000	-6	-5512.0000	338	312185.0000	168	154678.0000	170	157507.0000
20100505	非金電期貨          	XIF    	B         	0	.0000	0	.0000	0	.0000	21	19440.0000	0	.0000	21	19440.0000
20100505	非金電期貨          	XIF    	C         	66	61199.0000	49	45483.0000	17	15716.0000	164	151494.0000	254	235128.0000	-90	-83634.0000
20100506	電子期貨            	EXF    	A         	889	1109931.0000	834	1040947.0000	55	68984.0000	680	842331.0000	443	546963.0000	237	295368.0000
20100506	電子期貨            	EXF    	B         	0	.0000	0	.0000	0	.0000	224	278387.0000	259	321885.0000	-35	-43498.0000
20100506	電子期貨            	EXF    	C         	1034	1292207.0000	1247	1558620.0000	-213	-266413.0000	3998	4968714.0000	5104	6343111.0000	-1106	-1374397.0000
20100506	金融期貨            	FXF    	A         	1035	829247.0000	714	571527.0000	321	257720.0000	1054	840963.0000	437	345493.0000	617	495470.0000
20100506	金融期貨            	FXF    	B         	0	.0000	0	.0000	0	.0000	185	147963.0000	0	.0000	185	147963.0000
20100506	金融期貨            	FXF    	C         	907	726052.0000	843	674788.0000	64	51264.0000	1193	954161.0000	5450	4358910.0000	-4257	-3404749.0000
20100506	櫃買期貨            	GTF    	A         	182	98949.0000	199	108278.0000	-17	-9329.0000	146	78919.0000	141	76314.0000	5	2605.0000
20100506	櫃買期貨            	GTF    	B         	20	10907.0000	0	.0000	20	10907.0000	0	.0000	0	.0000	0	.0000
20100506	櫃買期貨            	GTF    	C         	0	.0000	0	.0000	0	.0000	0	.0000	0	.0000	0	.0000
20100506	摩臺期              	MSF    	A         	1	852.0000	1	852.0000	0	.0000	0	.0000	0	.0000	0	.0000
20100506	摩臺期              	MSF    	B         	0	.0000	0	.0000	0	.0000	0	.0000	0	.0000	0	.0000
20100506	摩臺期              	MSF    	C         	0	.0000	0	.0000	0	.0000	0	.0000	0	.0000	0	.0000
20100506	小型臺指            	MXF    	A         	16756	6362126.0000	17145	6512246.0000	-389	-150120.0000	1954	736280.0000	8436	3177291.0000	-6482	-2441011.0000
20100506	小型臺指            	MXF    	B         	0	.0000	0	.0000	0	.0000	0	.0000	0	.0000	0	.0000
20100506	小型臺指            	MXF    	C         	3777	1433013.0000	3405	1293742.0000	372	139271.0000	2781	1053603.0000	1177	445961.0000	1604	607642.0000
20100506	股票期貨            	STF    	A         	4840	322525.0000	4909	342251.0000	-69	-19727.0000	3902	276621.0000	5692	430082.0000	-1790	-153461.0000
20100506	股票期貨            	STF    	B         	0	.0000	0	.0000	0	.0000	0	.0000	0	.0000	0	.0000
20100506	股票期貨            	STF    	C         	88	4730.0000	74	5528.0000	14	-798.0000	185	24581.0000	1714	142675.0000	-1529	-118094.0000
20100506	臺灣50期貨          	T5F    	A         	0	.0000	0	.0000	0	.0000	0	.0000	0	.0000	0	.0000
20100506	臺灣50期貨          	T5F    	B         	0	.0000	0	.0000	0	.0000	0	.0000	0	.0000	0	.0000
20100506	臺灣50期貨          	T5F    	C         	0	.0000	0	.0000	0	.0000	0	.0000	0	.0000	0	.0000
20100506	臺股期貨            	TXF    	A         	28699	43546428.0000	28788	43718254.0000	-89	-171825.0000	4594	6934481.0000	6122	9162176.0000	-1528	-2227695.0000
20100506	臺股期貨            	TXF    	B         	91	138699.0000	284	431702.0000	-193	-293003.0000	1261	1911061.0000	1699	2574691.0000	-438	-663630.0000
20100506	臺股期貨            	TXF    	C         	14853	22564551.0000	11672	17739059.0000	3181	4825491.0000	23006	34639164.0000	25271	38218136.0000	-2265	-3578972.0000
20100506	非金電期貨          	XIF    	A         	178	163699.0000	147	135078.0000	31	28621.0000	376	344345.0000	175	159816.0000	201	184529.0000
20100506	非金電期貨          	XIF    	B         	0	.0000	0	.0000	0	.0000	21	19272.0000	0	.0000	21	19272.0000
20100506	非金電期貨          	XIF    	C         	44	40408.0000	40	36697.0000	4	3711.0000	166	152074.0000	252	231260.0000	-86	-79186.0000
20100507	電子期貨            	EXF    	A         	825	1012785.0000	1070	1314281.0000	-245	-301496.0000	613	754469.0000	621	763521.0000	-8	-9052.0000
20100507	電子期貨            	EXF    	B         	20	24337.0000	0	.0000	20	24337.0000	224	276640.0000	239	295165.0000	-15	-18525.0000
20100507	電子期貨            	EXF    	C         	2045	2512595.0000	1711	2098984.0000	334	413611.0000	3720	4594200.0000	4494	5549990.0000	-774	-955790.0000
20100507	金融期貨            	FXF    	A         	848	664271.0000	835	654065.0000	13	10206.0000	1123	876173.0000	493	381796.0000	630	494377.0000
20100507	金融期貨            	FXF    	B         	0	.0000	0	.0000	0	.0000	185	144633.0000	0	.0000	185	144633.0000
20100507	金融期貨            	FXF    	C         	1293	1013131.0000	1093	856015.0000	200	157116.0000	1132	884998.0000	5189	4056760.0000	-4057	-3171762.0000
20100507	櫃買期貨            	GTF    	A         	151	79354.0000	162	85145.0000	-11	-5791.0000	157	83401.0000	163	86611.0000	-6	-3210.0000
20100507	櫃買期貨            	GTF    	B         	0	.0000	0	.0000	0	.0000	0	.0000	0	.0000	0	.0000
20100507	櫃買期貨            	GTF    	C         	0	.0000	0	.0000	0	.0000	0	.0000	0	.0000	0	.0000
20100507	摩臺期              	MSF    	A         	1	852.0000	1	852.0000	0	.0000	0	.0000	0	.0000	0	.0000
20100507	摩臺期              	MSF    	B         	0	.0000	0	.0000	0	.0000	0	.0000	0	.0000	0	.0000
20100507	摩臺期              	MSF    	C         	0	.0000	0	.0000	0	.0000	0	.0000	0	.0000	0	.0000
20100507	小型臺指            	MXF    	A         	28446	10599659.0000	26766	9976619.0000	1680	623040.0000	3152	1178677.0000	7426	2768072.0000	-4274	-1589395.0000
20100507	小型臺指            	MXF    	B         	0	.0000	0	.0000	0	.0000	0	.0000	0	.0000	0	.0000
20100507	小型臺指            	MXF    	C         	5537	2065168.0000	6109	2275698.0000	-572	-210531.0000	2062	773552.0000	886	332416.0000	1176	441136.0000
20100507	股票期貨            	STF    	A         	5678	429567.0000	5417	407152.0000	261	22415.0000	4379	296144.0000	5908	426704.0000	-1529	-130560.0000
20100507	股票期貨            	STF    	B         	0	.0000	0	.0000	0	.0000	0	.0000	0	.0000	0	.0000
20100507	股票期貨            	STF    	C         	78	4552.0000	89	8239.0000	-11	-3687.0000	179	21085.0000	1719	143620.0000	-1540	-122535.0000
20100507	臺灣50期貨          	T5F    	A         	0	.0000	0	.0000	0	.0000	0	.0000	0	.0000	0	.0000
20100507	臺灣50期貨          	T5F    	B         	0	.0000	0	.0000	0	.0000	0	.0000	0	.0000	0	.0000
20100507	臺灣50期貨          	T5F    	C         	0	.0000	0	.0000	0	.0000	0	.0000	0	.0000	0	.0000
20100507	臺股期貨            	TXF    	A         	38935	58081467.0000	38568	57559870.0000	367	521596.0000	5546	8295942.0000	6839	10150556.0000	-1293	-1854614.0000
20100507	臺股期貨            	TXF    	B         	397	593498.0000	99	147774.0000	298	445724.0000	1309	1964273.0000	1449	2174413.0000	-140	-210140.0000
20100507	臺股期貨            	TXF    	C         	21987	32810503.0000	19684	29373539.0000	2303	3436964.0000	26886	40126403.0000	26884	40266642.0000	2	-140239.0000
20100507	非金電期貨          	XIF    	A         	280	253151.0000	321	290483.0000	-41	-37332.0000	349	316440.0000	189	171000.0000	160	145440.0000
20100507	非金電期貨          	XIF    	B         	0	.0000	0	.0000	0	.0000	21	19081.0000	0	.0000	21	19081.0000
20100507	非金電期貨          	XIF    	C         	181	164118.0000	157	141873.0000	24	22245.0000	119	107861.0000	181	164457.0000	-62	-56596.0000
20100510	電子期貨            	EXF    	A         	696	868907.0000	810	1011312.0000	-114	-142405.0000	489	612385.0000	611	764985.0000	-122	-152600.0000
20100510	電子期貨            	EXF    	B         	162	202453.0000	15	18721.0000	147	183732.0000	226	284263.0000	94	118233.0000	132	166030.0000
20100510	電子期貨            	EXF    	C         	1456	1815658.0000	1165	1453489.0000	291	362169.0000	3415	4295387.0000	3898	4902772.0000	-483	-607385.0000
20100510	金融期貨            	FXF    	A         	550	433973.0000	657	517899.0000	-107	-83926.0000	1123	886079.0000	600	470044.0000	523	416035.0000
20100510	金融期貨            	FXF    	B         	0	.0000	0	.0000	0	.0000	185	146335.0000	0	.0000	185	146335.0000
20100510	金融期貨            	FXF    	C         	626	493324.0000	464	365832.0000	162	127493.0000	1168	923888.0000	5063	4004817.0000	-3895	-3080929.0000
20100510	櫃買期貨            	GTF    	A         	91	49407.0000	56	30457.0000	35	18950.0000	181	98866.0000	152	83032.0000	29	15834.0000
20100510	櫃買期貨            	GTF    	B         	0	.0000	0	.0000	0	.0000	0	.0000	0	.0000	0	.0000
20100510	櫃買期貨            	GTF    	C         	0	.0000	0	.0000	0	.0000	0	.0000	0	.0000	0	.0000
20100510	摩臺期              	MSF    	A         	0	.0000	0	.0000	0	.0000	0	.0000	0	.0000	0	.0000
20100510	摩臺期              	MSF    	B         	0	.0000	0	.0000	0	.0000	0	.0000	0	.0000	0	.0000
20100510	摩臺期              	MSF    	C         	0	.0000	0	.0000	0	.0000	0	.0000	0	.0000	0	.0000
20100510	小型臺指            	MXF    	A         	16138	6108738.0000	13808	5227475.0000	2330	881263.0000	4557	1735297.0000	7161	2716424.0000	-2604	-981127.0000
20100510	小型臺指            	MXF    	B         	0	.0000	0	.0000	0	.0000	0	.0000	0	.0000	0	.0000
20100510	小型臺指            	MXF    	C         	2758	1044114.0000	2473	936560.0000	285	107554.0000	2647	1010381.0000	1190	454141.0000	1457	556240.0000
20100510	股票期貨            	STF    	A         	2732	224699.0000	2615	208189.0000	117	16511.0000	4410	302148.0000	5822	416483.0000	-1412	-114335.0000
20100510	股票期貨            	STF    	B         	0	.0000	0	.0000	0	.0000	0	.0000	0	.0000	0	.0000
20100510	股票期貨            	STF    	C         	72	6257.0000	110	6251.0000	-38	5.0000	153	20878.0000	1731	144279.0000	-1578	-123401.0000
20100510	臺灣50期貨          	T5F    	A         	0	.0000	0	.0000	0	.0000	0	.0000	0	.0000	0	.0000
20100510	臺灣50期貨          	T5F    	B         	0	.0000	0	.0000	0	.0000	0	.0000	0	.0000	0	.0000
20100510	臺灣50期貨          	T5F    	C         	0	.0000	0	.0000	0	.0000	0	.0000	0	.0000	0	.0000
20100510	臺股期貨            	TXF    	A         	21094	31972509.0000	22056	33429166.0000	-962	-1456657.0000	5105	7764021.0000	7195	10872154.0000	-2090	-3108133.0000
20100510	臺股期貨            	TXF    	B         	258	391549.0000	498	753531.0000	-240	-361982.0000	1325	2022971.0000	1705	2603262.0000	-380	-580291.0000
20100510	臺股期貨            	TXF    	C         	15264	23123925.0000	11464	17372909.0000	3800	5751016.0000	28432	43186690.0000	24629	37520891.0000	3803	5665799.0000
20100510	非金電期貨          	XIF    	A         	158	144682.0000	205	187693.0000	-47	-43011.0000	298	274933.0000	185	170322.0000	113	104611.0000
20100510	非金電期貨          	XIF    	B         	0	.0000	0	.0000	0	.0000	21	19429.0000	0	.0000	21	19429.0000
20100510	非金電期貨          	XIF    	C         	71	64952.0000	39	35707.0000	32	29245.0000	102	94108.0000	132	122126.0000	-30	-28018.0000
20100511	電子期貨            	EXF    	A         	720	906161.0000	807	1014542.0000	-87	-108381.0000	371	460825.0000	580	720842.0000	-209	-260017.0000
20100511	電子期貨            	EXF    	B         	15	18931.0000	2	2497.0000	13	16434.0000	224	279731.0000	79	98655.0000	145	181076.0000
20100511	電子期貨            	EXF    	C         	1264	1589799.0000	940	1182416.0000	324	407383.0000	3727	4654278.0000	3886	4852837.0000	-159	-198559.0000
20100511	金融期貨            	FXF    	A         	966	767456.0000	978	776243.0000	-12	-8787.0000	1147	899836.0000	636	496001.0000	511	403835.0000
20100511	金融期貨            	FXF    	B         	0	.0000	0	.0000	0	.0000	185	145484.0000	0	.0000	185	145484.0000
20100511	金融期貨            	FXF    	C         	1126	893025.0000	1012	804091.0000	114	88934.0000	1127	886273.0000	4908	3859644.0000	-3781	-2973371.0000
20100511	櫃買期貨            	GTF    	A         	205	113114.0000	207	114590.0000	-2	-1476.0000	184	100100.0000	157	85482.0000	27	14618.0000
20100511	櫃買期貨            	GTF    	B         	0	.0000	0	.0000	0	.0000	0	.0000	0	.0000	0	.0000
20100511	櫃買期貨            	GTF    	C         	0	.0000	0	.0000	0	.0000	0	.0000	0	.0000	0	.0000
20100511	摩臺期              	MSF    	A         	1	851.0000	1	851.0000	0	.0000	0	.0000	0	.0000	0	.0000
20100511	摩臺期              	MSF    	B         	0	.0000	0	.0000	0	.0000	0	.0000	0	.0000	0	.0000
20100511	摩臺期              	MSF    	C         	0	.0000	0	.0000	0	.0000	0	.0000	0	.0000	0	.0000
20100511	小型臺指            	MXF    	A         	18808	7170883.0000	19280	7350760.0000	-472	-179878.0000	1752	658515.0000	8040	3024131.0000	-6288	-2365616.0000
20100511	小型臺指            	MXF    	B         	0	.0000	0	.0000	0	.0000	0	.0000	0	.0000	0	.0000
20100511	小型臺指            	MXF    	C         	4281	1632964.0000	3457	1318661.0000	824	314303.0000	3640	1377629.0000	1195	452058.0000	2445	925571.0000
20100511	股票期貨            	STF    	A         	2049	143404.0000	2111	141291.0000	-62	2113.0000	4792	329836.0000	6266	442046.0000	-1474	-112210.0000
20100511	股票期貨            	STF    	B         	0	.0000	0	.0000	0	.0000	0	.0000	0	.0000	0	.0000
20100511	股票期貨            	STF    	C         	64	4745.0000	54	4104.0000	10	642.0000	148	20522.0000	1716	141574.0000	-1568	-121052.0000
20100511	臺灣50期貨          	T5F    	A         	0	.0000	0	.0000	0	.0000	0	.0000	0	.0000	0	.0000
20100511	臺灣50期貨          	T5F    	B         	0	.0000	0	.0000	0	.0000	0	.0000	0	.0000	0	.0000
20100511	臺灣50期貨          	T5F    	C         	0	.0000	0	.0000	0	.0000	0	.0000	0	.0000	0	.0000
20100511	臺股期貨            	TXF    	A         	28459	43420455.0000	29867	45552802.0000	-1408	-2132348.0000	5390	8125820.0000	8085	12123604.0000	-2695	-3997784.0000
20100511	臺股期貨            	TXF    	B         	139	212861.0000	223	339507.0000	-84	-126646.0000	1345	2036007.0000	1809	2738206.0000	-464	-702199.0000
20100511	臺股期貨            	TXF    	C         	15741	23994657.0000	12102	18453708.0000	3639	5540950.0000	32052	48293992.0000	24651	37225220.0000	7401	11068772.0000
20100511	非金電期貨          	XIF    	A         	188	173081.0000	207	190446.0000	-19	-17365.0000	335	305397.0000	241	219450.0000	94	85947.0000
20100511	非金電期貨          	XIF    	B         	0	.0000	0	.0000	0	.0000	21	19188.0000	0	.0000	21	19188.0000
20100511	非金電期貨          	XIF    	C         	49	45156.0000	29	26650.0000	20	18505.0000	120	109382.0000	130	118781.0000	-10	-9399.0000
20100512	電子期貨            	EXF    	A         	688	860446.0000	758	947720.0000	-70	-87274.0000	290	359260.0000	569	706226.0000	-279	-346966.0000
20100512	電子期貨            	EXF    	B         	6	7551.0000	0	.0000	6	7551.0000	230	286948.0000	79	98560.0000	151	188388.0000
20100512	電子期貨            	EXF    	C         	870	1089555.0000	866	1082813.0000	4	6741.0000	3772	4705947.0000	3927	4899325.0000	-155	-193378.0000
20100512	金融期貨            	FXF    	A         	596	474145.0000	668	530551.0000	-72	-56406.0000	1075	854268.0000	636	502335.0000	439	351933.0000
20100512	金融期貨            	FXF    	B         	0	.0000	0	.0000	0	.0000	185	147371.0000	0	.0000	185	147371.0000
20100512	金融期貨            	FXF    	C         	1033	820928.0000	612	486399.0000	421	334529.0000	1183	942378.0000	4543	3618943.0000	-3360	-2676565.0000
20100512	櫃買期貨            	GTF    	A         	167	91671.0000	176	96951.0000	-9	-5280.0000	180	98056.0000	162	88372.0000	18	9684.0000
20100512	櫃買期貨            	GTF    	B         	0	.0000	0	.0000	0	.0000	0	.0000	0	.0000	0	.0000
20100512	櫃買期貨            	GTF    	C         	0	.0000	0	.0000	0	.0000	0	.0000	0	.0000	0	.0000
20100512	摩臺期              	MSF    	A         	0	.0000	0	.0000	0	.0000	0	.0000	0	.0000	0	.0000
20100512	摩臺期              	MSF    	B         	0	.0000	0	.0000	0	.0000	0	.0000	0	.0000	0	.0000
20100512	摩臺期              	MSF    	C         	0	.0000	0	.0000	0	.0000	0	.0000	0	.0000	0	.0000
20100512	小型臺指            	MXF    	A         	17912	6805368.0000	19006	7217185.0000	-1094	-411817.0000	3495	1320035.0000	9185	3463029.0000	-5690	-2142994.0000
20100512	小型臺指            	MXF    	B         	0	.0000	0	.0000	0	.0000	0	.0000	0	.0000	0	.0000
20100512	小型臺指            	MXF    	C         	3160	1201328.0000	2522	958511.0000	638	242818.0000	3850	1460211.0000	1007	381813.0000	2843	1078398.0000
20100512	股票期貨            	STF    	A         	2530	154259.0000	2610	166174.0000	-80	-11915.0000	5233	343335.0000	6787	467854.0000	-1554	-124519.0000
20100512	股票期貨            	STF    	B         	0	.0000	0	.0000	0	.0000	0	.0000	0	.0000	0	.0000
20100512	股票期貨            	STF    	C         	15	804.0000	38	3085.0000	-23	-2282.0000	138	20002.0000	1729	142721.0000	-1591	-122719.0000
20100512	臺灣50期貨          	T5F    	A         	0	.0000	0	.0000	0	.0000	0	.0000	0	.0000	0	.0000
20100512	臺灣50期貨          	T5F    	B         	0	.0000	0	.0000	0	.0000	0	.0000	0	.0000	0	.0000
20100512	臺灣50期貨          	T5F    	C         	0	.0000	0	.0000	0	.0000	0	.0000	0	.0000	0	.0000
20100512	臺股期貨            	TXF    	A         	26442	40190061.0000	26165	39761203.0000	277	428857.0000	5240	7916376.0000	8081	12139041.0000	-2841	-4222665.0000
20100512	臺股期貨            	TXF    	B         	144	219764.0000	158	239751.0000	-14	-19987.0000	1325	2009986.0000	1803	2734805.0000	-478	-724819.0000
20100512	臺股期貨            	TXF    	C         	11297	17158992.0000	10648	16182897.0000	649	976095.0000	32865	49618123.0000	24755	37459822.0000	8110	12158301.0000
20100512	非金電期貨          	XIF    	A         	239	219472.0000	223	204713.0000	16	14759.0000	322	294544.0000	212	193594.0000	110	100950.0000
20100512	非金電期貨          	XIF    	B         	0	.0000	0	.0000	0	.0000	21	19257.0000	0	.0000	21	19257.0000
20100512	非金電期貨          	XIF    	C         	56	51442.0000	77	70725.0000	-21	-19283.0000	121	110693.0000	152	139384.0000	-31	-28691.0000
20100513	電子期貨            	EXF    	A         	725	918799.0000	539	683801.0000	186	234997.0000	433	548874.0000	526	666309.0000	-93	-117435.0000
20100513	電子期貨            	EXF    	B         	0	.0000	0	.0000	0	.0000	230	292882.0000	79	100599.0000	151	192283.0000
20100513	電子期貨            	EXF    	C         	825	1045892.0000	696	883440.0000	129	162452.0000	3743	4766249.0000	3769	4799445.0000	-26	-33196.0000
20100513	金融期貨            	FXF    	A         	1301	1060723.0000	813	663015.0000	488	397707.0000	1449	1193848.0000	522	426487.0000	927	767361.0000
20100513	金融期貨            	FXF    	B         	75	60450.0000	75	61725.0000	0	-1275.0000	185	152444.0000	0	.0000	185	152444.0000
20100513	金融期貨            	FXF    	C         	1243	1012784.0000	1266	1032139.0000	-23	-19355.0000	1163	959940.0000	4546	3751673.0000	-3383	-2791733.0000
20100513	櫃買期貨            	GTF    	A         	174	97896.0000	259	145502.0000	-85	-47606.0000	78	43894.0000	145	81780.0000	-67	-37886.0000
20100513	櫃買期貨            	GTF    	B         	0	.0000	0	.0000	0	.0000	0	.0000	0	.0000	0	.0000
20100513	櫃買期貨            	GTF    	C         	0	.0000	0	.0000	0	.0000	0	.0000	0	.0000	0	.0000
20100513	摩臺期              	MSF    	A         	0	.0000	0	.0000	0	.0000	0	.0000	0	.0000	0	.0000
20100513	摩臺期              	MSF    	B         	0	.0000	0	.0000	0	.0000	0	.0000	0	.0000	0	.0000
20100513	摩臺期              	MSF    	C         	0	.0000	0	.0000	0	.0000	0	.0000	0	.0000	0	.0000
20100513	小型臺指            	MXF    	A         	17529	6751653.0000	12858	4956860.0000	4671	1794794.0000	5963	2309029.0000	8086	3119645.0000	-2123	-810616.0000
20100513	小型臺指            	MXF    	B         	0	.0000	0	.0000	0	.0000	0	.0000	0	.0000	0	.0000
20100513	小型臺指            	MXF    	C         	1801	692985.0000	1577	608687.0000	224	84298.0000	1600	618646.0000	709	275101.0000	891	343545.0000
20100513	股票期貨            	STF    	A         	3379	204649.0000	3120	187009.0000	259	17640.0000	4955	358955.0000	6250	468422.0000	-1295	-109467.0000
20100513	股票期貨            	STF    	B         	0	.0000	0	.0000	0	.0000	0	.0000	0	.0000	0	.0000
20100513	股票期貨            	STF    	C         	117	9360.0000	145	8684.0000	-28	676.0000	102	20128.0000	1721	145454.0000	-1619	-125326.0000
20100513	臺灣50期貨          	T5F    	A         	1	491.0000	1	491.0000	0	.0000	1	532.0000	1	527.0000	0	5.0000
20100513	臺灣50期貨          	T5F    	B         	0	.0000	0	.0000	0	.0000	0	.0000	0	.0000	0	.0000
20100513	臺灣50期貨          	T5F    	C         	0	.0000	0	.0000	0	.0000	0	.0000	0	.0000	0	.0000
20100513	臺股期貨            	TXF    	A         	27840	42987899.0000	26190	40452836.0000	1650	2535063.0000	6936	10733717.0000	7851	12065395.0000	-915	-1331678.0000
20100513	臺股期貨            	TXF    	B         	635	982605.0000	110	169244.0000	525	813361.0000	1328	2061549.0000	1281	1988174.0000	47	73375.0000
20100513	臺股期貨            	TXF    	C         	14870	22934202.0000	14944	23058916.0000	-74	-124714.0000	35941	55541285.0000	27361	42375229.0000	8580	13166056.0000
20100513	非金電期貨          	XIF    	A         	241	224262.0000	274	254933.0000	-33	-30671.0000	264	247288.0000	187	174834.0000	77	72454.0000
20100513	非金電期貨          	XIF    	B         	0	.0000	0	.0000	0	.0000	21	19730.0000	0	.0000	21	19730.0000
20100513	非金電期貨          	XIF    	C         	84	78168.0000	73	68001.0000	11	10167.0000	116	108718.0000	136	127772.0000	-20	-19054.0000
20100514	電子期貨            	EXF    	A         	418	530361.0000	458	581034.0000	-40	-50673.0000	396	501681.0000	529	670111.0000	-133	-168430.0000
20100514	電子期貨            	EXF    	B         	48	61119.0000	48	60549.0000	0	569.0000	230	292836.0000	79	100314.0000	151	192522.0000
20100514	電子期貨            	EXF    	C         	590	749368.0000	503	639012.0000	87	110357.0000	3878	4937251.0000	3817	4859732.0000	61	77519.0000
20100514	金融期貨            	FXF    	A         	441	361664.0000	596	488497.0000	-155	-126833.0000	1309	1073055.0000	537	436897.0000	772	636158.0000
20100514	金融期貨            	FXF    	B         	0	.0000	0	.0000	0	.0000	185	151704.0000	0	.0000	185	151704.0000
20100514	金融期貨            	FXF    	C         	802	657769.0000	628	514720.0000	174	143048.0000	1155	948618.0000	4364	3583498.0000	-3209	-2634880.0000
20100514	櫃買期貨            	GTF    	A         	163	91811.0000	197	111058.0000	-34	-19246.0000	71	40184.0000	172	97512.0000	-101	-57328.0000
20100514	櫃買期貨            	GTF    	B         	0	.0000	0	.0000	0	.0000	0	.0000	0	.0000	0	.0000
20100514	櫃買期貨            	GTF    	C         	0	.0000	0	.0000	0	.0000	0	.0000	0	.0000	0	.0000
20100514	摩臺期              	MSF    	A         	1	873.0000	1	873.0000	0	.0000	0	.0000	0	.0000	0	.0000
20100514	摩臺期              	MSF    	B         	0	.0000	0	.0000	0	.0000	0	.0000	0	.0000	0	.0000
20100514	摩臺期              	MSF    	C         	0	.0000	0	.0000	0	.0000	0	.0000	0	.0000	0	.0000
20100514	小型臺指            	MXF    	A         	7516	2909075.0000	8344	3227388.0000	-828	-318314.0000	4540	1755854.0000	8663	3340331.0000	-4123	-1584477.0000
20100514	小型臺指            	MXF    	B         	0	.0000	0	.0000	0	.0000	0	.0000	0	.0000	0	.0000
20100514	小型臺指            	MXF    	C         	2195	848227.0000	2556	989440.0000	-361	-141212.0000	2137	824805.0000	1635	633684.0000	502	191121.0000
20100514	股票期貨            	STF    	A         	2169	119402.0000	2436	124862.0000	-267	-5459.0000	4989	372217.0000	6551	487103.0000	-1562	-114886.0000
20100514	股票期貨            	STF    	B         	0	.0000	0	.0000	0	.0000	0	.0000	0	.0000	0	.0000
20100514	股票期貨            	STF    	C         	18	561.0000	108	4545.0000	-90	-3984.0000	99	19707.0000	1808	148730.0000	-1709	-129023.0000
20100514	臺灣50期貨          	T5F    	A         	0	.0000	0	.0000	0	.0000	1	528.0000	1	523.0000	0	5.0000
20100514	臺灣50期貨          	T5F    	B         	0	.0000	0	.0000	0	.0000	0	.0000	0	.0000	0	.0000
20100514	臺灣50期貨          	T5F    	C         	0	.0000	0	.0000	0	.0000	0	.0000	0	.0000	0	.0000
20100514	臺股期貨            	TXF    	A         	15979	24741896.0000	15848	24531888.0000	131	210008.0000	6425	9933031.0000	6916	10605925.0000	-491	-672894.0000
20100514	臺股期貨            	TXF    	B         	92	142200.0000	112	173570.0000	-20	-31370.0000	1274	1976019.0000	1247	1933662.0000	27	42357.0000
20100514	臺股期貨            	TXF    	C         	14193	21948316.0000	15564	24079007.0000	-1371	-2130691.0000	36547	56413564.0000	29335	45381793.0000	7212	11031771.0000
20100514	非金電期貨          	XIF    	A         	188	176072.0000	118	110534.0000	70	65538.0000	315	295197.0000	168	157015.0000	147	138182.0000
20100514	非金電期貨          	XIF    	B         	0	.0000	0	.0000	0	.0000	21	19725.0000	0	.0000	21	19725.0000
20100514	非金電期貨          	XIF    	C         	30	28120.0000	109	102105.0000	-79	-73984.0000	132	123723.0000	231	216978.0000	-99	-93255.0000
20100517	電子期貨            	EXF    	A         	919	1143128.0000	1005	1250863.0000	-86	-107735.0000	394	487672.0000	613	760064.0000	-219	-272392.0000
20100517	電子期貨            	EXF    	B         	51	63343.0000	92	114169.0000	-41	-50826.0000	234	291322.0000	124	153537.0000	110	137785.0000
20100517	電子期貨            	EXF    	C         	4712	5850610.0000	4676	5806140.0000	36	44470.0000	4330	5382563.0000	4233	5261029.0000	97	121534.0000
20100517	金融期貨            	FXF    	A         	1110	886843.0000	1262	1010324.0000	-152	-123481.0000	1136	907329.0000	516	409115.0000	620	498214.0000
20100517	金融期貨            	FXF    	B         	0	.0000	0	.0000	0	.0000	185	148145.0000	0	.0000	185	148145.0000
20100517	金融期貨            	FXF    	C         	2166	1734022.0000	2223	1778213.0000	-57	-44191.0000	1106	886277.0000	4372	3502708.0000	-3266	-2616431.0000
20100517	櫃買期貨            	GTF    	A         	218	119892.0000	110	60476.0000	108	59417.0000	131	71534.0000	124	67820.0000	7	3714.0000
20100517	櫃買期貨            	GTF    	B         	0	.0000	0	.0000	0	.0000	0	.0000	0	.0000	0	.0000
20100517	櫃買期貨            	GTF    	C         	0	.0000	0	.0000	0	.0000	0	.0000	0	.0000	0	.0000
20100517	摩臺期              	MSF    	A         	1	859.0000	1	859.0000	0	.0000	0	.0000	0	.0000	0	.0000
20100517	摩臺期              	MSF    	B         	5	4272.0000	0	.0000	5	4272.0000	5	4272.0000	0	.0000	5	4272.0000
20100517	摩臺期              	MSF    	C         	0	.0000	5	4272.0000	-5	-4272.0000	0	.0000	5	4272.0000	-5	-4272.0000
20100517	小型臺指            	MXF    	A         	20920	7945212.0000	23495	8924279.0000	-2575	-979067.0000	5183	1965026.0000	11293	4266953.0000	-6110	-2301927.0000
20100517	小型臺指            	MXF    	B         	0	.0000	0	.0000	0	.0000	0	.0000	0	.0000	0	.0000
20100517	小型臺指            	MXF    	C         	2536	962409.0000	3758	1428359.0000	-1222	-465950.0000	1908	720477.0000	2516	955283.0000	-608	-234806.0000
20100517	股票期貨            	STF    	A         	4148	269852.0000	4162	268772.0000	-14	1080.0000	4636	348235.0000	6212	459775.0000	-1576	-111540.0000
20100517	股票期貨            	STF    	B         	0	.0000	0	.0000	0	.0000	0	.0000	0	.0000	0	.0000
20100517	股票期貨            	STF    	C         	36	7560.0000	110	12717.0000	-74	-5157.0000	95	18878.0000	1878	150403.0000	-1783	-131525.0000
20100517	臺灣50期貨          	T5F    	A         	0	.0000	0	.0000	0	.0000	1	517.0000	1	512.0000	0	5.0000
20100517	臺灣50期貨          	T5F    	B         	0	.0000	0	.0000	0	.0000	0	.0000	0	.0000	0	.0000
20100517	臺灣50期貨          	T5F    	C         	0	.0000	0	.0000	0	.0000	0	.0000	0	.0000	0	.0000
20100517	臺股期貨            	TXF    	A         	34464	52367429.0000	36358	55260014.0000	-1894	-2892585.0000	5378	8136289.0000	7910	11892575.0000	-2532	-3756286.0000
20100517	臺股期貨            	TXF    	B         	732	1107754.0000	1279	1935762.0000	-547	-828007.0000	1263	1917073.0000	1783	2704440.0000	-520	-787367.0000
20100517	臺股期貨            	TXF    	C         	31221	47375719.0000	30590	46467482.0000	631	908237.0000	42302	63973748.0000	34487	52260602.0000	7815	11713146.0000
20100517	非金電期貨          	XIF    	A         	250	230196.0000	239	220017.0000	11	10180.0000	342	315266.0000	184	169133.0000	158	146133.0000
20100517	非金電期貨          	XIF    	B         	0	.0000	0	.0000	0	.0000	21	19404.0000	0	.0000	21	19404.0000
20100517	非金電期貨          	XIF    	C         	51	46953.0000	51	47014.0000	0	-61.0000	119	109680.0000	218	201432.0000	-99	-91752.0000
20100518	電子期貨            	EXF    	A         	957	1186536.0000	927	1150761.0000	30	35775.0000	653	806509.0000	842	1042910.0000	-189	-236401.0000
20100518	電子期貨            	EXF    	B         	98	120989.0000	159	197335.0000	-61	-76345.0000	234	289823.0000	185	228437.0000	49	61386.0000
20100518	電子期貨            	EXF    	C         	3370	4183889.0000	3505	4348153.0000	-135	-164264.0000	3853	4770205.0000	3891	4813362.0000	-38	-43157.0000
20100518	金融期貨            	FXF    	A         	1076	865088.0000	844	679820.0000	232	185268.0000	1401	1127927.0000	549	439857.0000	852	688070.0000
20100518	金融期貨            	FXF    	B         	54	43391.0000	54	43589.0000	0	-198.0000	185	149189.0000	0	.0000	185	149189.0000
20100518	金融期貨            	FXF    	C         	3286	2646174.0000	3578	2876237.0000	-292	-230063.0000	1171	944368.0000	4729	3813799.0000	-3558	-2869431.0000
20100518	櫃買期貨            	GTF    	A         	110	60245.0000	98	53660.0000	12	6585.0000	131	71423.0000	112	61168.0000	19	10255.0000
20100518	櫃買期貨            	GTF    	B         	0	.0000	0	.0000	0	.0000	0	.0000	0	.0000	0	.0000
20100518	櫃買期貨            	GTF    	C         	0	.0000	0	.0000	0	.0000	0	.0000	0	.0000	0	.0000
20100518	摩臺期              	MSF    	A         	0	.0000	0	.0000	0	.0000	0	.0000	0	.0000	0	.0000
20100518	摩臺期              	MSF    	B         	0	.0000	0	.0000	0	.0000	5	4284.0000	0	.0000	5	4284.0000
20100518	摩臺期              	MSF    	C         	0	.0000	0	.0000	0	.0000	0	.0000	5	4284.0000	-5	-4284.0000
20100518	小型臺指            	MXF    	A         	11689	4441826.0000	12611	4789885.0000	-922	-348059.0000	4465	1694977.0000	11797	4465362.0000	-7332	-2770385.0000
20100518	小型臺指            	MXF    	B         	0	.0000	0	.0000	0	.0000	0	.0000	0	.0000	0	.0000
20100518	小型臺指            	MXF    	C         	2748	1043687.0000	3145	1194888.0000	-397	-151201.0000	1529	576509.0000	2474	941002.0000	-945	-364493.0000
20100518	股票期貨            	STF    	A         	3981	275418.0000	3986	257484.0000	-5	17934.0000	4347	336703.0000	5916	429436.0000	-1569	-92733.0000
20100518	股票期貨            	STF    	B         	0	.0000	0	.0000	0	.0000	0	.0000	0	.0000	0	.0000
20100518	股票期貨            	STF    	C         	44	5272.0000	116	4555.0000	-72	718.0000	93	18756.0000	1922	146025.0000	-1829	-127269.0000
20100518	臺灣50期貨          	T5F    	A         	0	.0000	0	.0000	0	.0000	1	517.0000	1	512.0000	0	5.0000
20100518	臺灣50期貨          	T5F    	B         	0	.0000	0	.0000	0	.0000	0	.0000	0	.0000	0	.0000
20100518	臺灣50期貨          	T5F    	C         	0	.0000	0	.0000	0	.0000	0	.0000	0	.0000	0	.0000
20100518	臺股期貨            	TXF    	A         	19406	29502539.0000	21289	32357362.0000	-1883	-2854823.0000	4081	6175284.0000	8421	12685059.0000	-4340	-6509775.0000
20100518	臺股期貨            	TXF    	B         	1037	1573741.0000	1102	1672231.0000	-65	-98490.0000	1288	1954651.0000	1873	2841527.0000	-585	-886876.0000
20100518	臺股期貨            	TXF    	C         	30785	46765958.0000	31822	48319337.0000	-1037	-1553379.0000	42177	63840342.0000	35414	53705980.0000	6763	10134362.0000
20100518	非金電期貨          	XIF    	A         	142	131308.0000	168	155355.0000	-26	-24047.0000	336	311603.0000	204	188734.0000	132	122869.0000
20100518	非金電期貨          	XIF    	B         	11	10145.0000	11	10184.0000	0	-40.0000	21	19479.0000	0	.0000	21	19479.0000
20100518	非金電期貨          	XIF    	C         	65	60129.0000	69	63892.0000	-4	-3763.0000	146	135403.0000	249	231447.0000	-103	-96044.0000
20100519	電子期貨            	EXF    	A         	1176	1438746.0000	1172	1432165.0000	4	6582.0000	407	493614.0000	271	327444.0000	136	166170.0000
20100519	電子期貨            	EXF    	B         	65	79003.0000	188	229213.0000	-123	-150210.0000	183	222748.0000	292	355422.0000	-109	-132674.0000
20100519	電子期貨            	EXF    	C         	2551	3111703.0000	2511	3064833.0000	40	46870.0000	2866	3488495.0000	3135	3815922.0000	-269	-327427.0000
20100519	金融期貨            	FXF    	A         	1380	1104625.0000	1709	1367656.0000	-329	-263032.0000	715	567348.0000	204	159457.0000	511	407891.0000
20100519	金融期貨            	FXF    	B         	56	44776.0000	56	45018.0000	0	-242.0000	185	147223.0000	0	.0000	185	147223.0000
20100519	金融期貨            	FXF    	C         	2100	1682158.0000	2471	1975180.0000	-371	-293022.0000	693	551489.0000	4055	3226969.0000	-3362	-2675480.0000
20100519	櫃買期貨            	GTF    	A         	240	129258.0000	289	155643.0000	-49	-26385.0000	51	27502.0000	46	24812.0000	5	2690.0000
20100519	櫃買期貨            	GTF    	B         	0	.0000	0	.0000	0	.0000	0	.0000	0	.0000	0	.0000
20100519	櫃買期貨            	GTF    	C         	2	1091.0000	0	.0000	2	1091.0000	0	.0000	0	.0000	0	.0000
20100519	摩臺期              	MSF    	A         	2	1709.0000	2	1709.0000	0	.0000	0	.0000	0	.0000	0	.0000
20100519	摩臺期              	MSF    	B         	0	.0000	0	.0000	0	.0000	5	4263.0000	0	.0000	5	4263.0000
20100519	摩臺期              	MSF    	C         	0	.0000	0	.0000	0	.0000	0	.0000	5	4263.0000	-5	-4263.0000
20100519	小型臺指            	MXF    	A         	15963	5990044.0000	17761	6654962.0000	-1798	-664918.0000	1512	562885.0000	6481	2409040.0000	-4969	-1846155.0000
20100519	小型臺指            	MXF    	B         	0	.0000	0	.0000	0	.0000	0	.0000	0	.0000	0	.0000
20100519	小型臺指            	MXF    	C         	4750	1782831.0000	4275	1604370.0000	475	178462.0000	2344	873942.0000	544	202269.0000	1800	671673.0000
20100519	股票期貨            	STF    	A         	5052	413607.0000	5271	426746.0000	-219	-13139.0000	2520	174869.0000	3838	227324.0000	-1318	-52455.0000
20100519	股票期貨            	STF    	B         	0	.0000	0	.0000	0	.0000	0	.0000	0	.0000	0	.0000
20100519	股票期貨            	STF    	C         	247	25049.0000	245	25563.0000	2	-514.0000	48	10649.0000	1448	110956.0000	-1400	-100307.0000
20100519	臺灣50期貨          	T5F    	A         	0	.0000	0	.0000	0	.0000	0	.0000	1	505.0000	-1	-505.0000
20100519	臺灣50期貨          	T5F    	B         	0	.0000	0	.0000	0	.0000	0	.0000	0	.0000	0	.0000
20100519	臺灣50期貨          	T5F    	C         	0	.0000	0	.0000	0	.0000	0	.0000	0	.0000	0	.0000
20100519	臺股期貨            	TXF    	A         	35425	53243563.0000	36023	54134341.0000	-598	-890778.0000	2744	4083858.0000	6870	10186458.0000	-4126	-6102600.0000
20100519	臺股期貨            	TXF    	B         	1017	1526327.0000	1565	2345482.0000	-548	-819155.0000	1394	2086260.0000	2425	3629255.0000	-1031	-1542995.0000
20100519	臺股期貨            	TXF    	C         	26600	39877005.0000	31241	46813641.0000	-4641	-6936637.0000	25334	37721206.0000	24850	37109372.0000	484	611834.0000
20100519	非金電期貨          	XIF    	A         	489	449941.0000	506	465527.0000	-17	-15586.0000	71	64723.0000	112	102257.0000	-41	-37534.0000
20100519	非金電期貨          	XIF    	B         	10	9206.0000	10	9248.0000	0	-41.0000	21	19263.0000	0	.0000	21	19263.0000
20100519	非金電期貨          	XIF    	C         	129	118437.0000	185	170205.0000	-56	-51768.0000	86	78690.0000	47	43113.0000	39	35577.0000
20100520	電子期貨            	EXF    	A         	743	902218.0000	924	1121570.0000	-181	-219352.0000	331	396009.0000	376	449067.0000	-45	-53058.0000
20100520	電子期貨            	EXF    	B         	0	.0000	0	.0000	0	.0000	183	219929.0000	292	350926.0000	-109	-130997.0000
20100520	電子期貨            	EXF    	C         	959	1164126.0000	908	1103945.0000	51	60181.0000	2873	3452771.0000	3091	3714764.0000	-218	-261993.0000
20100520	金融期貨            	FXF    	A         	649	512361.0000	750	592864.0000	-101	-80504.0000	700	545071.0000	290	223205.0000	410	321866.0000
20100520	金融期貨            	FXF    	B         	0	.0000	0	.0000	0	.0000	185	144559.0000	0	.0000	185	144559.0000
20100520	金融期貨            	FXF    	C         	1050	829113.0000	950	750439.0000	100	78675.0000	796	621466.0000	4058	3170472.0000	-3262	-2549006.0000
20100520	櫃買期貨            	GTF    	A         	199	107246.0000	88	47392.0000	111	59854.0000	125	65696.0000	9	4671.0000	116	61025.0000
20100520	櫃買期貨            	GTF    	B         	0	.0000	0	.0000	0	.0000	0	.0000	0	.0000	0	.0000
20100520	櫃買期貨            	GTF    	C         	0	.0000	0	.0000	0	.0000	0	.0000	0	.0000	0	.0000
20100520	摩臺期              	MSF    	A         	1	841.0000	1	841.0000	0	.0000	0	.0000	0	.0000	0	.0000
20100520	摩臺期              	MSF    	B         	0	.0000	0	.0000	0	.0000	5	4206.0000	0	.0000	5	4206.0000
20100520	摩臺期              	MSF    	C         	0	.0000	0	.0000	0	.0000	0	.0000	5	4206.0000	-5	-4206.0000
20100520	小型臺指            	MXF    	A         	18370	6841875.0000	19730	7343404.0000	-1360	-501529.0000	1879	687922.0000	8160	2979579.0000	-6281	-2291657.0000
20100520	小型臺指            	MXF    	B         	0	.0000	0	.0000	0	.0000	0	.0000	0	.0000	0	.0000
20100520	小型臺指            	MXF    	C         	2890	1076549.0000	3882	1446267.0000	-992	-369718.0000	1630	596952.0000	634	231264.0000	996	365688.0000
20100520	股票期貨            	STF    	A         	4122	295028.0000	3697	274028.0000	425	21000.0000	3242	218365.0000	4135	249682.0000	-893	-31317.0000
20100520	股票期貨            	STF    	B         	0	.0000	0	.0000	0	.0000	0	.0000	0	.0000	0	.0000
20100520	股票期貨            	STF    	C         	57	2520.0000	272	16130.0000	-215	-13610.0000	48	10386.0000	1663	123662.0000	-1615	-113276.0000
20100520	臺灣50期貨          	T5F    	A         	0	.0000	0	.0000	0	.0000	0	.0000	1	505.0000	-1	-505.0000
20100520	臺灣50期貨          	T5F    	B         	0	.0000	0	.0000	0	.0000	0	.0000	0	.0000	0	.0000
20100520	臺灣50期貨          	T5F    	C         	0	.0000	0	.0000	0	.0000	0	.0000	0	.0000	0	.0000
20100520	臺股期貨            	TXF    	A         	25446	37857319.0000	28180	41959964.0000	-2734	-4102645.0000	2968	4336567.0000	9840	14380008.0000	-6872	-10043441.0000
20100520	臺股期貨            	TXF    	B         	133	198855.0000	433	645874.0000	-300	-447019.0000	1394	2053083.0000	2724	4011907.0000	-1330	-1958824.0000
20100520	臺股期貨            	TXF    	C         	16433	24482844.0000	14162	21082624.0000	2271	3400220.0000	27304	40002224.0000	24596	36102577.0000	2708	3899647.0000
20100520	非金電期貨          	XIF    	A         	206	187117.0000	216	196030.0000	-10	-8913.0000	43	38189.0000	94	83768.0000	-51	-45579.0000
20100520	非金電期貨          	XIF    	B         	0	.0000	0	.0000	0	.0000	21	18856.0000	0	.0000	21	18856.0000
20100520	非金電期貨          	XIF    	C         	73	66407.0000	37	33593.0000	36	32814.0000	121	108448.0000	46	41303.0000	75	67145.0000
20100521	電子期貨            	EXF    	A         	692	812328.0000	874	1027158.0000	-182	-214829.0000	321	376341.0000	548	643626.0000	-227	-267285.0000
20100521	電子期貨            	EXF    	B         	90	106068.0000	2	2358.0000	88	103709.0000	181	213471.0000	202	238239.0000	-21	-24768.0000
20100521	電子期貨            	EXF    	C         	1759	2066377.0000	1333	1565501.0000	426	500876.0000	2995	3532303.0000	2783	3282270.0000	212	250033.0000
20100521	金融期貨            	FXF    	A         	601	456774.0000	762	579787.0000	-161	-123013.0000	545	411529.0000	296	221161.0000	249	190368.0000
20100521	金融期貨            	FXF    	B         	0	.0000	0	.0000	0	.0000	185	140341.0000	0	.0000	185	140341.0000
20100521	金融期貨            	FXF    	C         	1308	998359.0000	1125	855866.0000	183	142493.0000	715	541883.0000	3794	2877690.0000	-3079	-2335807.0000
20100521	櫃買期貨            	GTF    	A         	46	23452.0000	60	30566.0000	-14	-7115.0000	113	57257.0000	11	5517.0000	102	51740.0000
20100521	櫃買期貨            	GTF    	B         	0	.0000	0	.0000	0	.0000	0	.0000	0	.0000	0	.0000
20100521	櫃買期貨            	GTF    	C         	0	.0000	0	.0000	0	.0000	0	.0000	0	.0000	0	.0000
20100521	摩臺期              	MSF    	A         	0	.0000	0	.0000	0	.0000	0	.0000	0	.0000	0	.0000
20100521	摩臺期              	MSF    	B         	0	.0000	0	.0000	0	.0000	5	4128.0000	0	.0000	5	4128.0000
20100521	摩臺期              	MSF    	C         	0	.0000	0	.0000	0	.0000	0	.0000	5	4128.0000	-5	-4128.0000
20100521	小型臺指            	MXF    	A         	21109	7582150.0000	19623	7047163.0000	1486	534986.0000	3809	1369178.0000	8652	3091163.0000	-4843	-1721985.0000
20100521	小型臺指            	MXF    	B         	0	.0000	0	.0000	0	.0000	0	.0000	0	.0000	0	.0000
20100521	小型臺指            	MXF    	C         	3236	1160699.0000	1753	630286.0000	1483	530413.0000	2725	976928.0000	254	89468.0000	2471	887460.0000
20100521	股票期貨            	STF    	A         	2029	135264.0000	2151	158560.0000	-122	-23296.0000	2935	203011.0000	3950	257089.0000	-1015	-54078.0000
20100521	股票期貨            	STF    	B         	0	.0000	0	.0000	0	.0000	0	.0000	0	.0000	0	.0000
20100521	股票期貨            	STF    	C         	141	19041.0000	102	4573.0000	39	14469.0000	110	25454.0000	1686	120413.0000	-1576	-94959.0000
20100521	臺灣50期貨          	T5F    	A         	0	.0000	0	.0000	0	.0000	0	.0000	1	492.0000	-1	-492.0000
20100521	臺灣50期貨          	T5F    	B         	0	.0000	0	.0000	0	.0000	0	.0000	0	.0000	0	.0000
20100521	臺灣50期貨          	T5F    	C         	0	.0000	0	.0000	0	.0000	0	.0000	0	.0000	0	.0000
20100521	臺股期貨            	TXF    	A         	24284	34914689.0000	24636	35407598.0000	-352	-492909.0000	3235	4626557.0000	10447	14937924.0000	-7212	-10311367.0000
20100521	臺股期貨            	TXF    	B         	84	121426.0000	196	281957.0000	-112	-160531.0000	1428	2058034.0000	2870	4136244.0000	-1442	-2078210.0000
20100521	臺股期貨            	TXF    	C         	15462	22211626.0000	10151	14594805.0000	5311	7616821.0000	31540	45232494.0000	23519	33767812.0000	8021	11464682.0000
20100521	非金電期貨          	XIF    	A         	120	105255.0000	109	95431.0000	11	9824.0000	63	54830.0000	103	89697.0000	-40	-34867.0000
20100521	非金電期貨          	XIF    	B         	0	.0000	0	.0000	0	.0000	21	18417.0000	0	.0000	21	18417.0000
20100521	非金電期貨          	XIF    	C         	88	76976.0000	95	83243.0000	-7	-6268.0000	141	123459.0000	73	64021.0000	68	59438.0000
20100524	電子期貨            	EXF    	A         	446	531911.0000	507	604481.0000	-61	-72571.0000	304	360697.0000	592	704158.0000	-288	-343461.0000
20100524	電子期貨            	EXF    	B         	42	50072.0000	0	.0000	42	50072.0000	183	218502.0000	162	193428.0000	21	25074.0000
20100524	電子期貨            	EXF    	C         	1186	1413310.0000	990	1179805.0000	196	233505.0000	3129	3736026.0000	2721	3248855.0000	408	487171.0000
20100524	金融期貨            	FXF    	A         	280	214788.0000	393	301269.0000	-113	-86482.0000	470	357798.0000	334	252314.0000	136	105484.0000
20100524	金融期貨            	FXF    	B         	0	.0000	0	.0000	0	.0000	185	141562.0000	0	.0000	185	141562.0000
20100524	金融期貨            	FXF    	C         	759	581683.0000	578	443036.0000	181	138647.0000	777	594080.0000	3675	2811638.0000	-2898	-2217558.0000
20100524	櫃買期貨            	GTF    	A         	105	53666.0000	112	57257.0000	-7	-3590.0000	122	62510.0000	27	13774.0000	95	48736.0000
20100524	櫃買期貨            	GTF    	B         	0	.0000	0	.0000	0	.0000	0	.0000	0	.0000	0	.0000
20100524	櫃買期貨            	GTF    	C         	0	.0000	0	.0000	0	.0000	0	.0000	0	.0000	0	.0000
20100524	摩臺期              	MSF    	A         	2	1668.0000	4	3315.0000	-2	-1647.0000	2	1670.0000	4	3339.0000	-2	-1669.0000
20100524	摩臺期              	MSF    	B         	0	.0000	0	.0000	0	.0000	5	4174.0000	0	.0000	5	4174.0000
20100524	摩臺期              	MSF    	C         	0	.0000	0	.0000	0	.0000	0	.0000	5	4174.0000	-5	-4174.0000
20100524	小型臺指            	MXF    	A         	11369	4133204.0000	11056	4019555.0000	313	113649.0000	2022	731028.0000	9392	3389564.0000	-7370	-2658536.0000
20100524	小型臺指            	MXF    	B         	0	.0000	0	.0000	0	.0000	0	.0000	0	.0000	0	.0000
20100524	小型臺指            	MXF    	C         	3226	1172698.0000	2346	853228.0000	880	319469.0000	3485	1261790.0000	250	88874.0000	3235	1172916.0000
20100524	股票期貨            	STF    	A         	2720	242434.0000	2755	231968.0000	-35	10466.0000	3177	251890.0000	4227	295343.0000	-1050	-43453.0000
20100524	股票期貨            	STF    	B         	0	.0000	0	.0000	0	.0000	0	.0000	0	.0000	0	.0000
20100524	股票期貨            	STF    	C         	32	2777.0000	32	1839.0000	0	938.0000	113	26932.0000	1689	121120.0000	-1576	-94188.0000
20100524	臺灣50期貨          	T5F    	A         	2	986.0000	0	.0000	2	986.0000	2	999.0000	1	499.0000	1	500.0000
20100524	臺灣50期貨          	T5F    	B         	0	.0000	0	.0000	0	.0000	0	.0000	0	.0000	0	.0000
20100524	臺灣50期貨          	T5F    	C         	0	.0000	0	.0000	0	.0000	0	.0000	0	.0000	0	.0000
20100524	臺股期貨            	TXF    	A         	18359	26726600.0000	17929	26107864.0000	430	618736.0000	4620	6683733.0000	10692	15440866.0000	-6072	-8757133.0000
20100524	臺股期貨            	TXF    	B         	489	712538.0000	381	553870.0000	108	158667.0000	1446	2103641.0000	2780	4044344.0000	-1334	-1940703.0000
20100524	臺股期貨            	TXF    	C         	15247	22184522.0000	15597	22687756.0000	-350	-503234.0000	30912	44755597.0000	23192	33603767.0000	7720	11151830.0000
20100524	非金電期貨          	XIF    	A         	81	71605.0000	101	89241.0000	-20	-17637.0000	53	46400.0000	113	99224.0000	-60	-52824.0000
20100524	非金電期貨          	XIF    	B         	0	.0000	0	.0000	0	.0000	21	18549.0000	0	.0000	21	18549.0000
20100524	非金電期貨          	XIF    	C         	54	47653.0000	49	43294.0000	5	4360.0000	153	134947.0000	80	70664.0000	73	64283.0000
20100525	電子期貨            	EXF    	A         	881	1026791.0000	899	1048074.0000	-18	-21283.0000	280	321660.0000	586	675340.0000	-306	-353680.0000
20100525	電子期貨            	EXF    	B         	0	.0000	90	105508.0000	-90	-105508.0000	183	211914.0000	252	291816.0000	-69	-79902.0000
20100525	電子期貨            	EXF    	C         	1439	1674980.0000	1546	1800175.0000	-107	-125195.0000	3030	3508740.0000	2729	3160140.0000	301	348600.0000
20100525	金融期貨            	FXF    	A         	509	378207.0000	532	395665.0000	-23	-17457.0000	481	353457.0000	368	268153.0000	113	85304.0000
20100525	金融期貨            	FXF    	B         	0	.0000	0	.0000	0	.0000	185	136678.0000	0	.0000	185	136678.0000
20100525	金融期貨            	FXF    	C         	1347	1004888.0000	1300	969352.0000	47	35537.0000	911	672180.0000	3759	2776420.0000	-2848	-2104240.0000
20100525	櫃買期貨            	GTF    	A         	168	83355.0000	163	80710.0000	5	2645.0000	147	71144.0000	47	22698.0000	100	48446.0000
20100525	櫃買期貨            	GTF    	B         	0	.0000	0	.0000	0	.0000	0	.0000	0	.0000	0	.0000
20100525	櫃買期貨            	GTF    	C         	0	.0000	0	.0000	0	.0000	0	.0000	0	.0000	0	.0000
20100525	摩臺期              	MSF    	A         	1	815.0000	3	2439.0000	-2	-1624.0000	2	1630.0000	6	4891.0000	-4	-3261.0000
20100525	摩臺期              	MSF    	B         	0	.0000	0	.0000	0	.0000	5	4076.0000	0	.0000	5	4076.0000
20100525	摩臺期              	MSF    	C         	0	.0000	0	.0000	0	.0000	0	.0000	5	4076.0000	-5	-4076.0000
20100525	小型臺指            	MXF    	A         	17753	6295506.0000	18957	6726041.0000	-1204	-430535.0000	2029	711947.0000	10091	3528511.0000	-8062	-2816564.0000
20100525	小型臺指            	MXF    	B         	0	.0000	0	.0000	0	.0000	0	.0000	0	.0000	0	.0000
20100525	小型臺指            	MXF    	C         	5853	2075192.0000	6391	2268991.0000	-538	-193799.0000	3391	1187614.0000	522	181804.0000	2869	1005810.0000
20100525	股票期貨            	STF    	A         	3145	247378.0000	3150	245927.0000	-5	1451.0000	3548	260837.0000	4603	302934.0000	-1055	-42097.0000
20100525	股票期貨            	STF    	B         	0	.0000	0	.0000	0	.0000	0	.0000	0	.0000	0	.0000
20100525	股票期貨            	STF    	C         	36	2753.0000	90	11634.0000	-54	-8881.0000	118	26804.0000	1748	126865.0000	-1630	-100061.0000
20100525	臺灣50期貨          	T5F    	A         	1	487.0000	0	.0000	1	487.0000	3	1457.0000	1	486.0000	2	971.0000
20100525	臺灣50期貨          	T5F    	B         	0	.0000	0	.0000	0	.0000	0	.0000	0	.0000	0	.0000
20100525	臺灣50期貨          	T5F    	C         	0	.0000	0	.0000	0	.0000	0	.0000	0	.0000	0	.0000
20100525	臺股期貨            	TXF    	A         	31636	44870915.0000	33981	48209181.0000	-2345	-3338266.0000	4104	5751076.0000	12649	17709053.0000	-8545	-11957977.0000
20100525	臺股期貨            	TXF    	B         	119	169002.0000	338	480372.0000	-219	-311371.0000	1460	2059184.0000	3013	4249535.0000	-1553	-2190351.0000
20100525	臺股期貨            	TXF    	C         	19710	27952986.0000	18534	26306939.0000	1176	1646046.0000	32384	45432617.0000	23531	33043604.0000	8853	12389013.0000
20100525	非金電期貨          	XIF    	A         	190	163806.0000	298	257338.0000	-108	-93532.0000	35	29531.0000	203	173107.0000	-168	-143576.0000
20100525	非金電期貨          	XIF    	B         	0	.0000	0	.0000	0	.0000	21	17968.0000	0	.0000	21	17968.0000
20100525	非金電期貨          	XIF    	C         	200	172963.0000	79	68145.0000	121	104818.0000	287	245360.0000	93	79571.0000	194	165789.0000
20100526	電子期貨            	EXF    	A         	662	775343.0000	434	507776.0000	228	267567.0000	365	426009.0000	443	516988.0000	-78	-90979.0000
20100526	電子期貨            	EXF    	B         	0	.0000	0	.0000	0	.0000	183	214879.0000	252	295898.0000	-69	-81019.0000
20100526	電子期貨            	EXF    	C         	1004	1173854.0000	1161	1357624.0000	-157	-183770.0000	3047	3577787.0000	2903	3408663.0000	144	169124.0000
20100526	金融期貨            	FXF    	A         	620	463321.0000	572	427311.0000	48	36011.0000	539	403179.0000	378	280442.0000	161	122737.0000
20100526	金融期貨            	FXF    	B         	0	.0000	27	20206.0000	-27	-20206.0000	185	139157.0000	27	20309.0000	158	118848.0000
20100526	金融期貨            	FXF    	C         	828	617018.0000	955	712124.0000	-127	-95106.0000	822	617579.0000	3797	2855489.0000	-2975	-2237910.0000
20100526	櫃買期貨            	GTF    	A         	46	22476.0000	68	33195.0000	-22	-10718.0000	136	66690.0000	58	28400.0000	78	38290.0000
20100526	櫃買期貨            	GTF    	B         	0	.0000	0	.0000	0	.0000	0	.0000	0	.0000	0	.0000
20100526	櫃買期貨            	GTF    	C         	0	.0000	0	.0000	0	.0000	0	.0000	0	.0000	0	.0000
20100526	摩臺期              	MSF    	A         	1	818.0000	0	.0000	1	818.0000	2	1636.0000	5	4090.0000	-3	-2454.0000
20100526	摩臺期              	MSF    	B         	0	.0000	0	.0000	0	.0000	5	4090.0000	0	.0000	5	4090.0000
20100526	摩臺期              	MSF    	C         	0	.0000	0	.0000	0	.0000	0	.0000	5	4090.0000	-5	-4090.0000
20100526	小型臺指            	MXF    	A         	15815	5614491.0000	14688	5212712.0000	1127	401779.0000	2092	741663.0000	9775	3451707.0000	-7683	-2710044.0000
20100526	小型臺指            	MXF    	B         	0	.0000	0	.0000	0	.0000	0	.0000	0	.0000	0	.0000
20100526	小型臺指            	MXF    	C         	4018	1425656.0000	4660	1655380.0000	-642	-229724.0000	3090	1091133.0000	827	292278.0000	2263	798855.0000
20100526	股票期貨            	STF    	A         	2478	218400.0000	2519	222131.0000	-41	-3731.0000	3727	297290.0000	4823	342035.0000	-1096	-44745.0000
20100526	股票期貨            	STF    	B         	0	.0000	0	.0000	0	.0000	0	.0000	0	.0000	0	.0000
20100526	股票期貨            	STF    	C         	27	2085.0000	51	2619.0000	-24	-534.0000	124	28723.0000	1778	128249.0000	-1654	-99526.0000
20100526	臺灣50期貨          	T5F    	A         	0	.0000	0	.0000	0	.0000	3	1470.0000	1	490.0000	2	980.0000
20100526	臺灣50期貨          	T5F    	B         	0	.0000	0	.0000	0	.0000	0	.0000	0	.0000	0	.0000
20100526	臺灣50期貨          	T5F    	C         	0	.0000	0	.0000	0	.0000	0	.0000	0	.0000	0	.0000
20100526	臺股期貨            	TXF    	A         	23898	33963551.0000	23617	33545894.0000	281	417657.0000	4029	5701042.0000	12106	17105808.0000	-8077	-11404766.0000
20100526	臺股期貨            	TXF    	B         	767	1090829.0000	206	292923.0000	561	797907.0000	1460	2079916.0000	2452	3493119.0000	-992	-1413203.0000
20100526	臺股期貨            	TXF    	C         	13913	19754518.0000	16585	23569449.0000	-2672	-3814931.0000	30802	43633549.0000	24630	34950704.0000	6172	8682845.0000
20100526	非金電期貨          	XIF    	A         	169	145123.0000	145	124493.0000	24	20631.0000	55	46698.0000	199	169883.0000	-144	-123185.0000
20100526	非金電期貨          	XIF    	B         	0	.0000	0	.0000	0	.0000	21	17989.0000	0	.0000	21	17989.0000
20100526	非金電期貨          	XIF    	C         	69	59220.0000	81	69616.0000	-12	-10396.0000	259	221662.0000	77	65958.0000	182	155704.0000
20100527	電子期貨            	EXF    	A         	542	638167.0000	589	693150.0000	-47	-54983.0000	374	440661.0000	499	588205.0000	-125	-147544.0000
20100527	電子期貨            	EXF    	B         	0	.0000	0	.0000	0	.0000	183	216855.0000	252	298620.0000	-69	-81765.0000
20100527	電子期貨            	EXF    	C         	981	1154927.0000	866	1020295.0000	115	134632.0000	3178	3765930.0000	2919	3458913.0000	259	307017.0000
20100527	金融期貨            	FXF    	A         	534	400741.0000	514	384777.0000	20	15964.0000	563	423018.0000	382	284873.0000	181	138145.0000
20100527	金融期貨            	FXF    	B         	0	.0000	0	.0000	0	.0000	185	139786.0000	27	20401.0000	158	119385.0000
20100527	金融期貨            	FXF    	C         	969	724698.0000	841	630468.0000	128	94231.0000	779	587992.0000	3626	2739332.0000	-2847	-2151340.0000
20100527	櫃買期貨            	GTF    	A         	92	45608.0000	194	96655.0000	-102	-51047.0000	71	36306.0000	95	48631.0000	-24	-12325.0000
20100527	櫃買期貨            	GTF    	B         	0	.0000	0	.0000	0	.0000	0	.0000	0	.0000	0	.0000
20100527	櫃買期貨            	GTF    	C         	0	.0000	0	.0000	0	.0000	0	.0000	0	.0000	0	.0000
20100527	摩臺期              	MSF    	A         	2	1647.0000	4	3290.0000	-2	-1644.0000	2	1656.0000	7	5798.0000	-5	-4142.0000
20100527	摩臺期              	MSF    	B         	0	.0000	0	.0000	0	.0000	5	4141.0000	0	.0000	5	4141.0000
20100527	摩臺期              	MSF    	C         	0	.0000	0	.0000	0	.0000	0	.0000	5	4141.0000	-5	-4141.0000
20100527	小型臺指            	MXF    	A         	13766	4911730.0000	12954	4623756.0000	812	287974.0000	1963	703543.0000	9422	3363260.0000	-7459	-2659717.0000
20100527	小型臺指            	MXF    	B         	0	.0000	0	.0000	0	.0000	0	.0000	0	.0000	0	.0000
20100527	小型臺指            	MXF    	C         	6682	2383524.0000	6102	2180230.0000	580	203293.0000	3295	1175969.0000	404	143053.0000	2891	1032916.0000
20100527	股票期貨            	STF    	A         	3396	275018.0000	3648	289375.0000	-252	-14356.0000	3903	312561.0000	5251	372087.0000	-1348	-59526.0000
20100527	股票期貨            	STF    	B         	0	.0000	0	.0000	0	.0000	0	.0000	0	.0000	0	.0000
20100527	股票期貨            	STF    	C         	62	5065.0000	32	1331.0000	30	3734.0000	148	31233.0000	1772	129013.0000	-1624	-97780.0000
20100527	臺灣50期貨          	T5F    	A         	0	.0000	3	1480.0000	-3	-1480.0000	0	.0000	1	493.0000	-1	-493.0000
20100527	臺灣50期貨          	T5F    	B         	0	.0000	0	.0000	0	.0000	0	.0000	0	.0000	0	.0000
20100527	臺灣50期貨          	T5F    	C         	0	.0000	0	.0000	0	.0000	0	.0000	0	.0000	0	.0000
20100527	臺股期貨            	TXF    	A         	27882	39848705.0000	26929	38509914.0000	953	1338791.0000	4399	6287231.0000	11376	16241160.0000	-6977	-9953929.0000
20100527	臺股期貨            	TXF    	B         	298	425735.0000	197	281393.0000	101	144342.0000	1469	2115360.0000	2360	3398400.0000	-891	-1283040.0000
20100527	臺股期貨            	TXF    	C         	14553	20763405.0000	14162	20244251.0000	391	519154.0000	30278	43351490.0000	23727	34025373.0000	6551	9326117.0000
20100527	非金電期貨          	XIF    	A         	154	132804.0000	183	157228.0000	-29	-24423.0000	71	61372.0000	244	211733.0000	-173	-150361.0000
20100527	非金電期貨          	XIF    	B         	0	.0000	0	.0000	0	.0000	21	18276.0000	0	.0000	21	18276.0000
20100527	非金電期貨          	XIF    	C         	117	100124.0000	114	98145.0000	3	1979.0000	277	240875.0000	92	80068.0000	185	160807.0000
20100528	電子期貨            	EXF    	A         	476	570567.0000	788	945180.0000	-312	-374613.0000	287	341610.0000	724	865139.0000	-437	-523529.0000
20100528	電子期貨            	EXF    	B         	0	.0000	0	.0000	0	.0000	183	219454.0000	252	302198.0000	-69	-82744.0000
20100528	電子期貨            	EXF    	C         	1326	1589544.0000	1045	1252573.0000	281	336971.0000	3319	3980145.0000	2848	3415226.0000	471	564919.0000
20100528	金融期貨            	FXF    	A         	375	284832.0000	396	301216.0000	-21	-16384.0000	511	386638.0000	351	263237.0000	160	123401.0000
20100528	金融期貨            	FXF    	B         	27	20643.0000	0	.0000	27	20643.0000	185	140859.0000	0	.0000	185	140859.0000
20100528	金融期貨            	FXF    	C         	775	589162.0000	657	499643.0000	118	89518.0000	940	714921.0000	3669	2792970.0000	-2729	-2078049.0000
20100528	櫃買期貨            	GTF    	A         	82	42791.0000	82	42891.0000	0	-100.0000	80	41433.0000	104	53911.0000	-24	-12478.0000
20100528	櫃買期貨            	GTF    	B         	0	.0000	0	.0000	0	.0000	0	.0000	0	.0000	0	.0000
20100528	櫃買期貨            	GTF    	C         	0	.0000	0	.0000	0	.0000	0	.0000	0	.0000	0	.0000
20100528	摩臺期              	MSF    	A         	3	2483.0000	3	2487.0000	0	-4.0000	2	1661.0000	7	5814.0000	-5	-4153.0000
20100528	摩臺期              	MSF    	B         	0	.0000	0	.0000	0	.0000	5	4153.0000	0	.0000	5	4153.0000
20100528	摩臺期              	MSF    	C         	0	.0000	0	.0000	0	.0000	0	.0000	5	4153.0000	-5	-4153.0000
20100528	小型臺指            	MXF    	A         	15593	5667264.0000	14059	5104581.0000	1534	562683.0000	2615	948188.0000	9276	3343835.0000	-6661	-2395647.0000
20100528	小型臺指            	MXF    	B         	0	.0000	0	.0000	0	.0000	0	.0000	0	.0000	0	.0000
20100528	小型臺指            	MXF    	C         	6708	2436948.0000	6602	2400292.0000	106	36656.0000	4233	1527518.0000	1244	450239.0000	2989	1077279.0000
20100528	股票期貨            	STF    	A         	3294	244810.0000	3276	254115.0000	18	-9305.0000	4351	347846.0000	5681	416736.0000	-1330	-68890.0000
20100528	股票期貨            	STF    	B         	0	.0000	0	.0000	0	.0000	0	.0000	0	.0000	0	.0000
20100528	股票期貨            	STF    	C         	55	2537.0000	58	4016.0000	-3	-1478.0000	173	32048.0000	1800	132646.0000	-1627	-100598.0000
20100528	臺灣50期貨          	T5F    	A         	0	.0000	0	.0000	0	.0000	0	.0000	1	494.0000	-1	-494.0000
20100528	臺灣50期貨          	T5F    	B         	0	.0000	0	.0000	0	.0000	0	.0000	0	.0000	0	.0000
20100528	臺灣50期貨          	T5F    	C         	0	.0000	0	.0000	0	.0000	0	.0000	0	.0000	0	.0000
20100528	臺股期貨            	TXF    	A         	24386	35458427.0000	25462	37026793.0000	-1076	-1568367.0000	4711	6801749.0000	12580	18172769.0000	-7869	-11371020.0000
20100528	臺股期貨            	TXF    	B         	771	1123714.0000	29	42313.0000	742	1081401.0000	1468	2136527.0000	1617	2353382.0000	-149	-216855.0000
20100528	臺股期貨            	TXF    	C         	17949	26075967.0000	15173	22028887.0000	2776	4047080.0000	31739	45922545.0000	22410	32446509.0000	9329	13476036.0000
20100528	非金電期貨          	XIF    	A         	102	89484.0000	153	134275.0000	-51	-44791.0000	59	51385.0000	283	247851.0000	-224	-196466.0000
20100528	非金電期貨          	XIF    	B         	0	.0000	0	.0000	0	.0000	21	18440.0000	0	.0000	21	18440.0000
20100528	非金電期貨          	XIF    	C         	82	71972.0000	51	44717.0000	31	27255.0000	323	283429.0000	107	93957.0000	216	189472.0000
20100531	電子期貨            	EXF    	A         	547	655594.0000	490	587768.0000	57	67826.0000	330	394810.0000	710	852476.0000	-380	-457666.0000
20100531	電子期貨            	EXF    	B         	0	.0000	36	43154.0000	-36	-43154.0000	183	220552.0000	288	347098.0000	-105	-126546.0000
20100531	電子期貨            	EXF    	C         	714	856574.0000	544	652362.0000	170	204213.0000	3453	4161556.0000	2812	3388869.0000	641	772687.0000
20100531	金融期貨            	FXF    	A         	359	273759.0000	329	250748.0000	30	23011.0000	497	378178.0000	307	231331.0000	190	146847.0000
20100531	金融期貨            	FXF    	B         	12	9122.0000	2	1533.0000	10	7589.0000	195	149409.0000	0	.0000	195	149409.0000
20100531	金融期貨            	FXF    	C         	588	448340.0000	684	522026.0000	-96	-73687.0000	923	706317.0000	3748	2871081.0000	-2825	-2164764.0000
20100531	櫃買期貨            	GTF    	A         	17	8896.0000	90	47058.0000	-73	-38163.0000	81	42411.0000	178	93368.0000	-97	-50957.0000
20100531	櫃買期貨            	GTF    	B         	0	.0000	0	.0000	0	.0000	0	.0000	0	.0000	0	.0000
20100531	櫃買期貨            	GTF    	C         	0	.0000	0	.0000	0	.0000	0	.0000	0	.0000	0	.0000
20100531	摩臺期              	MSF    	A         	0	.0000	0	.0000	0	.0000	2	1671.0000	7	5847.0000	-5	-4176.0000
20100531	摩臺期              	MSF    	B         	0	.0000	0	.0000	0	.0000	5	4176.0000	0	.0000	5	4176.0000
20100531	摩臺期              	MSF    	C         	0	.0000	0	.0000	0	.0000	0	.0000	5	4176.0000	-5	-4176.0000
20100531	小型臺指            	MXF    	A         	10217	3723727.0000	8776	3197183.0000	1441	526544.0000	3157	1153039.0000	6717	2428458.0000	-3560	-1275419.0000
20100531	小型臺指            	MXF    	B         	0	.0000	0	.0000	0	.0000	0	.0000	0	.0000	0	.0000
20100531	小型臺指            	MXF    	C         	3302	1201752.0000	3270	1191803.0000	32	9949.0000	4344	1576938.0000	1531	558495.0000	2813	1018443.0000
20100531	股票期貨            	STF    	A         	2523	304781.0000	2755	352830.0000	-232	-48050.0000	4970	440866.0000	6532	558658.0000	-1562	-117792.0000
20100531	股票期貨            	STF    	B         	0	.0000	0	.0000	0	.0000	0	.0000	0	.0000	0	.0000
20100531	股票期貨            	STF    	C         	52	4103.0000	82	10646.0000	-30	-6543.0000	203	31982.0000	1859	141256.0000	-1656	-109274.0000
20100531	臺灣50期貨          	T5F    	A         	0	.0000	0	.0000	0	.0000	0	.0000	1	494.0000	-1	-494.0000
20100531	臺灣50期貨          	T5F    	B         	0	.0000	0	.0000	0	.0000	0	.0000	0	.0000	0	.0000
20100531	臺灣50期貨          	T5F    	C         	0	.0000	0	.0000	0	.0000	0	.0000	0	.0000	0	.0000
20100531	臺股期貨            	TXF    	A         	13897	20264165.0000	13780	20097196.0000	117	166969.0000	5126	7443299.0000	13293	19334295.0000	-8167	-11890996.0000
20100531	臺股期貨            	TXF    	B         	112	163315.0000	115	167199.0000	-3	-3885.0000	1498	2194570.0000	1650	2417250.0000	-152	-222680.0000
20100531	臺股期貨            	TXF    	C         	9532	13887429.0000	7932	11550950.0000	1600	2336479.0000	32563	47423043.0000	21582	31427392.0000	10981	15995651.0000
20100531	非金電期貨          	XIF    	A         	60	52902.0000	42	36883.0000	18	16019.0000	71	62496.0000	277	244837.0000	-206	-182341.0000
20100531	非金電期貨          	XIF    	B         	0	.0000	0	.0000	0	.0000	21	18623.0000	0	.0000	21	18623.0000
20100531	非金電期貨          	XIF    	C         	38	33563.0000	41	36223.0000	-3	-2660.0000	314	278258.0000	101	89567.0000	213	188691.0000
