20080407	電子期貨            	EXF    	A         	647	853759.0000	578	764668.0000	69	89091.0000	2387	3162735.0000	418	552587.0000	1969	2610148.0000
20080407	電子期貨            	EXF    	B         	0	.0000	71	93550.0000	-71	-93550.0000	277	367080.0000	314	416113.0000	-37	-49033.0000
20080407	電子期貨            	EXF    	C         	643	849007.0000	180	237776.0000	463	611230.0000	5004	6631301.0000	7462	9888599.0000	-2458	-3257298.0000
20080407	金融期貨            	FXF    	A         	922	1046162.0000	371	420980.0000	551	625182.0000	1524	1740870.0000	168	191770.0000	1356	1549100.0000
20080407	金融期貨            	FXF    	B         	0	.0000	0	.0000	0	.0000	179	204561.0000	4	4571.0000	175	199990.0000
20080407	金融期貨            	FXF    	C         	348	395784.0000	919	1041514.0000	-571	-645730.0000	4932	5636290.0000	11247	12852576.0000	-6315	-7216286.0000
20080407	櫃買期貨            	GTF    	A         	313	188642.0000	322	194089.0000	-9	-5447.0000	15	9128.0000	13	7910.0000	2	1218.0000
20080407	櫃買期貨            	GTF    	B         	1	608.0000	3	1812.0000	-2	-1203.0000	0	.0000	36	21892.0000	-36	-21892.0000
20080407	櫃買期貨            	GTF    	C         	0	.0000	0	.0000	0	.0000	0	.0000	0	.0000	0	.0000
20080407	摩臺期              	MSF    	A         	2	2034.0000	1	1019.0000	1	1016.0000	4	4063.0000	5	5078.0000	-1	-1015.0000
20080407	摩臺期              	MSF    	B         	0	.0000	0	.0000	0	.0000	0	.0000	0	.0000	0	.0000
20080407	摩臺期              	MSF    	C         	0	.0000	0	.0000	0	.0000	0	.0000	0	.0000	0	.0000
20080407	小型臺指            	MXF    	A         	3920	1697620.0000	2433	1055805.0000	1487	641814.0000	2527	1098211.0000	2459	1066744.0000	68	31467.0000
20080407	小型臺指            	MXF    	B         	0	.0000	0	.0000	0	.0000	0	.0000	12	5224.0000	-12	-5224.0000
20080407	小型臺指            	MXF    	C         	0	.0000	0	.0000	0	.0000	0	.0000	0	.0000	0	.0000
20080407	臺灣50期貨          	T5F    	A         	0	.0000	0	.0000	0	.0000	0	.0000	0	.0000	0	.0000
20080407	臺灣50期貨          	T5F    	B         	0	.0000	0	.0000	0	.0000	0	.0000	0	.0000	0	.0000
20080407	臺灣50期貨          	T5F    	C         	0	.0000	0	.0000	0	.0000	0	.0000	0	.0000	0	.0000
20080407	臺股期貨            	TXF    	A         	9388	16288934.0000	8138	14118904.0000	1250	2170030.0000	6174	10717213.0000	2853	4962186.0000	3321	5755027.0000
20080407	臺股期貨            	TXF    	B         	576	999064.0000	471	817040.0000	105	182023.0000	373	649454.0000	3619	6301090.0000	-3246	-5651636.0000
20080407	臺股期貨            	TXF    	C         	3908	6785302.0000	3716	6453972.0000	192	331329.0000	28953	50407878.0000	39200	68181936.0000	-10247	-17774058.0000
20080407	非金電期貨          	XIF    	A         	430	468894.0000	409	446123.0000	21	22771.0000	1680	1839667.0000	144	157688.0000	1536	1681979.0000
20080407	非金電期貨          	XIF    	B         	0	.0000	0	.0000	0	.0000	6	6570.0000	0	.0000	6	6570.0000
20080407	非金電期貨          	XIF    	C         	0	.0000	0	.0000	0	.0000	0	.0000	1635	1790397.0000	-1635	-1790397.0000
20080408	電子期貨            	EXF    	A         	315	415483.0000	551	725971.0000	-236	-310488.0000	2164	2839556.0000	431	564266.0000	1733	2275290.0000
20080408	電子期貨            	EXF    	B         	5	6565.0000	36	47520.0000	-31	-40956.0000	281	368784.0000	349	458028.0000	-68	-89244.0000
20080408	電子期貨            	EXF    	C         	457	602824.0000	332	437394.0000	125	165429.0000	4799	6298208.0000	7132	9359997.0000	-2333	-3061789.0000
20080408	金融期貨            	FXF    	A         	400	451076.0000	645	727805.0000	-245	-276729.0000	1459	1640831.0000	348	391338.0000	1111	1249493.0000
20080408	金融期貨            	FXF    	B         	0	.0000	0	.0000	0	.0000	179	201411.0000	4	4501.0000	175	196910.0000
20080408	金融期貨            	FXF    	C         	667	753004.0000	355	400023.0000	312	352981.0000	5135	5777902.0000	11138	12531498.0000	-6003	-6753596.0000
20080408	櫃買期貨            	GTF    	A         	326	197176.0000	319	192960.0000	7	4216.0000	20	12038.0000	11	6622.0000	9	5416.0000
20080408	櫃買期貨            	GTF    	B         	3	1813.0000	3	1811.0000	0	2.0000	0	.0000	36	21660.0000	-36	-21660.0000
20080408	櫃買期貨            	GTF    	C         	0	.0000	0	.0000	0	.0000	0	.0000	0	.0000	0	.0000
20080408	摩臺期              	MSF    	A         	3	3049.0000	2	2032.0000	1	1017.0000	5	5084.0000	5	5084.0000	0	.0000
20080408	摩臺期              	MSF    	B         	0	.0000	0	.0000	0	.0000	0	.0000	0	.0000	0	.0000
20080408	摩臺期              	MSF    	C         	0	.0000	0	.0000	0	.0000	0	.0000	0	.0000	0	.0000
20080408	小型臺指            	MXF    	A         	2026	878090.0000	2593	1122528.0000	-567	-244438.0000	2067	890977.0000	2502	1075899.0000	-435	-184922.0000
20080408	小型臺指            	MXF    	B         	5	2165.0000	0	.0000	5	2165.0000	0	.0000	7	3023.0000	-7	-3023.0000
20080408	小型臺指            	MXF    	C         	0	.0000	0	.0000	0	.0000	0	.0000	0	.0000	0	.0000
20080408	臺灣50期貨          	T5F    	A         	0	.0000	0	.0000	0	.0000	0	.0000	0	.0000	0	.0000
20080408	臺灣50期貨          	T5F    	B         	0	.0000	0	.0000	0	.0000	0	.0000	0	.0000	0	.0000
20080408	臺灣50期貨          	T5F    	C         	0	.0000	0	.0000	0	.0000	0	.0000	0	.0000	0	.0000
20080408	臺股期貨            	TXF    	A         	7963	13804678.0000	8045	13940801.0000	-82	-136122.0000	5970	10277803.0000	2747	4737864.0000	3223	5539939.0000
20080408	臺股期貨            	TXF    	B         	151	261498.0000	258	447378.0000	-107	-185880.0000	388	670201.0000	3741	6461863.0000	-3353	-5791662.0000
20080408	臺股期貨            	TXF    	C         	4501	7802236.0000	3784	6554369.0000	717	1247867.0000	28497	49217968.0000	38027	65604617.0000	-9530	-16386649.0000
20080408	非金電期貨          	XIF    	A         	404	442495.0000	437	478607.0000	-33	-36112.0000	1646	1796307.0000	143	156068.0000	1503	1640239.0000
20080408	非金電期貨          	XIF    	B         	0	.0000	0	.0000	0	.0000	6	6548.0000	0	.0000	6	6548.0000
20080408	非金電期貨          	XIF    	C         	21	22964.0000	21	22945.0000	0	19.0000	0	.0000	1635	1784274.0000	-1635	-1784274.0000
20080409	電子期貨            	EXF    	A         	903	1188651.0000	739	966977.0000	164	221673.0000	2341	3070847.0000	444	581549.0000	1897	2489298.0000
20080409	電子期貨            	EXF    	B         	0	.0000	53	69583.0000	-53	-69583.0000	249	326688.0000	370	485440.0000	-121	-158752.0000
20080409	電子期貨            	EXF    	C         	783	1023649.0000	901	1182995.0000	-118	-159346.0000	4718	6190016.0000	7169	9405692.0000	-2451	-3215676.0000
20080409	金融期貨            	FXF    	A         	810	920809.0000	868	985842.0000	-58	-65034.0000	1392	1580353.0000	339	384886.0000	1053	1195467.0000
20080409	金融期貨            	FXF    	B         	4	4561.0000	29	33049.0000	-25	-28488.0000	150	170400.0000	0	.0000	150	170400.0000
20080409	金融期貨            	FXF    	C         	702	799405.0000	684	774351.0000	18	25054.0000	5239	5951504.0000	11224	12748588.0000	-5985	-6797084.0000
20080409	櫃買期貨            	GTF    	A         	230	139500.0000	217	131658.0000	13	7842.0000	34	20476.0000	12	7229.0000	22	13247.0000
20080409	櫃買期貨            	GTF    	B         	4	2417.0000	4	2414.0000	0	3.0000	0	.0000	36	21662.0000	-36	-21662.0000
20080409	櫃買期貨            	GTF    	C         	0	.0000	0	.0000	0	.0000	0	.0000	0	.0000	0	.0000
20080409	摩臺期              	MSF    	A         	5	5117.0000	5	5112.0000	0	5.0000	6	6092.0000	6	6092.0000	0	.0000
20080409	摩臺期              	MSF    	B         	0	.0000	0	.0000	0	.0000	0	.0000	0	.0000	0	.0000
20080409	摩臺期              	MSF    	C         	0	.0000	0	.0000	0	.0000	0	.0000	0	.0000	0	.0000
20080409	小型臺指            	MXF    	A         	5605	2435427.0000	5718	2480357.0000	-113	-44930.0000	2651	1148331.0000	2439	1052501.0000	212	95830.0000
20080409	小型臺指            	MXF    	B         	0	.0000	0	.0000	0	.0000	0	.0000	7	3037.0000	-7	-3037.0000
20080409	小型臺指            	MXF    	C         	1	433.0000	1	433.0000	0	.0000	0	.0000	0	.0000	0	.0000
20080409	臺灣50期貨          	T5F    	A         	0	.0000	0	.0000	0	.0000	0	.0000	0	.0000	0	.0000
20080409	臺灣50期貨          	T5F    	B         	0	.0000	0	.0000	0	.0000	0	.0000	0	.0000	0	.0000
20080409	臺灣50期貨          	T5F    	C         	0	.0000	0	.0000	0	.0000	0	.0000	0	.0000	0	.0000
20080409	臺股期貨            	TXF    	A         	13882	24129835.0000	14670	25497687.0000	-788	-1367852.0000	5381	9299165.0000	3136	5434673.0000	2245	3864492.0000
20080409	臺股期貨            	TXF    	B         	248	430261.0000	699	1212817.0000	-451	-782556.0000	374	648923.0000	4178	7248444.0000	-3804	-6599521.0000
20080409	臺股期貨            	TXF    	C         	10511	18266742.0000	7219	12542284.0000	3292	5724458.0000	30570	53032585.0000	36806	63770856.0000	-6236	-10738271.0000
20080409	非金電期貨          	XIF    	A         	360	398028.0000	348	384733.0000	12	13295.0000	1631	1797965.0000	116	127876.0000	1515	1670089.0000
20080409	非金電期貨          	XIF    	B         	0	.0000	0	.0000	0	.0000	6	6614.0000	0	.0000	6	6614.0000
20080409	非金電期貨          	XIF    	C         	9	9915.0000	8	8805.0000	1	1110.0000	0	.0000	1634	1801270.0000	-1634	-1801270.0000
20080410	電子期貨            	EXF    	A         	706	937165.0000	543	720549.0000	163	216616.0000	2476	3298844.0000	416	553018.0000	2060	2745826.0000
20080410	電子期貨            	EXF    	B         	243	322981.0000	33	43575.0000	210	279406.0000	452	602335.0000	363	483706.0000	89	118629.0000
20080410	電子期貨            	EXF    	C         	279	370635.0000	263	349426.0000	16	21209.0000	4733	6307196.0000	7168	9551989.0000	-2435	-3244793.0000
20080410	金融期貨            	FXF    	A         	879	1003692.0000	815	931998.0000	64	71695.0000	1430	1650809.0000	313	361915.0000	1117	1288894.0000
20080410	金融期貨            	FXF    	B         	5	5704.0000	33	37609.0000	-28	-31905.0000	122	141070.0000	0	.0000	122	141070.0000
20080410	金融期貨            	FXF    	C         	1259	1439964.0000	1135	1292575.0000	124	147389.0000	5508	6370077.0000	11369	13138619.0000	-5861	-6768542.0000
20080410	櫃買期貨            	GTF    	A         	219	133209.0000	222	135015.0000	-3	-1806.0000	39	23925.0000	20	12275.0000	19	11650.0000
20080410	櫃買期貨            	GTF    	B         	0	.0000	3	1832.0000	-3	-1832.0000	0	.0000	39	23886.0000	-39	-23886.0000
20080410	櫃買期貨            	GTF    	C         	0	.0000	0	.0000	0	.0000	0	.0000	0	.0000	0	.0000
20080410	摩臺期              	MSF    	A         	7	7188.0000	8	8206.0000	-1	-1019.0000	7	7197.0000	8	8226.0000	-1	-1029.0000
20080410	摩臺期              	MSF    	B         	0	.0000	0	.0000	0	.0000	0	.0000	0	.0000	0	.0000
20080410	摩臺期              	MSF    	C         	0	.0000	0	.0000	0	.0000	0	.0000	0	.0000	0	.0000
20080410	小型臺指            	MXF    	A         	5676	2483912.0000	4113	1800613.0000	1563	683300.0000	3220	1416713.0000	2509	1099156.0000	711	317557.0000
20080410	小型臺指            	MXF    	B         	0	.0000	0	.0000	0	.0000	0	.0000	7	3085.0000	-7	-3085.0000
20080410	小型臺指            	MXF    	C         	0	.0000	0	.0000	0	.0000	0	.0000	0	.0000	0	.0000
20080410	臺灣50期貨          	T5F    	A         	0	.0000	0	.0000	0	.0000	0	.0000	0	.0000	0	.0000
20080410	臺灣50期貨          	T5F    	B         	0	.0000	0	.0000	0	.0000	0	.0000	0	.0000	0	.0000
20080410	臺灣50期貨          	T5F    	C         	0	.0000	0	.0000	0	.0000	0	.0000	0	.0000	0	.0000
20080410	臺股期貨            	TXF    	A         	14858	26031680.0000	13510	23680021.0000	1348	2351659.0000	6994	12284744.0000	3135	5520259.0000	3859	6764485.0000
20080410	臺股期貨            	TXF    	B         	330	577530.0000	371	649193.0000	-41	-71663.0000	378	666282.0000	4223	7442085.0000	-3845	-6775803.0000
20080410	臺股期貨            	TXF    	C         	9652	16911031.0000	9612	16830721.0000	40	80310.0000	30800	54270240.0000	37000	65104788.0000	-6200	-10834548.0000
20080410	非金電期貨          	XIF    	A         	395	439082.0000	392	435571.0000	3	3511.0000	1628	1823961.0000	110	123236.0000	1518	1700725.0000
20080410	非金電期貨          	XIF    	B         	0	.0000	0	.0000	0	.0000	6	6723.0000	0	.0000	6	6723.0000
20080410	非金電期貨          	XIF    	C         	21	23339.0000	20	22205.0000	1	1134.0000	0	.0000	1633	1829584.0000	-1633	-1829584.0000
20080411	電子期貨            	EXF    	A         	731	979872.0000	850	1139311.0000	-119	-159439.0000	2368	3189537.0000	427	573908.0000	1941	2615629.0000
20080411	電子期貨            	EXF    	B         	21	28156.0000	100	133866.0000	-79	-105710.0000	392	528102.0000	382	514609.0000	10	13493.0000
20080411	電子期貨            	EXF    	C         	857	1150146.0000	343	459515.0000	514	690631.0000	4805	6473296.0000	6726	9061199.0000	-1921	-2587903.0000
20080411	金融期貨            	FXF    	A         	1708	2005000.0000	1160	1360441.0000	548	644559.0000	1865	2205402.0000	200	236508.0000	1665	1968894.0000
20080411	金融期貨            	FXF    	B         	52	61605.0000	0	.0000	52	61605.0000	174	205720.0000	0	.0000	174	205720.0000
20080411	金融期貨            	FXF    	C         	1024	1204485.0000	1173	1376109.0000	-149	-171624.0000	5659	6695200.0000	11669	13801130.0000	-6010	-7105930.0000
20080411	櫃買期貨            	GTF    	A         	112	68959.0000	115	70819.0000	-3	-1860.0000	34	20933.0000	18	11086.0000	16	9847.0000
20080411	櫃買期貨            	GTF    	B         	2	1232.0000	6	3694.0000	-4	-2462.0000	0	.0000	43	26429.0000	-43	-26429.0000
20080411	櫃買期貨            	GTF    	C         	0	.0000	0	.0000	0	.0000	0	.0000	0	.0000	0	.0000
20080411	摩臺期              	MSF    	A         	3	3103.0000	4	4143.0000	-1	-1041.0000	6	6229.0000	8	8305.0000	-2	-2076.0000
20080411	摩臺期              	MSF    	B         	0	.0000	0	.0000	0	.0000	0	.0000	0	.0000	0	.0000
20080411	摩臺期              	MSF    	C         	0	.0000	0	.0000	0	.0000	0	.0000	0	.0000	0	.0000
20080411	小型臺指            	MXF    	A         	4472	1981610.0000	4135	1832867.0000	337	148744.0000	4038	1796245.0000	2162	957241.0000	1876	839004.0000
20080411	小型臺指            	MXF    	B         	0	.0000	10	4429.0000	-10	-4429.0000	0	.0000	17	7574.0000	-17	-7574.0000
20080411	小型臺指            	MXF    	C         	4	1776.0000	2	888.0000	2	887.0000	2	891.0000	0	.0000	2	891.0000
20080411	臺灣50期貨          	T5F    	A         	0	.0000	0	.0000	0	.0000	0	.0000	0	.0000	0	.0000
20080411	臺灣50期貨          	T5F    	B         	0	.0000	0	.0000	0	.0000	0	.0000	0	.0000	0	.0000
20080411	臺灣50期貨          	T5F    	C         	0	.0000	0	.0000	0	.0000	0	.0000	0	.0000	0	.0000
20080411	臺股期貨            	TXF    	A         	13382	23726343.0000	12670	22483653.0000	712	1242690.0000	7769	13799594.0000	3405	6064514.0000	4364	7735080.0000
20080411	臺股期貨            	TXF    	B         	1125	1999017.0000	718	1270123.0000	407	728894.0000	410	730491.0000	3853	6862751.0000	-3443	-6132260.0000
20080411	臺股期貨            	TXF    	C         	10528	18669720.0000	7884	13972104.0000	2644	4697616.0000	32141	57251546.0000	35697	63489227.0000	-3556	-6237681.0000
20080411	非金電期貨          	XIF    	A         	389	435125.0000	409	457482.0000	-20	-22357.0000	1599	1796866.0000	101	113444.0000	1498	1683422.0000
20080411	非金電期貨          	XIF    	B         	4	4457.0000	4	4467.0000	0	-10.0000	6	6737.0000	0	.0000	6	6737.0000
20080411	非金電期貨          	XIF    	C         	21	23438.0000	11	12277.0000	10	11161.0000	0	.0000	1623	1823905.0000	-1623	-1823905.0000
20080414	電子期貨            	EXF    	A         	822	1085802.0000	860	1138997.0000	-38	-53195.0000	2172	2872573.0000	269	354646.0000	1903	2517927.0000
20080414	電子期貨            	EXF    	B         	123	163053.0000	567	748280.0000	-444	-585227.0000	112	148036.0000	546	721456.0000	-434	-573420.0000
20080414	電子期貨            	EXF    	C         	1815	2397269.0000	2238	2955338.0000	-423	-558069.0000	4646	6145985.0000	6990	9244613.0000	-2344	-3098628.0000
20080414	金融期貨            	FXF    	A         	1073	1282929.0000	893	1066343.0000	180	216586.0000	1959	2323437.0000	114	135230.0000	1845	2188207.0000
20080414	金融期貨            	FXF    	B         	26	31060.0000	26	30964.0000	0	97.0000	184	218117.0000	10	11852.0000	174	206265.0000
20080414	金融期貨            	FXF    	C         	3881	4634845.0000	4330	5161035.0000	-449	-526190.0000	5264	6248945.0000	11723	13902150.0000	-6459	-7653205.0000
20080414	櫃買期貨            	GTF    	A         	134	81518.0000	124	75440.0000	10	6077.0000	46	28040.0000	20	12199.0000	26	15841.0000
20080414	櫃買期貨            	GTF    	B         	0	.0000	0	.0000	0	.0000	0	.0000	43	26186.0000	-43	-26186.0000
20080414	櫃買期貨            	GTF    	C         	0	.0000	0	.0000	0	.0000	0	.0000	0	.0000	0	.0000
20080414	摩臺期              	MSF    	A         	2	2072.0000	1	1036.0000	1	1036.0000	8	8285.0000	9	9321.0000	-1	-1036.0000
20080414	摩臺期              	MSF    	B         	0	.0000	0	.0000	0	.0000	0	.0000	0	.0000	0	.0000
20080414	摩臺期              	MSF    	C         	0	.0000	0	.0000	0	.0000	0	.0000	0	.0000	0	.0000
20080414	小型臺指            	MXF    	A         	4153	1838413.0000	5411	2392896.0000	-1258	-554482.0000	3661	1621444.0000	2747	1211725.0000	914	409719.0000
20080414	小型臺指            	MXF    	B         	6	2662.0000	0	.0000	6	2662.0000	0	.0000	11	4879.0000	-11	-4879.0000
20080414	小型臺指            	MXF    	C         	0	.0000	0	.0000	0	.0000	2	887.0000	0	.0000	2	887.0000
20080414	臺灣50期貨          	T5F    	A         	0	.0000	0	.0000	0	.0000	0	.0000	0	.0000	0	.0000
20080414	臺灣50期貨          	T5F    	B         	0	.0000	0	.0000	0	.0000	0	.0000	0	.0000	0	.0000
20080414	臺灣50期貨          	T5F    	C         	0	.0000	0	.0000	0	.0000	0	.0000	0	.0000	0	.0000
20080414	臺股期貨            	TXF    	A         	12347	21864507.0000	11826	20935204.0000	521	929303.0000	7949	14054611.0000	3138	5562881.0000	4811	8491730.0000
20080414	臺股期貨            	TXF    	B         	909	1610777.0000	1410	2491127.0000	-501	-880350.0000	448	794048.0000	4392	7781275.0000	-3944	-6987227.0000
20080414	臺股期貨            	TXF    	C         	15059	26661951.0000	15770	27911112.0000	-711	-1249161.0000	34686	61480325.0000	38953	68945412.0000	-4267	-7465087.0000
20080414	非金電期貨          	XIF    	A         	572	646037.0000	613	692646.0000	-41	-46609.0000	1521	1726734.0000	64	72682.0000	1457	1654052.0000
20080414	非金電期貨          	XIF    	B         	2	2251.0000	2	2256.0000	0	-6.0000	6	6797.0000	0	.0000	6	6797.0000
20080414	非金電期貨          	XIF    	C         	193	218253.0000	181	204210.0000	12	14043.0000	0	.0000	1611	1828864.0000	-1611	-1828864.0000
20080415	電子期貨            	EXF    	A         	1997	2647819.0000	1964	2617822.0000	33	29997.0000	2335	3096222.0000	399	530238.0000	1936	2565984.0000
20080415	電子期貨            	EXF    	B         	166	220903.0000	76	101111.0000	90	119792.0000	112	148685.0000	456	605957.0000	-344	-457272.0000
20080415	電子期貨            	EXF    	C         	7648	10174740.0000	7827	10390675.0000	-179	-215935.0000	6040	8032267.0000	8563	11369451.0000	-2523	-3337184.0000
20080415	金融期貨            	FXF    	A         	1127	1342554.0000	1193	1423330.0000	-66	-80776.0000	1916	2286931.0000	137	163926.0000	1779	2123005.0000
20080415	金融期貨            	FXF    	B         	105	125012.0000	72	85918.0000	33	39095.0000	217	258789.0000	10	11943.0000	207	246846.0000
20080415	金融期貨            	FXF    	C         	6856	8176631.0000	6855	8168797.0000	1	7835.0000	6657	7958586.0000	13115	15657802.0000	-6458	-7699216.0000
20080415	櫃買期貨            	GTF    	A         	313	190764.0000	317	193242.0000	-4	-2479.0000	43	26434.0000	21	12916.0000	22	13518.0000
20080415	櫃買期貨            	GTF    	B         	3	1845.0000	3	1842.0000	0	4.0000	0	.0000	43	26406.0000	-43	-26406.0000
20080415	櫃買期貨            	GTF    	C         	0	.0000	0	.0000	0	.0000	0	.0000	0	.0000	0	.0000
20080415	摩臺期              	MSF    	A         	6	6217.0000	5	5176.0000	1	1041.0000	12	12451.0000	12	12451.0000	0	.0000
20080415	摩臺期              	MSF    	B         	0	.0000	0	.0000	0	.0000	0	.0000	0	.0000	0	.0000
20080415	摩臺期              	MSF    	C         	0	.0000	0	.0000	0	.0000	0	.0000	0	.0000	0	.0000
20080415	小型臺指            	MXF    	A         	4074	1811207.0000	4438	1971090.0000	-364	-159882.0000	1846	820288.0000	3488	1545950.0000	-1642	-725662.0000
20080415	小型臺指            	MXF    	B         	0	.0000	0	.0000	0	.0000	0	.0000	11	4903.0000	-11	-4903.0000
20080415	小型臺指            	MXF    	C         	0	.0000	0	.0000	0	.0000	2	892.0000	0	.0000	2	892.0000
20080415	臺灣50期貨          	T5F    	A         	0	.0000	0	.0000	0	.0000	0	.0000	0	.0000	0	.0000
20080415	臺灣50期貨          	T5F    	B         	0	.0000	0	.0000	0	.0000	0	.0000	0	.0000	0	.0000
20080415	臺灣50期貨          	T5F    	C         	0	.0000	0	.0000	0	.0000	0	.0000	0	.0000	0	.0000
20080415	臺股期貨            	TXF    	A         	12753	22684572.0000	12345	21956513.0000	408	728058.0000	8643	15347273.0000	2876	5111323.0000	5767	10235950.0000
20080415	臺股期貨            	TXF    	B         	1009	1794643.0000	819	1454679.0000	190	339965.0000	451	801914.0000	4200	7470725.0000	-3749	-6668811.0000
20080415	臺股期貨            	TXF    	C         	27032	48045012.0000	28141	50004293.0000	-1109	-1959281.0000	31234	55567294.0000	36600	65010106.0000	-5366	-9442812.0000
20080415	非金電期貨          	XIF    	A         	1173	1326775.0000	1176	1332688.0000	-3	-5913.0000	1556	1765000.0000	102	115880.0000	1454	1649120.0000
20080415	非金電期貨          	XIF    	B         	0	.0000	0	.0000	0	.0000	6	6803.0000	0	.0000	6	6803.0000
20080415	非金電期貨          	XIF    	C         	880	996631.0000	880	994116.0000	0	2515.0000	122	138616.0000	1733	1966042.0000	-1611	-1827426.0000
20080416	電子期貨            	EXF    	A         	948	1272497.0000	1238	1662268.0000	-290	-389772.0000	2062	2788004.0000	416	561698.0000	1646	2226306.0000
20080416	電子期貨            	EXF    	B         	239	321044.0000	159	212992.0000	80	108053.0000	112	151424.0000	376	508436.0000	-264	-357012.0000
20080416	電子期貨            	EXF    	C         	1937	2598201.0000	1966	2637109.0000	-29	-38908.0000	6032	8168540.0000	8584	11617244.0000	-2552	-3448704.0000
20080416	金融期貨            	FXF    	A         	1231	1506349.0000	1414	1734731.0000	-183	-228382.0000	1696	2095514.0000	100	123472.0000	1596	1972042.0000
20080416	金融期貨            	FXF    	B         	121	147954.0000	27	33092.0000	94	114862.0000	307	379101.0000	5	6172.0000	302	372929.0000
20080416	金融期貨            	FXF    	C         	9483	11589984.0000	8578	10482541.0000	905	1107443.0000	6293	7779914.0000	11846	14636647.0000	-5553	-6856733.0000
20080416	櫃買期貨            	GTF    	A         	391	239381.0000	389	238179.0000	2	1202.0000	43	26639.0000	19	11795.0000	24	14844.0000
20080416	櫃買期貨            	GTF    	B         	3	1860.0000	3	1853.0000	0	7.0000	0	.0000	43	26591.0000	-43	-26591.0000
20080416	櫃買期貨            	GTF    	C         	0	.0000	0	.0000	0	.0000	0	.0000	0	.0000	0	.0000
20080416	摩臺期              	MSF    	A         	4	4192.0000	5	5247.0000	-1	-1055.0000	13	13707.0000	14	14756.0000	-1	-1049.0000
20080416	摩臺期              	MSF    	B         	0	.0000	0	.0000	0	.0000	0	.0000	0	.0000	0	.0000
20080416	摩臺期              	MSF    	C         	0	.0000	0	.0000	0	.0000	0	.0000	0	.0000	0	.0000
20080416	小型臺指            	MXF    	A         	3368	1515384.0000	1966	886880.0000	1402	628505.0000	2650	1200249.0000	2722	1228136.0000	-72	-27887.0000
20080416	小型臺指            	MXF    	B         	0	.0000	0	.0000	0	.0000	0	.0000	11	4996.0000	-11	-4996.0000
20080416	小型臺指            	MXF    	C         	2	897.0000	0	.0000	2	897.0000	4	1813.0000	0	.0000	4	1813.0000
20080416	臺灣50期貨          	T5F    	A         	0	.0000	0	.0000	0	.0000	0	.0000	0	.0000	0	.0000
20080416	臺灣50期貨          	T5F    	B         	0	.0000	0	.0000	0	.0000	0	.0000	0	.0000	0	.0000
20080416	臺灣50期貨          	T5F    	C         	0	.0000	0	.0000	0	.0000	0	.0000	0	.0000	0	.0000
20080416	臺股期貨            	TXF    	A         	14810	26691077.0000	11302	20372518.0000	3508	6318559.0000	12017	21750808.0000	2784	5036472.0000	9233	16714336.0000
20080416	臺股期貨            	TXF    	B         	1057	1905333.0000	988	1776862.0000	69	128470.0000	408	738113.0000	4088	7400954.0000	-3680	-6662841.0000
20080416	臺股期貨            	TXF    	C         	24510	44059503.0000	24459	44014758.0000	51	44745.0000	35603	64460803.0000	40919	74010918.0000	-5316	-9550115.0000
20080416	非金電期貨          	XIF    	A         	509	582645.0000	452	517665.0000	57	64980.0000	1600	1836865.0000	89	102583.0000	1511	1734282.0000
20080416	非金電期貨          	XIF    	B         	0	.0000	0	.0000	0	.0000	6	6882.0000	0	.0000	6	6882.0000
20080416	非金電期貨          	XIF    	C         	182	208381.0000	182	208059.0000	0	322.0000	191	220242.0000	1802	2069535.0000	-1611	-1849293.0000
20080417	電子期貨            	EXF    	A         	835	1142788.0000	820	1121056.0000	15	21732.0000	1844	2510170.0000	208	282529.0000	1636	2227641.0000
20080417	電子期貨            	EXF    	B         	97	132563.0000	35	47928.0000	62	84635.0000	112	152477.0000	294	400252.0000	-182	-247775.0000
20080417	電子期貨            	EXF    	C         	1444	1974912.0000	1887	2579428.0000	-443	-604516.0000	3053	4156354.0000	6448	8778307.0000	-3395	-4621953.0000
20080417	金融期貨            	FXF    	A         	513	629335.0000	498	612180.0000	15	17155.0000	1270	1558569.0000	50	61317.0000	1220	1497252.0000
20080417	金融期貨            	FXF    	B         	155	190404.0000	0	.0000	155	190404.0000	429	526469.0000	0	.0000	429	526469.0000
20080417	金融期貨            	FXF    	C         	1348	1658727.0000	1640	2012124.0000	-292	-353397.0000	4376	5370227.0000	9794	12019197.0000	-5418	-6648970.0000
20080417	櫃買期貨            	GTF    	A         	274	170980.0000	276	172240.0000	-2	-1260.0000	31	19275.0000	10	6214.0000	21	13061.0000
20080417	櫃買期貨            	GTF    	B         	0	.0000	0	.0000	0	.0000	0	.0000	43	26746.0000	-43	-26746.0000
20080417	櫃買期貨            	GTF    	C         	0	.0000	0	.0000	0	.0000	0	.0000	0	.0000	0	.0000
20080417	摩臺期              	MSF    	A         	1	1056.0000	2	2114.0000	-1	-1057.0000	1	1056.0000	3	3169.0000	-2	-2113.0000
20080417	摩臺期              	MSF    	B         	0	.0000	0	.0000	0	.0000	0	.0000	0	.0000	0	.0000
20080417	摩臺期              	MSF    	C         	0	.0000	0	.0000	0	.0000	0	.0000	0	.0000	0	.0000
20080417	小型臺指            	MXF    	A         	2996	1361975.0000	3765	1709494.0000	-769	-347518.0000	979	442375.0000	2776	1255503.0000	-1797	-813128.0000
20080417	小型臺指            	MXF    	B         	0	.0000	5	2264.0000	-5	-2264.0000	0	.0000	5	2266.0000	-5	-2266.0000
20080417	小型臺指            	MXF    	C         	7	3184.0000	7	3187.0000	0	-2.0000	2	906.0000	0	.0000	2	906.0000
20080417	臺灣50期貨          	T5F    	A         	0	.0000	0	.0000	0	.0000	0	.0000	0	.0000	0	.0000
20080417	臺灣50期貨          	T5F    	B         	0	.0000	0	.0000	0	.0000	0	.0000	0	.0000	0	.0000
20080417	臺灣50期貨          	T5F    	C         	0	.0000	0	.0000	0	.0000	0	.0000	0	.0000	0	.0000
20080417	臺股期貨            	TXF    	A         	10846	19725295.0000	9609	17467595.0000	1237	2257700.0000	5866	10595103.0000	2131	3860917.0000	3735	6734186.0000
20080417	臺股期貨            	TXF    	B         	248	450843.0000	493	896048.0000	-245	-445205.0000	369	668923.0000	3350	6072880.0000	-2981	-5403957.0000
20080417	臺股期貨            	TXF    	C         	8158	14841575.0000	8130	14778560.0000	28	63016.0000	29920	54235724.0000	32075	58054450.0000	-2155	-3818726.0000
20080417	非金電期貨          	XIF    	A         	233	267209.0000	351	402797.0000	-118	-135588.0000	1226	1402028.0000	22	25150.0000	1204	1376878.0000
20080417	非金電期貨          	XIF    	B         	0	.0000	0	.0000	0	.0000	6	6862.0000	0	.0000	6	6862.0000
20080417	非金電期貨          	XIF    	C         	211	242542.0000	28	32123.0000	183	210419.0000	2	2287.0000	1188	1358597.0000	-1186	-1356310.0000
20080418	電子期貨            	EXF    	A         	479	647976.0000	587	794052.0000	-108	-146076.0000	1826	2470677.0000	298	402564.0000	1528	2068113.0000
20080418	電子期貨            	EXF    	B         	99	133674.0000	50	67379.0000	49	66295.0000	112	151558.0000	246	332887.0000	-134	-181329.0000
20080418	電子期貨            	EXF    	C         	74	100292.0000	694	937772.0000	-620	-837480.0000	2779	3760543.0000	6794	9193641.0000	-4015	-5433098.0000
20080418	金融期貨            	FXF    	A         	630	774980.0000	539	662844.0000	91	112135.0000	1375	1696022.0000	64	78758.0000	1311	1617264.0000
20080418	金融期貨            	FXF    	B         	10	12267.0000	1	1233.0000	9	11034.0000	438	540317.0000	0	.0000	438	540317.0000
20080418	金融期貨            	FXF    	C         	282	346924.0000	920	1130637.0000	-638	-783713.0000	4246	5237866.0000	10302	12708547.0000	-6056	-7470681.0000
20080418	櫃買期貨            	GTF    	A         	43	26638.0000	54	33494.0000	-11	-6856.0000	19	11856.0000	9	5606.0000	10	6250.0000
20080418	櫃買期貨            	GTF    	B         	0	.0000	0	.0000	0	.0000	0	.0000	43	26875.0000	-43	-26875.0000
20080418	櫃買期貨            	GTF    	C         	0	.0000	0	.0000	0	.0000	0	.0000	0	.0000	0	.0000
20080418	摩臺期              	MSF    	A         	2	2103.0000	0	.0000	2	2103.0000	1	1055.0000	1	1055.0000	0	.0000
20080418	摩臺期              	MSF    	B         	0	.0000	0	.0000	0	.0000	0	.0000	0	.0000	0	.0000
20080418	摩臺期              	MSF    	C         	0	.0000	0	.0000	0	.0000	0	.0000	0	.0000	0	.0000
20080418	小型臺指            	MXF    	A         	2873	1300443.0000	3284	1484695.0000	-411	-184252.0000	1081	489484.0000	2593	1174700.0000	-1512	-685216.0000
20080418	小型臺指            	MXF    	B         	0	.0000	5	2269.0000	-5	-2269.0000	0	.0000	10	4541.0000	-10	-4541.0000
20080418	小型臺指            	MXF    	C         	0	.0000	0	.0000	0	.0000	2	908.0000	0	.0000	2	908.0000
20080418	臺灣50期貨          	T5F    	A         	0	.0000	0	.0000	0	.0000	0	.0000	0	.0000	0	.0000
20080418	臺灣50期貨          	T5F    	B         	0	.0000	0	.0000	0	.0000	0	.0000	0	.0000	0	.0000
20080418	臺灣50期貨          	T5F    	C         	0	.0000	0	.0000	0	.0000	0	.0000	0	.0000	0	.0000
20080418	臺股期貨            	TXF    	A         	9028	16340187.0000	7797	14106149.0000	1231	2234039.0000	6934	12551696.0000	2142	3887700.0000	4792	8663996.0000
20080418	臺股期貨            	TXF    	B         	218	394901.0000	207	373829.0000	11	21071.0000	372	675626.0000	3342	6069740.0000	-2970	-5394114.0000
20080418	臺股期貨            	TXF    	C         	2938	5318688.0000	4544	8225398.0000	-1606	-2906710.0000	28820	52339210.0000	32582	59077916.0000	-3762	-6738706.0000
20080418	非金電期貨          	XIF    	A         	432	488998.0000	478	541927.0000	-46	-52929.0000	1188	1374441.0000	30	34695.0000	1158	1339746.0000
20080418	非金電期貨          	XIF    	B         	0	.0000	0	.0000	0	.0000	6	6942.0000	0	.0000	6	6942.0000
20080418	非金電期貨          	XIF    	C         	16	18382.0000	28	32161.0000	-12	-13779.0000	2	2314.0000	1200	1388376.0000	-1198	-1386062.0000
20080421	電子期貨            	EXF    	A         	831	1137602.0000	563	770543.0000	268	367059.0000	2210	3033508.0000	414	567465.0000	1796	2466043.0000
20080421	電子期貨            	EXF    	B         	0	.0000	0	.0000	0	.0000	112	153754.0000	246	337709.0000	-134	-183955.0000
20080421	電子期貨            	EXF    	C         	777	1064204.0000	829	1135243.0000	-52	-71039.0000	2633	3614582.0000	6700	9197760.0000	-4067	-5583178.0000
20080421	金融期貨            	FXF    	A         	552	673765.0000	541	661594.0000	11	12171.0000	1464	1777154.0000	142	172158.0000	1322	1604996.0000
20080421	金融期貨            	FXF    	B         	1	1214.0000	0	.0000	1	1214.0000	439	532946.0000	0	.0000	439	532946.0000
20080421	金融期貨            	FXF    	C         	234	286377.0000	973	1187748.0000	-739	-901371.0000	3956	4802584.0000	10751	13051714.0000	-6795	-8249130.0000
20080421	櫃買期貨            	GTF    	A         	83	52051.0000	85	53328.0000	-2	-1277.0000	16	10083.0000	8	5045.0000	8	5038.0000
20080421	櫃買期貨            	GTF    	B         	0	.0000	0	.0000	0	.0000	0	.0000	43	27150.0000	-43	-27150.0000
20080421	櫃買期貨            	GTF    	C         	0	.0000	0	.0000	0	.0000	0	.0000	0	.0000	0	.0000
20080421	摩臺期              	MSF    	A         	2	2121.0000	2	2121.0000	0	.0000	1	1060.0000	1	1060.0000	0	.0000
20080421	摩臺期              	MSF    	B         	0	.0000	0	.0000	0	.0000	0	.0000	0	.0000	0	.0000
20080421	摩臺期              	MSF    	C         	0	.0000	0	.0000	0	.0000	0	.0000	0	.0000	0	.0000
20080421	小型臺指            	MXF    	A         	1993	906798.0000	3325	1511460.0000	-1332	-604662.0000	1659	752145.0000	3147	1426346.0000	-1488	-674201.0000
20080421	小型臺指            	MXF    	B         	0	.0000	5	2279.0000	-5	-2279.0000	0	.0000	15	6813.0000	-15	-6813.0000
20080421	小型臺指            	MXF    	C         	166	75400.0000	306	139464.0000	-140	-64064.0000	0	.0000	138	62680.0000	-138	-62680.0000
20080421	臺灣50期貨          	T5F    	A         	0	.0000	0	.0000	0	.0000	0	.0000	0	.0000	0	.0000
20080421	臺灣50期貨          	T5F    	B         	0	.0000	0	.0000	0	.0000	0	.0000	0	.0000	0	.0000
20080421	臺灣50期貨          	T5F    	C         	0	.0000	0	.0000	0	.0000	0	.0000	0	.0000	0	.0000
20080421	臺股期貨            	TXF    	A         	7629	13894140.0000	8001	14562932.0000	-372	-668793.0000	6850	12404397.0000	2769	5027882.0000	4081	7376515.0000
20080421	臺股期貨            	TXF    	B         	152	276950.0000	136	247593.0000	16	29357.0000	374	679483.0000	3328	6046310.0000	-2954	-5366827.0000
20080421	臺股期貨            	TXF    	C         	3494	6367185.0000	5771	10505216.0000	-2277	-4138032.0000	29147	52950659.0000	35186	63829216.0000	-6039	-10878557.0000
20080421	非金電期貨          	XIF    	A         	395	450018.0000	294	333576.0000	101	116442.0000	1292	1479139.0000	33	37712.0000	1259	1441427.0000
20080421	非金電期貨          	XIF    	B         	0	.0000	0	.0000	0	.0000	6	6870.0000	0	.0000	6	6870.0000
20080421	非金電期貨          	XIF    	C         	0	.0000	0	.0000	0	.0000	2	2290.0000	1200	1373951.0000	-1198	-1371661.0000
20080422	電子期貨            	EXF    	A         	928	1266096.0000	859	1171293.0000	69	94803.0000	2294	3132352.0000	429	585076.0000	1865	2547276.0000
20080422	電子期貨            	EXF    	B         	15	20372.0000	0	.0000	15	20372.0000	127	173431.0000	246	335938.0000	-119	-162507.0000
20080422	電子期貨            	EXF    	C         	270	368159.0000	487	664023.0000	-217	-295864.0000	2554	3487742.0000	6838	9337973.0000	-4284	-5850231.0000
20080422	金融期貨            	FXF    	A         	670	812085.0000	685	828480.0000	-15	-16396.0000	1437	1734917.0000	130	156776.0000	1307	1578141.0000
20080422	金融期貨            	FXF    	B         	0	.0000	3	3625.0000	-3	-3625.0000	436	526426.0000	0	.0000	436	526426.0000
20080422	金融期貨            	FXF    	C         	353	427364.0000	482	584734.0000	-129	-157370.0000	3949	4768023.0000	10873	13128060.0000	-6924	-8360037.0000
20080422	櫃買期貨            	GTF    	A         	144	90337.0000	143	89704.0000	1	633.0000	17	10785.0000	8	5076.0000	9	5709.0000
20080422	櫃買期貨            	GTF    	B         	3	1903.0000	1	633.0000	2	1271.0000	0	.0000	41	26025.0000	-41	-26025.0000
20080422	櫃買期貨            	GTF    	C         	0	.0000	0	.0000	0	.0000	0	.0000	0	.0000	0	.0000
20080422	摩臺期              	MSF    	A         	1	1049.0000	0	.0000	1	1049.0000	2	2099.0000	1	1049.0000	1	1050.0000
20080422	摩臺期              	MSF    	B         	0	.0000	0	.0000	0	.0000	0	.0000	0	.0000	0	.0000
20080422	摩臺期              	MSF    	C         	0	.0000	0	.0000	0	.0000	0	.0000	0	.0000	0	.0000
20080422	小型臺指            	MXF    	A         	2157	972806.0000	3691	1663026.0000	-1534	-690219.0000	1829	824156.0000	3387	1525832.0000	-1558	-701676.0000
20080422	小型臺指            	MXF    	B         	3	1350.0000	0	.0000	3	1350.0000	0	.0000	12	5417.0000	-12	-5417.0000
20080422	小型臺指            	MXF    	C         	147	66400.0000	377	169636.0000	-230	-103237.0000	0	.0000	368	166134.0000	-368	-166134.0000
20080422	臺灣50期貨          	T5F    	A         	0	.0000	0	.0000	0	.0000	0	.0000	0	.0000	0	.0000
20080422	臺灣50期貨          	T5F    	B         	0	.0000	0	.0000	0	.0000	0	.0000	0	.0000	0	.0000
20080422	臺灣50期貨          	T5F    	C         	0	.0000	0	.0000	0	.0000	0	.0000	0	.0000	0	.0000
20080422	臺股期貨            	TXF    	A         	8227	14836027.0000	8613	15534799.0000	-386	-698772.0000	6660	11982669.0000	3331	6012275.0000	3329	5970394.0000
20080422	臺股期貨            	TXF    	B         	210	378355.0000	248	447322.0000	-38	-68967.0000	261	471314.0000	3253	5874199.0000	-2992	-5402885.0000
20080422	臺股期貨            	TXF    	C         	2769	4995428.0000	3915	7051354.0000	-1146	-2055925.0000	28689	51803130.0000	35871	64673038.0000	-7182	-12869908.0000
20080422	非金電期貨          	XIF    	A         	231	261491.0000	211	238962.0000	20	22529.0000	1321	1498514.0000	42	47592.0000	1279	1450922.0000
20080422	非金電期貨          	XIF    	B         	0	.0000	0	.0000	0	.0000	6	6807.0000	0	.0000	6	6807.0000
20080422	非金電期貨          	XIF    	C         	0	.0000	27	30544.0000	-27	-30544.0000	2	2269.0000	1227	1391951.0000	-1225	-1389682.0000
20080423	電子期貨            	EXF    	A         	859	1173716.0000	667	908297.0000	192	265419.0000	2540	3440311.0000	483	653410.0000	2057	2786901.0000
20080423	電子期貨            	EXF    	B         	48	65128.0000	0	.0000	48	65128.0000	167	226218.0000	238	322395.0000	-71	-96177.0000
20080423	電子期貨            	EXF    	C         	340	464257.0000	1024	1397840.0000	-684	-933584.0000	2369	3209047.0000	7337	9938700.0000	-4968	-6729653.0000
20080423	金融期貨            	FXF    	A         	456	552691.0000	594	718755.0000	-138	-166064.0000	1426	1723000.0000	257	310369.0000	1169	1412631.0000
20080423	金融期貨            	FXF    	B         	0	.0000	0	.0000	0	.0000	436	526862.0000	0	.0000	436	526862.0000
20080423	金融期貨            	FXF    	C         	379	459311.0000	117	141322.0000	262	317989.0000	4054	4898854.0000	10716	12949214.0000	-6662	-8050360.0000
20080423	櫃買期貨            	GTF    	A         	64	40676.0000	64	40640.0000	0	35.0000	20	12735.0000	11	7004.0000	9	5731.0000
20080423	櫃買期貨            	GTF    	B         	2	1278.0000	3	1912.0000	-1	-634.0000	0	.0000	42	26744.0000	-42	-26744.0000
20080423	櫃買期貨            	GTF    	C         	0	.0000	0	.0000	0	.0000	0	.0000	0	.0000	0	.0000
20080423	摩臺期              	MSF    	A         	4	4191.0000	4	4196.0000	0	-5.0000	1	1053.0000	0	.0000	1	1053.0000
20080423	摩臺期              	MSF    	B         	0	.0000	0	.0000	0	.0000	0	.0000	0	.0000	0	.0000
20080423	摩臺期              	MSF    	C         	0	.0000	0	.0000	0	.0000	0	.0000	0	.0000	0	.0000
20080423	小型臺指            	MXF    	A         	3785	1707934.0000	5022	2261548.0000	-1237	-553614.0000	1806	809550.0000	3473	1556552.0000	-1667	-747002.0000
20080423	小型臺指            	MXF    	B         	7	3148.0000	10	4532.0000	-3	-1384.0000	0	.0000	15	6738.0000	-15	-6738.0000
20080423	小型臺指            	MXF    	C         	399	180705.0000	95	42747.0000	304	137958.0000	0	.0000	64	28749.0000	-64	-28749.0000
20080423	臺灣50期貨          	T5F    	A         	0	.0000	0	.0000	0	.0000	0	.0000	0	.0000	0	.0000
20080423	臺灣50期貨          	T5F    	B         	0	.0000	0	.0000	0	.0000	0	.0000	0	.0000	0	.0000
20080423	臺灣50期貨          	T5F    	C         	0	.0000	0	.0000	0	.0000	0	.0000	0	.0000	0	.0000
20080423	臺股期貨            	TXF    	A         	12770	23046215.0000	12135	21883554.0000	635	1162661.0000	6968	12472400.0000	3286	5901619.0000	3682	6570781.0000
20080423	臺股期貨            	TXF    	B         	245	442748.0000	427	769891.0000	-182	-327143.0000	280	503104.0000	3454	6206035.0000	-3174	-5702931.0000
20080423	臺股期貨            	TXF    	C         	4137	7464188.0000	7630	13766440.0000	-3493	-6302252.0000	28352	50939130.0000	39027	70011683.0000	-10675	-19072553.0000
20080423	非金電期貨          	XIF    	A         	332	371867.0000	295	329806.0000	37	42061.0000	1366	1542047.0000	50	56408.0000	1316	1485639.0000
20080423	非金電期貨          	XIF    	B         	0	.0000	0	.0000	0	.0000	6	6774.0000	0	.0000	6	6774.0000
20080423	非金電期貨          	XIF    	C         	0	.0000	12	13621.0000	-12	-13621.0000	2	2258.0000	1239	1398728.0000	-1237	-1396470.0000
20080424	電子期貨            	EXF    	A         	425	576406.0000	554	750295.0000	-129	-173890.0000	2284	3079381.0000	356	479149.0000	1928	2600232.0000
20080424	電子期貨            	EXF    	B         	30	40608.0000	0	.0000	30	40608.0000	197	265635.0000	238	320919.0000	-41	-55284.0000
20080424	電子期貨            	EXF    	C         	390	528520.0000	138	186621.0000	252	341900.0000	2460	3317064.0000	7176	9676118.0000	-4716	-6359054.0000
20080424	金融期貨            	FXF    	A         	671	820437.0000	514	627103.0000	157	193334.0000	1464	1785576.0000	138	168145.0000	1326	1617431.0000
20080424	金融期貨            	FXF    	B         	0	.0000	0	.0000	0	.0000	436	531833.0000	0	.0000	436	531833.0000
20080424	金融期貨            	FXF    	C         	313	382344.0000	111	135585.0000	202	246759.0000	4152	5064610.0000	10612	12944518.0000	-6460	-7879908.0000
20080424	櫃買期貨            	GTF    	A         	63	39872.0000	69	43721.0000	-6	-3848.0000	13	8309.0000	10	6395.0000	3	1914.0000
20080424	櫃買期貨            	GTF    	B         	0	.0000	0	.0000	0	.0000	0	.0000	42	26860.0000	-42	-26860.0000
20080424	櫃買期貨            	GTF    	C         	0	.0000	0	.0000	0	.0000	0	.0000	0	.0000	0	.0000
20080424	摩臺期              	MSF    	A         	3	3131.0000	5	5219.0000	-2	-2088.0000	1	1043.0000	2	2087.0000	-1	-1044.0000
20080424	摩臺期              	MSF    	B         	0	.0000	0	.0000	0	.0000	0	.0000	0	.0000	0	.0000
20080424	摩臺期              	MSF    	C         	0	.0000	0	.0000	0	.0000	0	.0000	0	.0000	0	.0000
20080424	小型臺指            	MXF    	A         	2814	1266381.0000	3095	1391634.0000	-281	-125254.0000	2414	1082137.0000	3510	1572347.0000	-1096	-490210.0000
20080424	小型臺指            	MXF    	B         	0	.0000	0	.0000	0	.0000	0	.0000	15	6734.0000	-15	-6734.0000
20080424	小型臺指            	MXF    	C         	370	166765.0000	0	.0000	370	166765.0000	306	137379.0000	0	.0000	306	137379.0000
20080424	臺灣50期貨          	T5F    	A         	0	.0000	0	.0000	0	.0000	0	.0000	0	.0000	0	.0000
20080424	臺灣50期貨          	T5F    	B         	0	.0000	0	.0000	0	.0000	0	.0000	0	.0000	0	.0000
20080424	臺灣50期貨          	T5F    	C         	0	.0000	0	.0000	0	.0000	0	.0000	0	.0000	0	.0000
20080424	臺股期貨            	TXF    	A         	9020	16240524.0000	9450	17005887.0000	-430	-765363.0000	6060	10836112.0000	3021	5422277.0000	3039	5413835.0000
20080424	臺股期貨            	TXF    	B         	209	377032.0000	92	165714.0000	117	211318.0000	288	517150.0000	3345	6006774.0000	-3057	-5489624.0000
20080424	臺股期貨            	TXF    	C         	3629	6531337.0000	1615	2903840.0000	2014	3627497.0000	29542	53047732.0000	38203	68493575.0000	-8661	-15445843.0000
20080424	非金電期貨          	XIF    	A         	200	225403.0000	267	301416.0000	-67	-76013.0000	1307	1476924.0000	58	65376.0000	1249	1411548.0000
20080424	非金電期貨          	XIF    	B         	0	.0000	0	.0000	0	.0000	6	6782.0000	0	.0000	6	6782.0000
20080424	非金電期貨          	XIF    	C         	29	32845.0000	28	31651.0000	1	1194.0000	2	2261.0000	1238	1399186.0000	-1236	-1396925.0000
20080425	電子期貨            	EXF    	A         	669	908378.0000	529	717299.0000	140	191079.0000	2388	3240682.0000	320	433552.0000	2068	2807130.0000
20080425	電子期貨            	EXF    	B         	0	.0000	166	225525.0000	-166	-225525.0000	192	260582.0000	399	541523.0000	-207	-280941.0000
20080425	電子期貨            	EXF    	C         	574	778927.0000	372	504219.0000	202	274708.0000	2500	3393000.0000	7014	9519401.0000	-4514	-6126401.0000
20080425	金融期貨            	FXF    	A         	481	586448.0000	662	805607.0000	-181	-219159.0000	1393	1689581.0000	248	300664.0000	1145	1388917.0000
20080425	金融期貨            	FXF    	B         	0	.0000	16	19404.0000	-16	-19404.0000	436	528868.0000	16	19408.0000	420	509460.0000
20080425	金融期貨            	FXF    	C         	138	168219.0000	206	250594.0000	-68	-82375.0000	4025	4882325.0000	10553	12800789.0000	-6528	-7918464.0000
20080425	櫃買期貨            	GTF    	A         	152	97357.0000	152	97373.0000	0	-16.0000	11	7048.0000	8	5126.0000	3	1922.0000
20080425	櫃買期貨            	GTF    	B         	3	1928.0000	4	2567.0000	-1	-638.0000	0	.0000	43	27551.0000	-43	-27551.0000
20080425	櫃買期貨            	GTF    	C         	0	.0000	0	.0000	0	.0000	0	.0000	0	.0000	0	.0000
20080425	摩臺期              	MSF    	A         	1	1049.0000	2	2103.0000	-1	-1054.0000	1	1049.0000	3	3148.0000	-2	-2099.0000
20080425	摩臺期              	MSF    	B         	0	.0000	0	.0000	0	.0000	0	.0000	0	.0000	0	.0000
20080425	摩臺期              	MSF    	C         	0	.0000	0	.0000	0	.0000	0	.0000	0	.0000	0	.0000
20080425	小型臺指            	MXF    	A         	2720	1224486.0000	3003	1349982.0000	-283	-125496.0000	2889	1296291.0000	3808	1707001.0000	-919	-410710.0000
20080425	小型臺指            	MXF    	B         	6	2700.0000	0	.0000	6	2700.0000	0	.0000	9	4044.0000	-9	-4044.0000
20080425	小型臺指            	MXF    	C         	108	48635.0000	590	264964.0000	-482	-216329.0000	1	449.0000	177	79526.0000	-176	-79077.0000
20080425	臺灣50期貨          	T5F    	A         	0	.0000	0	.0000	0	.0000	0	.0000	0	.0000	0	.0000
20080425	臺灣50期貨          	T5F    	B         	0	.0000	0	.0000	0	.0000	0	.0000	0	.0000	0	.0000
20080425	臺灣50期貨          	T5F    	C         	0	.0000	0	.0000	0	.0000	0	.0000	0	.0000	0	.0000
20080425	臺股期貨            	TXF    	A         	9240	16644089.0000	9140	16448749.0000	100	195340.0000	6784	12142754.0000	3760	6754395.0000	3024	5388359.0000
20080425	臺股期貨            	TXF    	B         	115	207822.0000	365	655801.0000	-250	-447979.0000	236	424098.0000	3543	6367262.0000	-3307	-5943164.0000
20080425	臺股期貨            	TXF    	C         	3714	6688574.0000	3281	5909936.0000	433	778638.0000	29788	53531079.0000	38016	68204673.0000	-8228	-14673594.0000
20080425	非金電期貨          	XIF    	A         	449	500974.0000	353	392249.0000	96	108725.0000	1385	1557298.0000	40	44831.0000	1345	1512467.0000
20080425	非金電期貨          	XIF    	B         	0	.0000	0	.0000	0	.0000	6	6748.0000	0	.0000	6	6748.0000
20080425	非金電期貨          	XIF    	C         	0	.0000	70	78700.0000	-70	-78700.0000	2	2249.0000	1308	1470890.0000	-1306	-1468641.0000
20080428	電子期貨            	EXF    	A         	821	1119622.0000	698	952660.0000	123	166962.0000	2547	3484466.0000	356	486342.0000	2191	2998124.0000
20080428	電子期貨            	EXF    	B         	153	209688.0000	50	67961.0000	103	141726.0000	192	262694.0000	296	404987.0000	-104	-142293.0000
20080428	電子期貨            	EXF    	C         	335	457977.0000	175	238537.0000	160	219440.0000	2544	3480696.0000	6898	9437844.0000	-4354	-5957148.0000
20080428	金融期貨            	FXF    	A         	721	885635.0000	456	561048.0000	265	324587.0000	1632	2020282.0000	222	274612.0000	1410	1745670.0000
20080428	金融期貨            	FXF    	B         	300	370373.0000	0	.0000	300	370373.0000	736	911168.0000	16	19808.0000	720	891360.0000
20080428	金融期貨            	FXF    	C         	354	435667.0000	251	309424.0000	103	126243.0000	4071	5039891.0000	10496	12994048.0000	-6425	-7954157.0000
20080428	櫃買期貨            	GTF    	A         	103	64843.0000	98	61692.0000	5	3151.0000	14	8871.0000	6	3802.0000	8	5069.0000
20080428	櫃買期貨            	GTF    	B         	0	.0000	0	.0000	0	.0000	0	.0000	43	27249.0000	-43	-27249.0000
20080428	櫃買期貨            	GTF    	C         	0	.0000	0	.0000	0	.0000	0	.0000	0	.0000	0	.0000
20080428	摩臺期              	MSF    	A         	3	3180.0000	4	4235.0000	-1	-1055.0000	0	.0000	3	3173.0000	-3	-3173.0000
20080428	摩臺期              	MSF    	B         	0	.0000	0	.0000	0	.0000	0	.0000	0	.0000	0	.0000
20080428	摩臺期              	MSF    	C         	0	.0000	0	.0000	0	.0000	0	.0000	0	.0000	0	.0000
20080428	小型臺指            	MXF    	A         	3886	1755698.0000	2477	1119546.0000	1409	636152.0000	4756	2159567.0000	3698	1677049.0000	1058	482518.0000
20080428	小型臺指            	MXF    	B         	0	.0000	3	1362.0000	-3	-1362.0000	0	.0000	12	5454.0000	-12	-5454.0000
20080428	小型臺指            	MXF    	C         	537	242504.0000	8	3631.0000	529	238873.0000	360	163620.0000	7	3182.0000	353	160438.0000
20080428	臺灣50期貨          	T5F    	A         	0	.0000	0	.0000	0	.0000	0	.0000	0	.0000	0	.0000
20080428	臺灣50期貨          	T5F    	B         	0	.0000	0	.0000	0	.0000	0	.0000	0	.0000	0	.0000
20080428	臺灣50期貨          	T5F    	C         	0	.0000	0	.0000	0	.0000	0	.0000	0	.0000	0	.0000
20080428	臺股期貨            	TXF    	A         	12294	22234181.0000	10360	18739507.0000	1934	3494674.0000	9091	16476050.0000	4275	7769014.0000	4816	8707036.0000
20080428	臺股期貨            	TXF    	B         	466	843514.0000	478	861448.0000	-12	-17934.0000	240	436280.0000	3559	6470051.0000	-3319	-6033771.0000
20080428	臺股期貨            	TXF    	C         	4146	7500387.0000	2326	4212591.0000	1820	3287796.0000	30473	55395523.0000	36881	66930813.0000	-6408	-11535290.0000
20080428	非金電期貨          	XIF    	A         	121	136507.0000	118	133206.0000	3	3301.0000	1392	1586187.0000	44	49969.0000	1348	1536218.0000
20080428	非金電期貨          	XIF    	B         	0	.0000	0	.0000	0	.0000	6	6839.0000	0	.0000	6	6839.0000
20080428	非金電期貨          	XIF    	C         	0	.0000	0	.0000	0	.0000	2	2280.0000	1308	1490666.0000	-1306	-1488386.0000
20080429	電子期貨            	EXF    	A         	629	858707.0000	690	938279.0000	-61	-79573.0000	2599	3509942.0000	469	632724.0000	2130	2877218.0000
20080429	電子期貨            	EXF    	B         	0	.0000	13	17549.0000	-13	-17549.0000	192	259315.0000	309	417335.0000	-117	-158020.0000
20080429	電子期貨            	EXF    	C         	194	263546.0000	546	744829.0000	-352	-481283.0000	2341	3161642.0000	7047	9517678.0000	-4706	-6356036.0000
20080429	金融期貨            	FXF    	A         	454	558246.0000	541	662572.0000	-87	-104326.0000	1545	1877691.0000	222	269534.0000	1323	1608157.0000
20080429	金融期貨            	FXF    	B         	0	.0000	65	79274.0000	-65	-79274.0000	736	894534.0000	81	98447.0000	655	796087.0000
20080429	金融期貨            	FXF    	C         	145	177816.0000	345	422544.0000	-200	-244728.0000	4083	4962455.0000	10708	13014503.0000	-6625	-8052048.0000
20080429	櫃買期貨            	GTF    	A         	109	69078.0000	93	58998.0000	16	10080.0000	29	18200.0000	5	3138.0000	24	15062.0000
20080429	櫃買期貨            	GTF    	B         	2	1270.0000	2	1266.0000	0	4.0000	0	.0000	43	26983.0000	-43	-26983.0000
20080429	櫃買期貨            	GTF    	C         	0	.0000	0	.0000	0	.0000	0	.0000	0	.0000	0	.0000
20080429	摩臺期              	MSF    	A         	6	6352.0000	1	1065.0000	5	5288.0000	5	5224.0000	3	3134.0000	2	2090.0000
20080429	摩臺期              	MSF    	B         	0	.0000	0	.0000	0	.0000	0	.0000	0	.0000	0	.0000
20080429	摩臺期              	MSF    	C         	0	.0000	0	.0000	0	.0000	0	.0000	0	.0000	0	.0000
20080429	小型臺指            	MXF    	A         	2899	1298296.0000	5868	2635532.0000	-2969	-1337237.0000	3857	1718888.0000	4516	2011111.0000	-659	-292223.0000
20080429	小型臺指            	MXF    	B         	0	.0000	0	.0000	0	.0000	0	.0000	12	5355.0000	-12	-5355.0000
20080429	小型臺指            	MXF    	C         	33	14987.0000	585	263904.0000	-552	-248918.0000	1	446.0000	200	89250.0000	-199	-88804.0000
20080429	臺灣50期貨          	T5F    	A         	0	.0000	0	.0000	0	.0000	0	.0000	0	.0000	0	.0000
20080429	臺灣50期貨          	T5F    	B         	0	.0000	0	.0000	0	.0000	0	.0000	0	.0000	0	.0000
20080429	臺灣50期貨          	T5F    	C         	0	.0000	0	.0000	0	.0000	0	.0000	0	.0000	0	.0000
20080429	臺股期貨            	TXF    	A         	10976	19734946.0000	12732	22888998.0000	-1756	-3154051.0000	7462	13270246.0000	4715	8412966.0000	2747	4857280.0000
20080429	臺股期貨            	TXF    	B         	301	543199.0000	574	1033834.0000	-273	-490635.0000	272	485490.0000	3864	6897005.0000	-3592	-6411515.0000
20080429	臺股期貨            	TXF    	C         	4484	8061705.0000	7140	12843597.0000	-2656	-4781892.0000	29985	53517730.0000	39049	69582504.0000	-9064	-16064774.0000
20080429	非金電期貨          	XIF    	A         	247	272643.0000	263	290120.0000	-16	-17476.0000	1385	1535443.0000	53	58673.0000	1332	1476770.0000
20080429	非金電期貨          	XIF    	B         	0	.0000	0	.0000	0	.0000	6	6652.0000	0	.0000	6	6652.0000
20080429	非金電期貨          	XIF    	C         	0	.0000	0	.0000	0	.0000	2	2217.0000	1308	1450193.0000	-1306	-1447976.0000
20080430	電子期貨            	EXF    	A         	564	765700.0000	402	544883.0000	162	220817.0000	2709	3668271.0000	417	564093.0000	2292	3104178.0000
20080430	電子期貨            	EXF    	B         	70	95066.0000	1	1354.0000	69	93712.0000	261	353446.0000	309	418448.0000	-48	-65002.0000
20080430	電子期貨            	EXF    	C         	239	324528.0000	345	468374.0000	-106	-143846.0000	2349	3180928.0000	7161	9697426.0000	-4812	-6516498.0000
20080430	金融期貨            	FXF    	A         	554	676971.0000	422	514495.0000	132	162476.0000	1675	2046055.0000	220	268427.0000	1455	1777628.0000
20080430	金融期貨            	FXF    	B         	85	104050.0000	0	.0000	85	104050.0000	756	923530.0000	16	19546.0000	740	903984.0000
20080430	金融期貨            	FXF    	C         	322	393416.0000	872	1064926.0000	-550	-671509.0000	3489	4262098.0000	10664	13027142.0000	-7175	-8765044.0000
20080430	櫃買期貨            	GTF    	A         	198	124314.0000	200	125574.0000	-2	-1260.0000	27	16995.0000	5	3148.0000	22	13847.0000
20080430	櫃買期貨            	GTF    	B         	1	634.0000	1	632.0000	0	2.0000	0	.0000	43	27061.0000	-43	-27061.0000
20080430	櫃買期貨            	GTF    	C         	0	.0000	0	.0000	0	.0000	0	.0000	0	.0000	0	.0000
20080430	摩臺期              	MSF    	A         	0	.0000	2	2102.0000	-2	-2102.0000	3	3158.0000	3	3158.0000	0	.0000
20080430	摩臺期              	MSF    	B         	0	.0000	0	.0000	0	.0000	0	.0000	0	.0000	0	.0000
20080430	摩臺期              	MSF    	C         	0	.0000	0	.0000	0	.0000	0	.0000	0	.0000	0	.0000
20080430	小型臺指            	MXF    	A         	3628	1621159.0000	3871	1728395.0000	-243	-107236.0000	4526	2019296.0000	4636	2066662.0000	-110	-47366.0000
20080430	小型臺指            	MXF    	B         	3	1342.0000	0	.0000	3	1342.0000	0	.0000	9	4020.0000	-9	-4020.0000
20080430	小型臺指            	MXF    	C         	498	222757.0000	0	.0000	498	222757.0000	299	133548.0000	0	.0000	299	133548.0000
20080430	臺灣50期貨          	T5F    	A         	0	.0000	0	.0000	0	.0000	0	.0000	0	.0000	0	.0000
20080430	臺灣50期貨          	T5F    	B         	0	.0000	0	.0000	0	.0000	0	.0000	0	.0000	0	.0000
20080430	臺灣50期貨          	T5F    	C         	0	.0000	0	.0000	0	.0000	0	.0000	0	.0000	0	.0000
20080430	臺股期貨            	TXF    	A         	8833	15795063.0000	8939	15978371.0000	-106	-183308.0000	7121	12674678.0000	4678	8353997.0000	2443	4320681.0000
20080430	臺股期貨            	TXF    	B         	364	651951.0000	676	1208734.0000	-312	-556783.0000	280	500219.0000	4184	7474894.0000	-3904	-6974675.0000
20080430	臺股期貨            	TXF    	C         	3026	5411666.0000	2756	4926118.0000	270	485548.0000	30623	54703810.0000	39417	70307557.0000	-8794	-15603747.0000
20080430	非金電期貨          	XIF    	A         	449	491383.0000	474	518938.0000	-25	-27555.0000	1398	1547111.0000	91	100572.0000	1307	1446539.0000
20080430	非金電期貨          	XIF    	B         	0	.0000	0	.0000	0	.0000	6	6641.0000	0	.0000	6	6641.0000
20080430	非金電期貨          	XIF    	C         	55	60931.0000	0	.0000	55	60931.0000	2	2214.0000	1253	1386754.0000	-1251	-1384540.0000
