20111003	電子期貨            	EXF    	A         	745	774560.0000	933	969974.0000	-188	-195414.0000	685	712978.0000	611	636036.0000	74	76942.0000
20111003	電子期貨            	EXF    	B         	0	.0000	30	31110.0000	-30	-31110.0000	160	166720.0000	280	291760.0000	-120	-125040.0000
20111003	電子期貨            	EXF    	C         	923	959673.0000	1201	1248500.0000	-278	-288827.0000	1880	1958960.0000	2432	2533969.0000	-552	-575009.0000
20111003	金融期貨            	FXF    	A         	746	590612.0000	990	783800.0000	-244	-193188.0000	475	373891.0000	330	259463.0000	145	114428.0000
20111003	金融期貨            	FXF    	B         	0	.0000	1	786.0000	-1	-786.0000	232	182723.0000	90	70884.0000	142	111839.0000
20111003	金融期貨            	FXF    	C         	2112	1672237.0000	1586	1255782.0000	526	416455.0000	1689	1330256.0000	3650	2874684.0000	-1961	-1544428.0000
20111003	櫃買期貨            	GTF    	A         	21	8438.0000	5	2013.0000	16	6425.0000	14	5619.0000	83	33294.0000	-69	-27675.0000
20111003	櫃買期貨            	GTF    	B         	0	.0000	0	.0000	0	.0000	139	55767.0000	0	.0000	139	55767.0000
20111003	櫃買期貨            	GTF    	C         	0	.0000	0	.0000	0	.0000	0	.0000	0	.0000	0	.0000
20111003	小型臺指            	MXF    	A         	14303	5012917.0000	17285	6057034.0000	-2982	-1044117.0000	6064	2126244.0000	12675	4440652.0000	-6611	-2314408.0000
20111003	小型臺指            	MXF    	B         	0	.0000	9	3157.0000	-9	-3157.0000	0	.0000	42	14736.0000	-42	-14736.0000
20111003	小型臺指            	MXF    	C         	11854	4156611.0000	11663	4088787.0000	191	67824.0000	8935	3131718.0000	1387	485043.0000	7548	2646675.0000
20111003	股票期貨            	STF    	A         	8748	483188.0000	8635	455477.0000	113	27711.0000	18404	1253786.0000	13186	743671.0000	5218	510115.0000
20111003	股票期貨            	STF    	B         	0	.0000	0	.0000	0	.0000	11657	1598243.0000	0	.0000	11657	1598243.0000
20111003	股票期貨            	STF    	C         	142	12593.0000	92	5458.0000	50	7135.0000	543	53822.0000	23754	2288824.0000	-23211	-2235002.0000
20111003	臺灣50期貨          	T5F    	A         	0	.0000	0	.0000	0	.0000	500	238850.0000	0	.0000	500	238850.0000
20111003	臺灣50期貨          	T5F    	B         	0	.0000	0	.0000	0	.0000	0	.0000	0	.0000	0	.0000
20111003	臺灣50期貨          	T5F    	C         	0	.0000	0	.0000	0	.0000	0	.0000	500	238850.0000	-500	-238850.0000
20111003	臺股期貨            	TXF    	A         	23021	32254679.0000	22987	32211577.0000	34	43102.0000	7565	10608614.0000	10378	14530029.0000	-2813	-3921415.0000
20111003	臺股期貨            	TXF    	B         	238	333972.0000	198	276624.0000	40	57348.0000	3749	5261347.0000	2121	2976611.0000	1628	2284736.0000
20111003	臺股期貨            	TXF    	C         	17649	24755916.0000	15118	21208279.0000	2531	3547637.0000	32428	45424941.0000	21660	30381960.0000	10768	15042981.0000
20111003	非金電期貨          	XIF    	A         	130	126141.0000	169	163768.0000	-39	-37627.0000	391	379430.0000	229	222158.0000	162	157272.0000
20111003	非金電期貨          	XIF    	B         	1	971.0000	0	.0000	1	971.0000	28	27182.0000	0	.0000	28	27182.0000
20111003	非金電期貨          	XIF    	C         	203	196457.0000	188	182433.0000	15	14024.0000	9	8737.0000	152	147562.0000	-143	-138825.0000
20111004	電子期貨            	EXF    	A         	815	846205.0000	693	721550.0000	122	124656.0000	735	773603.0000	539	567269.0000	196	206334.0000
20111004	電子期貨            	EXF    	B         	26	27085.0000	0	.0000	26	27085.0000	160	168576.0000	254	267614.0000	-94	-99038.0000
20111004	電子期貨            	EXF    	C         	1169	1216419.0000	1428	1484892.0000	-259	-268473.0000	1681	1771102.0000	2492	2625426.0000	-811	-854324.0000
20111004	金融期貨            	FXF    	A         	757	592561.0000	792	620260.0000	-35	-27700.0000	570	455673.0000	460	367724.0000	110	87949.0000
20111004	金融期貨            	FXF    	B         	0	.0000	110	85431.0000	-110	-85431.0000	122	97527.0000	90	71946.0000	32	25581.0000
20111004	金融期貨            	FXF    	C         	1518	1186250.0000	1586	1240144.0000	-68	-53894.0000	1574	1258256.0000	3603	2880235.0000	-2029	-1621979.0000
20111004	櫃買期貨            	GTF    	A         	20	7996.0000	20	7995.0000	0	1.0000	14	5633.0000	83	33368.0000	-69	-27735.0000
20111004	櫃買期貨            	GTF    	B         	0	.0000	0	.0000	0	.0000	139	55906.0000	0	.0000	139	55906.0000
20111004	櫃買期貨            	GTF    	C         	0	.0000	0	.0000	0	.0000	0	.0000	0	.0000	0	.0000
20111004	小型臺指            	MXF    	A         	17372	6068817.0000	17309	6047482.0000	63	21335.0000	3869	1370178.0000	10585	3746742.0000	-6716	-2376564.0000
20111004	小型臺指            	MXF    	B         	3	1063.0000	0	.0000	3	1063.0000	1	355.0000	40	14180.0000	-39	-13825.0000
20111004	小型臺指            	MXF    	C         	14777	5160243.0000	15267	5337158.0000	-490	-176915.0000	8637	3059039.0000	1951	690154.0000	6686	2368885.0000
20111004	股票期貨            	STF    	A         	11458	583449.0000	11748	582225.0000	-290	1224.0000	19299	1315676.0000	14371	796922.0000	4928	518754.0000
20111004	股票期貨            	STF    	B         	0	.0000	0	.0000	0	.0000	11657	1599691.0000	0	.0000	11657	1599691.0000
20111004	股票期貨            	STF    	C         	208	19405.0000	131	6666.0000	77	12739.0000	643	67421.0000	23777	2293928.0000	-23134	-2226507.0000
20111004	臺灣50期貨          	T5F    	A         	0	.0000	0	.0000	0	.0000	500	240950.0000	0	.0000	500	240950.0000
20111004	臺灣50期貨          	T5F    	B         	0	.0000	0	.0000	0	.0000	0	.0000	0	.0000	0	.0000
20111004	臺灣50期貨          	T5F    	C         	0	.0000	0	.0000	0	.0000	0	.0000	500	240950.0000	-500	-240950.0000
20111004	臺股期貨            	TXF    	A         	23860	33388542.0000	23297	32578934.0000	563	809608.0000	6991	9905702.0000	9199	13014420.0000	-2208	-3108718.0000
20111004	臺股期貨            	TXF    	B         	180	252945.0000	560	782790.0000	-380	-529845.0000	3746	5311828.0000	2498	3542164.0000	1248	1769664.0000
20111004	臺股期貨            	TXF    	C         	30726	42944554.0000	29983	41944667.0000	743	999888.0000	32963	46667500.0000	21359	30270056.0000	11604	16397444.0000
20111004	非金電期貨          	XIF    	A         	124	119821.0000	149	144040.0000	-25	-24219.0000	386	377264.0000	249	243298.0000	137	133966.0000
20111004	非金電期貨          	XIF    	B         	0	.0000	0	.0000	0	.0000	28	27370.0000	0	.0000	28	27370.0000
20111004	非金電期貨          	XIF    	C         	144	138857.0000	58	55962.0000	86	82895.0000	15	14663.0000	72	70380.0000	-57	-55717.0000
20111005	電子期貨            	EXF    	A         	777	812574.0000	934	976736.0000	-157	-164162.0000	627	650926.0000	588	610458.0000	39	40468.0000
20111005	電子期貨            	EXF    	B         	74	78126.0000	0	.0000	74	78126.0000	160	166272.0000	180	187056.0000	-20	-20784.0000
20111005	電子期貨            	EXF    	C         	940	982811.0000	960	1004925.0000	-20	-22114.0000	1522	1581662.0000	2353	2445093.0000	-831	-863431.0000
20111005	金融期貨            	FXF    	A         	705	552469.0000	806	631939.0000	-101	-79469.0000	531	414050.0000	522	407008.0000	9	7042.0000
20111005	金融期貨            	FXF    	B         	0	.0000	0	.0000	0	.0000	122	95136.0000	90	70182.0000	32	24954.0000
20111005	金融期貨            	FXF    	C         	1217	953566.0000	1267	993214.0000	-50	-39648.0000	1687	1315523.0000	3766	2936718.0000	-2079	-1621195.0000
20111005	櫃買期貨            	GTF    	A         	28	11203.0000	44	17621.0000	-16	-6418.0000	13	5190.0000	98	39103.0000	-85	-33913.0000
20111005	櫃買期貨            	GTF    	B         	4	1597.0000	0	.0000	4	1597.0000	143	57086.0000	0	.0000	143	57086.0000
20111005	櫃買期貨            	GTF    	C         	0	.0000	0	.0000	0	.0000	0	.0000	0	.0000	0	.0000
20111005	小型臺指            	MXF    	A         	11122	3907258.0000	13574	4766968.0000	-2452	-859710.0000	4256	1486005.0000	13464	4698510.0000	-9208	-3212505.0000
20111005	小型臺指            	MXF    	B         	0	.0000	0	.0000	0	.0000	1	349.0000	40	13976.0000	-39	-13627.0000
20111005	小型臺指            	MXF    	C         	9385	3296885.0000	13686	4809674.0000	-4301	-1512789.0000	8505	2969102.0000	4168	1454902.0000	4337	1514200.0000
20111005	股票期貨            	STF    	A         	6632	319118.0000	6663	343894.0000	-31	-24776.0000	18929	1270158.0000	14032	782563.0000	4897	487595.0000
20111005	股票期貨            	STF    	B         	0	.0000	0	.0000	0	.0000	11657	1598693.0000	0	.0000	11657	1598693.0000
20111005	股票期貨            	STF    	C         	178	19304.0000	95	8466.0000	83	10838.0000	719	75331.0000	23770	2285468.0000	-23051	-2210137.0000
20111005	臺灣50期貨          	T5F    	A         	0	.0000	0	.0000	0	.0000	500	238750.0000	0	.0000	500	238750.0000
20111005	臺灣50期貨          	T5F    	B         	0	.0000	0	.0000	0	.0000	0	.0000	0	.0000	0	.0000
20111005	臺灣50期貨          	T5F    	C         	0	.0000	0	.0000	0	.0000	0	.0000	500	238750.0000	-500	-238750.0000
20111005	臺股期貨            	TXF    	A         	15814	22220022.0000	17335	24347290.0000	-1521	-2127268.0000	7295	10189150.0000	11014	15361108.0000	-3719	-5171958.0000
20111005	臺股期貨            	TXF    	B         	104	145266.0000	258	361804.0000	-154	-216538.0000	3699	5169722.0000	2605	3640748.0000	1094	1528974.0000
20111005	臺股期貨            	TXF    	C         	19714	27689702.0000	25461	35786055.0000	-5747	-8096353.0000	29903	41717922.0000	24534	34273653.0000	5369	7444269.0000
20111005	非金電期貨          	XIF    	A         	115	111436.0000	119	115362.0000	-4	-3927.0000	385	371950.0000	252	243389.0000	133	128561.0000
20111005	非金電期貨          	XIF    	B         	0	.0000	0	.0000	0	.0000	28	27054.0000	0	.0000	28	27054.0000
20111005	非金電期貨          	XIF    	C         	97	94094.0000	77	74633.0000	20	19460.0000	51	49276.0000	88	85026.0000	-37	-35750.0000
20111006	電子期貨            	EXF    	A         	1012	1067897.0000	994	1048229.0000	18	19667.0000	596	623373.0000	539	563810.0000	57	59563.0000
20111006	電子期貨            	EXF    	B         	0	.0000	0	.0000	0	.0000	160	167552.0000	180	188496.0000	-20	-20944.0000
20111006	電子期貨            	EXF    	C         	2056	2168438.0000	1674	1766573.0000	382	401865.0000	1629	1705889.0000	2078	2175937.0000	-449	-470048.0000
20111006	金融期貨            	FXF    	A         	1036	835274.0000	1084	874214.0000	-48	-38940.0000	607	488332.0000	646	519667.0000	-39	-31335.0000
20111006	金融期貨            	FXF    	B         	100	80170.0000	2	1612.0000	98	78558.0000	220	177012.0000	90	72414.0000	130	104598.0000
20111006	金融期貨            	FXF    	C         	1432	1154764.0000	1816	1463856.0000	-384	-309092.0000	1358	1092647.0000	3821	3074346.0000	-2463	-1981699.0000
20111006	櫃買期貨            	GTF    	A         	25	10060.0000	24	9661.0000	1	399.0000	15	5975.0000	99	39410.0000	-84	-33435.0000
20111006	櫃買期貨            	GTF    	B         	0	.0000	0	.0000	0	.0000	143	57000.0000	0	.0000	143	57000.0000
20111006	櫃買期貨            	GTF    	C         	0	.0000	0	.0000	0	.0000	0	.0000	0	.0000	0	.0000
20111006	小型臺指            	MXF    	A         	15639	5587537.0000	13570	4845095.0000	2069	742441.0000	3865	1375049.0000	9056	3218689.0000	-5191	-1843640.0000
20111006	小型臺指            	MXF    	B         	2	712.0000	0	.0000	2	712.0000	3	1068.0000	40	14244.0000	-37	-13176.0000
20111006	小型臺指            	MXF    	C         	11490	4105128.0000	9679	3456535.0000	1811	648594.0000	8765	3118084.0000	3421	1216723.0000	5344	1901361.0000
20111006	股票期貨            	STF    	A         	7003	463097.0000	7342	473890.0000	-339	-10793.0000	19002	1317123.0000	14444	831542.0000	4558	485581.0000
20111006	股票期貨            	STF    	B         	4	463.0000	4	463.0000	0	.0000	11657	1635490.0000	0	.0000	11657	1635490.0000
20111006	股票期貨            	STF    	C         	134	12065.0000	59	2897.0000	75	9168.0000	800	86644.0000	23776	2340139.0000	-22976	-2253495.0000
20111006	臺灣50期貨          	T5F    	A         	0	.0000	0	.0000	0	.0000	500	244500.0000	0	.0000	500	244500.0000
20111006	臺灣50期貨          	T5F    	B         	0	.0000	0	.0000	0	.0000	0	.0000	0	.0000	0	.0000
20111006	臺灣50期貨          	T5F    	C         	0	.0000	0	.0000	0	.0000	0	.0000	500	244500.0000	-500	-244500.0000
20111006	臺股期貨            	TXF    	A         	24914	35604977.0000	23018	32888720.0000	1896	2716257.0000	6357	9047344.0000	8667	12312186.0000	-2310	-3264842.0000
20111006	臺股期貨            	TXF    	B         	236	336645.0000	222	316225.0000	14	20420.0000	3770	5369988.0000	2661	3790328.0000	1109	1579660.0000
20111006	臺股期貨            	TXF    	C         	20049	28658705.0000	17600	25157194.0000	2449	3501512.0000	29608	42094810.0000	21589	30732388.0000	8019	11362422.0000
20111006	非金電期貨          	XIF    	A         	343	341231.0000	276	274763.0000	67	66468.0000	406	404243.0000	206	205038.0000	200	199205.0000
20111006	非金電期貨          	XIF    	B         	0	.0000	0	.0000	0	.0000	28	27877.0000	0	.0000	28	27877.0000
20111006	非金電期貨          	XIF    	C         	190	188678.0000	337	334995.0000	-147	-146317.0000	106	105534.0000	290	288724.0000	-184	-183190.0000
20111007	電子期貨            	EXF    	A         	1060	1115031.0000	915	963391.0000	145	151641.0000	687	716637.0000	485	505824.0000	202	210813.0000
20111007	電子期貨            	EXF    	B         	0	.0000	16	16833.0000	-16	-16833.0000	160	167072.0000	196	204663.0000	-36	-37591.0000
20111007	電子期貨            	EXF    	C         	1389	1460906.0000	1329	1397183.0000	60	63723.0000	1619	1690560.0000	2008	2096609.0000	-389	-406049.0000
20111007	金融期貨            	FXF    	A         	1056	869712.0000	1016	836896.0000	40	32816.0000	689	566384.0000	688	565611.0000	1	773.0000
20111007	金融期貨            	FXF    	B         	82	67434.0000	0	.0000	82	67434.0000	302	248244.0000	90	73980.0000	212	174264.0000
20111007	金融期貨            	FXF    	C         	1646	1356059.0000	1479	1217225.0000	167	138835.0000	1581	1299582.0000	3877	3186908.0000	-2296	-1887326.0000
20111007	櫃買期貨            	GTF    	A         	23	9304.0000	38	15380.0000	-15	-6076.0000	15	6035.0000	114	45844.0000	-99	-39809.0000
20111007	櫃買期貨            	GTF    	B         	0	.0000	0	.0000	0	.0000	143	57343.0000	0	.0000	143	57343.0000
20111007	櫃買期貨            	GTF    	C         	0	.0000	0	.0000	0	.0000	0	.0000	0	.0000	0	.0000
20111007	小型臺指            	MXF    	A         	12248	4423330.0000	11470	4138491.0000	778	284839.0000	4037	1450332.0000	8502	3051130.0000	-4465	-1600798.0000
20111007	小型臺指            	MXF    	B         	0	.0000	0	.0000	0	.0000	3	1079.0000	40	14384.0000	-37	-13305.0000
20111007	小型臺指            	MXF    	C         	12726	4596016.0000	11071	3995803.0000	1655	600213.0000	8752	3143794.0000	2397	860434.0000	6355	2283360.0000
20111007	股票期貨            	STF    	A         	6249	373251.0000	6250	408766.0000	-1	-35515.0000	19070	1317216.0000	14513	868311.0000	4557	448905.0000
20111007	股票期貨            	STF    	B         	0	.0000	0	.0000	0	.0000	11657	1659275.0000	0	.0000	11657	1659275.0000
20111007	股票期貨            	STF    	C         	59	3855.0000	46	3392.0000	13	463.0000	815	89739.0000	23778	2366899.0000	-22963	-2277160.0000
20111007	臺灣50期貨          	T5F    	A         	0	.0000	0	.0000	0	.0000	500	247500.0000	0	.0000	500	247500.0000
20111007	臺灣50期貨          	T5F    	B         	0	.0000	0	.0000	0	.0000	0	.0000	0	.0000	0	.0000
20111007	臺灣50期貨          	T5F    	C         	0	.0000	0	.0000	0	.0000	0	.0000	500	247500.0000	-500	-247500.0000
20111007	臺股期貨            	TXF    	A         	19390	28008081.0000	18337	26476138.0000	1053	1531943.0000	6429	9238369.0000	7673	11002500.0000	-1244	-1764131.0000
20111007	臺股期貨            	TXF    	B         	933	1348603.0000	108	156071.0000	825	1192531.0000	3741	5381054.0000	1807	2599189.0000	1934	2781865.0000
20111007	臺股期貨            	TXF    	C         	16140	23303457.0000	18243	26338054.0000	-2103	-3034598.0000	29140	41838164.0000	23063	33152529.0000	6077	8685635.0000
20111007	非金電期貨          	XIF    	A         	321	326661.0000	286	291034.0000	35	35626.0000	416	423414.0000	181	184150.0000	235	239264.0000
20111007	非金電期貨          	XIF    	B         	0	.0000	0	.0000	0	.0000	28	28498.0000	0	.0000	28	28498.0000
20111007	非金電期貨          	XIF    	C         	161	163790.0000	182	185148.0000	-21	-21358.0000	102	103816.0000	307	312465.0000	-205	-208649.0000
20111011	電子期貨            	EXF    	A         	786	843490.0000	731	784777.0000	55	58713.0000	724	779843.0000	467	503027.0000	257	276816.0000
20111011	電子期貨            	EXF    	B         	0	.0000	0	.0000	0	.0000	160	172640.0000	196	211484.0000	-36	-38844.0000
20111011	電子期貨            	EXF    	C         	1155	1238980.0000	1064	1141517.0000	91	97464.0000	1781	1921699.0000	2079	2242956.0000	-298	-321257.0000
20111011	金融期貨            	FXF    	A         	981	835985.0000	746	635222.0000	235	200764.0000	716	608272.0000	480	407759.0000	236	200513.0000
20111011	金融期貨            	FXF    	B         	0	.0000	172	146553.0000	-172	-146553.0000	130	110448.0000	90	76464.0000	40	33984.0000
20111011	金融期貨            	FXF    	C         	1324	1127809.0000	1017	866457.0000	307	261352.0000	1845	1567512.0000	3834	3257347.0000	-1989	-1689835.0000
20111011	櫃買期貨            	GTF    	A         	67	27552.0000	65	26735.0000	2	817.0000	5	2056.0000	102	41960.0000	-97	-39904.0000
20111011	櫃買期貨            	GTF    	B         	0	.0000	0	.0000	0	.0000	143	58916.0000	0	.0000	143	58916.0000
20111011	櫃買期貨            	GTF    	C         	0	.0000	0	.0000	0	.0000	0	.0000	0	.0000	0	.0000
20111011	小型臺指            	MXF    	A         	10606	3911281.0000	7857	2898808.0000	2749	1012473.0000	4017	1485580.0000	5733	2116643.0000	-1716	-631063.0000
20111011	小型臺指            	MXF    	B         	15	5554.0000	0	.0000	15	5554.0000	18	6665.0000	40	14812.0000	-22	-8147.0000
20111011	小型臺指            	MXF    	C         	9482	3498637.0000	6285	2319684.0000	3197	1178953.0000	8915	3297134.0000	1671	617141.0000	7244	2679993.0000
20111011	股票期貨            	STF    	A         	5995	341803.0000	6240	370130.0000	-245	-28326.0000	19545	1364130.0000	15233	930785.0000	4312	433345.0000
20111011	股票期貨            	STF    	B         	0	.0000	0	.0000	0	.0000	11657	1677815.0000	0	.0000	11657	1677815.0000
20111011	股票期貨            	STF    	C         	44	1392.0000	83	3096.0000	-39	-1703.0000	813	92457.0000	23815	2405459.0000	-23002	-2313002.0000
20111011	臺灣50期貨          	T5F    	A         	0	.0000	0	.0000	0	.0000	500	252950.0000	0	.0000	500	252950.0000
20111011	臺灣50期貨          	T5F    	B         	0	.0000	0	.0000	0	.0000	0	.0000	0	.0000	0	.0000
20111011	臺灣50期貨          	T5F    	C         	0	.0000	0	.0000	0	.0000	0	.0000	500	252950.0000	-500	-252950.0000
20111011	臺股期貨            	TXF    	A         	18017	26594943.0000	16155	23854471.0000	1862	2740473.0000	7507	11108924.0000	6889	10164821.0000	618	944103.0000
20111011	臺股期貨            	TXF    	B         	527	778913.0000	109	160881.0000	418	618032.0000	3891	5763349.0000	1539	2279567.0000	2352	3483782.0000
20111011	臺股期貨            	TXF    	C         	12522	18487932.0000	13032	19238901.0000	-510	-750968.0000	29801	44051129.0000	23632	34980535.0000	6169	9070594.0000
20111011	非金電期貨          	XIF    	A         	249	258858.0000	268	278591.0000	-19	-19733.0000	433	450498.0000	217	225532.0000	216	224966.0000
20111011	非金電期貨          	XIF    	B         	0	.0000	0	.0000	0	.0000	28	29140.0000	0	.0000	28	29140.0000
20111011	非金電期貨          	XIF    	C         	142	147455.0000	143	148568.0000	-1	-1113.0000	99	103029.0000	305	317412.0000	-206	-214383.0000
20111012	電子期貨            	EXF    	A         	671	725265.0000	644	695982.0000	27	29283.0000	699	755246.0000	415	448353.0000	284	306893.0000
20111012	電子期貨            	EXF    	B         	0	.0000	0	.0000	0	.0000	160	173056.0000	196	211994.0000	-36	-38938.0000
20111012	電子期貨            	EXF    	C         	868	938933.0000	1151	1243018.0000	-283	-304085.0000	1615	1746784.0000	2196	2375094.0000	-581	-628310.0000
20111012	金融期貨            	FXF    	A         	685	576931.0000	708	595851.0000	-23	-18920.0000	675	569461.0000	462	389692.0000	213	179769.0000
20111012	金融期貨            	FXF    	B         	0	.0000	0	.0000	0	.0000	130	109694.0000	90	75942.0000	40	33752.0000
20111012	金融期貨            	FXF    	C         	1104	929040.0000	689	580199.0000	415	348841.0000	2101	1772824.0000	3675	3100903.0000	-1574	-1328079.0000
20111012	櫃買期貨            	GTF    	A         	78	32319.0000	79	32744.0000	-1	-424.0000	6	2496.0000	104	43206.0000	-98	-40710.0000
20111012	櫃買期貨            	GTF    	B         	0	.0000	0	.0000	0	.0000	143	59402.0000	0	.0000	143	59402.0000
20111012	櫃買期貨            	GTF    	C         	0	.0000	0	.0000	0	.0000	0	.0000	0	.0000	0	.0000
20111012	小型臺指            	MXF    	A         	9611	3547916.0000	10105	3727763.0000	-494	-179847.0000	4278	1578774.0000	6508	2398450.0000	-2230	-819676.0000
20111012	小型臺指            	MXF    	B         	0	.0000	0	.0000	0	.0000	18	6650.0000	40	14778.0000	-22	-8128.0000
20111012	小型臺指            	MXF    	C         	9032	3334245.0000	9478	3497586.0000	-446	-163341.0000	8655	3193569.0000	1789	659443.0000	6866	2534126.0000
20111012	股票期貨            	STF    	A         	5746	326481.0000	5747	319071.0000	-1	7410.0000	19520	1361790.0000	15209	922205.0000	4311	439585.0000
20111012	股票期貨            	STF    	B         	0	.0000	0	.0000	0	.0000	11657	1670105.0000	0	.0000	11657	1670105.0000
20111012	股票期貨            	STF    	C         	28	4198.0000	38	4068.0000	-10	130.0000	816	92298.0000	23828	2400080.0000	-23012	-2307782.0000
20111012	臺灣50期貨          	T5F    	A         	0	.0000	0	.0000	0	.0000	500	252950.0000	0	.0000	500	252950.0000
20111012	臺灣50期貨          	T5F    	B         	0	.0000	0	.0000	0	.0000	0	.0000	0	.0000	0	.0000
20111012	臺灣50期貨          	T5F    	C         	0	.0000	0	.0000	0	.0000	0	.0000	500	252950.0000	-500	-252950.0000
20111012	臺股期貨            	TXF    	A         	16851	24888070.0000	15869	23434685.0000	982	1453385.0000	7966	11762618.0000	6361	9364050.0000	1605	2398568.0000
20111012	臺股期貨            	TXF    	B         	91	134144.0000	250	368898.0000	-159	-234753.0000	3885	5741253.0000	1692	2499918.0000	2193	3241335.0000
20111012	臺股期貨            	TXF    	C         	14305	21122247.0000	16962	25045591.0000	-2657	-3923344.0000	29365	43310178.0000	25863	38199063.0000	3502	5111115.0000
20111012	非金電期貨          	XIF    	A         	399	412810.0000	313	323874.0000	86	88936.0000	466	482048.0000	164	169577.0000	302	312471.0000
20111012	非金電期貨          	XIF    	B         	0	.0000	0	.0000	0	.0000	28	28966.0000	0	.0000	28	28966.0000
20111012	非金電期貨          	XIF    	C         	115	119009.0000	81	83760.0000	34	35249.0000	169	174831.0000	341	352764.0000	-172	-177933.0000
20111013	電子期貨            	EXF    	A         	1370	1479205.0000	1138	1228755.0000	232	250450.0000	862	929355.0000	346	372874.0000	516	556481.0000
20111013	電子期貨            	EXF    	B         	0	.0000	88	94625.0000	-88	-94625.0000	160	172736.0000	284	306432.0000	-124	-133696.0000
20111013	電子期貨            	EXF    	C         	1367	1477388.0000	1032	1114465.0000	335	362923.0000	1769	1909812.0000	2015	2175140.0000	-246	-265328.0000
20111013	金融期貨            	FXF    	A         	841	714012.0000	957	812569.0000	-116	-98556.0000	604	508376.0000	507	426703.0000	97	81673.0000
20111013	金融期貨            	FXF    	B         	0	.0000	15	12740.0000	-15	-12740.0000	130	109460.0000	105	88410.0000	25	21050.0000
20111013	金融期貨            	FXF    	C         	876	743123.0000	1031	877019.0000	-155	-133896.0000	1970	1658740.0000	3701	3116147.0000	-1731	-1457407.0000
20111013	櫃買期貨            	GTF    	A         	42	17558.0000	49	20481.0000	-7	-2923.0000	3	1258.0000	108	45224.0000	-105	-43966.0000
20111013	櫃買期貨            	GTF    	B         	0	.0000	0	.0000	0	.0000	143	59888.0000	0	.0000	143	59888.0000
20111013	櫃買期貨            	GTF    	C         	0	.0000	0	.0000	0	.0000	0	.0000	0	.0000	0	.0000
20111013	小型臺指            	MXF    	A         	5691	2108189.0000	7253	2686069.0000	-1562	-577880.0000	4255	1571140.0000	7951	2932795.0000	-3696	-1361655.0000
20111013	小型臺指            	MXF    	B         	6	2218.0000	0	.0000	6	2218.0000	24	8872.0000	40	14786.0000	-16	-5914.0000
20111013	小型臺指            	MXF    	C         	10400	3851097.0000	11543	4276109.0000	-1143	-425012.0000	8549	3155290.0000	2218	818247.0000	6331	2337043.0000
20111013	股票期貨            	STF    	A         	8416	445451.0000	8085	389967.0000	331	55484.0000	19767	1395673.0000	15125	902649.0000	4642	493024.0000
20111013	股票期貨            	STF    	B         	0	.0000	10	1408.0000	-10	-1408.0000	11647	1671048.0000	0	.0000	11647	1671048.0000
20111013	股票期貨            	STF    	C         	56	34399.0000	43	6821.0000	13	27578.0000	838	105801.0000	23837	2396387.0000	-22999	-2290586.0000
20111013	臺灣50期貨          	T5F    	A         	0	.0000	0	.0000	0	.0000	500	252500.0000	0	.0000	500	252500.0000
20111013	臺灣50期貨          	T5F    	B         	0	.0000	0	.0000	0	.0000	0	.0000	0	.0000	0	.0000
20111013	臺灣50期貨          	T5F    	C         	0	.0000	0	.0000	0	.0000	0	.0000	500	252500.0000	-500	-252500.0000
20111013	臺股期貨            	TXF    	A         	15787	23393054.0000	16106	23862107.0000	-319	-469053.0000	7489	11064139.0000	6227	9171265.0000	1262	1892874.0000
20111013	臺股期貨            	TXF    	B         	26	38451.0000	52	76781.0000	-26	-38330.0000	3883	5741404.0000	1716	2536578.0000	2167	3204826.0000
20111013	臺股期貨            	TXF    	C         	17934	26562131.0000	20835	30869327.0000	-2901	-4307196.0000	29433	43429375.0000	28987	42835859.0000	446	593516.0000
20111013	非金電期貨          	XIF    	A         	172	179051.0000	150	156113.0000	22	22937.0000	481	499258.0000	157	162927.0000	324	336331.0000
20111013	非金電期貨          	XIF    	B         	0	.0000	0	.0000	0	.0000	28	29058.0000	0	.0000	28	29058.0000
20111013	非金電期貨          	XIF    	C         	62	64504.0000	144	149955.0000	-82	-85451.0000	148	153594.0000	402	417197.0000	-254	-263603.0000
20111014	電子期貨            	EXF    	A         	945	1024959.0000	1152	1250512.0000	-207	-225553.0000	796	863018.0000	487	528515.0000	309	334503.0000
20111014	電子期貨            	EXF    	B         	20	21754.0000	39	42120.0000	-19	-20366.0000	161	174907.0000	304	329994.0000	-143	-155087.0000
20111014	電子期貨            	EXF    	C         	1082	1175168.0000	723	785134.0000	359	390034.0000	2028	2203219.0000	1915	2080180.0000	113	123039.0000
20111014	金融期貨            	FXF    	A         	723	602748.0000	671	559230.0000	52	43517.0000	572	476642.0000	423	352398.0000	149	124244.0000
20111014	金融期貨            	FXF    	B         	0	.0000	10	8339.0000	-10	-8339.0000	120	100032.0000	105	87528.0000	15	12504.0000
20111014	金融期貨            	FXF    	C         	673	560974.0000	585	487654.0000	88	73320.0000	1956	1630522.0000	3599	3000050.0000	-1643	-1369528.0000
20111014	櫃買期貨            	GTF    	A         	38	16015.0000	77	32417.0000	-39	-16401.0000	7	2948.0000	151	63627.0000	-144	-60679.0000
20111014	櫃買期貨            	GTF    	B         	0	.0000	0	.0000	0	.0000	143	60232.0000	0	.0000	143	60232.0000
20111014	櫃買期貨            	GTF    	C         	0	.0000	0	.0000	0	.0000	0	.0000	0	.0000	0	.0000
20111014	小型臺指            	MXF    	A         	6336	2336650.0000	5428	1999992.0000	908	336658.0000	4774	1758428.0000	7494	2756150.0000	-2720	-997722.0000
20111014	小型臺指            	MXF    	B         	0	.0000	3	1106.0000	-3	-1106.0000	21	7743.0000	40	14748.0000	-19	-7005.0000
20111014	小型臺指            	MXF    	C         	9178	3384263.0000	8847	3261595.0000	331	122668.0000	8680	3194896.0000	2330	857411.0000	6350	2337485.0000
20111014	股票期貨            	STF    	A         	6228	367350.0000	6349	349534.0000	-121	17816.0000	19630	1381987.0000	15109	872802.0000	4521	509185.0000
20111014	股票期貨            	STF    	B         	0	.0000	0	.0000	0	.0000	11647	1661255.0000	0	.0000	11647	1661255.0000
20111014	股票期貨            	STF    	C         	78	9915.0000	110	29282.0000	-32	-19367.0000	842	106844.0000	23873	2402805.0000	-23031	-2295961.0000
20111014	臺灣50期貨          	T5F    	A         	0	.0000	0	.0000	0	.0000	500	251750.0000	0	.0000	500	251750.0000
20111014	臺灣50期貨          	T5F    	B         	0	.0000	0	.0000	0	.0000	0	.0000	0	.0000	0	.0000
20111014	臺灣50期貨          	T5F    	C         	0	.0000	0	.0000	0	.0000	0	.0000	500	251750.0000	-500	-251750.0000
20111014	臺股期貨            	TXF    	A         	11683	17231269.0000	13403	19764087.0000	-1720	-2532819.0000	5848	8614335.0000	6323	9286481.0000	-475	-672146.0000
20111014	臺股期貨            	TXF    	B         	150	221282.0000	102	150499.0000	48	70783.0000	3799	5602765.0000	1584	2335418.0000	2215	3267347.0000
20111014	臺股期貨            	TXF    	C         	15655	23090136.0000	14876	21938688.0000	779	1151448.0000	31399	46210108.0000	30096	44357999.0000	1303	1852109.0000
20111014	非金電期貨          	XIF    	A         	111	114202.0000	150	154400.0000	-39	-40198.0000	451	463285.0000	166	170485.0000	285	292800.0000
20111014	非金電期貨          	XIF    	B         	0	.0000	0	.0000	0	.0000	28	28759.0000	0	.0000	28	28759.0000
20111014	非金電期貨          	XIF    	C         	121	124573.0000	99	101939.0000	22	22634.0000	108	110927.0000	340	349215.0000	-232	-238288.0000
20111017	電子期貨            	EXF    	A         	1330	1456254.0000	1214	1328428.0000	116	127825.0000	810	884859.0000	385	420290.0000	425	464569.0000
20111017	電子期貨            	EXF    	B         	85	92915.0000	57	62412.0000	28	30503.0000	159	173757.0000	274	299463.0000	-115	-125706.0000
20111017	電子期貨            	EXF    	C         	1784	1952270.0000	1899	2078255.0000	-115	-125985.0000	2523	2758271.0000	2525	2760574.0000	-2	-2303.0000
20111017	金融期貨            	FXF    	A         	1029	867313.0000	882	743300.0000	147	124013.0000	600	505344.0000	304	256239.0000	296	249105.0000
20111017	金融期貨            	FXF    	B         	0	.0000	0	.0000	0	.0000	120	101160.0000	105	88515.0000	15	12645.0000
20111017	金融期貨            	FXF    	C         	1228	1035078.0000	1494	1259172.0000	-266	-224094.0000	1698	1431337.0000	3607	3039598.0000	-1909	-1608261.0000
20111017	櫃買期貨            	GTF    	A         	81	34582.0000	63	26981.0000	18	7601.0000	22	9346.0000	148	63474.0000	-126	-54128.0000
20111017	櫃買期貨            	GTF    	B         	47	20185.0000	47	20010.0000	0	175.0000	143	61028.0000	0	.0000	143	61028.0000
20111017	櫃買期貨            	GTF    	C         	0	.0000	0	.0000	0	.0000	0	.0000	0	.0000	0	.0000
20111017	小型臺指            	MXF    	A         	9548	3559183.0000	9648	3593226.0000	-100	-34044.0000	5491	2044967.0000	6979	2595025.0000	-1488	-550058.0000
20111017	小型臺指            	MXF    	B         	1	373.0000	0	.0000	1	373.0000	22	8199.0000	40	14908.0000	-18	-6709.0000
20111017	小型臺指            	MXF    	C         	9741	3629917.0000	9392	3498472.0000	349	131445.0000	8866	3298553.0000	2543	946390.0000	6323	2352163.0000
20111017	股票期貨            	STF    	A         	6016	321795.0000	6020	317931.0000	-4	3864.0000	20025	1424420.0000	15508	901217.0000	4517	523203.0000
20111017	股票期貨            	STF    	B         	0	.0000	20	2833.0000	-20	-2833.0000	11627	1683035.0000	0	.0000	11627	1683035.0000
20111017	股票期貨            	STF    	C         	263	22660.0000	225	20034.0000	38	2626.0000	906	112348.0000	23899	2432176.0000	-22993	-2319828.0000
20111017	臺灣50期貨          	T5F    	A         	0	.0000	0	.0000	0	.0000	500	253250.0000	0	.0000	500	253250.0000
20111017	臺灣50期貨          	T5F    	B         	0	.0000	0	.0000	0	.0000	0	.0000	0	.0000	0	.0000
20111017	臺灣50期貨          	T5F    	C         	0	.0000	0	.0000	0	.0000	0	.0000	500	253250.0000	-500	-253250.0000
20111017	臺股期貨            	TXF    	A         	21818	32526877.0000	21285	31732766.0000	533	794110.0000	7454	11102909.0000	7729	11487558.0000	-275	-384649.0000
20111017	臺股期貨            	TXF    	B         	1202	1790317.0000	931	1388301.0000	271	402016.0000	3892	5799919.0000	1418	2113224.0000	2474	3686695.0000
20111017	臺股期貨            	TXF    	C         	24646	36727422.0000	26055	38820613.0000	-1409	-2093191.0000	31666	47108699.0000	31688	47205000.0000	-22	-96301.0000
20111017	非金電期貨          	XIF    	A         	286	297946.0000	237	246782.0000	49	51164.0000	478	499096.0000	144	150295.0000	334	348801.0000
20111017	非金電期貨          	XIF    	B         	9	9389.0000	9	9389.0000	0	-1.0000	28	29233.0000	0	.0000	28	29233.0000
20111017	非金電期貨          	XIF    	C         	156	162193.0000	199	207177.0000	-43	-44984.0000	86	89801.0000	361	376944.0000	-275	-287143.0000
20111018	電子期貨            	EXF    	A         	789	850014.0000	986	1062386.0000	-197	-212371.0000	808	870587.0000	580	625000.0000	228	245587.0000
20111018	電子期貨            	EXF    	B         	74	79503.0000	74	79650.0000	0	-147.0000	159	171214.0000	274	295392.0000	-115	-124178.0000
20111018	電子期貨            	EXF    	C         	1605	1728058.0000	1599	1720383.0000	6	7675.0000	2553	2753203.0000	2549	2747883.0000	4	5320.0000
20111018	金融期貨            	FXF    	A         	1056	872421.0000	1067	881564.0000	-11	-9143.0000	645	531300.0000	360	297192.0000	285	234108.0000
20111018	金融期貨            	FXF    	B         	161	132815.0000	179	147556.0000	-18	-14741.0000	107	88202.0000	110	90486.0000	-3	-2284.0000
20111018	金融期貨            	FXF    	C         	2898	2391673.0000	2875	2371612.0000	23	20061.0000	1733	1429447.0000	3619	2983106.0000	-1886	-1553659.0000
20111018	櫃買期貨            	GTF    	A         	163	68643.0000	86	36375.0000	77	32268.0000	35	14719.0000	84	35745.0000	-49	-21026.0000
20111018	櫃買期貨            	GTF    	B         	96	40802.0000	96	40219.0000	0	582.0000	143	60947.0000	0	.0000	143	60947.0000
20111018	櫃買期貨            	GTF    	C         	0	.0000	0	.0000	0	.0000	0	.0000	0	.0000	0	.0000
20111018	小型臺指            	MXF    	A         	9558	3508754.0000	10669	3914965.0000	-1111	-406211.0000	5769	2115722.0000	6272	2294298.0000	-503	-178576.0000
20111018	小型臺指            	MXF    	B         	0	.0000	13	4772.0000	-13	-4772.0000	9	3303.0000	40	14680.0000	-31	-11377.0000
20111018	小型臺指            	MXF    	C         	8991	3300490.0000	8694	3191863.0000	297	108627.0000	9034	3307863.0000	2050	750806.0000	6984	2557057.0000
20111018	股票期貨            	STF    	A         	7018	354397.0000	7290	381700.0000	-272	-27303.0000	19113	1353530.0000	14868	862581.0000	4245	490949.0000
20111018	股票期貨            	STF    	B         	0	.0000	18	2534.0000	-18	-2534.0000	11609	1667740.0000	0	.0000	11609	1667740.0000
20111018	股票期貨            	STF    	C         	132	15977.0000	241	28012.0000	-109	-12035.0000	916	104692.0000	24018	2413206.0000	-23102	-2308514.0000
20111018	臺灣50期貨          	T5F    	A         	0	.0000	0	.0000	0	.0000	500	249750.0000	0	.0000	500	249750.0000
20111018	臺灣50期貨          	T5F    	B         	0	.0000	0	.0000	0	.0000	0	.0000	0	.0000	0	.0000
20111018	臺灣50期貨          	T5F    	C         	0	.0000	0	.0000	0	.0000	0	.0000	500	249750.0000	-500	-249750.0000
20111018	臺股期貨            	TXF    	A         	20390	29937030.0000	20248	29728468.0000	142	208562.0000	7649	11216051.0000	8306	12154766.0000	-657	-938715.0000
20111018	臺股期貨            	TXF    	B         	2194	3217395.0000	2114	3104312.0000	80	113083.0000	3762	5514216.0000	1208	1772099.0000	2554	3742117.0000
20111018	臺股期貨            	TXF    	C         	35657	52325157.0000	35673	52335717.0000	-16	-10559.0000	32897	48158578.0000	33026	48405239.0000	-129	-246661.0000
20111018	非金電期貨          	XIF    	A         	193	198765.0000	237	244109.0000	-44	-45344.0000	412	423545.0000	122	125369.0000	290	298176.0000
20111018	非金電期貨          	XIF    	B         	19	19561.0000	19	19561.0000	0	.0000	28	28781.0000	0	.0000	28	28781.0000
20111018	非金電期貨          	XIF    	C         	122	125470.0000	193	198760.0000	-71	-73290.0000	21	21588.0000	367	377268.0000	-346	-355680.0000
20111019	電子期貨            	EXF    	A         	1223	1315878.0000	1171	1259453.0000	52	56424.0000	456	488500.0000	196	209722.0000	260	278778.0000
20111019	電子期貨            	EXF    	B         	218	234568.0000	123	132277.0000	95	102290.0000	159	170480.0000	179	191924.0000	-20	-21444.0000
20111019	電子期貨            	EXF    	C         	1224	1316121.0000	1282	1378860.0000	-58	-62739.0000	1156	1239463.0000	1254	1344414.0000	-98	-104951.0000
20111019	金融期貨            	FXF    	A         	938	780261.0000	991	823825.0000	-53	-43564.0000	324	269152.0000	176	146161.0000	148	122991.0000
20111019	金融期貨            	FXF    	B         	51	42333.0000	51	42431.0000	0	-98.0000	107	88896.0000	110	91388.0000	-3	-2492.0000
20111019	金融期貨            	FXF    	C         	1157	961081.0000	1204	1000072.0000	-47	-38991.0000	866	719473.0000	2466	2048748.0000	-1600	-1329275.0000
20111019	櫃買期貨            	GTF    	A         	310	130261.0000	353	148412.0000	-43	-18151.0000	0	.0000	100	41999.0000	-100	-41999.0000
20111019	櫃買期貨            	GTF    	B         	0	.0000	0	.0000	0	.0000	143	60089.0000	0	.0000	143	60089.0000
20111019	櫃買期貨            	GTF    	C         	0	.0000	0	.0000	0	.0000	0	.0000	0	.0000	0	.0000
20111019	小型臺指            	MXF    	A         	5444	2000286.0000	6260	2298447.0000	-816	-298161.0000	702	256620.0000	5011	1834227.0000	-4309	-1577607.0000
20111019	小型臺指            	MXF    	B         	17	6234.0000	9	3307.0000	8	2926.0000	17	6236.0000	0	.0000	17	6236.0000
20111019	小型臺指            	MXF    	C         	6350	2332648.0000	6628	2433427.0000	-278	-100780.0000	7040	2580533.0000	911	333275.0000	6129	2247258.0000
20111019	股票期貨            	STF    	A         	7214	475467.0000	6855	461847.0000	359	13620.0000	11247	767928.0000	5805	381566.0000	5442	386362.0000
20111019	股票期貨            	STF    	B         	0	.0000	23	3259.0000	-23	-3259.0000	11586	1675180.0000	0	.0000	11586	1675180.0000
20111019	股票期貨            	STF    	C         	642	50008.0000	508	49712.0000	134	296.0000	1116	108077.0000	23976	2406956.0000	-22860	-2298879.0000
20111019	臺灣50期貨          	T5F    	A         	0	.0000	0	.0000	0	.0000	500	250000.0000	0	.0000	500	250000.0000
20111019	臺灣50期貨          	T5F    	B         	0	.0000	0	.0000	0	.0000	0	.0000	0	.0000	0	.0000
20111019	臺灣50期貨          	T5F    	C         	0	.0000	0	.0000	0	.0000	0	.0000	500	250000.0000	-500	-250000.0000
20111019	臺股期貨            	TXF    	A         	14109	20732743.0000	15453	22700549.0000	-1344	-1967806.0000	2926	4287895.0000	4452	6508446.0000	-1526	-2220551.0000
20111019	臺股期貨            	TXF    	B         	2121	3114789.0000	1709	2510704.0000	412	604085.0000	3744	5493197.0000	776	1138547.0000	2968	4354650.0000
20111019	臺股期貨            	TXF    	C         	18807	27621986.0000	18533	27223424.0000	274	398562.0000	25014	36642766.0000	23154	33962743.0000	1860	2680023.0000
20111019	非金電期貨          	XIF    	A         	354	365174.0000	444	457989.0000	-90	-92815.0000	272	280954.0000	88	90787.0000	184	190167.0000
20111019	非金電期貨          	XIF    	B         	0	.0000	0	.0000	0	.0000	28	28927.0000	0	.0000	28	28927.0000
20111019	非金電期貨          	XIF    	C         	376	387692.0000	254	262064.0000	122	125628.0000	128	132237.0000	302	311996.0000	-174	-179759.0000
20111020	電子期貨            	EXF    	A         	858	913919.0000	946	1008875.0000	-88	-94955.0000	380	401356.0000	208	219502.0000	172	181854.0000
20111020	電子期貨            	EXF    	B         	16	16957.0000	0	.0000	16	16957.0000	159	168031.0000	163	172258.0000	-4	-4227.0000
20111020	電子期貨            	EXF    	C         	983	1047675.0000	1423	1515926.0000	-440	-468250.0000	1084	1145571.0000	1622	1714080.0000	-538	-568509.0000
20111020	金融期貨            	FXF    	A         	806	660443.0000	942	772165.0000	-136	-111723.0000	293	238142.0000	281	228358.0000	12	9784.0000
20111020	金融期貨            	FXF    	B         	60	48888.0000	0	.0000	60	48888.0000	157	127610.0000	100	81280.0000	57	46330.0000
20111020	金融期貨            	FXF    	C         	1081	887704.0000	1186	974000.0000	-105	-86296.0000	1061	862381.0000	2766	2248199.0000	-1705	-1385818.0000
20111020	櫃買期貨            	GTF    	A         	14	5886.0000	13	5462.0000	1	424.0000	1	416.0000	100	41618.0000	-99	-41202.0000
20111020	櫃買期貨            	GTF    	B         	0	.0000	0	.0000	0	.0000	143	59545.0000	0	.0000	143	59545.0000
20111020	櫃買期貨            	GTF    	C         	0	.0000	0	.0000	0	.0000	0	.0000	0	.0000	0	.0000
20111020	小型臺指            	MXF    	A         	5780	2101902.0000	8804	3205118.0000	-3024	-1103216.0000	788	283543.0000	8073	2907837.0000	-7285	-2624294.0000
20111020	小型臺指            	MXF    	B         	0	.0000	14	5050.0000	-14	-5050.0000	8	2886.0000	5	1804.0000	3	1082.0000
20111020	小型臺指            	MXF    	C         	8630	3139177.0000	12450	4534468.0000	-3820	-1395291.0000	6390	2303694.0000	893	320234.0000	5497	1983460.0000
20111020	股票期貨            	STF    	A         	3758	229392.0000	4443	303079.0000	-685	-73687.0000	11492	737755.0000	6735	434575.0000	4757	303180.0000
20111020	股票期貨            	STF    	B         	0	.0000	29	4073.0000	-29	-4073.0000	11557	1643546.0000	0	.0000	11557	1643546.0000
20111020	股票期貨            	STF    	C         	152	9760.0000	505	45589.0000	-353	-35829.0000	1138	107215.0000	24337	2403628.0000	-23199	-2296413.0000
20111020	臺灣50期貨          	T5F    	A         	0	.0000	0	.0000	0	.0000	500	247200.0000	0	.0000	500	247200.0000
20111020	臺灣50期貨          	T5F    	B         	0	.0000	0	.0000	0	.0000	0	.0000	0	.0000	0	.0000
20111020	臺灣50期貨          	T5F    	C         	0	.0000	0	.0000	0	.0000	0	.0000	500	247200.0000	-500	-247200.0000
20111020	臺股期貨            	TXF    	A         	15659	22754435.0000	17427	25366813.0000	-1768	-2612377.0000	2933	4222420.0000	6239	8978547.0000	-3306	-4756127.0000
20111020	臺股期貨            	TXF    	B         	60	86715.0000	419	608373.0000	-359	-521657.0000	3598	5192634.0000	989	1427325.0000	2609	3765309.0000
20111020	臺股期貨            	TXF    	C         	13474	19624589.0000	15737	22906645.0000	-2263	-3282056.0000	24522	35329312.0000	25722	37106849.0000	-1200	-1777537.0000
20111020	非金電期貨          	XIF    	A         	119	121761.0000	89	91213.0000	30	30548.0000	288	292345.0000	74	75085.0000	214	217260.0000
20111020	非金電期貨          	XIF    	B         	0	.0000	0	.0000	0	.0000	28	28417.0000	0	.0000	28	28417.0000
20111020	非金電期貨          	XIF    	C         	111	113917.0000	151	154687.0000	-40	-40770.0000	81	82207.0000	295	299396.0000	-214	-217189.0000
20111021	電子期貨            	EXF    	A         	894	941917.0000	700	738205.0000	194	203712.0000	516	546610.0000	150	158614.0000	366	387996.0000
20111021	電子期貨            	EXF    	B         	83	87619.0000	25	26235.0000	58	61384.0000	159	168540.0000	105	111300.0000	54	57240.0000
20111021	電子期貨            	EXF    	C         	1075	1132386.0000	729	768657.0000	346	363729.0000	1391	1474460.0000	1583	1677880.0000	-192	-203420.0000
20111021	金融期貨            	FXF    	A         	689	564854.0000	761	623844.0000	-72	-58989.0000	296	244414.0000	356	293946.0000	-60	-49532.0000
20111021	金融期貨            	FXF    	B         	100	82070.0000	0	.0000	100	82070.0000	257	212231.0000	100	82580.0000	157	129651.0000
20111021	金融期貨            	FXF    	C         	794	650999.0000	950	779267.0000	-156	-128268.0000	911	752304.0000	2772	2289114.0000	-1861	-1536810.0000
20111021	櫃買期貨            	GTF    	A         	8	3320.0000	10	4154.0000	-2	-834.0000	0	.0000	101	41946.0000	-101	-41946.0000
20111021	櫃買期貨            	GTF    	B         	0	.0000	0	.0000	0	.0000	143	59431.0000	0	.0000	143	59431.0000
20111021	櫃買期貨            	GTF    	C         	0	.0000	0	.0000	0	.0000	0	.0000	0	.0000	0	.0000
20111021	小型臺指            	MXF    	A         	6711	2425846.0000	6687	2416573.0000	24	9273.0000	659	238465.0000	7920	2870067.0000	-7261	-2631602.0000
20111021	小型臺指            	MXF    	B         	0	.0000	0	.0000	0	.0000	8	2904.0000	5	1815.0000	3	1089.0000
20111021	小型臺指            	MXF    	C         	10979	3966542.0000	9832	3552619.0000	1147	413923.0000	6971	2528720.0000	683	246017.0000	6288	2282703.0000
20111021	股票期貨            	STF    	A         	5623	355394.0000	5668	353344.0000	-45	2050.0000	12219	786446.0000	7507	477263.0000	4712	309183.0000
20111021	股票期貨            	STF    	B         	0	.0000	17	2383.0000	-17	-2383.0000	11540	1649101.0000	0	.0000	11540	1649101.0000
20111021	股票期貨            	STF    	C         	108	7467.0000	193	29947.0000	-85	-22480.0000	1151	109141.0000	24431	2439565.0000	-23280	-2330424.0000
20111021	臺灣50期貨          	T5F    	A         	0	.0000	0	.0000	0	.0000	500	247350.0000	0	.0000	500	247350.0000
20111021	臺灣50期貨          	T5F    	B         	0	.0000	0	.0000	0	.0000	0	.0000	0	.0000	0	.0000
20111021	臺灣50期貨          	T5F    	C         	0	.0000	0	.0000	0	.0000	0	.0000	500	247350.0000	-500	-247350.0000
20111021	臺股期貨            	TXF    	A         	11352	16420555.0000	11611	16787352.0000	-259	-366797.0000	2991	4332757.0000	6556	9493910.0000	-3565	-5161153.0000
20111021	臺股期貨            	TXF    	B         	24	34777.0000	68	98129.0000	-44	-63352.0000	3595	5219940.0000	1030	1495560.0000	2565	3724380.0000
20111021	臺股期貨            	TXF    	C         	15064	21775961.0000	14679	21219500.0000	385	556461.0000	25082	36358536.0000	25808	37458695.0000	-726	-1100159.0000
20111021	非金電期貨          	XIF    	A         	169	172212.0000	117	119251.0000	52	52960.0000	331	338203.0000	65	66386.0000	266	271817.0000
20111021	非金電期貨          	XIF    	B         	0	.0000	0	.0000	0	.0000	28	28605.0000	0	.0000	28	28605.0000
20111021	非金電期貨          	XIF    	C         	225	229250.0000	163	166073.0000	62	63177.0000	199	203298.0000	351	358582.0000	-152	-155284.0000
20111024	電子期貨            	EXF    	A         	746	809719.0000	584	634485.0000	162	175235.0000	672	730938.0000	144	156380.0000	528	574558.0000
20111024	電子期貨            	EXF    	B         	0	.0000	44	47823.0000	-44	-47823.0000	159	173024.0000	149	162142.0000	10	10882.0000
20111024	電子期貨            	EXF    	C         	996	1081288.0000	632	686311.0000	364	394977.0000	1451	1578978.0000	1279	1391733.0000	172	187245.0000
20111024	金融期貨            	FXF    	A         	1123	956426.0000	1037	887270.0000	86	69156.0000	519	447961.0000	493	425467.0000	26	22494.0000
20111024	金融期貨            	FXF    	B         	50	42747.0000	0	.0000	50	42747.0000	307	265002.0000	100	86320.0000	207	178682.0000
20111024	金融期貨            	FXF    	C         	1234	1052624.0000	1267	1080758.0000	-33	-28135.0000	878	757890.0000	2772	2392783.0000	-1894	-1634893.0000
20111024	櫃買期貨            	GTF    	A         	17	7219.0000	26	11052.0000	-9	-3833.0000	0	.0000	110	46955.0000	-110	-46955.0000
20111024	櫃買期貨            	GTF    	B         	0	.0000	0	.0000	0	.0000	143	61090.0000	0	.0000	143	61090.0000
20111024	櫃買期貨            	GTF    	C         	0	.0000	0	.0000	0	.0000	0	.0000	0	.0000	0	.0000
20111024	小型臺指            	MXF    	A         	10794	4013649.0000	6862	2557894.0000	3932	1455755.0000	1412	527943.0000	5013	1873401.0000	-3601	-1345458.0000
20111024	小型臺指            	MXF    	B         	24	8990.0000	2	750.0000	22	8241.0000	25	9365.0000	0	.0000	25	9365.0000
20111024	小型臺指            	MXF    	C         	11182	4159208.0000	7817	2914327.0000	3365	1244882.0000	7494	2805249.0000	1161	433016.0000	6333	2372233.0000
20111024	股票期貨            	STF    	A         	5719	343814.0000	5653	319980.0000	66	23834.0000	12897	857938.0000	8119	517026.0000	4778	340912.0000
20111024	股票期貨            	STF    	B         	0	.0000	18	2578.0000	-18	-2578.0000	11522	1677144.0000	0	.0000	11522	1677144.0000
20111024	股票期貨            	STF    	C         	128	11295.0000	102	11221.0000	26	74.0000	1189	118541.0000	24443	2498282.0000	-23254	-2379741.0000
20111024	臺灣50期貨          	T5F    	A         	0	.0000	300	154110.0000	-300	-154110.0000	200	102740.0000	0	.0000	200	102740.0000
20111024	臺灣50期貨          	T5F    	B         	0	.0000	0	.0000	0	.0000	0	.0000	0	.0000	0	.0000
20111024	臺灣50期貨          	T5F    	C         	300	154110.0000	0	.0000	300	154110.0000	300	154110.0000	500	256850.0000	-200	-102740.0000
20111024	臺股期貨            	TXF    	A         	19464	29002299.0000	17803	26551910.0000	1661	2450390.0000	3578	5350768.0000	5414	8085295.0000	-1836	-2734527.0000
20111024	臺股期貨            	TXF    	B         	233	348911.0000	0	.0000	233	348911.0000	3721	5575546.0000	923	1383023.0000	2798	4192523.0000
20111024	臺股期貨            	TXF    	C         	19404	28922812.0000	16438	24515896.0000	2966	4406916.0000	24508	36655437.0000	21438	32106156.0000	3070	4549281.0000
20111024	非金電期貨          	XIF    	A         	113	118178.0000	86	90061.0000	27	28116.0000	371	391234.0000	78	82196.0000	293	309038.0000
20111024	非金電期貨          	XIF    	B         	0	.0000	0	.0000	0	.0000	28	29526.0000	0	.0000	28	29526.0000
20111024	非金電期貨          	XIF    	C         	88	91831.0000	204	212880.0000	-116	-121049.0000	170	179265.0000	438	461871.0000	-268	-282606.0000
20111025	電子期貨            	EXF    	A         	824	900168.0000	656	716189.0000	168	183979.0000	844	917912.0000	148	160695.0000	696	757217.0000
20111025	電子期貨            	EXF    	B         	1	1088.0000	23	25116.0000	-22	-24028.0000	160	174080.0000	172	187136.0000	-12	-13056.0000
20111025	電子期貨            	EXF    	C         	545	594883.0000	1043	1139382.0000	-498	-544500.0000	1458	1586304.0000	1784	1940907.0000	-326	-354603.0000
20111025	金融期貨            	FXF    	A         	893	768397.0000	781	671862.0000	112	96534.0000	582	497743.0000	444	379708.0000	138	118035.0000
20111025	金融期貨            	FXF    	B         	0	.0000	100	85883.0000	-100	-85883.0000	207	177068.0000	100	85540.0000	107	91528.0000
20111025	金融期貨            	FXF    	C         	703	604623.0000	719	619041.0000	-16	-14418.0000	806	689452.0000	2716	2323254.0000	-1910	-1633802.0000
20111025	櫃買期貨            	GTF    	A         	18	7659.0000	17	7237.0000	1	422.0000	7	2957.0000	116	48985.0000	-109	-46028.0000
20111025	櫃買期貨            	GTF    	B         	0	.0000	0	.0000	0	.0000	143	60403.0000	0	.0000	143	60403.0000
20111025	櫃買期貨            	GTF    	C         	0	.0000	0	.0000	0	.0000	0	.0000	0	.0000	0	.0000
20111025	小型臺指            	MXF    	A         	5930	2221826.0000	6590	2467452.0000	-660	-245626.0000	1400	521999.0000	5589	2082725.0000	-4189	-1560726.0000
20111025	小型臺指            	MXF    	B         	0	.0000	0	.0000	0	.0000	25	9339.0000	0	.0000	25	9339.0000
20111025	小型臺指            	MXF    	C         	6743	2526911.0000	7626	2857231.0000	-883	-330320.0000	7438	2776450.0000	1464	544257.0000	5974	2232193.0000
20111025	股票期貨            	STF    	A         	6061	369373.0000	5989	352306.0000	72	17067.0000	13447	899163.0000	8597	536904.0000	4850	362259.0000
20111025	股票期貨            	STF    	B         	0	.0000	25	3574.0000	-25	-3574.0000	11497	1668326.0000	0	.0000	11497	1668326.0000
20111025	股票期貨            	STF    	C         	138	8611.0000	683	33239.0000	-545	-24627.0000	1209	122018.0000	25008	2523811.0000	-23799	-2401793.0000
20111025	臺灣50期貨          	T5F    	A         	0	.0000	0	.0000	0	.0000	200	102460.0000	0	.0000	200	102460.0000
20111025	臺灣50期貨          	T5F    	B         	0	.0000	0	.0000	0	.0000	0	.0000	0	.0000	0	.0000
20111025	臺灣50期貨          	T5F    	C         	0	.0000	0	.0000	0	.0000	300	153690.0000	500	256150.0000	-200	-102460.0000
20111025	臺股期貨            	TXF    	A         	10314	15454652.0000	9634	14433812.0000	680	1020840.0000	3504	5223636.0000	4678	6964076.0000	-1174	-1740440.0000
20111025	臺股期貨            	TXF    	B         	119	178352.0000	2416	3621270.0000	-2297	-3442918.0000	1338	1999240.0000	837	1250645.0000	501	748595.0000
20111025	臺股期貨            	TXF    	C         	14473	21689603.0000	13373	20031802.0000	1100	1657801.0000	25043	37352403.0000	21005	31354815.0000	4038	5997588.0000
20111025	非金電期貨          	XIF    	A         	116	122176.0000	124	130640.0000	-8	-8464.0000	396	416389.0000	111	116725.0000	285	299664.0000
20111025	非金電期貨          	XIF    	B         	0	.0000	0	.0000	0	.0000	28	29434.0000	0	.0000	28	29434.0000
20111025	非金電期貨          	XIF    	C         	118	124226.0000	62	65246.0000	56	58980.0000	213	223906.0000	425	446760.0000	-212	-222854.0000
20111026	電子期貨            	EXF    	A         	939	1025387.0000	748	817448.0000	191	207939.0000	1012	1109422.0000	125	136727.0000	887	972695.0000
20111026	電子期貨            	EXF    	B         	62	68047.0000	0	.0000	62	68047.0000	160	175456.0000	110	120626.0000	50	54830.0000
20111026	電子期貨            	EXF    	C         	789	861658.0000	794	867138.0000	-5	-5480.0000	1638	1796231.0000	1969	2159130.0000	-331	-362899.0000
20111026	金融期貨            	FXF    	A         	877	750632.0000	888	760305.0000	-11	-9673.0000	630	544196.0000	503	434504.0000	127	109692.0000
20111026	金融期貨            	FXF    	B         	0	.0000	0	.0000	0	.0000	207	178848.0000	100	86400.0000	107	92448.0000
20111026	金融期貨            	FXF    	C         	1042	890301.0000	1224	1047694.0000	-182	-157393.0000	638	551232.0000	2730	2358710.0000	-2092	-1807478.0000
20111026	櫃買期貨            	GTF    	A         	18	7629.0000	17	7206.0000	1	423.0000	2	849.0000	110	46693.0000	-108	-45844.0000
20111026	櫃買期貨            	GTF    	B         	0	.0000	0	.0000	0	.0000	143	60718.0000	0	.0000	143	60718.0000
20111026	櫃買期貨            	GTF    	C         	0	.0000	0	.0000	0	.0000	0	.0000	0	.0000	0	.0000
20111026	小型臺指            	MXF    	A         	9986	3738298.0000	9201	3449608.0000	785	288690.0000	1794	675766.0000	5226	1966698.0000	-3432	-1290932.0000
20111026	小型臺指            	MXF    	B         	35	13209.0000	0	.0000	35	13209.0000	60	22635.0000	0	.0000	60	22635.0000
20111026	小型臺指            	MXF    	C         	11303	4225403.0000	9861	3695618.0000	1442	529785.0000	7938	2992483.0000	1882	707393.0000	6056	2285090.0000
20111026	股票期貨            	STF    	A         	7161	367624.0000	6833	345747.0000	328	21877.0000	14322	953789.0000	9144	568322.0000	5178	385467.0000
20111026	股票期貨            	STF    	B         	0	.0000	70	10009.0000	-70	-10009.0000	11427	1663028.0000	0	.0000	11427	1663028.0000
20111026	股票期貨            	STF    	C         	226	19219.0000	142	8041.0000	84	11178.0000	1348	138232.0000	25063	2531908.0000	-23715	-2393676.0000
20111026	臺灣50期貨          	T5F    	A         	0	.0000	0	.0000	0	.0000	200	103160.0000	0	.0000	200	103160.0000
20111026	臺灣50期貨          	T5F    	B         	0	.0000	0	.0000	0	.0000	0	.0000	0	.0000	0	.0000
20111026	臺灣50期貨          	T5F    	C         	0	.0000	0	.0000	0	.0000	300	154740.0000	500	257900.0000	-200	-103160.0000
20111026	臺股期貨            	TXF    	A         	19997	29991258.0000	19766	29656650.0000	231	334608.0000	4256	6411003.0000	5192	7810361.0000	-936	-1399358.0000
20111026	臺股期貨            	TXF    	B         	175	264264.0000	102	153466.0000	73	110798.0000	1336	2016024.0000	762	1149858.0000	574	866166.0000
20111026	臺股期貨            	TXF    	C         	15925	23825309.0000	15194	22794608.0000	731	1030701.0000	26182	39442165.0000	21073	31768484.0000	5109	7673681.0000
20111026	非金電期貨          	XIF    	A         	179	189585.0000	188	198782.0000	-9	-9197.0000	405	431292.0000	129	137337.0000	276	293955.0000
20111026	非金電期貨          	XIF    	B         	0	.0000	0	.0000	0	.0000	28	29814.0000	0	.0000	28	29814.0000
20111026	非金電期貨          	XIF    	C         	96	101713.0000	159	167715.0000	-63	-66002.0000	198	210830.0000	473	503650.0000	-275	-292820.0000
20111027	電子期貨            	EXF    	A         	655	717275.0000	881	964460.0000	-226	-247185.0000	857	941380.0000	196	215017.0000	661	726363.0000
20111027	電子期貨            	EXF    	B         	20	21978.0000	1	1098.0000	19	20880.0000	159	174741.0000	90	98910.0000	69	75831.0000
20111027	電子期貨            	EXF    	C         	941	1030014.0000	810	887247.0000	131	142767.0000	1551	1704549.0000	1751	1924234.0000	-200	-219685.0000
20111027	金融期貨            	FXF    	A         	1216	1055780.0000	1214	1052136.0000	2	3645.0000	664	576296.0000	535	464322.0000	129	111974.0000
20111027	金融期貨            	FXF    	B         	0	.0000	0	.0000	0	.0000	207	179676.0000	100	86800.0000	107	92876.0000
20111027	金融期貨            	FXF    	C         	1324	1148080.0000	1542	1336753.0000	-218	-188673.0000	492	427056.0000	2802	2432133.0000	-2310	-2005077.0000
20111027	櫃買期貨            	GTF    	A         	12	5117.0000	21	8978.0000	-9	-3860.0000	3	1280.0000	120	51203.0000	-117	-49923.0000
20111027	櫃買期貨            	GTF    	B         	0	.0000	0	.0000	0	.0000	143	61032.0000	0	.0000	143	61032.0000
20111027	櫃買期貨            	GTF    	C         	0	.0000	0	.0000	0	.0000	0	.0000	0	.0000	0	.0000
20111027	小型臺指            	MXF    	A         	10219	3860787.0000	9483	3580657.0000	736	280130.0000	2549	966406.0000	5293	2003683.0000	-2744	-1037277.0000
20111027	小型臺指            	MXF    	B         	0	.0000	0	.0000	0	.0000	60	22773.0000	0	.0000	60	22773.0000
20111027	小型臺指            	MXF    	C         	11642	4401648.0000	11709	4423064.0000	-67	-21415.0000	7846	2976062.0000	2953	1118176.0000	4893	1857886.0000
20111027	股票期貨            	STF    	A         	7264	391098.0000	7275	403268.0000	-11	-12169.0000	14593	971109.0000	9426	595438.0000	5167	375671.0000
20111027	股票期貨            	STF    	B         	0	.0000	150	21485.0000	-150	-21485.0000	11277	1638142.0000	0	.0000	11277	1638142.0000
20111027	股票期貨            	STF    	C         	377	40059.0000	230	14549.0000	147	25510.0000	1619	173156.0000	25187	2537090.0000	-23568	-2363934.0000
20111027	臺灣50期貨          	T5F    	A         	0	.0000	0	.0000	0	.0000	200	103640.0000	0	.0000	200	103640.0000
20111027	臺灣50期貨          	T5F    	B         	0	.0000	0	.0000	0	.0000	0	.0000	0	.0000	0	.0000
20111027	臺灣50期貨          	T5F    	C         	0	.0000	0	.0000	0	.0000	300	155460.0000	500	259100.0000	-200	-103640.0000
20111027	臺股期貨            	TXF    	A         	18200	27535804.0000	16771	25375898.0000	1429	2159906.0000	5425	8226059.0000	4920	7445783.0000	505	780276.0000
20111027	臺股期貨            	TXF    	B         	380	574714.0000	37	56036.0000	343	518678.0000	1464	2222645.0000	547	830455.0000	917	1392190.0000
20111027	臺股期貨            	TXF    	C         	20575	31125465.0000	21718	32833388.0000	-1143	-1707922.0000	27748	42060934.0000	23508	35660974.0000	4240	6399960.0000
20111027	非金電期貨          	XIF    	A         	120	128419.0000	136	145466.0000	-16	-17047.0000	400	430884.0000	140	150766.0000	260	280118.0000
20111027	非金電期貨          	XIF    	B         	0	.0000	0	.0000	0	.0000	28	30159.0000	0	.0000	28	30159.0000
20111027	非金電期貨          	XIF    	C         	95	101919.0000	176	188895.0000	-81	-86977.0000	141	151871.0000	497	535319.0000	-356	-383448.0000
20111028	電子期貨            	EXF    	A         	1117	1237904.0000	872	966582.0000	245	271322.0000	1127	1238772.0000	221	242660.0000	906	996112.0000
20111028	電子期貨            	EXF    	B         	25	27994.0000	24	26544.0000	1	1450.0000	159	174805.0000	89	97847.0000	70	76958.0000
20111028	電子期貨            	EXF    	C         	1422	1576976.0000	1275	1413346.0000	147	163631.0000	1900	2088860.0000	1953	2147093.0000	-53	-58233.0000
20111028	金融期貨            	FXF    	A         	1322	1179154.0000	1197	1067852.0000	125	111302.0000	895	790191.0000	641	565960.0000	254	224231.0000
20111028	金融期貨            	FXF    	B         	220	197003.0000	100	89229.0000	120	107774.0000	327	288741.0000	100	88300.0000	227	200441.0000
20111028	金融期貨            	FXF    	C         	1964	1753684.0000	1702	1519173.0000	262	234511.0000	1145	1011035.0000	3193	2819399.0000	-2048	-1808364.0000
20111028	櫃買期貨            	GTF    	A         	12	5153.0000	14	6037.0000	-2	-883.0000	2	850.0000	121	51400.0000	-119	-50550.0000
20111028	櫃買期貨            	GTF    	B         	0	.0000	0	.0000	0	.0000	143	60746.0000	0	.0000	143	60746.0000
20111028	櫃買期貨            	GTF    	C         	0	.0000	0	.0000	0	.0000	0	.0000	0	.0000	0	.0000
20111028	小型臺指            	MXF    	A         	9267	3560296.0000	9407	3613513.0000	-140	-53217.0000	2689	1024527.0000	4773	1814463.0000	-2084	-789936.0000
20111028	小型臺指            	MXF    	B         	0	.0000	0	.0000	0	.0000	60	22884.0000	0	.0000	60	22884.0000
20111028	小型臺指            	MXF    	C         	13541	5200299.0000	15377	5909845.0000	-1836	-709546.0000	7650	2915808.0000	3873	1474577.0000	3777	1441231.0000
20111028	股票期貨            	STF    	A         	7342	397576.0000	7178	393103.0000	164	4472.0000	14937	989577.0000	9606	600009.0000	5331	389568.0000
20111028	股票期貨            	STF    	B         	0	.0000	145	18120.0000	-145	-18120.0000	11132	1644359.0000	0	.0000	11132	1644359.0000
20111028	股票期貨            	STF    	C         	521	41604.0000	325	27578.0000	196	14026.0000	1960	208281.0000	25332	2592452.0000	-23372	-2384171.0000
20111028	臺灣50期貨          	T5F    	A         	0	.0000	0	.0000	0	.0000	200	104260.0000	0	.0000	200	104260.0000
20111028	臺灣50期貨          	T5F    	B         	0	.0000	0	.0000	0	.0000	0	.0000	0	.0000	0	.0000
20111028	臺灣50期貨          	T5F    	C         	0	.0000	0	.0000	0	.0000	300	156390.0000	500	260650.0000	-200	-104260.0000
20111028	臺股期貨            	TXF    	A         	22929	35231402.0000	23950	36774964.0000	-1021	-1543562.0000	5318	8104733.0000	6034	9182575.0000	-716	-1077842.0000
20111028	臺股期貨            	TXF    	B         	95	147512.0000	76	116397.0000	19	31115.0000	1464	2233478.0000	528	805517.0000	936	1427961.0000
20111028	臺股期貨            	TXF    	C         	26490	40675835.0000	25751	39577121.0000	739	1098714.0000	30016	45728062.0000	25217	38441433.0000	4799	7286629.0000
20111028	非金電期貨          	XIF    	A         	129	140995.0000	114	124668.0000	15	16327.0000	431	466782.0000	156	168919.0000	275	297863.0000
20111028	非金電期貨          	XIF    	B         	0	.0000	0	.0000	0	.0000	28	30321.0000	0	.0000	28	30321.0000
20111028	非金電期貨          	XIF    	C         	325	355809.0000	112	122513.0000	213	233296.0000	374	405005.0000	517	559859.0000	-143	-154854.0000
20111031	電子期貨            	EXF    	A         	671	736512.0000	631	693282.0000	40	43230.0000	1155	1260727.0000	209	227675.0000	946	1033052.0000
20111031	電子期貨            	EXF    	B         	0	.0000	0	.0000	0	.0000	159	173628.0000	89	97188.0000	70	76440.0000
20111031	電子期貨            	EXF    	C         	852	935676.0000	862	946345.0000	-10	-10669.0000	1925	2102100.0000	1988	2170806.0000	-63	-68706.0000
20111031	金融期貨            	FXF    	A         	858	763130.0000	873	774845.0000	-15	-11716.0000	885	778949.0000	646	568592.0000	239	210357.0000
20111031	金融期貨            	FXF    	B         	0	.0000	1	879.0000	-1	-879.0000	326	286945.0000	100	88020.0000	226	198925.0000
20111031	金融期貨            	FXF    	C         	1229	1090239.0000	1229	1091073.0000	0	-834.0000	1050	924210.0000	3098	2726840.0000	-2048	-1802630.0000
20111031	櫃買期貨            	GTF    	A         	9	3799.0000	0	.0000	9	3799.0000	6	2525.0000	116	48813.0000	-110	-46288.0000
20111031	櫃買期貨            	GTF    	B         	0	.0000	0	.0000	0	.0000	143	60174.0000	0	.0000	143	60174.0000
20111031	櫃買期貨            	GTF    	C         	0	.0000	0	.0000	0	.0000	0	.0000	0	.0000	0	.0000
20111031	小型臺指            	MXF    	A         	8539	3253028.0000	8817	3356287.0000	-278	-103259.0000	3067	1158645.0000	5101	1921847.0000	-2034	-763202.0000
20111031	小型臺指            	MXF    	B         	0	.0000	23	8697.0000	-23	-8697.0000	37	13990.0000	0	.0000	37	13990.0000
20111031	小型臺指            	MXF    	C         	11680	4450436.0000	14128	5378085.0000	-2448	-927649.0000	7061	2667667.0000	4096	1546013.0000	2965	1121654.0000
20111031	股票期貨            	STF    	A         	6677	312471.0000	6940	345304.0000	-263	-32833.0000	15036	976817.0000	9968	619903.0000	5068	356914.0000
20111031	股票期貨            	STF    	B         	0	.0000	0	.0000	0	.0000	11132	1650597.0000	0	.0000	11132	1650597.0000
20111031	股票期貨            	STF    	C         	420	37156.0000	210	23944.0000	210	13212.0000	2224	240256.0000	25386	2611412.0000	-23162	-2371156.0000
20111031	臺灣50期貨          	T5F    	A         	0	.0000	0	.0000	0	.0000	200	103860.0000	0	.0000	200	103860.0000
20111031	臺灣50期貨          	T5F    	B         	0	.0000	0	.0000	0	.0000	0	.0000	0	.0000	0	.0000
20111031	臺灣50期貨          	T5F    	C         	0	.0000	0	.0000	0	.0000	300	155790.0000	500	259650.0000	-200	-103860.0000
20111031	臺股期貨            	TXF    	A         	17438	26556142.0000	18830	28659554.0000	-1392	-2103412.0000	3739	5647781.0000	5929	8942934.0000	-2190	-3295153.0000
20111031	臺股期貨            	TXF    	B         	40	60741.0000	133	201649.0000	-93	-140908.0000	1343	2031153.0000	500	756200.0000	843	1274953.0000
20111031	臺股期貨            	TXF    	C         	19032	28998509.0000	18260	27804621.0000	772	1193887.0000	29756	44935736.0000	24594	37166197.0000	5162	7769539.0000
20111031	非金電期貨          	XIF    	A         	84	90746.0000	43	46503.0000	41	44243.0000	456	487957.0000	140	149803.0000	316	338154.0000
20111031	非金電期貨          	XIF    	B         	0	.0000	0	.0000	0	.0000	28	29957.0000	0	.0000	28	29957.0000
20111031	非金電期貨          	XIF    	C         	142	153456.0000	157	169468.0000	-15	-16012.0000	371	396933.0000	529	565977.0000	-158	-169044.0000
