20110103	電子期貨            	EXF    	A         	442	603058.0000	1023	1395331.0000	-581	-792273.0000	771	1049267.0000	1150	1565126.0000	-379	-515859.0000
20110103	電子期貨            	EXF    	B         	0	.0000	0	.0000	0	.0000	156	212378.0000	83	112996.0000	73	99382.0000
20110103	電子期貨            	EXF    	C         	268	365716.0000	709	966995.0000	-441	-601279.0000	2567	3493939.0000	5234	7124479.0000	-2667	-3630540.0000
20110103	金融期貨            	FXF    	A         	1437	1521410.0000	1637	1733465.0000	-200	-212055.0000	1237	1320529.0000	592	631598.0000	645	688931.0000
20110103	金融期貨            	FXF    	B         	234	247511.0000	5	5268.0000	229	242243.0000	437	466541.0000	60	64056.0000	377	402485.0000
20110103	金融期貨            	FXF    	C         	1030	1089820.0000	1000	1056200.0000	30	33620.0000	870	928812.0000	7064	7540954.0000	-6194	-6612142.0000
20110103	櫃買期貨            	GTF    	A         	137	78932.0000	153	88146.0000	-16	-9214.0000	88	50559.0000	151	86766.0000	-63	-36207.0000
20110103	櫃買期貨            	GTF    	B         	0	.0000	0	.0000	0	.0000	0	.0000	0	.0000	0	.0000
20110103	櫃買期貨            	GTF    	C         	0	.0000	0	.0000	0	.0000	0	.0000	0	.0000	0	.0000
20110103	摩臺期              	MSF    	A         	0	.0000	0	.0000	0	.0000	29	27025.0000	29	27098.0000	0	-73.0000
20110103	摩臺期              	MSF    	B         	0	.0000	0	.0000	0	.0000	0	.0000	0	.0000	0	.0000
20110103	摩臺期              	MSF    	C         	0	.0000	0	.0000	0	.0000	0	.0000	0	.0000	0	.0000
20110103	小型臺指            	MXF    	A         	2439	1098842.0000	2622	1180466.0000	-183	-81624.0000	3881	1746539.0000	2704	1202979.0000	1177	543560.0000
20110103	小型臺指            	MXF    	B         	0	.0000	0	.0000	0	.0000	0	.0000	0	.0000	0	.0000
20110103	小型臺指            	MXF    	C         	3283	1479430.0000	4162	1874753.0000	-879	-395322.0000	3932	1770437.0000	1815	813229.0000	2117	957208.0000
20110103	股票期貨            	STF    	A         	1770	128779.0000	1815	137510.0000	-45	-8731.0000	1920	137027.0000	7270	688323.0000	-5350	-551296.0000
20110103	股票期貨            	STF    	B         	0	.0000	0	.0000	0	.0000	0	.0000	0	.0000	0	.0000
20110103	股票期貨            	STF    	C         	41	5808.0000	181	21406.0000	-140	-15597.0000	44	5194.0000	3247	280221.0000	-3203	-275027.0000
20110103	臺灣50期貨          	T5F    	A         	0	.0000	0	.0000	0	.0000	0	.0000	1	615.0000	-1	-615.0000
20110103	臺灣50期貨          	T5F    	B         	0	.0000	0	.0000	0	.0000	0	.0000	0	.0000	0	.0000
20110103	臺灣50期貨          	T5F    	C         	0	.0000	0	.0000	0	.0000	0	.0000	0	.0000	0	.0000
20110103	臺股期貨            	TXF    	A         	9431	17003100.0000	9551	17214573.0000	-120	-211473.0000	16084	28981078.0000	4713	8417670.0000	11371	20563408.0000
20110103	臺股期貨            	TXF    	B         	28	50457.0000	67	120963.0000	-39	-70507.0000	1176	2121310.0000	466	840553.0000	710	1280757.0000
20110103	臺股期貨            	TXF    	C         	8353	15054924.0000	9422	16978621.0000	-1069	-1923697.0000	28030	50523764.0000	40641	73240775.0000	-12611	-22717011.0000
20110103	非金電期貨          	XIF    	A         	147	175045.0000	194	230959.0000	-47	-55914.0000	554	660474.0000	462	550851.0000	92	109623.0000
20110103	非金電期貨          	XIF    	B         	0	.0000	0	.0000	0	.0000	18	21469.0000	0	.0000	18	21469.0000
20110103	非金電期貨          	XIF    	C         	26	30933.0000	65	77447.0000	-39	-46514.0000	302	360195.0000	447	533128.0000	-145	-172933.0000
20110104	電子期貨            	EXF    	A         	757	1033637.0000	661	902752.0000	96	130885.0000	569	775722.0000	852	1161503.0000	-283	-385781.0000
20110104	電子期貨            	EXF    	B         	0	.0000	0	.0000	0	.0000	156	212722.0000	83	113179.0000	73	99543.0000
20110104	電子期貨            	EXF    	C         	343	468308.0000	756	1032471.0000	-413	-564163.0000	2443	3330822.0000	5523	7530530.0000	-3080	-4199708.0000
20110104	金融期貨            	FXF    	A         	1481	1554300.0000	2092	2202131.0000	-611	-647832.0000	981	1014273.0000	947	978794.0000	34	35479.0000
20110104	金融期貨            	FXF    	B         	375	396162.0000	140	146206.0000	235	249956.0000	672	694848.0000	60	62040.0000	612	632808.0000
20110104	金融期貨            	FXF    	C         	1204	1264529.0000	2928	3088657.0000	-1724	-1824127.0000	671	693814.0000	8589	8880090.0000	-7918	-8186276.0000
20110104	櫃買期貨            	GTF    	A         	184	105957.0000	184	105951.0000	0	6.0000	102	58752.0000	165	95040.0000	-63	-36288.0000
20110104	櫃買期貨            	GTF    	B         	0	.0000	0	.0000	0	.0000	0	.0000	0	.0000	0	.0000
20110104	櫃買期貨            	GTF    	C         	0	.0000	0	.0000	0	.0000	0	.0000	0	.0000	0	.0000
20110104	摩臺期              	MSF    	A         	0	.0000	0	.0000	0	.0000	29	26833.0000	29	26905.0000	0	-72.0000
20110104	摩臺期              	MSF    	B         	0	.0000	0	.0000	0	.0000	0	.0000	0	.0000	0	.0000
20110104	摩臺期              	MSF    	C         	0	.0000	0	.0000	0	.0000	0	.0000	0	.0000	0	.0000
20110104	小型臺指            	MXF    	A         	1894	852952.0000	2344	1054669.0000	-450	-201717.0000	3492	1563480.0000	2765	1224144.0000	727	339336.0000
20110104	小型臺指            	MXF    	B         	0	.0000	0	.0000	0	.0000	0	.0000	0	.0000	0	.0000
20110104	小型臺指            	MXF    	C         	3096	1394164.0000	4088	1840281.0000	-992	-446117.0000	3320	1487214.0000	1827	814061.0000	1493	673153.0000
20110104	股票期貨            	STF    	A         	1928	132830.0000	1980	132779.0000	-52	51.0000	2044	150032.0000	7446	698796.0000	-5402	-548764.0000
20110104	股票期貨            	STF    	B         	0	.0000	0	.0000	0	.0000	0	.0000	0	.0000	0	.0000
20110104	股票期貨            	STF    	C         	127	9939.0000	263	21706.0000	-136	-11767.0000	41	4579.0000	3380	289579.0000	-3339	-285000.0000
20110104	臺灣50期貨          	T5F    	A         	0	.0000	0	.0000	0	.0000	0	.0000	1	611.0000	-1	-611.0000
20110104	臺灣50期貨          	T5F    	B         	0	.0000	0	.0000	0	.0000	0	.0000	0	.0000	0	.0000
20110104	臺灣50期貨          	T5F    	C         	0	.0000	0	.0000	0	.0000	0	.0000	0	.0000	0	.0000
20110104	臺股期貨            	TXF    	A         	11450	20620297.0000	11864	21361630.0000	-414	-741333.0000	15149	27161193.0000	4192	7436444.0000	10957	19724749.0000
20110104	臺股期貨            	TXF    	B         	207	373524.0000	30	53975.0000	177	319549.0000	1379	2475398.0000	492	883130.0000	887	1592268.0000
20110104	臺股期貨            	TXF    	C         	7577	13650042.0000	9081	16362502.0000	-1504	-2712460.0000	26153	46904958.0000	40360	72376109.0000	-14207	-25471151.0000
20110104	非金電期貨          	XIF    	A         	365	434394.0000	266	316445.0000	99	117949.0000	640	759936.0000	449	533188.0000	191	226748.0000
20110104	非金電期貨          	XIF    	B         	0	.0000	0	.0000	0	.0000	18	21375.0000	0	.0000	18	21375.0000
20110104	非金電期貨          	XIF    	C         	112	133217.0000	212	252247.0000	-100	-119030.0000	180	213750.0000	425	504688.0000	-245	-290938.0000
20110105	電子期貨            	EXF    	A         	1562	2107900.0000	1398	1884113.0000	164	223786.0000	646	864430.0000	765	1023435.0000	-119	-159005.0000
20110105	電子期貨            	EXF    	B         	0	.0000	0	.0000	0	.0000	156	208790.0000	83	111087.0000	73	97703.0000
20110105	電子期貨            	EXF    	C         	1962	2645578.0000	1604	2155817.0000	358	489761.0000	2194	2935533.0000	4916	6578181.0000	-2722	-3642648.0000
20110105	金融期貨            	FXF    	A         	3621	3735694.0000	3553	3674085.0000	68	61609.0000	1085	1109822.0000	983	1005180.0000	102	104642.0000
20110105	金融期貨            	FXF    	B         	70	71297.0000	0	.0000	70	71297.0000	742	759214.0000	60	61392.0000	682	697822.0000
20110105	金融期貨            	FXF    	C         	5308	5490776.0000	4291	4422159.0000	1017	1068617.0000	1177	1203849.0000	8078	8263490.0000	-6901	-7059641.0000
20110105	櫃買期貨            	GTF    	A         	262	149687.0000	190	108549.0000	72	41138.0000	116	65907.0000	107	60786.0000	9	5121.0000
20110105	櫃買期貨            	GTF    	B         	0	.0000	0	.0000	0	.0000	0	.0000	0	.0000	0	.0000
20110105	櫃買期貨            	GTF    	C         	0	.0000	0	.0000	0	.0000	0	.0000	0	.0000	0	.0000
20110105	摩臺期              	MSF    	A         	0	.0000	0	.0000	0	.0000	29	26477.0000	29	26549.0000	0	-72.0000
20110105	摩臺期              	MSF    	B         	0	.0000	0	.0000	0	.0000	0	.0000	0	.0000	0	.0000
20110105	摩臺期              	MSF    	C         	0	.0000	0	.0000	0	.0000	0	.0000	0	.0000	0	.0000
20110105	小型臺指            	MXF    	A         	8184	3629299.0000	11718	5202797.0000	-3534	-1573498.0000	2415	1063476.0000	2982	1298628.0000	-567	-235152.0000
20110105	小型臺指            	MXF    	B         	0	.0000	0	.0000	0	.0000	0	.0000	0	.0000	0	.0000
20110105	小型臺指            	MXF    	C         	13322	5915560.0000	14764	6555189.0000	-1442	-639629.0000	3112	1372391.0000	2025	890574.0000	1087	481817.0000
20110105	股票期貨            	STF    	A         	6823	380390.0000	6049	350985.0000	774	29405.0000	2534	157251.0000	7162	667631.0000	-4628	-510380.0000
20110105	股票期貨            	STF    	B         	0	.0000	0	.0000	0	.0000	0	.0000	0	.0000	0	.0000
20110105	股票期貨            	STF    	C         	251	14721.0000	415	25250.0000	-164	-10529.0000	35	4285.0000	3538	293811.0000	-3503	-289526.0000
20110105	臺灣50期貨          	T5F    	A         	0	.0000	0	.0000	0	.0000	0	.0000	1	600.0000	-1	-600.0000
20110105	臺灣50期貨          	T5F    	B         	0	.0000	0	.0000	0	.0000	0	.0000	0	.0000	0	.0000
20110105	臺灣50期貨          	T5F    	C         	0	.0000	0	.0000	0	.0000	0	.0000	0	.0000	0	.0000
20110105	臺股期貨            	TXF    	A         	37609	66748120.0000	39083	69389111.0000	-1474	-2640991.0000	13926	24575381.0000	5003	8728589.0000	8923	15846792.0000
20110105	臺股期貨            	TXF    	B         	5	8800.0000	314	555120.0000	-309	-546320.0000	1178	2082245.0000	600	1060485.0000	578	1021760.0000
20110105	臺股期貨            	TXF    	C         	22996	40872560.0000	23833	42365100.0000	-837	-1492540.0000	24246	42813251.0000	39549	69820403.0000	-15303	-27007152.0000
20110105	非金電期貨          	XIF    	A         	373	438945.0000	623	732155.0000	-250	-293210.0000	396	463915.0000	455	533154.0000	-59	-69239.0000
20110105	非金電期貨          	XIF    	B         	0	.0000	0	.0000	0	.0000	18	21094.0000	0	.0000	18	21094.0000
20110105	非金電期貨          	XIF    	C         	347	408808.0000	54	63497.0000	293	345311.0000	439	514464.0000	391	458207.0000	48	56257.0000
20110106	電子期貨            	EXF    	A         	686	922158.0000	781	1049929.0000	-95	-127771.0000	680	915995.0000	894	1203659.0000	-214	-287664.0000
20110106	電子期貨            	EXF    	B         	25	33645.0000	0	.0000	25	33645.0000	181	243843.0000	83	111818.0000	98	132025.0000
20110106	電子期貨            	EXF    	C         	736	989113.0000	927	1246132.0000	-191	-257019.0000	2201	2963773.0000	5114	6887842.0000	-2913	-3924069.0000
20110106	金融期貨            	FXF    	A         	1891	1937404.0000	1854	1899083.0000	37	38321.0000	1047	1083231.0000	908	938996.0000	139	144235.0000
20110106	金融期貨            	FXF    	B         	0	.0000	0	.0000	0	.0000	742	767970.0000	60	62100.0000	682	705870.0000
20110106	金融期貨            	FXF    	C         	1756	1798201.0000	1825	1865934.0000	-69	-67733.0000	968	1001771.0000	7938	8213982.0000	-6970	-7212211.0000
20110106	櫃買期貨            	GTF    	A         	175	99975.0000	222	126860.0000	-47	-26886.0000	87	49646.0000	125	71302.0000	-38	-21656.0000
20110106	櫃買期貨            	GTF    	B         	0	.0000	0	.0000	0	.0000	0	.0000	0	.0000	0	.0000
20110106	櫃買期貨            	GTF    	C         	0	.0000	0	.0000	0	.0000	0	.0000	0	.0000	0	.0000
20110106	摩臺期              	MSF    	A         	0	.0000	0	.0000	0	.0000	29	26570.0000	29	26642.0000	0	-72.0000
20110106	摩臺期              	MSF    	B         	0	.0000	0	.0000	0	.0000	0	.0000	0	.0000	0	.0000
20110106	摩臺期              	MSF    	C         	0	.0000	0	.0000	0	.0000	0	.0000	0	.0000	0	.0000
20110106	小型臺指            	MXF    	A         	3731	1648774.0000	3361	1485419.0000	370	163355.0000	2491	1100678.0000	2564	1117831.0000	-73	-17153.0000
20110106	小型臺指            	MXF    	B         	0	.0000	0	.0000	0	.0000	0	.0000	0	.0000	0	.0000
20110106	小型臺指            	MXF    	C         	6172	2727409.0000	6441	2846375.0000	-269	-118966.0000	3179	1406315.0000	2077	916834.0000	1102	489481.0000
20110106	股票期貨            	STF    	A         	3379	208771.0000	3238	192151.0000	141	16620.0000	2643	165490.0000	7130	657571.0000	-4487	-492081.0000
20110106	股票期貨            	STF    	B         	0	.0000	0	.0000	0	.0000	0	.0000	0	.0000	0	.0000
20110106	股票期貨            	STF    	C         	104	5881.0000	164	15062.0000	-60	-9182.0000	30	3939.0000	3593	302712.0000	-3563	-298773.0000
20110106	臺灣50期貨          	T5F    	A         	0	.0000	0	.0000	0	.0000	0	.0000	1	601.0000	-1	-601.0000
20110106	臺灣50期貨          	T5F    	B         	0	.0000	0	.0000	0	.0000	0	.0000	0	.0000	0	.0000
20110106	臺灣50期貨          	T5F    	C         	0	.0000	0	.0000	0	.0000	0	.0000	0	.0000	0	.0000
20110106	臺股期貨            	TXF    	A         	14397	25472522.0000	14575	25779735.0000	-178	-307214.0000	14153	25052526.0000	5439	9528170.0000	8714	15524356.0000
20110106	臺股期貨            	TXF    	B         	54	95815.0000	262	463031.0000	-208	-367216.0000	1221	2165280.0000	851	1509116.0000	370	656164.0000
20110106	臺股期貨            	TXF    	C         	11656	20609858.0000	11425	20199559.0000	231	410299.0000	23873	42289325.0000	39008	69076679.0000	-15135	-26787354.0000
20110106	非金電期貨          	XIF    	A         	309	359773.0000	335	390085.0000	-26	-30312.0000	397	463650.0000	482	563088.0000	-85	-99438.0000
20110106	非金電期貨          	XIF    	B         	0	.0000	0	.0000	0	.0000	18	21035.0000	0	.0000	18	21035.0000
20110106	非金電期貨          	XIF    	C         	79	91956.0000	67	78102.0000	12	13854.0000	471	550411.0000	411	480284.0000	60	70127.0000
20110107	電子期貨            	EXF    	A         	994	1342412.0000	1022	1377669.0000	-28	-35256.0000	675	906827.0000	917	1230913.0000	-242	-324086.0000
20110107	電子期貨            	EXF    	B         	4	5355.0000	3	4069.0000	1	1286.0000	184	247222.0000	85	114206.0000	99	133016.0000
20110107	電子期貨            	EXF    	C         	1276	1719632.0000	1152	1552449.0000	124	167183.0000	2222	2983551.0000	5011	6730652.0000	-2789	-3747101.0000
20110107	金融期貨            	FXF    	A         	1385	1403181.0000	1884	1913300.0000	-499	-510119.0000	767	769739.0000	1127	1130486.0000	-360	-360747.0000
20110107	金融期貨            	FXF    	B         	9	9033.0000	0	.0000	9	9033.0000	742	744968.0000	51	51204.0000	691	693764.0000
20110107	金融期貨            	FXF    	C         	1399	1421033.0000	1840	1871208.0000	-441	-450175.0000	916	919552.0000	8327	8358394.0000	-7411	-7438842.0000
20110107	櫃買期貨            	GTF    	A         	168	95396.0000	171	97105.0000	-3	-1709.0000	73	41295.0000	114	64467.0000	-41	-23172.0000
20110107	櫃買期貨            	GTF    	B         	0	.0000	0	.0000	0	.0000	0	.0000	0	.0000	0	.0000
20110107	櫃買期貨            	GTF    	C         	0	.0000	0	.0000	0	.0000	0	.0000	0	.0000	0	.0000
20110107	摩臺期              	MSF    	A         	0	.0000	0	.0000	0	.0000	29	26379.0000	29	26452.0000	0	-73.0000
20110107	摩臺期              	MSF    	B         	0	.0000	0	.0000	0	.0000	0	.0000	0	.0000	0	.0000
20110107	摩臺期              	MSF    	C         	0	.0000	0	.0000	0	.0000	0	.0000	0	.0000	0	.0000
20110107	小型臺指            	MXF    	A         	8626	3786114.0000	9387	4123535.0000	-761	-337421.0000	1883	820203.0000	3141	1355060.0000	-1258	-534857.0000
20110107	小型臺指            	MXF    	B         	0	.0000	0	.0000	0	.0000	0	.0000	0	.0000	0	.0000
20110107	小型臺指            	MXF    	C         	12344	5423482.0000	12792	5617871.0000	-448	-194389.0000	3256	1421313.0000	2250	978770.0000	1006	442543.0000
20110107	股票期貨            	STF    	A         	4454	321993.0000	4495	329758.0000	-41	-7764.0000	2636	165687.0000	7164	654844.0000	-4528	-489157.0000
20110107	股票期貨            	STF    	B         	0	.0000	0	.0000	0	.0000	0	.0000	0	.0000	0	.0000
20110107	股票期貨            	STF    	C         	160	14698.0000	250	24456.0000	-90	-9758.0000	26	3804.0000	3679	306542.0000	-3653	-302738.0000
20110107	臺灣50期貨          	T5F    	A         	0	.0000	0	.0000	0	.0000	0	.0000	1	595.0000	-1	-595.0000
20110107	臺灣50期貨          	T5F    	B         	0	.0000	0	.0000	0	.0000	0	.0000	0	.0000	0	.0000
20110107	臺灣50期貨          	T5F    	C         	0	.0000	0	.0000	0	.0000	0	.0000	0	.0000	0	.0000
20110107	臺股期貨            	TXF    	A         	27976	49131485.0000	31469	55280874.0000	-3493	-6149389.0000	10692	18669127.0000	5365	9270204.0000	5327	9398923.0000
20110107	臺股期貨            	TXF    	B         	145	254995.0000	154	269937.0000	-9	-14942.0000	1149	2011088.0000	788	1379221.0000	361	631867.0000
20110107	臺股期貨            	TXF    	C         	18460	32430598.0000	15120	26562179.0000	3340	5868420.0000	24136	42190787.0000	36019	62929597.0000	-11883	-20738810.0000
20110107	非金電期貨          	XIF    	A         	346	397859.0000	586	672973.0000	-240	-275114.0000	250	285532.0000	575	657293.0000	-325	-371761.0000
20110107	非金電期貨          	XIF    	B         	0	.0000	0	.0000	0	.0000	18	20588.0000	0	.0000	18	20588.0000
20110107	非金電期貨          	XIF    	C         	461	529242.0000	192	221301.0000	269	307941.0000	408	466670.0000	79	90349.0000	329	376321.0000
20110110	電子期貨            	EXF    	A         	414	556033.0000	373	501127.0000	41	54906.0000	732	986421.0000	933	1256176.0000	-201	-269755.0000
20110110	電子期貨            	EXF    	B         	0	.0000	0	.0000	0	.0000	184	247995.0000	85	114563.0000	99	133432.0000
20110110	電子期貨            	EXF    	C         	660	886110.0000	365	490168.0000	295	395942.0000	2298	3095178.0000	4792	6456435.0000	-2494	-3361257.0000
20110110	金融期貨            	FXF    	A         	1209	1225591.0000	902	914106.0000	307	311485.0000	1004	1020022.0000	1057	1073168.0000	-53	-53146.0000
20110110	金融期貨            	FXF    	B         	0	.0000	0	.0000	0	.0000	742	754317.0000	51	51847.0000	691	702470.0000
20110110	金融期貨            	FXF    	C         	1268	1284109.0000	847	857461.0000	421	426647.0000	1010	1026628.0000	8001	8131061.0000	-6991	-7104433.0000
20110110	櫃買期貨            	GTF    	A         	134	76089.0000	129	73253.0000	5	2837.0000	87	49366.0000	123	69798.0000	-36	-20432.0000
20110110	櫃買期貨            	GTF    	B         	0	.0000	0	.0000	0	.0000	0	.0000	0	.0000	0	.0000
20110110	櫃買期貨            	GTF    	C         	0	.0000	0	.0000	0	.0000	0	.0000	0	.0000	0	.0000
20110110	摩臺期              	MSF    	A         	1	915.0000	1	915.0000	0	.0000	29	26460.0000	29	26532.0000	0	-72.0000
20110110	摩臺期              	MSF    	B         	0	.0000	0	.0000	0	.0000	0	.0000	0	.0000	0	.0000
20110110	摩臺期              	MSF    	C         	0	.0000	0	.0000	0	.0000	0	.0000	0	.0000	0	.0000
20110110	小型臺指            	MXF    	A         	3894	1705197.0000	3320	1454139.0000	574	251058.0000	2067	904628.0000	2463	1062802.0000	-396	-158174.0000
20110110	小型臺指            	MXF    	B         	0	.0000	0	.0000	0	.0000	0	.0000	0	.0000	0	.0000
20110110	小型臺指            	MXF    	C         	5103	2234259.0000	5006	2193044.0000	97	41215.0000	3323	1456340.0000	2212	966215.0000	1111	490125.0000
20110110	股票期貨            	STF    	A         	3494	260502.0000	3401	258208.0000	93	2294.0000	2703	175496.0000	7138	663594.0000	-4435	-488098.0000
20110110	股票期貨            	STF    	B         	0	.0000	0	.0000	0	.0000	0	.0000	0	.0000	0	.0000
20110110	股票期貨            	STF    	C         	119	9165.0000	186	13407.0000	-67	-4242.0000	22	3428.0000	3742	313064.0000	-3720	-309636.0000
20110110	臺灣50期貨          	T5F    	A         	0	.0000	0	.0000	0	.0000	0	.0000	1	599.0000	-1	-599.0000
20110110	臺灣50期貨          	T5F    	B         	0	.0000	0	.0000	0	.0000	0	.0000	0	.0000	0	.0000
20110110	臺灣50期貨          	T5F    	C         	0	.0000	0	.0000	0	.0000	0	.0000	0	.0000	0	.0000
20110110	臺股期貨            	TXF    	A         	10649	18667933.0000	12221	21423639.0000	-1572	-2755705.0000	10095	17697244.0000	6412	11151916.0000	3683	6545328.0000
20110110	臺股期貨            	TXF    	B         	284	497910.0000	58	101586.0000	226	396324.0000	1149	2018909.0000	562	987438.0000	587	1031471.0000
20110110	臺股期貨            	TXF    	C         	12895	22596143.0000	10187	17852766.0000	2708	4743378.0000	25073	44003679.0000	34259	60085630.0000	-9186	-16081951.0000
20110110	非金電期貨          	XIF    	A         	234	267375.0000	228	260599.0000	6	6776.0000	254	290819.0000	573	656641.0000	-319	-365822.0000
20110110	非金電期貨          	XIF    	B         	0	.0000	0	.0000	0	.0000	18	20641.0000	0	.0000	18	20641.0000
20110110	非金電期貨          	XIF    	C         	56	64056.0000	48	54883.0000	8	9173.0000	416	477027.0000	79	90578.0000	337	386449.0000
20110111	電子期貨            	EXF    	A         	1427	1946165.0000	1001	1366090.0000	426	580074.0000	1132	1554747.0000	907	1244786.0000	225	309961.0000
20110111	電子期貨            	EXF    	B         	40	54749.0000	3	4055.0000	37	50694.0000	221	303566.0000	85	116756.0000	136	186810.0000
20110111	電子期貨            	EXF    	C         	953	1300998.0000	724	988328.0000	229	312670.0000	2455	3370147.0000	4720	6481392.0000	-2265	-3111245.0000
20110111	金融期貨            	FXF    	A         	1455	1492775.0000	1246	1279909.0000	209	212867.0000	1097	1135703.0000	941	973026.0000	156	162677.0000
20110111	金融期貨            	FXF    	B         	200	205531.0000	0	.0000	200	205531.0000	942	975535.0000	51	52816.0000	891	922719.0000
20110111	金融期貨            	FXF    	C         	1333	1363770.0000	913	938607.0000	420	425163.0000	1104	1143260.0000	7675	7946270.0000	-6571	-6803010.0000
20110111	櫃買期貨            	GTF    	A         	100	57168.0000	122	69830.0000	-22	-12662.0000	101	58301.0000	159	91659.0000	-58	-33358.0000
20110111	櫃買期貨            	GTF    	B         	0	.0000	0	.0000	0	.0000	0	.0000	0	.0000	0	.0000
20110111	櫃買期貨            	GTF    	C         	0	.0000	0	.0000	0	.0000	0	.0000	0	.0000	0	.0000
20110111	摩臺期              	MSF    	A         	0	.0000	0	.0000	0	.0000	29	26551.0000	29	26623.0000	0	-72.0000
20110111	摩臺期              	MSF    	B         	0	.0000	0	.0000	0	.0000	0	.0000	0	.0000	0	.0000
20110111	摩臺期              	MSF    	C         	0	.0000	0	.0000	0	.0000	0	.0000	0	.0000	0	.0000
20110111	小型臺指            	MXF    	A         	12301	5458197.0000	7739	3441374.0000	4562	2016823.0000	4631	2065616.0000	1961	859212.0000	2670	1206404.0000
20110111	小型臺指            	MXF    	B         	0	.0000	0	.0000	0	.0000	0	.0000	0	.0000	0	.0000
20110111	小型臺指            	MXF    	C         	11347	5033807.0000	9537	4236973.0000	1810	796835.0000	4514	2013202.0000	2057	914807.0000	2457	1098395.0000
20110111	股票期貨            	STF    	A         	6041	432844.0000	5930	416558.0000	111	16287.0000	2763	176436.0000	7087	659334.0000	-4324	-482898.0000
20110111	股票期貨            	STF    	B         	0	.0000	0	.0000	0	.0000	0	.0000	0	.0000	0	.0000
20110111	股票期貨            	STF    	C         	99	6017.0000	175	12677.0000	-76	-6660.0000	20	3085.0000	3816	323781.0000	-3796	-320696.0000
20110111	臺灣50期貨          	T5F    	A         	2	1199.0000	2	1204.0000	0	-5.0000	1	606.0000	2	1216.0000	-1	-610.0000
20110111	臺灣50期貨          	T5F    	B         	0	.0000	0	.0000	0	.0000	0	.0000	0	.0000	0	.0000
20110111	臺灣50期貨          	T5F    	C         	0	.0000	0	.0000	0	.0000	0	.0000	0	.0000	0	.0000
20110111	臺股期貨            	TXF    	A         	34868	61966849.0000	29556	52535401.0000	5312	9431448.0000	13390	23892830.0000	4021	7075251.0000	9369	16817579.0000
20110111	臺股期貨            	TXF    	B         	157	279549.0000	300	534975.0000	-143	-255425.0000	1233	2204254.0000	789	1410479.0000	444	793775.0000
20110111	臺股期貨            	TXF    	C         	20071	35659574.0000	18543	32982211.0000	1528	2677363.0000	28067	50117149.0000	35609	63544859.0000	-7542	-13427710.0000
20110111	非金電期貨          	XIF    	A         	378	437158.0000	400	462032.0000	-22	-24874.0000	304	353210.0000	645	749856.0000	-341	-396646.0000
20110111	非金電期貨          	XIF    	B         	0	.0000	0	.0000	0	.0000	18	20934.0000	0	.0000	18	20934.0000
20110111	非金電期貨          	XIF    	C         	148	170682.0000	76	87919.0000	72	82762.0000	461	536143.0000	52	60469.0000	409	475674.0000
20110112	電子期貨            	EXF    	A         	800	1099588.0000	1028	1412159.0000	-228	-312570.0000	1043	1431306.0000	1046	1434418.0000	-3	-3112.0000
20110112	電子期貨            	EXF    	B         	0	.0000	0	.0000	0	.0000	221	303300.0000	85	116654.0000	136	186646.0000
20110112	電子期貨            	EXF    	C         	827	1136386.0000	783	1075202.0000	44	61184.0000	2432	3335862.0000	4653	6383805.0000	-2221	-3047943.0000
20110112	金融期貨            	FXF    	A         	1964	2061244.0000	1458	1529796.0000	506	531448.0000	1626	1704796.0000	964	1009814.0000	662	694982.0000
20110112	金融期貨            	FXF    	B         	30	31517.0000	0	.0000	30	31517.0000	972	1019434.0000	51	53489.0000	921	965945.0000
20110112	金融期貨            	FXF    	C         	1341	1407736.0000	2268	2379409.0000	-927	-971672.0000	956	1002650.0000	8454	8863150.0000	-7498	-7860500.0000
20110112	櫃買期貨            	GTF    	A         	94	54565.0000	88	51082.0000	6	3483.0000	105	60978.0000	157	91057.0000	-52	-30079.0000
20110112	櫃買期貨            	GTF    	B         	0	.0000	0	.0000	0	.0000	0	.0000	0	.0000	0	.0000
20110112	櫃買期貨            	GTF    	C         	0	.0000	0	.0000	0	.0000	0	.0000	0	.0000	0	.0000
20110112	摩臺期              	MSF    	A         	0	.0000	0	.0000	0	.0000	29	26897.0000	29	26969.0000	0	-72.0000
20110112	摩臺期              	MSF    	B         	0	.0000	0	.0000	0	.0000	0	.0000	0	.0000	0	.0000
20110112	摩臺期              	MSF    	C         	0	.0000	0	.0000	0	.0000	0	.0000	0	.0000	0	.0000
20110112	小型臺指            	MXF    	A         	4423	1983745.0000	4762	2134333.0000	-339	-150588.0000	4433	1983039.0000	2122	933848.0000	2311	1049191.0000
20110112	小型臺指            	MXF    	B         	0	.0000	0	.0000	0	.0000	0	.0000	0	.0000	0	.0000
20110112	小型臺指            	MXF    	C         	5193	2327566.0000	5931	2659927.0000	-738	-332361.0000	4019	1797139.0000	2300	1026839.0000	1719	770300.0000
20110112	股票期貨            	STF    	A         	3520	296069.0000	3440	284702.0000	80	11368.0000	2744	173283.0000	6988	649736.0000	-4244	-476453.0000
20110112	股票期貨            	STF    	B         	0	.0000	0	.0000	0	.0000	0	.0000	0	.0000	0	.0000
20110112	股票期貨            	STF    	C         	74	4070.0000	97	5600.0000	-23	-1530.0000	19	2898.0000	3838	327380.0000	-3819	-324482.0000
20110112	臺灣50期貨          	T5F    	A         	0	.0000	0	.0000	0	.0000	1	608.0000	2	1220.0000	-1	-612.0000
20110112	臺灣50期貨          	T5F    	B         	0	.0000	0	.0000	0	.0000	0	.0000	0	.0000	0	.0000
20110112	臺灣50期貨          	T5F    	C         	0	.0000	0	.0000	0	.0000	0	.0000	0	.0000	0	.0000
20110112	臺股期貨            	TXF    	A         	19017	34122159.0000	16665	29890070.0000	2352	4232089.0000	15881	28425520.0000	4155	7337862.0000	11726	21087658.0000
20110112	臺股期貨            	TXF    	B         	219	392982.0000	15	26976.0000	204	366006.0000	1369	2454290.0000	721	1292529.0000	648	1161761.0000
20110112	臺股期貨            	TXF    	C         	9569	17168406.0000	13957	25034963.0000	-4388	-7866557.0000	26164	46849417.0000	38094	68176134.0000	-11930	-21326717.0000
20110112	非金電期貨          	XIF    	A         	253	294884.0000	270	314662.0000	-17	-19778.0000	287	334483.0000	645	752290.0000	-358	-417807.0000
20110112	非金電期貨          	XIF    	B         	0	.0000	0	.0000	0	.0000	18	21006.0000	0	.0000	18	21006.0000
20110112	非金電期貨          	XIF    	C         	42	48965.0000	26	30298.0000	16	18667.0000	477	556659.0000	52	60674.0000	425	495985.0000
20110113	電子期貨            	EXF    	A         	998	1370028.0000	1277	1753983.0000	-279	-383955.0000	908	1247417.0000	1190	1633558.0000	-282	-386141.0000
20110113	電子期貨            	EXF    	B         	24	32913.0000	192	262912.0000	-168	-229999.0000	181	248694.0000	213	292054.0000	-32	-43360.0000
20110113	電子期貨            	EXF    	C         	1139	1563552.0000	861	1181965.0000	278	381586.0000	2425	3329162.0000	4368	5998827.0000	-1943	-2669665.0000
20110113	金融期貨            	FXF    	A         	2273	2399861.0000	2090	2206914.0000	183	192947.0000	1665	1753475.0000	820	863420.0000	845	890055.0000
20110113	金融期貨            	FXF    	B         	40	42230.0000	0	.0000	40	42230.0000	1012	1066850.0000	51	53764.0000	961	1013086.0000
20110113	金融期貨            	FXF    	C         	2610	2755793.0000	2378	2509410.0000	232	246383.0000	1352	1425275.0000	8618	9078986.0000	-7266	-7653711.0000
20110113	櫃買期貨            	GTF    	A         	114	66010.0000	113	65424.0000	1	587.0000	101	58257.0000	152	87702.0000	-51	-29445.0000
20110113	櫃買期貨            	GTF    	B         	0	.0000	0	.0000	0	.0000	0	.0000	0	.0000	0	.0000
20110113	櫃買期貨            	GTF    	C         	0	.0000	0	.0000	0	.0000	0	.0000	0	.0000	0	.0000
20110113	摩臺期              	MSF    	A         	0	.0000	0	.0000	0	.0000	29	26873.0000	29	26945.0000	0	-72.0000
20110113	摩臺期              	MSF    	B         	0	.0000	0	.0000	0	.0000	0	.0000	0	.0000	0	.0000
20110113	摩臺期              	MSF    	C         	0	.0000	0	.0000	0	.0000	0	.0000	0	.0000	0	.0000
20110113	小型臺指            	MXF    	A         	7234	3244322.0000	7630	3418938.0000	-396	-174616.0000	4765	2132274.0000	2290	1008984.0000	2475	1123290.0000
20110113	小型臺指            	MXF    	B         	0	.0000	0	.0000	0	.0000	0	.0000	0	.0000	0	.0000
20110113	小型臺指            	MXF    	C         	7091	3177953.0000	7546	3380877.0000	-455	-202924.0000	3815	1706282.0000	2327	1038415.0000	1488	667867.0000
20110113	股票期貨            	STF    	A         	3408	236398.0000	2989	212207.0000	419	24191.0000	2787	175791.0000	6612	628876.0000	-3825	-453085.0000
20110113	股票期貨            	STF    	B         	0	.0000	0	.0000	0	.0000	0	.0000	0	.0000	0	.0000
20110113	股票期貨            	STF    	C         	96	11164.0000	73	8916.0000	23	2248.0000	47	4894.0000	3843	328504.0000	-3796	-323610.0000
20110113	臺灣50期貨          	T5F    	A         	50	30290.0000	0	.0000	50	30290.0000	51	30900.0000	2	1223.0000	49	29677.0000
20110113	臺灣50期貨          	T5F    	B         	0	.0000	0	.0000	0	.0000	0	.0000	0	.0000	0	.0000
20110113	臺灣50期貨          	T5F    	C         	0	.0000	50	30290.0000	-50	-30290.0000	0	.0000	50	30290.0000	-50	-30290.0000
20110113	臺股期貨            	TXF    	A         	23987	43024329.0000	23634	42388958.0000	353	635371.0000	15711	28124900.0000	3772	6654114.0000	11939	21470786.0000
20110113	臺股期貨            	TXF    	B         	133	238580.0000	259	464404.0000	-126	-225824.0000	1369	2455203.0000	847	1518922.0000	522	936281.0000
20110113	臺股期貨            	TXF    	C         	15732	28213817.0000	16086	28844526.0000	-354	-630709.0000	26158	46849257.0000	38498	68903952.0000	-12340	-22054695.0000
20110113	非金電期貨          	XIF    	A         	475	553447.0000	415	483458.0000	60	69989.0000	362	421322.0000	660	768515.0000	-298	-347193.0000
20110113	非金電期貨          	XIF    	B         	0	.0000	0	.0000	0	.0000	18	20968.0000	0	.0000	18	20968.0000
20110113	非金電期貨          	XIF    	C         	72	83850.0000	174	202918.0000	-102	-119068.0000	361	420529.0000	38	44258.0000	323	376271.0000
20110114	電子期貨            	EXF    	A         	1093	1495978.0000	1037	1420281.0000	56	75697.0000	1020	1397232.0000	1246	1707401.0000	-226	-310169.0000
20110114	電子期貨            	EXF    	B         	0	.0000	55	75134.0000	-55	-75134.0000	181	248187.0000	268	366819.0000	-87	-118632.0000
20110114	電子期貨            	EXF    	C         	1322	1810697.0000	1485	2032677.0000	-163	-221981.0000	2848	3902378.0000	4954	6788434.0000	-2106	-2886056.0000
20110114	金融期貨            	FXF    	A         	1173	1237686.0000	1408	1485557.0000	-235	-247871.0000	1280	1352845.0000	670	708099.0000	610	644746.0000
20110114	金融期貨            	FXF    	B         	30	31643.0000	0	.0000	30	31643.0000	1042	1102614.0000	51	53968.0000	991	1048646.0000
20110114	金融期貨            	FXF    	C         	3258	3435077.0000	2704	2849678.0000	554	585399.0000	1511	1598124.0000	8223	8694457.0000	-6712	-7096333.0000
20110114	櫃買期貨            	GTF    	A         	91	52570.0000	98	56620.0000	-7	-4049.0000	79	45660.0000	137	79176.0000	-58	-33516.0000
20110114	櫃買期貨            	GTF    	B         	0	.0000	0	.0000	0	.0000	0	.0000	0	.0000	0	.0000
20110114	櫃買期貨            	GTF    	C         	0	.0000	0	.0000	0	.0000	0	.0000	0	.0000	0	.0000
20110114	摩臺期              	MSF    	A         	0	.0000	0	.0000	0	.0000	29	26863.0000	29	26935.0000	0	-72.0000
20110114	摩臺期              	MSF    	B         	0	.0000	0	.0000	0	.0000	0	.0000	0	.0000	0	.0000
20110114	摩臺期              	MSF    	C         	0	.0000	0	.0000	0	.0000	0	.0000	0	.0000	0	.0000
20110114	小型臺指            	MXF    	A         	4149	1857382.0000	3767	1685653.0000	382	171729.0000	5002	2238606.0000	2141	942188.0000	2861	1296418.0000
20110114	小型臺指            	MXF    	B         	0	.0000	0	.0000	0	.0000	0	.0000	0	.0000	0	.0000
20110114	小型臺指            	MXF    	C         	4924	2203983.0000	5343	2391812.0000	-419	-187829.0000	3964	1773134.0000	2567	1145949.0000	1397	627185.0000
20110114	股票期貨            	STF    	A         	3368	209702.0000	3978	249830.0000	-610	-40128.0000	2689	166710.0000	7124	657630.0000	-4435	-490920.0000
20110114	股票期貨            	STF    	B         	0	.0000	0	.0000	0	.0000	0	.0000	0	.0000	0	.0000
20110114	股票期貨            	STF    	C         	128	20367.0000	194	26988.0000	-66	-6621.0000	92	13501.0000	3954	343809.0000	-3862	-330308.0000
20110114	臺灣50期貨          	T5F    	A         	200	121100.0000	0	.0000	200	121100.0000	251	151984.0000	2	1222.0000	249	150762.0000
20110114	臺灣50期貨          	T5F    	B         	0	.0000	0	.0000	0	.0000	0	.0000	0	.0000	0	.0000
20110114	臺灣50期貨          	T5F    	C         	0	.0000	200	121100.0000	-200	-121100.0000	0	.0000	250	151375.0000	-250	-151375.0000
20110114	臺股期貨            	TXF    	A         	12303	22033392.0000	12817	22955528.0000	-514	-922136.0000	15796	28274065.0000	4372	7731507.0000	11424	20542558.0000
20110114	臺股期貨            	TXF    	B         	25	44698.0000	105	187748.0000	-80	-143050.0000	1367	2451475.0000	925	1658653.0000	442	792822.0000
20110114	臺股期貨            	TXF    	C         	12188	21822887.0000	12421	22235158.0000	-233	-412270.0000	27033	48412976.0000	39688	71027530.0000	-12655	-22614554.0000
20110114	非金電期貨          	XIF    	A         	231	268498.0000	216	251066.0000	15	17432.0000	386	449666.0000	669	779759.0000	-283	-330093.0000
20110114	非金電期貨          	XIF    	B         	0	.0000	0	.0000	0	.0000	18	20993.0000	0	.0000	18	20993.0000
20110114	非金電期貨          	XIF    	C         	36	41880.0000	48	55784.0000	-12	-13904.0000	353	411704.0000	42	48974.0000	311	362730.0000
20110117	電子期貨            	EXF    	A         	1023	1405971.0000	800	1099725.0000	223	306246.0000	1139	1559145.0000	1142	1564165.0000	-3	-5020.0000
20110117	電子期貨            	EXF    	B         	55	75595.0000	54	74017.0000	1	1578.0000	181	248151.0000	268	366384.0000	-87	-118233.0000
20110117	電子期貨            	EXF    	C         	1624	2232008.0000	1890	2596281.0000	-266	-364273.0000	3078	4215294.0000	5450	7463569.0000	-2372	-3248275.0000
20110117	金融期貨            	FXF    	A         	1493	1560357.0000	1869	1954181.0000	-376	-393824.0000	929	961107.0000	695	719263.0000	234	241844.0000
20110117	金融期貨            	FXF    	B         	43	44666.0000	193	201730.0000	-150	-157064.0000	892	923964.0000	51	52836.0000	841	871128.0000
20110117	金融期貨            	FXF    	C         	2674	2798379.0000	2945	3081572.0000	-271	-283193.0000	1213	1255444.0000	8196	8480587.0000	-6983	-7225143.0000
20110117	櫃買期貨            	GTF    	A         	328	189840.0000	327	189490.0000	1	351.0000	86	49614.0000	143	82495.0000	-57	-32881.0000
20110117	櫃買期貨            	GTF    	B         	0	.0000	0	.0000	0	.0000	0	.0000	0	.0000	0	.0000
20110117	櫃買期貨            	GTF    	C         	0	.0000	0	.0000	0	.0000	0	.0000	0	.0000	0	.0000
20110117	摩臺期              	MSF    	A         	0	.0000	0	.0000	0	.0000	29	26705.0000	29	26777.0000	0	-72.0000
20110117	摩臺期              	MSF    	B         	0	.0000	0	.0000	0	.0000	0	.0000	0	.0000	0	.0000
20110117	摩臺期              	MSF    	C         	0	.0000	0	.0000	0	.0000	0	.0000	0	.0000	0	.0000
20110117	小型臺指            	MXF    	A         	5364	2398192.0000	6387	2854402.0000	-1023	-456210.0000	4837	2152728.0000	2711	1190804.0000	2126	961924.0000
20110117	小型臺指            	MXF    	B         	0	.0000	0	.0000	0	.0000	0	.0000	0	.0000	0	.0000
20110117	小型臺指            	MXF    	C         	5960	2663109.0000	8039	3590706.0000	-2079	-927597.0000	3897	1733941.0000	2979	1323257.0000	918	410684.0000
20110117	股票期貨            	STF    	A         	3979	276071.0000	3882	277584.0000	97	-1513.0000	2688	162311.0000	7026	650454.0000	-4338	-488143.0000
20110117	股票期貨            	STF    	B         	0	.0000	0	.0000	0	.0000	0	.0000	0	.0000	0	.0000
20110117	股票期貨            	STF    	C         	123	15195.0000	157	17429.0000	-34	-2234.0000	91	13434.0000	3987	343034.0000	-3896	-329600.0000
20110117	臺灣50期貨          	T5F    	A         	0	.0000	0	.0000	0	.0000	251	151482.0000	2	1218.0000	249	150264.0000
20110117	臺灣50期貨          	T5F    	B         	0	.0000	0	.0000	0	.0000	0	.0000	0	.0000	0	.0000
20110117	臺灣50期貨          	T5F    	C         	0	.0000	0	.0000	0	.0000	0	.0000	250	150875.0000	-250	-150875.0000
20110117	臺股期貨            	TXF    	A         	22279	39831664.0000	22790	40746532.0000	-511	-914868.0000	16125	28704578.0000	5284	9310471.0000	10841	19394107.0000
20110117	臺股期貨            	TXF    	B         	193	343970.0000	371	661744.0000	-178	-317774.0000	1361	2426599.0000	1095	1951901.0000	266	474698.0000
20110117	臺股期貨            	TXF    	C         	24426	43674702.0000	26110	46682918.0000	-1684	-3008216.0000	27922	49707415.0000	42661	75906318.0000	-14739	-26198903.0000
20110117	非金電期貨          	XIF    	A         	350	404688.0000	412	476321.0000	-62	-71633.0000	408	471220.0000	753	870127.0000	-345	-398907.0000
20110117	非金電期貨          	XIF    	B         	0	.0000	0	.0000	0	.0000	18	20821.0000	0	.0000	18	20821.0000
20110117	非金電期貨          	XIF    	C         	110	127219.0000	31	35864.0000	79	91354.0000	401	463720.0000	11	12710.0000	390	451010.0000
20110118	電子期貨            	EXF    	A         	1706	2341933.0000	1079	1482341.0000	627	859592.0000	1190	1635778.0000	566	779262.0000	624	856516.0000
20110118	電子期貨            	EXF    	B         	27	37090.0000	27	37189.0000	0	-99.0000	181	249185.0000	268	368026.0000	-87	-118841.0000
20110118	電子期貨            	EXF    	C         	3111	4272169.0000	3012	4130578.0000	99	141591.0000	3598	4949278.0000	5871	8071750.0000	-2273	-3122472.0000
20110118	金融期貨            	FXF    	A         	2073	2176081.0000	1704	1788200.0000	369	387882.0000	1471	1549033.0000	868	914948.0000	603	634085.0000
20110118	金融期貨            	FXF    	B         	0	.0000	0	.0000	0	.0000	892	940733.0000	51	53795.0000	841	886938.0000
20110118	金融期貨            	FXF    	C         	3681	3867067.0000	2945	3089568.0000	736	777499.0000	2170	2287477.0000	8417	8863459.0000	-6247	-6575982.0000
20110118	櫃買期貨            	GTF    	A         	124	71714.0000	133	76971.0000	-9	-5257.0000	83	48046.0000	149	86300.0000	-66	-38254.0000
20110118	櫃買期貨            	GTF    	B         	0	.0000	0	.0000	0	.0000	0	.0000	0	.0000	0	.0000
20110118	櫃買期貨            	GTF    	C         	0	.0000	0	.0000	0	.0000	0	.0000	0	.0000	0	.0000
20110118	摩臺期              	MSF    	A         	0	.0000	0	.0000	0	.0000	29	26910.0000	29	26982.0000	0	-72.0000
20110118	摩臺期              	MSF    	B         	0	.0000	0	.0000	0	.0000	0	.0000	0	.0000	0	.0000
20110118	摩臺期              	MSF    	C         	0	.0000	0	.0000	0	.0000	0	.0000	0	.0000	0	.0000
20110118	小型臺指            	MXF    	A         	8041	3596580.0000	6059	2708942.0000	1982	887638.0000	6045	2707530.0000	2069	910436.0000	3976	1797094.0000
20110118	小型臺指            	MXF    	B         	0	.0000	0	.0000	0	.0000	0	.0000	0	.0000	0	.0000
20110118	小型臺指            	MXF    	C         	7921	3543061.0000	6057	2708665.0000	1864	834396.0000	4834	2165288.0000	2604	1163438.0000	2230	1001850.0000
20110118	股票期貨            	STF    	A         	2484	179998.0000	2578	184015.0000	-94	-4017.0000	2505	160155.0000	6937	654502.0000	-4432	-494347.0000
20110118	股票期貨            	STF    	B         	0	.0000	0	.0000	0	.0000	0	.0000	0	.0000	0	.0000
20110118	股票期貨            	STF    	C         	106	26459.0000	141	28967.0000	-35	-2508.0000	92	17258.0000	4023	351327.0000	-3931	-334069.0000
20110118	臺灣50期貨          	T5F    	A         	0	.0000	0	.0000	0	.0000	251	152336.0000	2	1225.0000	249	151111.0000
20110118	臺灣50期貨          	T5F    	B         	0	.0000	0	.0000	0	.0000	0	.0000	0	.0000	0	.0000
20110118	臺灣50期貨          	T5F    	C         	0	.0000	0	.0000	0	.0000	0	.0000	250	151725.0000	-250	-151725.0000
20110118	臺股期貨            	TXF    	A         	31040	55596228.0000	26898	48167781.0000	4142	7428446.0000	19555	35025229.0000	4539	8028698.0000	15016	26996531.0000
20110118	臺股期貨            	TXF    	B         	960	1718008.0000	739	1323805.0000	221	394203.0000	1365	2446311.0000	873	1564201.0000	492	882110.0000
20110118	臺股期貨            	TXF    	C         	29775	53276438.0000	30177	54019029.0000	-402	-742591.0000	31900	57126332.0000	46903	83955895.0000	-15003	-26829563.0000
20110118	非金電期貨          	XIF    	A         	475	549998.0000	399	461534.0000	76	88464.0000	420	487786.0000	689	800280.0000	-269	-312494.0000
20110118	非金電期貨          	XIF    	B         	8	9239.0000	8	9265.0000	0	-26.0000	18	20892.0000	0	.0000	18	20892.0000
20110118	非金電期貨          	XIF    	C         	54	62457.0000	157	182170.0000	-103	-119713.0000	329	382207.0000	42	48778.0000	287	333429.0000
20110119	電子期貨            	EXF    	A         	930	1290845.0000	899	1248356.0000	31	42489.0000	886	1233231.0000	83	115479.0000	803	1117752.0000
20110119	電子期貨            	EXF    	B         	159	220414.0000	159	221030.0000	0	-616.0000	181	251988.0000	266	370325.0000	-85	-118337.0000
20110119	電子期貨            	EXF    	C         	2179	3021671.0000	1768	2448119.0000	411	573552.0000	2033	2830343.0000	4224	5880604.0000	-2191	-3050261.0000
20110119	金融期貨            	FXF    	A         	1727	1824540.0000	1539	1625889.0000	188	198651.0000	900	952726.0000	185	195473.0000	715	757253.0000
20110119	金融期貨            	FXF    	B         	534	563814.0000	539	569795.0000	-5	-5982.0000	587	621398.0000	0	.0000	587	621398.0000
20110119	金融期貨            	FXF    	C         	2547	2694056.0000	3139	3314246.0000	-592	-620190.0000	594	628808.0000	7594	8039008.0000	-7000	-7410200.0000
20110119	櫃買期貨            	GTF    	A         	102	59331.0000	147	85594.0000	-45	-26263.0000	9	5249.0000	113	65906.0000	-104	-60657.0000
20110119	櫃買期貨            	GTF    	B         	30	17484.0000	0	.0000	30	17484.0000	30	17496.0000	0	.0000	30	17496.0000
20110119	櫃買期貨            	GTF    	C         	0	.0000	0	.0000	0	.0000	0	.0000	0	.0000	0	.0000
20110119	摩臺期              	MSF    	A         	0	.0000	1	963.0000	-1	-963.0000	8	7464.0000	0	.0000	8	7464.0000
20110119	摩臺期              	MSF    	B         	0	.0000	0	.0000	0	.0000	0	.0000	0	.0000	0	.0000
20110119	摩臺期              	MSF    	C         	0	.0000	0	.0000	0	.0000	0	.0000	0	.0000	0	.0000
20110119	小型臺指            	MXF    	A         	8681	3910467.0000	6520	2943213.0000	2161	967254.0000	3132	1413549.0000	1437	636640.0000	1695	776909.0000
20110119	小型臺指            	MXF    	B         	0	.0000	0	.0000	0	.0000	0	.0000	0	.0000	0	.0000
20110119	小型臺指            	MXF    	C         	7631	3439721.0000	6076	2741507.0000	1555	698214.0000	3253	1469499.0000	742	332091.0000	2511	1137408.0000
20110119	股票期貨            	STF    	A         	4981	366311.0000	4702	360730.0000	279	5581.0000	1483	96349.0000	4041	404543.0000	-2558	-308194.0000
20110119	股票期貨            	STF    	B         	0	.0000	0	.0000	0	.0000	0	.0000	0	.0000	0	.0000
20110119	股票期貨            	STF    	C         	96	11526.0000	313	23152.0000	-217	-11626.0000	29	3166.0000	3395	297320.0000	-3366	-294154.0000
20110119	臺灣50期貨          	T5F    	A         	250	154050.0000	0	.0000	250	154050.0000	501	308719.0000	0	.0000	501	308719.0000
20110119	臺灣50期貨          	T5F    	B         	0	.0000	0	.0000	0	.0000	0	.0000	0	.0000	0	.0000
20110119	臺灣50期貨          	T5F    	C         	0	.0000	250	154050.0000	-250	-154050.0000	0	.0000	500	308100.0000	-500	-308100.0000
20110119	臺股期貨            	TXF    	A         	29245	52801992.0000	29809	53856575.0000	-564	-1054583.0000	8785	15851881.0000	3070	5458179.0000	5715	10393702.0000
20110119	臺股期貨            	TXF    	B         	966	1742221.0000	757	1366809.0000	209	375412.0000	1392	2518406.0000	559	1011274.0000	833	1507132.0000
20110119	臺股期貨            	TXF    	C         	25898	46699509.0000	23286	41992904.0000	2612	4706605.0000	25711	46477790.0000	32233	58226289.0000	-6522	-11748499.0000
20110119	非金電期貨          	XIF    	A         	392	456972.0000	391	455591.0000	1	1382.0000	124	144961.0000	181	211661.0000	-57	-66700.0000
20110119	非金電期貨          	XIF    	B         	10	11646.0000	10	11681.0000	0	-35.0000	18	21049.0000	0	.0000	18	21049.0000
20110119	非金電期貨          	XIF    	C         	290	338090.0000	281	327999.0000	9	10091.0000	124	145006.0000	55	64317.0000	69	80689.0000
20110120	電子期貨            	EXF    	A         	385	532034.0000	635	877290.0000	-250	-345256.0000	648	895402.0000	95	131191.0000	553	764211.0000
20110120	電子期貨            	EXF    	B         	0	.0000	0	.0000	0	.0000	181	250142.0000	266	367612.0000	-85	-117470.0000
20110120	電子期貨            	EXF    	C         	642	887108.0000	518	715778.0000	124	171329.0000	2320	3206240.0000	4393	6071092.0000	-2073	-2864852.0000
20110120	金融期貨            	FXF    	A         	659	698957.0000	653	691845.0000	6	7113.0000	975	1031914.0000	254	268453.0000	721	763461.0000
20110120	金融期貨            	FXF    	B         	26	27533.0000	26	27576.0000	0	-43.0000	587	621281.0000	0	.0000	587	621281.0000
20110120	金融期貨            	FXF    	C         	374	396495.0000	834	883935.0000	-460	-487440.0000	547	578945.0000	8007	8474539.0000	-7460	-7895594.0000
20110120	櫃買期貨            	GTF    	A         	69	40176.0000	101	58822.0000	-32	-18645.0000	13	7606.0000	149	87185.0000	-136	-79579.0000
20110120	櫃買期貨            	GTF    	B         	35	20396.0000	0	.0000	35	20396.0000	65	38038.0000	0	.0000	65	38038.0000
20110120	櫃買期貨            	GTF    	C         	0	.0000	0	.0000	0	.0000	0	.0000	0	.0000	0	.0000
20110120	摩臺期              	MSF    	A         	0	.0000	0	.0000	0	.0000	8	7409.0000	0	.0000	8	7409.0000
20110120	摩臺期              	MSF    	B         	0	.0000	0	.0000	0	.0000	0	.0000	0	.0000	0	.0000
20110120	摩臺期              	MSF    	C         	0	.0000	0	.0000	0	.0000	0	.0000	0	.0000	0	.0000
20110120	小型臺指            	MXF    	A         	3141	1414811.0000	4872	2193511.0000	-1731	-778700.0000	2509	1126992.0000	2621	1165995.0000	-112	-39003.0000
20110120	小型臺指            	MXF    	B         	0	.0000	0	.0000	0	.0000	0	.0000	0	.0000	0	.0000
20110120	小型臺指            	MXF    	C         	3416	1538668.0000	4407	1984614.0000	-991	-445946.0000	2378	1069159.0000	858	381827.0000	1520	687332.0000
20110120	股票期貨            	STF    	A         	2462	150342.0000	2888	197536.0000	-426	-47194.0000	1695	101717.0000	4679	453477.0000	-2984	-351760.0000
20110120	股票期貨            	STF    	B         	0	.0000	0	.0000	0	.0000	0	.0000	0	.0000	0	.0000
20110120	股票期貨            	STF    	C         	121	16017.0000	314	37411.0000	-193	-21394.0000	30	3306.0000	3589	317116.0000	-3559	-313810.0000
20110120	臺灣50期貨          	T5F    	A         	0	.0000	0	.0000	0	.0000	501	305763.0000	0	.0000	501	305763.0000
20110120	臺灣50期貨          	T5F    	B         	0	.0000	0	.0000	0	.0000	0	.0000	0	.0000	0	.0000
20110120	臺灣50期貨          	T5F    	C         	0	.0000	0	.0000	0	.0000	0	.0000	500	305150.0000	-500	-305150.0000
20110120	臺股期貨            	TXF    	A         	11311	20381307.0000	11247	20262600.0000	64	118708.0000	8970	16115723.0000	3172	5614844.0000	5798	10500879.0000
20110120	臺股期貨            	TXF    	B         	72	129860.0000	42	75652.0000	30	54208.0000	1395	2512953.0000	532	958288.0000	863	1554665.0000
20110120	臺股期貨            	TXF    	C         	7134	12856868.0000	10195	18359061.0000	-3061	-5502193.0000	24926	44868074.0000	34483	62019319.0000	-9557	-17151245.0000
20110120	非金電期貨          	XIF    	A         	111	129565.0000	107	124917.0000	4	4648.0000	129	150355.0000	182	212198.0000	-53	-61843.0000
20110120	非金電期貨          	XIF    	B         	0	.0000	0	.0000	0	.0000	18	20988.0000	0	.0000	18	20988.0000
20110120	非金電期貨          	XIF    	C         	34	39723.0000	37	43232.0000	-3	-3509.0000	140	163240.0000	74	86284.0000	66	76956.0000
20110121	電子期貨            	EXF    	A         	967	1324501.0000	932	1276456.0000	35	48045.0000	806	1099922.0000	218	297276.0000	588	802646.0000
20110121	電子期貨            	EXF    	B         	41	56238.0000	0	.0000	41	56238.0000	222	302986.0000	266	363037.0000	-44	-60051.0000
20110121	電子期貨            	EXF    	C         	688	942427.0000	935	1279660.0000	-247	-337233.0000	2150	2934320.0000	4470	6100614.0000	-2320	-3166294.0000
20110121	金融期貨            	FXF    	A         	1145	1197736.0000	1344	1405630.0000	-199	-207894.0000	853	892908.0000	331	345887.0000	522	547021.0000
20110121	金融期貨            	FXF    	B         	0	.0000	35	36669.0000	-35	-36669.0000	557	583068.0000	5	5234.0000	552	577834.0000
20110121	金融期貨            	FXF    	C         	1423	1487028.0000	1616	1689927.0000	-193	-202899.0000	638	667858.0000	8291	8678872.0000	-7653	-8011014.0000
20110121	櫃買期貨            	GTF    	A         	225	131342.0000	234	136629.0000	-9	-5287.0000	34	19818.0000	179	104116.0000	-145	-84298.0000
20110121	櫃買期貨            	GTF    	B         	0	.0000	0	.0000	0	.0000	65	37791.0000	0	.0000	65	37791.0000
20110121	櫃買期貨            	GTF    	C         	0	.0000	0	.0000	0	.0000	0	.0000	0	.0000	0	.0000
20110121	摩臺期              	MSF    	A         	0	.0000	0	.0000	0	.0000	8	7331.0000	0	.0000	8	7331.0000
20110121	摩臺期              	MSF    	B         	0	.0000	0	.0000	0	.0000	0	.0000	0	.0000	0	.0000
20110121	摩臺期              	MSF    	C         	0	.0000	0	.0000	0	.0000	0	.0000	0	.0000	0	.0000
20110121	小型臺指            	MXF    	A         	8244	3678187.0000	11253	5015328.0000	-3009	-1337141.0000	2732	1213843.0000	2909	1280818.0000	-177	-66975.0000
20110121	小型臺指            	MXF    	B         	0	.0000	0	.0000	0	.0000	0	.0000	0	.0000	0	.0000
20110121	小型臺指            	MXF    	C         	10071	4492602.0000	12390	5523767.0000	-2319	-1031165.0000	1580	701962.0000	1315	578918.0000	265	123044.0000
20110121	股票期貨            	STF    	A         	3639	215316.0000	3475	197883.0000	164	17433.0000	1799	111245.0000	4619	441062.0000	-2820	-329817.0000
20110121	股票期貨            	STF    	B         	0	.0000	0	.0000	0	.0000	0	.0000	0	.0000	0	.0000
20110121	股票期貨            	STF    	C         	189	10841.0000	316	21503.0000	-127	-10662.0000	15	2102.0000	3701	324120.0000	-3686	-322018.0000
20110121	臺灣50期貨          	T5F    	A         	0	.0000	0	.0000	0	.0000	501	304611.0000	0	.0000	501	304611.0000
20110121	臺灣50期貨          	T5F    	B         	0	.0000	0	.0000	0	.0000	0	.0000	0	.0000	0	.0000
20110121	臺灣50期貨          	T5F    	C         	0	.0000	0	.0000	0	.0000	0	.0000	500	304000.0000	-500	-304000.0000
20110121	臺股期貨            	TXF    	A         	29508	52649698.0000	30109	53710709.0000	-601	-1061011.0000	8034	14267713.0000	3573	6264201.0000	4461	8003512.0000
20110121	臺股期貨            	TXF    	B         	186	332345.0000	294	524775.0000	-108	-192430.0000	1495	2662894.0000	740	1318031.0000	755	1344863.0000
20110121	臺股期貨            	TXF    	C         	18666	33304461.0000	20733	36985157.0000	-2067	-3680696.0000	24459	43533730.0000	36349	64635526.0000	-11890	-21101796.0000
20110121	非金電期貨          	XIF    	A         	284	328417.0000	364	420696.0000	-80	-92279.0000	132	152531.0000	265	306304.0000	-133	-153773.0000
20110121	非金電期貨          	XIF    	B         	0	.0000	0	.0000	0	.0000	18	20810.0000	0	.0000	18	20810.0000
20110121	非金電期貨          	XIF    	C         	223	257422.0000	148	171002.0000	75	86420.0000	246	284401.0000	105	121391.0000	141	163010.0000
20110124	電子期貨            	EXF    	A         	393	538179.0000	369	504960.0000	24	33219.0000	845	1159048.0000	233	319340.0000	612	839708.0000
20110124	電子期貨            	EXF    	B         	0	.0000	40	54742.0000	-40	-54742.0000	182	249668.0000	266	364899.0000	-84	-115231.0000
20110124	電子期貨            	EXF    	C         	370	506442.0000	262	358513.0000	108	147929.0000	2197	3013845.0000	4409	6048213.0000	-2212	-3034368.0000
20110124	金融期貨            	FXF    	A         	614	646733.0000	510	536981.0000	104	109753.0000	938	987842.0000	312	327980.0000	626	659862.0000
20110124	金融期貨            	FXF    	B         	0	.0000	0	.0000	0	.0000	557	586632.0000	5	5266.0000	552	581366.0000
20110124	金融期貨            	FXF    	C         	483	508793.0000	532	560244.0000	-49	-51451.0000	753	793060.0000	8455	8904596.0000	-7702	-8111536.0000
20110124	櫃買期貨            	GTF    	A         	135	78386.0000	115	66753.0000	20	11634.0000	44	25472.0000	169	97876.0000	-125	-72404.0000
20110124	櫃買期貨            	GTF    	B         	0	.0000	0	.0000	0	.0000	65	37648.0000	0	.0000	65	37648.0000
20110124	櫃買期貨            	GTF    	C         	0	.0000	0	.0000	0	.0000	0	.0000	0	.0000	0	.0000
20110124	摩臺期              	MSF    	A         	0	.0000	0	.0000	0	.0000	8	7342.0000	0	.0000	8	7342.0000
20110124	摩臺期              	MSF    	B         	0	.0000	0	.0000	0	.0000	0	.0000	0	.0000	0	.0000
20110124	摩臺期              	MSF    	C         	0	.0000	0	.0000	0	.0000	0	.0000	0	.0000	0	.0000
20110124	小型臺指            	MXF    	A         	3897	1740114.0000	3675	1640248.0000	222	99865.0000	2841	1267512.0000	2804	1239268.0000	37	28244.0000
20110124	小型臺指            	MXF    	B         	0	.0000	0	.0000	0	.0000	0	.0000	0	.0000	0	.0000
20110124	小型臺指            	MXF    	C         	5303	2368045.0000	5218	2329276.0000	85	38769.0000	1715	765346.0000	1369	604844.0000	346	160502.0000
20110124	股票期貨            	STF    	A         	1993	127133.0000	1920	128664.0000	73	-1531.0000	2066	120401.0000	4813	451767.0000	-2747	-331366.0000
20110124	股票期貨            	STF    	B         	0	.0000	0	.0000	0	.0000	0	.0000	0	.0000	0	.0000
20110124	股票期貨            	STF    	C         	169	10585.0000	264	16230.0000	-95	-5645.0000	16	2195.0000	3797	329108.0000	-3781	-326913.0000
20110124	臺灣50期貨          	T5F    	A         	0	.0000	0	.0000	0	.0000	501	305813.0000	0	.0000	501	305813.0000
20110124	臺灣50期貨          	T5F    	B         	0	.0000	0	.0000	0	.0000	0	.0000	0	.0000	0	.0000
20110124	臺灣50期貨          	T5F    	C         	0	.0000	0	.0000	0	.0000	0	.0000	500	305200.0000	-500	-305200.0000
20110124	臺股期貨            	TXF    	A         	11120	19863095.0000	10642	19007255.0000	478	855840.0000	8315	14829424.0000	3374	5933457.0000	4941	8895967.0000
20110124	臺股期貨            	TXF    	B         	23	41133.0000	67	119646.0000	-44	-78512.0000	1492	2668890.0000	781	1396924.0000	711	1271966.0000
20110124	臺股期貨            	TXF    	C         	11282	20153685.0000	10629	18983672.0000	653	1170013.0000	24283	43402989.0000	35519	63422567.0000	-11236	-20019578.0000
20110124	非金電期貨          	XIF    	A         	96	110973.0000	141	163042.0000	-45	-52069.0000	115	133090.0000	293	339251.0000	-178	-206161.0000
20110124	非金電期貨          	XIF    	B         	0	.0000	0	.0000	0	.0000	18	20848.0000	0	.0000	18	20848.0000
20110124	非金電期貨          	XIF    	C         	92	106394.0000	47	54362.0000	45	52032.0000	280	324296.0000	94	108871.0000	186	215425.0000
20110125	電子期貨            	EXF    	A         	824	1134808.0000	478	658380.0000	346	476427.0000	1144	1567849.0000	186	254633.0000	958	1313216.0000
20110125	電子期貨            	EXF    	B         	0	.0000	0	.0000	0	.0000	182	249449.0000	266	364580.0000	-84	-115131.0000
20110125	電子期貨            	EXF    	C         	426	586838.0000	1024	1409380.0000	-598	-822542.0000	1696	2324538.0000	4506	6175812.0000	-2810	-3851274.0000
20110125	金融期貨            	FXF    	A         	774	824001.0000	659	701507.0000	115	122494.0000	1026	1091591.0000	285	302534.0000	741	789057.0000
20110125	金融期貨            	FXF    	B         	0	.0000	0	.0000	0	.0000	557	592648.0000	5	5320.0000	552	587328.0000
20110125	金融期貨            	FXF    	C         	908	966957.0000	427	454452.0000	481	512505.0000	1034	1100176.0000	8255	8783065.0000	-7221	-7682889.0000
20110125	櫃買期貨            	GTF    	A         	182	105714.0000	181	105133.0000	1	582.0000	54	31181.0000	178	102833.0000	-124	-71652.0000
20110125	櫃買期貨            	GTF    	B         	0	.0000	0	.0000	0	.0000	65	37557.0000	0	.0000	65	37557.0000
20110125	櫃買期貨            	GTF    	C         	0	.0000	0	.0000	0	.0000	0	.0000	0	.0000	0	.0000
20110125	摩臺期              	MSF    	A         	0	.0000	0	.0000	0	.0000	8	7369.0000	0	.0000	8	7369.0000
20110125	摩臺期              	MSF    	B         	0	.0000	0	.0000	0	.0000	0	.0000	0	.0000	0	.0000
20110125	摩臺期              	MSF    	C         	0	.0000	0	.0000	0	.0000	0	.0000	0	.0000	0	.0000
20110125	小型臺指            	MXF    	A         	4800	2158774.0000	4290	1928227.0000	510	230547.0000	2764	1236051.0000	2269	1003492.0000	495	232559.0000
20110125	小型臺指            	MXF    	B         	0	.0000	0	.0000	0	.0000	0	.0000	0	.0000	0	.0000
20110125	小型臺指            	MXF    	C         	6518	2931511.0000	6064	2725952.0000	454	205559.0000	2266	1013952.0000	1430	632595.0000	836	381357.0000
20110125	股票期貨            	STF    	A         	2394	133393.0000	2529	146593.0000	-135	-13200.0000	2219	127620.0000	5101	475359.0000	-2882	-347739.0000
20110125	股票期貨            	STF    	B         	0	.0000	0	.0000	0	.0000	0	.0000	0	.0000	0	.0000
20110125	股票期貨            	STF    	C         	122	8870.0000	192	15696.0000	-70	-6826.0000	18	2401.0000	3869	338497.0000	-3851	-336096.0000
20110125	臺灣50期貨          	T5F    	A         	0	.0000	0	.0000	0	.0000	501	306414.0000	0	.0000	501	306414.0000
20110125	臺灣50期貨          	T5F    	B         	0	.0000	0	.0000	0	.0000	0	.0000	0	.0000	0	.0000
20110125	臺灣50期貨          	T5F    	C         	0	.0000	0	.0000	0	.0000	0	.0000	500	305800.0000	-500	-305800.0000
20110125	臺股期貨            	TXF    	A         	16002	28792826.0000	14877	26764727.0000	1125	2028098.0000	9579	17132803.0000	3500	6174932.0000	6079	10957871.0000
20110125	臺股期貨            	TXF    	B         	38	68408.0000	15	26991.0000	23	41417.0000	1505	2699067.0000	771	1382571.0000	734	1316496.0000
20110125	臺股期貨            	TXF    	C         	10223	18395373.0000	11322	20366041.0000	-1099	-1970668.0000	23691	42450104.0000	36035	64504966.0000	-12344	-22054862.0000
20110125	非金電期貨          	XIF    	A         	213	247836.0000	196	228099.0000	17	19737.0000	115	133480.0000	276	320559.0000	-161	-187079.0000
20110125	非金電期貨          	XIF    	B         	0	.0000	0	.0000	0	.0000	18	20914.0000	0	.0000	18	20914.0000
20110125	非金電期貨          	XIF    	C         	202	235322.0000	151	175853.0000	51	59469.0000	286	332303.0000	49	56933.0000	237	275370.0000
20110126	電子期貨            	EXF    	A         	808	1117290.0000	838	1158391.0000	-30	-41101.0000	1109	1541140.0000	181	251185.0000	928	1289955.0000
20110126	電子期貨            	EXF    	B         	183	254675.0000	0	.0000	183	254675.0000	182	252944.0000	83	115353.0000	99	137591.0000
20110126	電子期貨            	EXF    	C         	940	1300856.0000	474	655007.0000	466	645849.0000	1925	2675285.0000	4269	5932938.0000	-2344	-3257653.0000
20110126	金融期貨            	FXF    	A         	989	1055616.0000	1229	1311062.0000	-240	-255447.0000	880	941681.0000	379	404802.0000	501	536879.0000
20110126	金融期貨            	FXF    	B         	18	19233.0000	0	.0000	18	19233.0000	575	615365.0000	5	5351.0000	570	610014.0000
20110126	金融期貨            	FXF    	C         	453	483212.0000	730	778915.0000	-277	-295703.0000	1053	1126921.0000	8551	9150788.0000	-7498	-8023867.0000
20110126	櫃買期貨            	GTF    	A         	115	66886.0000	119	69209.0000	-4	-2323.0000	74	43133.0000	202	117674.0000	-128	-74541.0000
20110126	櫃買期貨            	GTF    	B         	0	.0000	0	.0000	0	.0000	65	37856.0000	0	.0000	65	37856.0000
20110126	櫃買期貨            	GTF    	C         	0	.0000	0	.0000	0	.0000	0	.0000	0	.0000	0	.0000
20110126	摩臺期              	MSF    	A         	0	.0000	0	.0000	0	.0000	8	7395.0000	0	.0000	8	7395.0000
20110126	摩臺期              	MSF    	B         	0	.0000	0	.0000	0	.0000	0	.0000	0	.0000	0	.0000
20110126	摩臺期              	MSF    	C         	0	.0000	0	.0000	0	.0000	0	.0000	0	.0000	0	.0000
20110126	小型臺指            	MXF    	A         	7322	3304085.0000	4307	1944611.0000	3015	1359473.0000	5192	2346274.0000	1682	747881.0000	3510	1598393.0000
20110126	小型臺指            	MXF    	B         	0	.0000	0	.0000	0	.0000	0	.0000	0	.0000	0	.0000
20110126	小型臺指            	MXF    	C         	8137	3671647.0000	6027	2720710.0000	2110	950937.0000	3862	1745212.0000	1452	648320.0000	2410	1096892.0000
20110126	股票期貨            	STF    	A         	3646	285492.0000	3612	266876.0000	34	18616.0000	2314	146255.0000	5162	480824.0000	-2848	-334569.0000
20110126	股票期貨            	STF    	B         	0	.0000	0	.0000	0	.0000	0	.0000	0	.0000	0	.0000
20110126	股票期貨            	STF    	C         	178	11523.0000	260	27640.0000	-82	-16117.0000	23	2901.0000	3956	359138.0000	-3933	-356237.0000
20110126	臺灣50期貨          	T5F    	A         	0	.0000	0	.0000	0	.0000	501	308719.0000	0	.0000	501	308719.0000
20110126	臺灣50期貨          	T5F    	B         	0	.0000	0	.0000	0	.0000	0	.0000	0	.0000	0	.0000
20110126	臺灣50期貨          	T5F    	C         	0	.0000	0	.0000	0	.0000	0	.0000	500	308100.0000	-500	-308100.0000
20110126	臺股期貨            	TXF    	A         	22662	40937974.0000	21418	38706489.0000	1244	2231484.0000	10665	19256982.0000	3342	5954272.0000	7323	13302710.0000
20110126	臺股期貨            	TXF    	B         	249	450465.0000	38	68725.0000	211	381740.0000	1675	3032085.0000	731	1323122.0000	944	1708963.0000
20110126	臺股期貨            	TXF    	C         	10494	18942499.0000	7740	13978808.0000	2754	4963692.0000	24950	45124621.0000	34406	62162373.0000	-9456	-17037752.0000
20110126	非金電期貨          	XIF    	A         	192	224400.0000	122	142448.0000	70	81952.0000	152	177484.0000	243	283874.0000	-91	-106390.0000
20110126	非金電期貨          	XIF    	B         	0	.0000	0	.0000	0	.0000	18	21040.0000	0	.0000	18	21040.0000
20110126	非金電期貨          	XIF    	C         	158	184665.0000	224	261915.0000	-66	-77250.0000	244	285212.0000	73	85330.0000	171	199882.0000
20110127	電子期貨            	EXF    	A         	493	691609.0000	602	844130.0000	-109	-152520.0000	1021	1435367.0000	202	283663.0000	819	1151704.0000
20110127	電子期貨            	EXF    	B         	0	.0000	0	.0000	0	.0000	182	255892.0000	83	116698.0000	99	139194.0000
20110127	電子期貨            	EXF    	C         	1020	1429994.0000	550	771325.0000	470	658670.0000	2464	3464153.0000	4338	6098980.0000	-1874	-2634827.0000
20110127	金融期貨            	FXF    	A         	786	841700.0000	898	961043.0000	-112	-119343.0000	857	918455.0000	468	500818.0000	389	417637.0000
20110127	金融期貨            	FXF    	B         	110	117779.0000	0	.0000	110	117779.0000	685	734183.0000	5	5359.0000	680	728824.0000
20110127	金融期貨            	FXF    	C         	526	563140.0000	1062	1135357.0000	-536	-572217.0000	954	1022497.0000	8988	9632678.0000	-8034	-8610181.0000
20110127	櫃買期貨            	GTF    	A         	48	28011.0000	95	55472.0000	-47	-27461.0000	46	26847.0000	221	128876.0000	-175	-102029.0000
20110127	櫃買期貨            	GTF    	B         	0	.0000	0	.0000	0	.0000	65	37895.0000	0	.0000	65	37895.0000
20110127	櫃買期貨            	GTF    	C         	0	.0000	0	.0000	0	.0000	0	.0000	0	.0000	0	.0000
20110127	摩臺期              	MSF    	A         	0	.0000	0	.0000	0	.0000	8	7492.0000	0	.0000	8	7492.0000
20110127	摩臺期              	MSF    	B         	0	.0000	0	.0000	0	.0000	0	.0000	0	.0000	0	.0000
20110127	摩臺期              	MSF    	C         	0	.0000	0	.0000	0	.0000	0	.0000	0	.0000	0	.0000
20110127	小型臺指            	MXF    	A         	5113	2322629.0000	4607	2093583.0000	506	229046.0000	5601	2545286.0000	1573	703433.0000	4028	1841853.0000
20110127	小型臺指            	MXF    	B         	0	.0000	0	.0000	0	.0000	0	.0000	0	.0000	0	.0000
20110127	小型臺指            	MXF    	C         	5377	2442553.0000	5280	2399201.0000	97	43353.0000	3912	1777766.0000	1409	632152.0000	2503	1145614.0000
20110127	股票期貨            	STF    	A         	4679	308714.0000	4931	304526.0000	-252	4188.0000	2415	161049.0000	5515	493968.0000	-3100	-332919.0000
20110127	股票期貨            	STF    	B         	0	.0000	0	.0000	0	.0000	0	.0000	0	.0000	0	.0000
20110127	股票期貨            	STF    	C         	256	32837.0000	382	53629.0000	-126	-20793.0000	66	11347.0000	4125	390395.0000	-4059	-379048.0000
20110127	臺灣50期貨          	T5F    	A         	0	.0000	0	.0000	0	.0000	501	311976.0000	0	.0000	501	311976.0000
20110127	臺灣50期貨          	T5F    	B         	0	.0000	0	.0000	0	.0000	0	.0000	0	.0000	0	.0000
20110127	臺灣50期貨          	T5F    	C         	0	.0000	0	.0000	0	.0000	0	.0000	500	311350.0000	-500	-311350.0000
20110127	臺股期貨            	TXF    	A         	19326	35151882.0000	17210	31304573.0000	2116	3847309.0000	12439	22592209.0000	3003	5373259.0000	9436	17218950.0000
20110127	臺股期貨            	TXF    	B         	56	101839.0000	60	109149.0000	-4	-7310.0000	1635	2976681.0000	695	1265216.0000	940	1711465.0000
20110127	臺股期貨            	TXF    	C         	9737	17709379.0000	10722	19499940.0000	-985	-1790560.0000	25390	46182086.0000	35830	65106064.0000	-10440	-18923978.0000
20110127	非金電期貨          	XIF    	A         	186	217170.0000	129	150650.0000	57	66521.0000	152	177359.0000	186	217092.0000	-34	-39733.0000
20110127	非金電期貨          	XIF    	B         	0	.0000	0	.0000	0	.0000	18	21015.0000	0	.0000	18	21015.0000
20110127	非金電期貨          	XIF    	C         	105	122643.0000	161	188003.0000	-56	-65360.0000	215	251013.0000	100	116750.0000	115	134263.0000
20110128	電子期貨            	EXF    	A         	526	739505.0000	542	761650.0000	-16	-22145.0000	1100	1546480.0000	297	417212.0000	803	1129268.0000
20110128	電子期貨            	EXF    	B         	0	.0000	8	11247.0000	-8	-11247.0000	174	244644.0000	83	116698.0000	91	127946.0000
20110128	電子期貨            	EXF    	C         	564	792912.0000	603	847287.0000	-39	-54375.0000	2507	3524629.0000	4420	6214346.0000	-1913	-2689717.0000
20110128	金融期貨            	FXF    	A         	978	1053548.0000	919	989574.0000	59	63974.0000	1060	1141805.0000	612	658413.0000	448	483392.0000
20110128	金融期貨            	FXF    	B         	50	53828.0000	0	.0000	50	53828.0000	735	791742.0000	5	5386.0000	730	786356.0000
20110128	金融期貨            	FXF    	C         	549	591272.0000	1053	1133463.0000	-504	-542191.0000	928	999642.0000	9466	10196098.0000	-8538	-9196456.0000
20110128	櫃買期貨            	GTF    	A         	8	4681.0000	35	20472.0000	-27	-15791.0000	42	24567.0000	244	142697.0000	-202	-118130.0000
20110128	櫃買期貨            	GTF    	B         	0	.0000	0	.0000	0	.0000	65	38012.0000	0	.0000	65	38012.0000
20110128	櫃買期貨            	GTF    	C         	0	.0000	0	.0000	0	.0000	0	.0000	0	.0000	0	.0000
20110128	摩臺期              	MSF    	A         	0	.0000	0	.0000	0	.0000	8	7532.0000	0	.0000	8	7532.0000
20110128	摩臺期              	MSF    	B         	0	.0000	0	.0000	0	.0000	0	.0000	0	.0000	0	.0000
20110128	摩臺期              	MSF    	C         	0	.0000	0	.0000	0	.0000	0	.0000	0	.0000	0	.0000
20110128	小型臺指            	MXF    	A         	2413	1097934.0000	3179	1447775.0000	-766	-349840.0000	4937	2251061.0000	1675	752440.0000	3262	1498621.0000
20110128	小型臺指            	MXF    	B         	0	.0000	0	.0000	0	.0000	0	.0000	0	.0000	0	.0000
20110128	小型臺指            	MXF    	C         	3364	1532654.0000	3957	1803336.0000	-593	-270683.0000	3435	1566392.0000	1525	687412.0000	1910	878980.0000
20110128	股票期貨            	STF    	A         	3589	294362.0000	3763	306853.0000	-174	-12491.0000	2516	166271.0000	5790	511531.0000	-3274	-345260.0000
20110128	股票期貨            	STF    	B         	0	.0000	0	.0000	0	.0000	0	.0000	0	.0000	0	.0000
20110128	股票期貨            	STF    	C         	103	8377.0000	169	15269.0000	-66	-6892.0000	71	11913.0000	4196	404315.0000	-4125	-392402.0000
20110128	臺灣50期貨          	T5F    	A         	0	.0000	0	.0000	0	.0000	501	313980.0000	0	.0000	501	313980.0000
20110128	臺灣50期貨          	T5F    	B         	0	.0000	0	.0000	0	.0000	0	.0000	0	.0000	0	.0000
20110128	臺灣50期貨          	T5F    	C         	0	.0000	0	.0000	0	.0000	0	.0000	500	313350.0000	-500	-313350.0000
20110128	臺股期貨            	TXF    	A         	12380	22576648.0000	12022	21928387.0000	358	648261.0000	12858	23436727.0000	3064	5504417.0000	9794	17932310.0000
20110128	臺股期貨            	TXF    	B         	124	226040.0000	90	163987.0000	34	62053.0000	1545	2823024.0000	571	1043274.0000	974	1779750.0000
20110128	臺股期貨            	TXF    	C         	6993	12755313.0000	8754	15957354.0000	-1761	-3202041.0000	24764	45206378.0000	36965	67411193.0000	-12201	-22204815.0000
20110128	非金電期貨          	XIF    	A         	182	213369.0000	92	107863.0000	90	105505.0000	268	315188.0000	212	249352.0000	56	65836.0000
20110128	非金電期貨          	XIF    	B         	0	.0000	0	.0000	0	.0000	18	21184.0000	0	.0000	18	21184.0000
20110128	非金電期貨          	XIF    	C         	63	73937.0000	129	151349.0000	-66	-77413.0000	198	233026.0000	149	175358.0000	49	57668.0000
