20111201	電子期貨            	EXF    	A         	984	1038969.0000	808	852320.0000	176	186649.0000	863	912255.0000	333	351855.0000	530	560400.0000
20111201	電子期貨            	EXF    	B         	0	.0000	0	.0000	0	.0000	71	75061.0000	35	37002.0000	36	38059.0000
20111201	電子期貨            	EXF    	C         	1952	2060862.0000	1702	1799281.0000	250	261581.0000	2605	2754006.0000	3070	3245604.0000	-465	-491598.0000
20111201	金融期貨            	FXF    	A         	1069	858136.0000	915	736988.0000	154	121148.0000	726	588434.0000	465	376893.0000	261	211541.0000
20111201	金融期貨            	FXF    	B         	0	.0000	0	.0000	0	.0000	51	41341.0000	90	72954.0000	-39	-31613.0000
20111201	金融期貨            	FXF    	C         	1797	1447144.0000	1474	1184784.0000	323	262361.0000	1289	1044863.0000	3995	3238301.0000	-2706	-2193438.0000
20111201	櫃買期貨            	GTF    	A         	35	13513.0000	45	17377.0000	-10	-3864.0000	34	13128.0000	58	22395.0000	-24	-9267.0000
20111201	櫃買期貨            	GTF    	B         	0	.0000	0	.0000	0	.0000	88	33950.0000	0	.0000	88	33950.0000
20111201	櫃買期貨            	GTF    	C         	0	.0000	0	.0000	0	.0000	0	.0000	0	.0000	0	.0000
20111201	小型臺指            	MXF    	A         	13778	4952247.0000	9778	3518275.0000	4000	1433972.0000	3921	1407807.0000	7887	2826449.0000	-3966	-1418642.0000
20111201	小型臺指            	MXF    	B         	34	12263.0000	0	.0000	34	12263.0000	6	2163.0000	4	1442.0000	2	721.0000
20111201	小型臺指            	MXF    	C         	13881	4989863.0000	12203	4390984.0000	1678	598879.0000	15782	5688337.0000	1077	386334.0000	14705	5302003.0000
20111201	股票期貨            	STF    	A         	8479	382281.0000	8171	395712.0000	308	-13430.0000	18229	1166743.0000	17936	1120436.0000	293	46307.0000
20111201	股票期貨            	STF    	B         	0	.0000	0	.0000	0	.0000	11132	1613645.0000	0	.0000	11132	1613645.0000
20111201	股票期貨            	STF    	C         	164	15005.0000	68	5442.0000	96	9563.0000	6061	530247.0000	24821	2471497.0000	-18760	-1941250.0000
20111201	臺灣50期貨          	T5F    	A         	0	.0000	0	.0000	0	.0000	0	.0000	0	.0000	0	.0000
20111201	臺灣50期貨          	T5F    	B         	0	.0000	0	.0000	0	.0000	0	.0000	0	.0000	0	.0000
20111201	臺灣50期貨          	T5F    	C         	0	.0000	0	.0000	0	.0000	500	250750.0000	500	250750.0000	0	.0000
20111201	臺股期貨            	TXF    	A         	24901	35828511.0000	21360	30753599.0000	3541	5074911.0000	9102	13117268.0000	6394	9158156.0000	2708	3959112.0000
20111201	臺股期貨            	TXF    	B         	668	960131.0000	159	229514.0000	509	730617.0000	1528	2203376.0000	931	1342470.0000	597	860906.0000
20111201	臺股期貨            	TXF    	C         	21405	30781821.0000	24175	34774881.0000	-2770	-3993060.0000	32908	47396645.0000	46547	67107693.0000	-13639	-19711048.0000
20111201	非金電期貨          	XIF    	A         	255	257761.0000	211	213298.0000	44	44463.0000	424	429494.0000	73	73852.0000	351	355642.0000
20111201	非金電期貨          	XIF    	B         	0	.0000	0	.0000	0	.0000	4	4052.0000	0	.0000	4	4052.0000
20111201	非金電期貨          	XIF    	C         	280	282446.0000	333	335805.0000	-53	-53359.0000	204	206652.0000	528	534864.0000	-324	-328212.0000
20111202	電子期貨            	EXF    	A         	599	629854.0000	568	597165.0000	31	32689.0000	885	927601.0000	324	339487.0000	561	588114.0000
20111202	電子期貨            	EXF    	B         	0	.0000	0	.0000	0	.0000	71	74422.0000	35	36687.0000	36	37735.0000
20111202	電子期貨            	EXF    	C         	817	858735.0000	1085	1141594.0000	-268	-282859.0000	2535	2657187.0000	3268	3425518.0000	-733	-768331.0000
20111202	金融期貨            	FXF    	A         	737	592485.0000	847	679686.0000	-110	-87202.0000	640	513761.0000	489	392537.0000	151	121224.0000
20111202	金融期貨            	FXF    	B         	18	14431.0000	0	.0000	18	14431.0000	69	55393.0000	90	72252.0000	-21	-16859.0000
20111202	金融期貨            	FXF    	C         	1489	1195765.0000	2478	1991411.0000	-989	-795646.0000	1089	874249.0000	4784	3840539.0000	-3695	-2966290.0000
20111202	櫃買期貨            	GTF    	A         	64	24480.0000	75	28704.0000	-11	-4224.0000	37	14183.0000	72	27585.0000	-35	-13402.0000
20111202	櫃買期貨            	GTF    	B         	0	.0000	0	.0000	0	.0000	88	33739.0000	0	.0000	88	33739.0000
20111202	櫃買期貨            	GTF    	C         	0	.0000	0	.0000	0	.0000	0	.0000	0	.0000	0	.0000
20111202	小型臺指            	MXF    	A         	7470	2673758.0000	9934	3554242.0000	-2464	-880485.0000	2231	792696.0000	9341	3325647.0000	-7110	-2532951.0000
20111202	小型臺指            	MXF    	B         	0	.0000	0	.0000	0	.0000	6	2147.0000	4	1431.0000	2	716.0000
20111202	小型臺指            	MXF    	C         	11056	3958895.0000	13101	4691289.0000	-2045	-732394.0000	15645	5596768.0000	2473	882959.0000	13172	4713809.0000
20111202	股票期貨            	STF    	A         	12415	554012.0000	14704	579535.0000	-2289	-25522.0000	16009	1126596.0000	18005	1105402.0000	-1996	21194.0000
20111202	股票期貨            	STF    	B         	0	.0000	0	.0000	0	.0000	11132	1598794.0000	0	.0000	11132	1598794.0000
20111202	股票期貨            	STF    	C         	2602	88500.0000	53	4035.0000	2549	84464.0000	6139	536464.0000	22350	2376247.0000	-16211	-1839783.0000
20111202	臺灣50期貨          	T5F    	A         	0	.0000	0	.0000	0	.0000	0	.0000	0	.0000	0	.0000
20111202	臺灣50期貨          	T5F    	B         	0	.0000	0	.0000	0	.0000	0	.0000	0	.0000	0	.0000
20111202	臺灣50期貨          	T5F    	C         	0	.0000	0	.0000	0	.0000	500	248750.0000	500	248750.0000	0	.0000
20111202	臺股期貨            	TXF    	A         	12442	17809964.0000	12514	17914739.0000	-72	-104776.0000	8916	12752966.0000	6110	8683346.0000	2806	4069620.0000
20111202	臺股期貨            	TXF    	B         	11	15761.0000	27	38652.0000	-16	-22890.0000	1518	2172562.0000	937	1340998.0000	581	831564.0000
20111202	臺股期貨            	TXF    	C         	17077	24461765.0000	20109	28803651.0000	-3032	-4341887.0000	32446	46379287.0000	49245	70466243.0000	-16799	-24086956.0000
20111202	非金電期貨          	XIF    	A         	195	196248.0000	137	137856.0000	58	58392.0000	479	482491.0000	70	70470.0000	409	412021.0000
20111202	非金電期貨          	XIF    	B         	0	.0000	0	.0000	0	.0000	4	4029.0000	0	.0000	4	4029.0000
20111202	非金電期貨          	XIF    	C         	93	93603.0000	202	203342.0000	-109	-109739.0000	173	174246.0000	606	610363.0000	-433	-436117.0000
20111205	電子期貨            	EXF    	A         	821	855541.0000	773	805532.0000	48	50009.0000	867	905242.0000	258	269226.0000	609	636016.0000
20111205	電子期貨            	EXF    	B         	0	.0000	0	.0000	0	.0000	71	74138.0000	35	36547.0000	36	37591.0000
20111205	電子期貨            	EXF    	C         	1550	1614513.0000	1599	1665517.0000	-49	-51004.0000	2435	2542627.0000	3217	3359191.0000	-782	-816564.0000
20111205	金融期貨            	FXF    	A         	902	721603.0000	991	792403.0000	-89	-70800.0000	614	491154.0000	552	441553.0000	62	49601.0000
20111205	金融期貨            	FXF    	B         	12	9589.0000	0	.0000	12	9589.0000	81	64800.0000	90	72000.0000	-9	-7200.0000
20111205	金融期貨            	FXF    	C         	1803	1439484.0000	2031	1621963.0000	-228	-182479.0000	1040	832000.0000	4963	3970310.0000	-3923	-3138310.0000
20111205	櫃買期貨            	GTF    	A         	66	25058.0000	57	21644.0000	9	3414.0000	39	14797.0000	65	24653.0000	-26	-9856.0000
20111205	櫃買期貨            	GTF    	B         	0	.0000	0	.0000	0	.0000	88	33387.0000	0	.0000	88	33387.0000
20111205	櫃買期貨            	GTF    	C         	0	.0000	0	.0000	0	.0000	0	.0000	0	.0000	0	.0000
20111205	小型臺指            	MXF    	A         	13601	4836603.0000	13477	4786140.0000	124	50463.0000	2175	769756.0000	8053	2854072.0000	-5878	-2084316.0000
20111205	小型臺指            	MXF    	B         	0	.0000	0	.0000	0	.0000	6	2139.0000	4	1426.0000	2	713.0000
20111205	小型臺指            	MXF    	C         	10218	3634510.0000	10221	3634456.0000	-3	55.0000	16206	5777093.0000	2885	1026739.0000	13321	4750354.0000
20111205	股票期貨            	STF    	A         	11706	525800.0000	11405	491481.0000	301	34320.0000	16669	1180179.0000	18364	1121335.0000	-1695	58844.0000
20111205	股票期貨            	STF    	B         	0	.0000	0	.0000	0	.0000	11132	1612685.0000	0	.0000	11132	1612685.0000
20111205	股票期貨            	STF    	C         	77	5557.0000	83	9209.0000	-6	-3652.0000	6140	534213.0000	22357	2386219.0000	-16217	-1852006.0000
20111205	臺灣50期貨          	T5F    	A         	0	.0000	0	.0000	0	.0000	0	.0000	0	.0000	0	.0000
20111205	臺灣50期貨          	T5F    	B         	0	.0000	0	.0000	0	.0000	0	.0000	0	.0000	0	.0000
20111205	臺灣50期貨          	T5F    	C         	0	.0000	0	.0000	0	.0000	500	248500.0000	500	248500.0000	0	.0000
20111205	臺股期貨            	TXF    	A         	17031	24213199.0000	16861	23968071.0000	170	245128.0000	9575	13648394.0000	6876	9740789.0000	2699	3907605.0000
20111205	臺股期貨            	TXF    	B         	4	5698.0000	75	106814.0000	-71	-101116.0000	1492	2127890.0000	982	1400492.0000	510	727398.0000
20111205	臺股期貨            	TXF    	C         	19930	28338431.0000	21293	30278611.0000	-1363	-1940180.0000	32583	46402545.0000	50783	72413129.0000	-18200	-26010584.0000
20111205	非金電期貨          	XIF    	A         	105	105131.0000	130	130102.0000	-25	-24971.0000	460	462832.0000	76	76410.0000	384	386422.0000
20111205	非金電期貨          	XIF    	B         	0	.0000	0	.0000	0	.0000	4	4024.0000	0	.0000	4	4024.0000
20111205	非金電期貨          	XIF    	C         	168	167975.0000	201	201016.0000	-33	-33041.0000	113	113689.0000	579	582532.0000	-466	-468843.0000
20111206	電子期貨            	EXF    	A         	639	659319.0000	762	785785.0000	-123	-126466.0000	762	782634.0000	276	283310.0000	486	499324.0000
20111206	電子期貨            	EXF    	B         	0	.0000	0	.0000	0	.0000	71	72931.0000	35	35952.0000	36	36979.0000
20111206	電子期貨            	EXF    	C         	1546	1594185.0000	1606	1656552.0000	-60	-62367.0000	2299	2361533.0000	3141	3226435.0000	-842	-864902.0000
20111206	金融期貨            	FXF    	A         	879	688984.0000	864	678070.0000	15	10914.0000	541	421069.0000	464	361113.0000	77	59956.0000
20111206	金融期貨            	FXF    	B         	0	.0000	0	.0000	0	.0000	81	63050.0000	90	70056.0000	-9	-7006.0000
20111206	金融期貨            	FXF    	C         	2265	1776088.0000	2363	1853089.0000	-98	-77000.0000	593	461591.0000	4614	3591398.0000	-4021	-3129807.0000
20111206	櫃買期貨            	GTF    	A         	93	34762.0000	79	29537.0000	14	5225.0000	44	16311.0000	56	20747.0000	-12	-4436.0000
20111206	櫃買期貨            	GTF    	B         	0	.0000	0	.0000	0	.0000	88	32648.0000	0	.0000	88	32648.0000
20111206	櫃買期貨            	GTF    	C         	0	.0000	0	.0000	0	.0000	0	.0000	0	.0000	0	.0000
20111206	小型臺指            	MXF    	A         	8977	3142133.0000	11345	3980765.0000	-2368	-838632.0000	2428	842120.0000	9358	3249227.0000	-6930	-2407107.0000
20111206	小型臺指            	MXF    	B         	0	.0000	14	4885.0000	-14	-4885.0000	6	2095.0000	18	6284.0000	-12	-4189.0000
20111206	小型臺指            	MXF    	C         	14375	5040929.0000	14535	5101269.0000	-160	-60340.0000	16453	5742733.0000	3020	1052304.0000	13433	4690429.0000
20111206	股票期貨            	STF    	A         	12241	578253.0000	12194	553162.0000	47	25091.0000	16888	1188123.0000	18536	1103611.0000	-1648	84512.0000
20111206	股票期貨            	STF    	B         	0	.0000	0	.0000	0	.0000	11132	1581350.0000	0	.0000	11132	1581350.0000
20111206	股票期貨            	STF    	C         	135	22993.0000	39	5110.0000	96	17883.0000	6180	533315.0000	22301	2325323.0000	-16121	-1792008.0000
20111206	臺灣50期貨          	T5F    	A         	0	.0000	0	.0000	0	.0000	0	.0000	0	.0000	0	.0000
20111206	臺灣50期貨          	T5F    	B         	0	.0000	0	.0000	0	.0000	0	.0000	0	.0000	0	.0000
20111206	臺灣50期貨          	T5F    	C         	0	.0000	0	.0000	0	.0000	500	243150.0000	500	243150.0000	0	.0000
20111206	臺股期貨            	TXF    	A         	17516	24535590.0000	19372	27145144.0000	-1856	-2609554.0000	8873	12383001.0000	8359	11606295.0000	514	776706.0000
20111206	臺股期貨            	TXF    	B         	98	136881.0000	415	581633.0000	-317	-444752.0000	1413	1973113.0000	1220	1703571.0000	193	269542.0000
20111206	臺股期貨            	TXF    	C         	21523	30184574.0000	17717	24850323.0000	3806	5334251.0000	33113	46176701.0000	47575	66419892.0000	-14462	-20243191.0000
20111206	非金電期貨          	XIF    	A         	225	220786.0000	244	239392.0000	-19	-18606.0000	443	433903.0000	78	76342.0000	365	357561.0000
20111206	非金電期貨          	XIF    	B         	0	.0000	0	.0000	0	.0000	4	3918.0000	0	.0000	4	3918.0000
20111206	非金電期貨          	XIF    	C         	269	264925.0000	230	226874.0000	39	38050.0000	81	79331.0000	508	497535.0000	-427	-418204.0000
20111207	電子期貨            	EXF    	A         	844	868977.0000	807	830881.0000	37	38096.0000	844	868071.0000	321	330024.0000	523	538047.0000
20111207	電子期貨            	EXF    	B         	0	.0000	0	.0000	0	.0000	71	73031.0000	35	36001.0000	36	37030.0000
20111207	電子期貨            	EXF    	C         	1851	1905787.0000	1855	1909265.0000	-4	-3479.0000	2371	2438811.0000	3217	3309006.0000	-846	-870195.0000
20111207	金融期貨            	FXF    	A         	607	478167.0000	569	448450.0000	38	29718.0000	541	428549.0000	426	337447.0000	115	91102.0000
20111207	金融期貨            	FXF    	B         	0	.0000	6	4728.0000	-6	-4728.0000	75	59415.0000	90	71298.0000	-15	-11883.0000
20111207	金融期貨            	FXF    	C         	1856	1461497.0000	1626	1280538.0000	230	180960.0000	462	365996.0000	4253	3369157.0000	-3791	-3003161.0000
20111207	櫃買期貨            	GTF    	A         	93	34611.0000	83	30892.0000	10	3719.0000	37	13708.0000	39	14441.0000	-2	-733.0000
20111207	櫃買期貨            	GTF    	B         	0	.0000	0	.0000	0	.0000	88	32595.0000	0	.0000	88	32595.0000
20111207	櫃買期貨            	GTF    	C         	0	.0000	0	.0000	0	.0000	0	.0000	0	.0000	0	.0000
20111207	小型臺指            	MXF    	A         	9352	3290419.0000	8095	2846451.0000	1257	443967.0000	2285	800165.0000	8066	2826654.0000	-5781	-2026489.0000
20111207	小型臺指            	MXF    	B         	7	2469.0000	105	36892.0000	-98	-34423.0000	6	2115.0000	116	40859.0000	-110	-38744.0000
20111207	小型臺指            	MXF    	C         	12512	4401656.0000	11939	4199775.0000	573	201881.0000	16808	5923978.0000	3174	1116962.0000	13634	4807016.0000
20111207	股票期貨            	STF    	A         	15130	761982.0000	15423	806418.0000	-293	-44436.0000	17259	1204644.0000	19200	1164455.0000	-1941	40189.0000
20111207	股票期貨            	STF    	B         	0	.0000	0	.0000	0	.0000	11132	1622217.0000	0	.0000	11132	1622217.0000
20111207	股票期貨            	STF    	C         	471	69848.0000	93	8049.0000	378	61799.0000	6432	575483.0000	22175	2348964.0000	-15743	-1773481.0000
20111207	臺灣50期貨          	T5F    	A         	0	.0000	0	.0000	0	.0000	0	.0000	0	.0000	0	.0000
20111207	臺灣50期貨          	T5F    	B         	0	.0000	0	.0000	0	.0000	0	.0000	0	.0000	0	.0000
20111207	臺灣50期貨          	T5F    	C         	0	.0000	0	.0000	0	.0000	500	245700.0000	500	245700.0000	0	.0000
20111207	臺股期貨            	TXF    	A         	14479	20378473.0000	14334	20170038.0000	145	208435.0000	7852	11064775.0000	7166	10042487.0000	686	1022288.0000
20111207	臺股期貨            	TXF    	B         	39	54861.0000	106	149098.0000	-67	-94238.0000	1406	1982460.0000	1280	1804772.0000	126	177688.0000
20111207	臺股期貨            	TXF    	C         	20589	28974969.0000	19298	27160399.0000	1291	1814570.0000	33208	46764950.0000	46286	65250386.0000	-13078	-18485436.0000
20111207	非金電期貨          	XIF    	A         	105	104422.0000	107	106324.0000	-2	-1902.0000	443	442290.0000	80	79758.0000	363	362532.0000
20111207	非金電期貨          	XIF    	B         	0	.0000	0	.0000	0	.0000	4	3994.0000	0	.0000	4	3994.0000
20111207	非金電期貨          	XIF    	C         	189	187655.0000	176	174994.0000	13	12661.0000	91	90864.0000	505	504243.0000	-414	-413379.0000
20111208	電子期貨            	EXF    	A         	669	679445.0000	822	834374.0000	-153	-154929.0000	759	772407.0000	389	395705.0000	370	376702.0000
20111208	電子期貨            	EXF    	B         	0	.0000	0	.0000	0	.0000	71	72264.0000	35	35623.0000	36	36641.0000
20111208	電子期貨            	EXF    	C         	1390	1410788.0000	1262	1281426.0000	128	129362.0000	2330	2371474.0000	3048	3102254.0000	-718	-730780.0000
20111208	金融期貨            	FXF    	A         	918	714820.0000	886	689656.0000	32	25164.0000	543	422006.0000	396	307726.0000	147	114280.0000
20111208	金融期貨            	FXF    	B         	0	.0000	20	15563.0000	-20	-15563.0000	55	42746.0000	90	69948.0000	-35	-27202.0000
20111208	金融期貨            	FXF    	C         	1998	1554734.0000	2094	1629319.0000	-96	-74585.0000	593	460840.0000	4480	3481796.0000	-3887	-3020956.0000
20111208	櫃買期貨            	GTF    	A         	60	21909.0000	76	27744.0000	-16	-5835.0000	24	8726.0000	42	15255.0000	-18	-6529.0000
20111208	櫃買期貨            	GTF    	B         	0	.0000	0	.0000	0	.0000	88	31962.0000	0	.0000	88	31962.0000
20111208	櫃買期貨            	GTF    	C         	0	.0000	0	.0000	0	.0000	0	.0000	0	.0000	0	.0000
20111208	小型臺指            	MXF    	A         	9549	3320097.0000	12143	4221834.0000	-2594	-901738.0000	2223	768715.0000	10474	3628701.0000	-8251	-2859986.0000
20111208	小型臺指            	MXF    	B         	0	.0000	7	2437.0000	-7	-2437.0000	6	2089.0000	123	42780.0000	-117	-40691.0000
20111208	小型臺指            	MXF    	C         	12228	4249004.0000	13282	4616491.0000	-1054	-367487.0000	16787	5843385.0000	1663	576942.0000	15124	5266443.0000
20111208	股票期貨            	STF    	A         	19770	751044.0000	19740	779083.0000	30	-28038.0000	17750	1223298.0000	19661	1210345.0000	-1911	12953.0000
20111208	股票期貨            	STF    	B         	0	.0000	0	.0000	0	.0000	11132	1621934.0000	0	.0000	11132	1621934.0000
20111208	股票期貨            	STF    	C         	121	9587.0000	62	8322.0000	59	1265.0000	6496	572755.0000	22180	2339209.0000	-15684	-1766454.0000
20111208	臺灣50期貨          	T5F    	A         	0	.0000	0	.0000	0	.0000	0	.0000	0	.0000	0	.0000
20111208	臺灣50期貨          	T5F    	B         	0	.0000	0	.0000	0	.0000	0	.0000	0	.0000	0	.0000
20111208	臺灣50期貨          	T5F    	C         	0	.0000	0	.0000	0	.0000	500	244750.0000	500	244750.0000	0	.0000
20111208	臺股期貨            	TXF    	A         	21360	29702590.0000	20909	29059740.0000	451	642850.0000	7751	10788374.0000	6645	9188311.0000	1106	1600063.0000
20111208	臺股期貨            	TXF    	B         	129	179346.0000	202	280109.0000	-73	-100763.0000	1273	1772780.0000	1220	1698935.0000	53	73845.0000
20111208	臺股期貨            	TXF    	C         	23282	32378084.0000	23705	32961689.0000	-423	-583605.0000	33683	46843626.0000	47820	66579732.0000	-14137	-19736106.0000
20111208	非金電期貨          	XIF    	A         	165	162550.0000	194	191207.0000	-29	-28656.0000	444	438355.0000	110	108524.0000	334	329831.0000
20111208	非金電期貨          	XIF    	B         	0	.0000	0	.0000	0	.0000	4	3949.0000	0	.0000	4	3949.0000
20111208	非金電期貨          	XIF    	C         	233	229325.0000	233	229447.0000	0	-122.0000	48	47386.0000	462	456086.0000	-414	-408700.0000
20111209	電子期貨            	EXF    	A         	883	884295.0000	772	773019.0000	111	111277.0000	733	733914.0000	252	252101.0000	481	481813.0000
20111209	電子期貨            	EXF    	B         	0	.0000	0	.0000	0	.0000	71	71099.0000	35	35049.0000	36	36050.0000
20111209	電子期貨            	EXF    	C         	1829	1831167.0000	1986	1987937.0000	-157	-156770.0000	2226	2229116.0000	3101	3105341.0000	-875	-876225.0000
20111209	金融期貨            	FXF    	A         	915	702457.0000	953	731851.0000	-38	-29394.0000	568	439037.0000	459	354710.0000	109	84327.0000
20111209	金融期貨            	FXF    	B         	0	.0000	4	3069.0000	-4	-3069.0000	51	39423.0000	90	69570.0000	-39	-30147.0000
20111209	金融期貨            	FXF    	C         	3087	2370665.0000	2769	2128402.0000	318	242263.0000	610	471430.0000	4179	3230218.0000	-3569	-2758788.0000
20111209	櫃買期貨            	GTF    	A         	58	20866.0000	52	18716.0000	6	2150.0000	24	8624.0000	36	12928.0000	-12	-4304.0000
20111209	櫃買期貨            	GTF    	B         	0	.0000	0	.0000	0	.0000	88	31627.0000	0	.0000	88	31627.0000
20111209	櫃買期貨            	GTF    	C         	0	.0000	0	.0000	0	.0000	0	.0000	0	.0000	0	.0000
20111209	小型臺指            	MXF    	A         	16289	5602364.0000	15365	5277972.0000	924	324392.0000	2520	862192.0000	9831	3367106.0000	-7311	-2504914.0000
20111209	小型臺指            	MXF    	B         	0	.0000	64	21996.0000	-64	-21996.0000	6	2066.0000	187	64343.0000	-181	-62277.0000
20111209	小型臺指            	MXF    	C         	19269	6623869.0000	18421	6334581.0000	848	289288.0000	17511	6028974.0000	1639	562408.0000	15872	5466566.0000
20111209	股票期貨            	STF    	A         	23401	969108.0000	23470	959025.0000	-69	10084.0000	18838	1294062.0000	20818	1274911.0000	-1980	19151.0000
20111209	股票期貨            	STF    	B         	0	.0000	0	.0000	0	.0000	11132	1584311.0000	0	.0000	11132	1584311.0000
20111209	股票期貨            	STF    	C         	188	19457.0000	173	53019.0000	15	-33563.0000	6602	572878.0000	22271	2338868.0000	-15669	-1765990.0000
20111209	臺灣50期貨          	T5F    	A         	0	.0000	0	.0000	0	.0000	0	.0000	0	.0000	0	.0000
20111209	臺灣50期貨          	T5F    	B         	0	.0000	0	.0000	0	.0000	0	.0000	0	.0000	0	.0000
20111209	臺灣50期貨          	T5F    	C         	0	.0000	0	.0000	0	.0000	500	240500.0000	500	240500.0000	0	.0000
20111209	臺股期貨            	TXF    	A         	23775	32703673.0000	24058	33082529.0000	-283	-378856.0000	7206	9920143.0000	6387	8732433.0000	819	1187710.0000
20111209	臺股期貨            	TXF    	B         	52	71002.0000	130	178542.0000	-78	-107539.0000	1285	1769959.0000	1310	1804366.0000	-25	-34407.0000
20111209	臺股期貨            	TXF    	C         	32573	44808696.0000	29589	40721915.0000	2984	4086781.0000	36491	50200858.0000	47619	65576419.0000	-11128	-15375561.0000
20111209	非金電期貨          	XIF    	A         	240	233351.0000	210	204411.0000	30	28940.0000	442	432487.0000	78	76427.0000	364	356060.0000
20111209	非金電期貨          	XIF    	B         	0	.0000	0	.0000	0	.0000	4	3912.0000	0	.0000	4	3912.0000
20111209	非金電期貨          	XIF    	C         	175	170368.0000	151	147455.0000	24	22913.0000	105	102690.0000	495	484110.0000	-390	-381420.0000
20111212	電子期貨            	EXF    	A         	538	545799.0000	460	466576.0000	78	79223.0000	762	768774.0000	203	204653.0000	559	564121.0000
20111212	電子期貨            	EXF    	B         	0	.0000	0	.0000	0	.0000	71	71639.0000	35	35315.0000	36	36324.0000
20111212	電子期貨            	EXF    	C         	872	883680.0000	1019	1033491.0000	-147	-149811.0000	2146	2165314.0000	3168	3196512.0000	-1022	-1031198.0000
20111212	金融期貨            	FXF    	A         	582	454784.0000	503	392795.0000	79	61990.0000	599	466007.0000	411	319703.0000	188	146304.0000
20111212	金融期貨            	FXF    	B         	0	.0000	0	.0000	0	.0000	51	39678.0000	90	70020.0000	-39	-30342.0000
20111212	金融期貨            	FXF    	C         	1170	914454.0000	1273	994835.0000	-103	-80381.0000	561	436425.0000	4218	3281544.0000	-3657	-2845119.0000
20111212	櫃買期貨            	GTF    	A         	35	12762.0000	39	14226.0000	-4	-1464.0000	24	8722.0000	40	14505.0000	-16	-5783.0000
20111212	櫃買期貨            	GTF    	B         	0	.0000	0	.0000	0	.0000	88	31891.0000	0	.0000	88	31891.0000
20111212	櫃買期貨            	GTF    	C         	0	.0000	0	.0000	0	.0000	0	.0000	0	.0000	0	.0000
20111212	小型臺指            	MXF    	A         	8542	2977032.0000	8261	2875903.0000	281	101129.0000	2145	738926.0000	9183	3169450.0000	-7038	-2430524.0000
20111212	小型臺指            	MXF    	B         	0	.0000	64	22225.0000	-64	-22225.0000	6	2082.0000	251	87051.0000	-245	-84969.0000
20111212	小型臺指            	MXF    	C         	12014	4186271.0000	12230	4261737.0000	-216	-75466.0000	17460	6058536.0000	1952	675547.0000	15508	5382989.0000
20111212	股票期貨            	STF    	A         	4934	346440.0000	5137	352851.0000	-203	-6411.0000	18852	1300591.0000	21035	1289757.0000	-2183	10834.0000
20111212	股票期貨            	STF    	B         	0	.0000	0	.0000	0	.0000	11132	1605749.0000	0	.0000	11132	1605749.0000
20111212	股票期貨            	STF    	C         	73	9197.0000	38	3569.0000	35	5628.0000	6651	582991.0000	22285	2364508.0000	-15634	-1781517.0000
20111212	臺灣50期貨          	T5F    	A         	0	.0000	0	.0000	0	.0000	0	.0000	0	.0000	0	.0000
20111212	臺灣50期貨          	T5F    	B         	0	.0000	0	.0000	0	.0000	0	.0000	0	.0000	0	.0000
20111212	臺灣50期貨          	T5F    	C         	0	.0000	0	.0000	0	.0000	500	243250.0000	500	243250.0000	0	.0000
20111212	臺股期貨            	TXF    	A         	13558	18891550.0000	13518	18814328.0000	40	77222.0000	7182	9966778.0000	6321	8698420.0000	861	1268358.0000
20111212	臺股期貨            	TXF    	B         	162	225756.0000	36	50054.0000	126	175703.0000	1273	1767179.0000	1172	1626927.0000	101	140252.0000
20111212	臺股期貨            	TXF    	C         	18442	25668958.0000	18406	25640861.0000	36	28098.0000	34817	48266390.0000	45872	63675704.0000	-11055	-15409314.0000
20111212	非金電期貨          	XIF    	A         	157	155297.0000	173	171258.0000	-16	-15961.0000	470	464324.0000	122	120478.0000	348	343846.0000
20111212	非金電期貨          	XIF    	B         	0	.0000	0	.0000	0	.0000	4	3951.0000	0	.0000	4	3951.0000
20111212	非金電期貨          	XIF    	C         	82	81138.0000	83	82132.0000	-1	-994.0000	105	103719.0000	496	489949.0000	-391	-386230.0000
20111213	電子期貨            	EXF    	A         	698	702258.0000	866	870897.0000	-168	-168639.0000	673	679398.0000	282	284552.0000	391	394846.0000
20111213	電子期貨            	EXF    	B         	0	.0000	0	.0000	0	.0000	71	71682.0000	35	35336.0000	36	36346.0000
20111213	電子期貨            	EXF    	C         	1074	1080487.0000	1098	1105301.0000	-24	-24814.0000	2104	2124198.0000	3150	3180240.0000	-1046	-1056042.0000
20111213	金融期貨            	FXF    	A         	654	499085.0000	653	498161.0000	1	924.0000	688	524371.0000	499	380236.0000	189	144135.0000
20111213	金融期貨            	FXF    	B         	0	.0000	0	.0000	0	.0000	51	38872.0000	90	68598.0000	-39	-29726.0000
20111213	金融期貨            	FXF    	C         	1624	1239024.0000	1545	1178700.0000	79	60324.0000	691	526589.0000	4269	3253707.0000	-3578	-2727118.0000
20111213	櫃買期貨            	GTF    	A         	19	6815.0000	27	9688.0000	-8	-2873.0000	19	6824.0000	43	15426.0000	-24	-8602.0000
20111213	櫃買期貨            	GTF    	B         	0	.0000	0	.0000	0	.0000	88	31574.0000	0	.0000	88	31574.0000
20111213	櫃買期貨            	GTF    	C         	0	.0000	0	.0000	0	.0000	0	.0000	0	.0000	0	.0000
20111213	小型臺指            	MXF    	A         	7526	2589848.0000	7255	2494805.0000	271	95044.0000	2452	839999.0000	9179	3146609.0000	-6727	-2306610.0000
20111213	小型臺指            	MXF    	B         	7	2414.0000	0	.0000	7	2414.0000	6	2068.0000	244	84060.0000	-238	-81992.0000
20111213	小型臺指            	MXF    	C         	12022	4135364.0000	11494	3954700.0000	528	180664.0000	17732	6111307.0000	1560	535864.0000	16172	5575443.0000
20111213	股票期貨            	STF    	A         	16550	764122.0000	16637	746879.0000	-87	17242.0000	19447	1344109.0000	21717	1313816.0000	-2270	30293.0000
20111213	股票期貨            	STF    	B         	0	.0000	0	.0000	0	.0000	11132	1603722.0000	0	.0000	11132	1603722.0000
20111213	股票期貨            	STF    	C         	68	8963.0000	46	4490.0000	22	4473.0000	6690	588885.0000	22302	2363472.0000	-15612	-1774587.0000
20111213	臺灣50期貨          	T5F    	A         	0	.0000	0	.0000	0	.0000	0	.0000	0	.0000	0	.0000
20111213	臺灣50期貨          	T5F    	B         	0	.0000	0	.0000	0	.0000	0	.0000	0	.0000	0	.0000
20111213	臺灣50期貨          	T5F    	C         	0	.0000	0	.0000	0	.0000	500	243000.0000	500	243000.0000	0	.0000
20111213	臺股期貨            	TXF    	A         	16313	22452640.0000	16495	22700070.0000	-182	-247431.0000	6713	9252421.0000	6044	8257835.0000	669	994586.0000
20111213	臺股期貨            	TXF    	B         	53	72724.0000	42	57739.0000	11	14985.0000	1249	1722115.0000	1137	1567661.0000	112	154454.0000
20111213	臺股期貨            	TXF    	C         	18646	25656421.0000	16525	22749210.0000	2121	2907210.0000	37041	51009101.0000	46009	63433561.0000	-8968	-12424460.0000
20111213	非金電期貨          	XIF    	A         	250	243476.0000	203	197662.0000	47	45813.0000	488	476770.0000	93	90852.0000	395	385918.0000
20111213	非金電期貨          	XIF    	B         	0	.0000	0	.0000	0	.0000	4	3907.0000	0	.0000	4	3907.0000
20111213	非金電期貨          	XIF    	C         	144	140212.0000	45	43847.0000	99	96365.0000	178	173871.0000	470	459096.0000	-292	-285225.0000
20111214	電子期貨            	EXF    	A         	621	626191.0000	633	638147.0000	-12	-11956.0000	692	700448.0000	313	316731.0000	379	383717.0000
20111214	電子期貨            	EXF    	B         	11	11137.0000	0	.0000	11	11137.0000	82	83017.0000	35	35434.0000	47	47583.0000
20111214	電子期貨            	EXF    	C         	1044	1051851.0000	991	998965.0000	53	52886.0000	2120	2146288.0000	3113	3151601.0000	-993	-1005313.0000
20111214	金融期貨            	FXF    	A         	429	327320.0000	431	328554.0000	-2	-1234.0000	702	535312.0000	515	392603.0000	187	142709.0000
20111214	金融期貨            	FXF    	B         	0	.0000	0	.0000	0	.0000	51	38893.0000	90	68634.0000	-39	-29741.0000
20111214	金融期貨            	FXF    	C         	1307	996418.0000	1577	1201997.0000	-270	-205580.0000	619	471928.0000	4467	3406338.0000	-3848	-2934410.0000
20111214	櫃買期貨            	GTF    	A         	19	6868.0000	54	19588.0000	-35	-12720.0000	20	7269.0000	79	28703.0000	-59	-21434.0000
20111214	櫃買期貨            	GTF    	B         	0	.0000	0	.0000	0	.0000	88	31979.0000	0	.0000	88	31979.0000
20111214	櫃買期貨            	GTF    	C         	0	.0000	0	.0000	0	.0000	0	.0000	0	.0000	0	.0000
20111214	小型臺指            	MXF    	A         	4478	1543850.0000	4507	1553227.0000	-29	-9377.0000	3035	1044848.0000	7695	2644626.0000	-4660	-1599778.0000
20111214	小型臺指            	MXF    	B         	0	.0000	0	.0000	0	.0000	6	2076.0000	244	84366.0000	-238	-82290.0000
20111214	小型臺指            	MXF    	C         	12043	4151588.0000	11998	4135744.0000	45	15844.0000	17523	6062721.0000	1422	490152.0000	16101	5572569.0000
20111214	股票期貨            	STF    	A         	14593	692029.0000	14625	676244.0000	-32	15785.0000	19360	1340168.0000	21662	1300608.0000	-2302	39560.0000
20111214	股票期貨            	STF    	B         	0	.0000	0	.0000	0	.0000	11132	1596182.0000	0	.0000	11132	1596182.0000
20111214	股票期貨            	STF    	C         	114	12219.0000	53	6016.0000	61	6203.0000	6759	595216.0000	22310	2357413.0000	-15551	-1762197.0000
20111214	臺灣50期貨          	T5F    	A         	0	.0000	0	.0000	0	.0000	0	.0000	0	.0000	0	.0000
20111214	臺灣50期貨          	T5F    	B         	0	.0000	0	.0000	0	.0000	0	.0000	0	.0000	0	.0000
20111214	臺灣50期貨          	T5F    	C         	0	.0000	0	.0000	0	.0000	500	243400.0000	500	243400.0000	0	.0000
20111214	臺股期貨            	TXF    	A         	10420	14370430.0000	10277	14170314.0000	143	200116.0000	6607	9140465.0000	6319	8665980.0000	288	474485.0000
20111214	臺股期貨            	TXF    	B         	122	168168.0000	23	31717.0000	99	136452.0000	1346	1863124.0000	1135	1570991.0000	211	292133.0000
20111214	臺股期貨            	TXF    	C         	14207	19587601.0000	16054	22134244.0000	-1847	-2546643.0000	36542	50514510.0000	47328	65506441.0000	-10786	-14991931.0000
20111214	非金電期貨          	XIF    	A         	172	168510.0000	217	212443.0000	-45	-43934.0000	471	462704.0000	121	118858.0000	350	343846.0000
20111214	非金電期貨          	XIF    	B         	0	.0000	0	.0000	0	.0000	4	3929.0000	0	.0000	4	3929.0000
20111214	非金電期貨          	XIF    	C         	75	73375.0000	129	126222.0000	-54	-52847.0000	129	126705.0000	475	466545.0000	-346	-339840.0000
20111215	電子期貨            	EXF    	A         	756	753996.0000	630	628502.0000	126	125494.0000	799	792176.0000	294	291423.0000	505	500753.0000
20111215	電子期貨            	EXF    	B         	0	.0000	1	992.0000	-1	-992.0000	81	80320.0000	35	34706.0000	46	45614.0000
20111215	電子期貨            	EXF    	C         	1081	1079309.0000	1401	1399063.0000	-320	-319753.0000	1980	1963368.0000	3293	3265339.0000	-1313	-1301971.0000
20111215	金融期貨            	FXF    	A         	746	554784.0000	762	567196.0000	-16	-12412.0000	638	470570.0000	467	344381.0000	171	126189.0000
20111215	金融期貨            	FXF    	B         	0	.0000	0	.0000	0	.0000	51	37618.0000	90	66384.0000	-39	-28766.0000
20111215	金融期貨            	FXF    	C         	1706	1270263.0000	1614	1201148.0000	92	69116.0000	645	475691.0000	4401	3246038.0000	-3756	-2770347.0000
20111215	櫃買期貨            	GTF    	A         	3	1077.0000	9	3228.0000	-6	-2151.0000	21	7521.0000	86	30779.0000	-65	-23258.0000
20111215	櫃買期貨            	GTF    	B         	0	.0000	0	.0000	0	.0000	88	31486.0000	0	.0000	88	31486.0000
20111215	櫃買期貨            	GTF    	C         	0	.0000	0	.0000	0	.0000	0	.0000	0	.0000	0	.0000
20111215	小型臺指            	MXF    	A         	7098	2410896.0000	9529	3241020.0000	-2431	-830124.0000	5189	1747328.0000	12884	4333196.0000	-7695	-2585868.0000
20111215	小型臺指            	MXF    	B         	0	.0000	0	.0000	0	.0000	6	2026.0000	244	82352.0000	-238	-80326.0000
20111215	小型臺指            	MXF    	C         	13265	4508569.0000	16676	5671365.0000	-3411	-1162796.0000	16784	5666105.0000	1606	539971.0000	15178	5126134.0000
20111215	股票期貨            	STF    	A         	10650	582601.0000	10283	530201.0000	367	52400.0000	19508	1313521.0000	21443	1225799.0000	-1935	87722.0000
20111215	股票期貨            	STF    	B         	0	.0000	0	.0000	0	.0000	11132	1553441.0000	0	.0000	11132	1553441.0000
20111215	股票期貨            	STF    	C         	0	.0000	0	.0000	0	.0000	6759	579577.0000	22310	2297434.0000	-15551	-1717857.0000
20111215	臺灣50期貨          	T5F    	A         	0	.0000	0	.0000	0	.0000	0	.0000	0	.0000	0	.0000
20111215	臺灣50期貨          	T5F    	B         	0	.0000	0	.0000	0	.0000	0	.0000	0	.0000	0	.0000
20111215	臺灣50期貨          	T5F    	C         	0	.0000	0	.0000	0	.0000	500	236250.0000	500	236250.0000	0	.0000
20111215	臺股期貨            	TXF    	A         	15769	21424835.0000	16720	22727055.0000	-951	-1302221.0000	6836	9228346.0000	7348	9850846.0000	-512	-622500.0000
20111215	臺股期貨            	TXF    	B         	181	246277.0000	217	295124.0000	-36	-48847.0000	1176	1588291.0000	1001	1351901.0000	175	236390.0000
20111215	臺股期貨            	TXF    	C         	23431	31851884.0000	26349	35824695.0000	-2918	-3972811.0000	35765	48252858.0000	50091	67648862.0000	-14326	-19396004.0000
20111215	非金電期貨          	XIF    	A         	199	191457.0000	180	173079.0000	19	18378.0000	490	468900.0000	121	115950.0000	369	352950.0000
20111215	非金電期貨          	XIF    	B         	0	.0000	0	.0000	0	.0000	4	3825.0000	0	.0000	4	3825.0000
20111215	非金電期貨          	XIF    	C         	60	57766.0000	92	88502.0000	-32	-30736.0000	85	81307.0000	463	442767.0000	-378	-361460.0000
20111216	電子期貨            	EXF    	A         	658	655857.0000	641	638437.0000	17	17421.0000	839	835984.0000	317	315767.0000	522	520217.0000
20111216	電子期貨            	EXF    	B         	0	.0000	0	.0000	0	.0000	81	80725.0000	35	34881.0000	46	45844.0000
20111216	電子期貨            	EXF    	C         	1411	1405332.0000	1138	1133908.0000	273	271423.0000	1794	1787900.0000	2834	2824346.0000	-1040	-1036446.0000
20111216	金融期貨            	FXF    	A         	474	351209.0000	597	442201.0000	-123	-90992.0000	561	413976.0000	513	378449.0000	48	35527.0000
20111216	金融期貨            	FXF    	B         	3	2215.0000	0	.0000	3	2215.0000	54	39850.0000	90	66420.0000	-36	-26570.0000
20111216	金融期貨            	FXF    	C         	1433	1062057.0000	1442	1068637.0000	-9	-6580.0000	585	431608.0000	4350	3209863.0000	-3765	-2778255.0000
20111216	櫃買期貨            	GTF    	A         	7	2503.0000	6	2150.0000	1	353.0000	26	9286.0000	90	32135.0000	-64	-22849.0000
20111216	櫃買期貨            	GTF    	B         	0	.0000	0	.0000	0	.0000	88	31434.0000	0	.0000	88	31434.0000
20111216	櫃買期貨            	GTF    	C         	0	.0000	0	.0000	0	.0000	0	.0000	0	.0000	0	.0000
20111216	小型臺指            	MXF    	A         	5187	1757911.0000	3520	1191847.0000	1667	566064.0000	3122	1052330.0000	9634	3244667.0000	-6512	-2192337.0000
20111216	小型臺指            	MXF    	B         	0	.0000	4	1354.0000	-4	-1354.0000	6	2032.0000	248	83938.0000	-242	-81906.0000
20111216	小型臺指            	MXF    	C         	12739	4316624.0000	10785	3654445.0000	1954	662180.0000	17750	6008844.0000	1738	586120.0000	16012	5422724.0000
20111216	股票期貨            	STF    	A         	15390	737589.0000	15182	716910.0000	208	20678.0000	18720	1307984.0000	20447	1196519.0000	-1727	111465.0000
20111216	股票期貨            	STF    	B         	0	.0000	0	.0000	0	.0000	11132	1552568.0000	0	.0000	11132	1552568.0000
20111216	股票期貨            	STF    	C         	55	3432.0000	10	1786.0000	45	1646.0000	6753	581033.0000	22259	2296455.0000	-15506	-1715422.0000
20111216	臺灣50期貨          	T5F    	A         	0	.0000	0	.0000	0	.0000	0	.0000	0	.0000	0	.0000
20111216	臺灣50期貨          	T5F    	B         	0	.0000	0	.0000	0	.0000	0	.0000	0	.0000	0	.0000
20111216	臺灣50期貨          	T5F    	C         	0	.0000	0	.0000	0	.0000	500	236950.0000	500	236950.0000	0	.0000
20111216	臺股期貨            	TXF    	A         	10214	13849952.0000	10151	13746835.0000	63	103117.0000	5860	7932103.0000	6188	8294105.0000	-328	-362002.0000
20111216	臺股期貨            	TXF    	B         	75	101501.0000	52	70455.0000	23	31046.0000	1176	1592759.0000	978	1324560.0000	198	268199.0000
20111216	臺股期貨            	TXF    	C         	21288	28844645.0000	19512	26445404.0000	1776	2399241.0000	36416	49255742.0000	48690	65939934.0000	-12274	-16684192.0000
20111216	非金電期貨          	XIF    	A         	129	123515.0000	138	132120.0000	-9	-8605.0000	475	454833.0000	115	110165.0000	360	344668.0000
20111216	非金電期貨          	XIF    	B         	4	3833.0000	0	.0000	4	3833.0000	8	7661.0000	0	.0000	8	7661.0000
20111216	非金電期貨          	XIF    	C         	84	80492.0000	52	49788.0000	32	30704.0000	90	86156.0000	436	417339.0000	-346	-331183.0000
20111219	電子期貨            	EXF    	A         	1089	1070301.0000	1055	1037722.0000	34	32579.0000	782	764572.0000	226	221092.0000	556	543480.0000
20111219	電子期貨            	EXF    	B         	68	66671.0000	68	66854.0000	0	-183.0000	81	79207.0000	35	34188.0000	46	45019.0000
20111219	電子期貨            	EXF    	C         	3261	3204014.0000	3181	3124764.0000	80	79250.0000	1844	1803419.0000	2804	2741959.0000	-960	-938540.0000
20111219	金融期貨            	FXF    	A         	1138	814332.0000	1099	790090.0000	39	24242.0000	394	279568.0000	307	217758.0000	87	61810.0000
20111219	金融期貨            	FXF    	B         	91	65365.0000	91	65299.0000	0	66.0000	54	38324.0000	90	63774.0000	-36	-25450.0000
20111219	金融期貨            	FXF    	C         	3187	2290704.0000	2965	2128292.0000	222	162412.0000	692	491155.0000	4231	3001934.0000	-3539	-2510779.0000
20111219	櫃買期貨            	GTF    	A         	75	26113.0000	51	17859.0000	24	8254.0000	22	7549.0000	62	21343.0000	-40	-13794.0000
20111219	櫃買期貨            	GTF    	B         	44	15401.0000	47	16344.0000	-3	-944.0000	84	28935.0000	0	.0000	84	28935.0000
20111219	櫃買期貨            	GTF    	C         	0	.0000	0	.0000	0	.0000	0	.0000	0	.0000	0	.0000
20111219	小型臺指            	MXF    	A         	11542	3847301.0000	11640	3881198.0000	-98	-33897.0000	795	259213.0000	8053	2652437.0000	-7258	-2393224.0000
20111219	小型臺指            	MXF    	B         	15	4975.0000	15	4971.0000	0	5.0000	6	1990.0000	248	82175.0000	-242	-80185.0000
20111219	小型臺指            	MXF    	C         	13824	4606001.0000	13001	4334926.0000	823	271075.0000	18793	6231494.0000	1678	554005.0000	17115	5677489.0000
20111219	股票期貨            	STF    	A         	21072	852653.0000	21144	891165.0000	-72	-38511.0000	19304	1289720.0000	21103	1213332.0000	-1799	76388.0000
20111219	股票期貨            	STF    	B         	0	.0000	0	.0000	0	.0000	11132	1547583.0000	0	.0000	11132	1547583.0000
20111219	股票期貨            	STF    	C         	650	50113.0000	592	42820.0000	58	7293.0000	6743	570127.0000	22191	2263892.0000	-15448	-1693765.0000
20111219	臺灣50期貨          	T5F    	A         	0	.0000	0	.0000	0	.0000	0	.0000	0	.0000	0	.0000
20111219	臺灣50期貨          	T5F    	B         	0	.0000	0	.0000	0	.0000	0	.0000	0	.0000	0	.0000
20111219	臺灣50期貨          	T5F    	C         	0	.0000	0	.0000	0	.0000	500	233000.0000	500	233000.0000	0	.0000
20111219	臺股期貨            	TXF    	A         	21642	28839382.0000	23242	30971398.0000	-1600	-2132017.0000	4736	6277665.0000	6502	8532752.0000	-1766	-2255087.0000
20111219	臺股期貨            	TXF    	B         	405	537474.0000	462	613826.0000	-57	-76352.0000	1173	1555972.0000	1032	1368940.0000	141	187032.0000
20111219	臺股期貨            	TXF    	C         	46403	61815918.0000	44717	59579145.0000	1686	2236774.0000	40861	54125008.0000	51534	68349120.0000	-10673	-14224112.0000
20111219	非金電期貨          	XIF    	A         	242	228564.0000	216	204099.0000	26	24464.0000	472	443693.0000	86	80730.0000	386	362963.0000
20111219	非金電期貨          	XIF    	B         	1	940.0000	1	940.0000	0	.0000	8	7515.0000	0	.0000	8	7515.0000
20111219	非金電期貨          	XIF    	C         	219	206839.0000	229	216255.0000	-10	-9416.0000	60	56430.0000	416	391134.0000	-356	-334704.0000
20111220	電子期貨            	EXF    	A         	730	722297.0000	823	814351.0000	-93	-92054.0000	752	742465.0000	289	285531.0000	463	456934.0000
20111220	電子期貨            	EXF    	B         	45	44463.0000	45	44564.0000	0	-101.0000	81	79920.0000	35	34531.0000	46	45389.0000
20111220	電子期貨            	EXF    	C         	3127	3090344.0000	2919	2884637.0000	208	205707.0000	2254	2225424.0000	3006	2967502.0000	-752	-742078.0000
20111220	金融期貨            	FXF    	A         	884	628527.0000	1018	723732.0000	-134	-95205.0000	550	387854.0000	597	420824.0000	-47	-32970.0000
20111220	金融期貨            	FXF    	B         	45	31923.0000	45	31978.0000	0	-54.0000	54	38052.0000	90	63414.0000	-36	-25362.0000
20111220	金融期貨            	FXF    	C         	2761	1961484.0000	3205	2276366.0000	-444	-314882.0000	914	644557.0000	4897	3452932.0000	-3983	-2808375.0000
20111220	櫃買期貨            	GTF    	A         	38	13236.0000	23	8048.0000	15	5188.0000	24	8323.0000	49	17033.0000	-25	-8710.0000
20111220	櫃買期貨            	GTF    	B         	40	14023.0000	40	13927.0000	0	95.0000	84	29232.0000	0	.0000	84	29232.0000
20111220	櫃買期貨            	GTF    	C         	0	.0000	0	.0000	0	.0000	0	.0000	0	.0000	0	.0000
20111220	小型臺指            	MXF    	A         	4278	1429688.0000	3234	1079452.0000	1044	350237.0000	1680	555373.0000	6934	2291267.0000	-5254	-1735894.0000
20111220	小型臺指            	MXF    	B         	0	.0000	0	.0000	0	.0000	6	2001.0000	248	82559.0000	-242	-80558.0000
20111220	小型臺指            	MXF    	C         	11274	3768124.0000	9454	3159725.0000	1820	608399.0000	20444	6813652.0000	2093	694710.0000	18351	6118942.0000
20111220	股票期貨            	STF    	A         	17318	738082.0000	17409	705406.0000	-91	32677.0000	18735	1312514.0000	20625	1203323.0000	-1890	109191.0000
20111220	股票期貨            	STF    	B         	0	.0000	0	.0000	0	.0000	11132	1544259.0000	0	.0000	11132	1544259.0000
20111220	股票期貨            	STF    	C         	268	25689.0000	304	23339.0000	-36	2350.0000	6732	573130.0000	22216	2265085.0000	-15484	-1691955.0000
20111220	臺灣50期貨          	T5F    	A         	0	.0000	0	.0000	0	.0000	0	.0000	0	.0000	0	.0000
20111220	臺灣50期貨          	T5F    	B         	0	.0000	0	.0000	0	.0000	0	.0000	0	.0000	0	.0000
20111220	臺灣50期貨          	T5F    	C         	0	.0000	0	.0000	0	.0000	500	234500.0000	500	234500.0000	0	.0000
20111220	臺股期貨            	TXF    	A         	8720	11654397.0000	11315	15122807.0000	-2595	-3468410.0000	5044	6717329.0000	9645	12760487.0000	-4601	-6043158.0000
20111220	臺股期貨            	TXF    	B         	1033	1379084.0000	1125	1503799.0000	-92	-124715.0000	1173	1562004.0000	1119	1491530.0000	54	70474.0000
20111220	臺股期貨            	TXF    	C         	40326	53897356.0000	38345	51239415.0000	1981	2657941.0000	44784	59606617.0000	53330	71068926.0000	-8546	-11462309.0000
20111220	非金電期貨          	XIF    	A         	209	197417.0000	235	222030.0000	-26	-24613.0000	405	382027.0000	45	42428.0000	360	339599.0000
20111220	非金電期貨          	XIF    	B         	3	2836.0000	3	2837.0000	0	-2.0000	8	7538.0000	0	.0000	8	7538.0000
20111220	非金電期貨          	XIF    	C         	207	195673.0000	157	148429.0000	50	47244.0000	49	46224.0000	355	334880.0000	-306	-288656.0000
20111221	電子期貨            	EXF    	A         	765	785592.0000	850	873126.0000	-85	-87535.0000	656	676538.0000	234	241330.0000	422	435208.0000
20111221	電子期貨            	EXF    	B         	3	3097.0000	3	3091.0000	0	6.0000	81	83543.0000	35	36099.0000	46	47444.0000
20111221	電子期貨            	EXF    	C         	2049	2096067.0000	1771	1811687.0000	278	284381.0000	1640	1691496.0000	2299	2371189.0000	-659	-679693.0000
20111221	金融期貨            	FXF    	A         	1288	963221.0000	1063	795525.0000	225	167696.0000	306	230663.0000	236	177864.0000	70	52799.0000
20111221	金融期貨            	FXF    	B         	11	8269.0000	5	3731.0000	6	4537.0000	60	45228.0000	90	67842.0000	-30	-22614.0000
20111221	金融期貨            	FXF    	C         	4504	3363972.0000	3673	2739847.0000	831	624125.0000	1013	763599.0000	4134	3116209.0000	-3121	-2352610.0000
20111221	櫃買期貨            	GTF    	A         	43	15631.0000	61	22188.0000	-18	-6558.0000	0	.0000	49	17845.0000	-49	-17845.0000
20111221	櫃買期貨            	GTF    	B         	0	.0000	0	.0000	0	.0000	84	30610.0000	0	.0000	84	30610.0000
20111221	櫃買期貨            	GTF    	C         	0	.0000	0	.0000	0	.0000	0	.0000	0	.0000	0	.0000
20111221	小型臺指            	MXF    	A         	13207	4555679.0000	6912	2388654.0000	6295	2167024.0000	1683	581023.0000	4318	1484493.0000	-2635	-903470.0000
20111221	小型臺指            	MXF    	B         	19	6606.0000	6	2085.0000	13	4520.0000	6	2088.0000	235	81780.0000	-229	-79692.0000
20111221	小型臺指            	MXF    	C         	12310	4252639.0000	8830	3054966.0000	3480	1197673.0000	5019	1745466.0000	1851	641693.0000	3168	1103773.0000
20111221	股票期貨            	STF    	A         	8072	515879.0000	6457	407950.0000	1615	107929.0000	11639	865229.0000	10412	665100.0000	1227	200129.0000
20111221	股票期貨            	STF    	B         	0	.0000	0	.0000	0	.0000	11132	1607859.0000	0	.0000	11132	1607859.0000
20111221	股票期貨            	STF    	C         	528	59634.0000	518	51578.0000	10	8056.0000	2484	262230.0000	18488	2140943.0000	-16004	-1878713.0000
20111221	臺灣50期貨          	T5F    	A         	0	.0000	0	.0000	0	.0000	0	.0000	0	.0000	0	.0000
20111221	臺灣50期貨          	T5F    	B         	0	.0000	0	.0000	0	.0000	0	.0000	0	.0000	0	.0000
20111221	臺灣50期貨          	T5F    	C         	0	.0000	0	.0000	0	.0000	0	.0000	0	.0000	0	.0000
20111221	臺股期貨            	TXF    	A         	23465	32456623.0000	22990	31817176.0000	475	639447.0000	5302	7377823.0000	4295	5882083.0000	1007	1495740.0000
20111221	臺股期貨            	TXF    	B         	796	1101853.0000	504	698336.0000	292	403517.0000	1189	1655088.0000	843	1173456.0000	346	481632.0000
20111221	臺股期貨            	TXF    	C         	30806	42607261.0000	30804	42599072.0000	2	8189.0000	26934	37423467.0000	33945	47249623.0000	-7011	-9826156.0000
20111221	非金電期貨          	XIF    	A         	534	519795.0000	451	439126.0000	83	80669.0000	294	286616.0000	7	6816.0000	287	279800.0000
20111221	非金電期貨          	XIF    	B         	0	.0000	0	.0000	0	.0000	8	7797.0000	0	.0000	8	7797.0000
20111221	非金電期貨          	XIF    	C         	184	179062.0000	338	328793.0000	-154	-149731.0000	1	975.0000	314	306024.0000	-313	-305049.0000
20111222	電子期貨            	EXF    	A         	588	604007.0000	620	636449.0000	-32	-32442.0000	537	551650.0000	147	151000.0000	390	400650.0000
20111222	電子期貨            	EXF    	B         	0	.0000	0	.0000	0	.0000	81	83219.0000	35	35959.0000	46	47260.0000
20111222	電子期貨            	EXF    	C         	1163	1194121.0000	988	1014565.0000	175	179555.0000	1723	1770210.0000	2207	2267472.0000	-484	-497262.0000
20111222	金融期貨            	FXF    	A         	849	648040.0000	629	480041.0000	220	167999.0000	394	299755.0000	104	79095.0000	290	220660.0000
20111222	金融期貨            	FXF    	B         	45	34297.0000	45	34493.0000	0	-196.0000	60	45648.0000	90	68472.0000	-30	-22824.0000
20111222	金融期貨            	FXF    	C         	2421	1847942.0000	2163	1651122.0000	258	196820.0000	849	645919.0000	3710	2822568.0000	-2861	-2176649.0000
20111222	櫃買期貨            	GTF    	A         	31	11294.0000	29	10586.0000	2	707.0000	0	.0000	47	17135.0000	-47	-17135.0000
20111222	櫃買期貨            	GTF    	B         	0	.0000	0	.0000	0	.0000	84	30643.0000	0	.0000	84	30643.0000
20111222	櫃買期貨            	GTF    	C         	0	.0000	0	.0000	0	.0000	0	.0000	0	.0000	0	.0000
20111222	小型臺指            	MXF    	A         	2140	744366.0000	2538	882747.0000	-398	-138381.0000	1382	475987.0000	4415	1517255.0000	-3033	-1041268.0000
20111222	小型臺指            	MXF    	B         	0	.0000	0	.0000	0	.0000	6	2087.0000	235	81721.0000	-229	-79634.0000
20111222	小型臺指            	MXF    	C         	6982	2428639.0000	7557	2628941.0000	-575	-200302.0000	4919	1709400.0000	2306	799470.0000	2613	909930.0000
20111222	股票期貨            	STF    	A         	11189	558695.0000	12018	589239.0000	-829	-30543.0000	12362	917257.0000	11964	750785.0000	398	166472.0000
20111222	股票期貨            	STF    	B         	0	.0000	0	.0000	0	.0000	11132	1597508.0000	0	.0000	11132	1597508.0000
20111222	股票期貨            	STF    	C         	231	17052.0000	245	17077.0000	-14	-25.0000	2478	260630.0000	18496	2130273.0000	-16018	-1869643.0000
20111222	臺灣50期貨          	T5F    	A         	0	.0000	0	.0000	0	.0000	0	.0000	0	.0000	0	.0000
20111222	臺灣50期貨          	T5F    	B         	0	.0000	0	.0000	0	.0000	0	.0000	0	.0000	0	.0000
20111222	臺灣50期貨          	T5F    	C         	0	.0000	0	.0000	0	.0000	0	.0000	0	.0000	0	.0000
20111222	臺股期貨            	TXF    	A         	5064	7047215.0000	5380	7484334.0000	-316	-437119.0000	5059	7034427.0000	4368	5979646.0000	691	1054781.0000
20111222	臺股期貨            	TXF    	B         	25	34775.0000	76	105694.0000	-51	-70920.0000	1179	1639989.0000	884	1229581.0000	295	410408.0000
20111222	臺股期貨            	TXF    	C         	13157	18308624.0000	12983	18063884.0000	174	244740.0000	26848	37275982.0000	33710	46888680.0000	-6862	-9612698.0000
20111222	非金電期貨          	XIF    	A         	96	93777.0000	130	127033.0000	-34	-33256.0000	273	266957.0000	20	19544.0000	253	247413.0000
20111222	非金電期貨          	XIF    	B         	0	.0000	0	.0000	0	.0000	8	7823.0000	0	.0000	8	7823.0000
20111222	非金電期貨          	XIF    	C         	289	282334.0000	256	250047.0000	33	32287.0000	185	180912.0000	465	454724.0000	-280	-273812.0000
20111223	電子期貨            	EXF    	A         	542	565950.0000	538	561449.0000	4	4501.0000	597	624512.0000	203	212344.0000	394	412168.0000
20111223	電子期貨            	EXF    	B         	0	.0000	0	.0000	0	.0000	81	84742.0000	35	36617.0000	46	48125.0000
20111223	電子期貨            	EXF    	C         	835	871279.0000	1317	1374830.0000	-482	-503551.0000	1356	1418647.0000	2322	2429276.0000	-966	-1010629.0000
20111223	金融期貨            	FXF    	A         	772	610475.0000	678	536611.0000	94	73864.0000	456	363614.0000	72	57380.0000	384	306234.0000
20111223	金融期貨            	FXF    	B         	102	81180.0000	45	35815.0000	57	45365.0000	112	89309.0000	85	67779.0000	27	21530.0000
20111223	金融期貨            	FXF    	C         	2725	2154437.0000	2068	1636149.0000	657	518288.0000	1170	932958.0000	3374	2690428.0000	-2204	-1757470.0000
20111223	櫃買期貨            	GTF    	A         	20	7470.0000	30	11275.0000	-10	-3805.0000	1	377.0000	58	21878.0000	-57	-21501.0000
20111223	櫃買期貨            	GTF    	B         	0	.0000	0	.0000	0	.0000	84	31702.0000	0	.0000	84	31702.0000
20111223	櫃買期貨            	GTF    	C         	0	.0000	0	.0000	0	.0000	0	.0000	0	.0000	0	.0000
20111223	小型臺指            	MXF    	A         	5654	2001266.0000	3516	1246910.0000	2138	754356.0000	2629	929067.0000	4028	1413594.0000	-1399	-484527.0000
20111223	小型臺指            	MXF    	B         	0	.0000	0	.0000	0	.0000	6	2132.0000	235	83507.0000	-229	-81375.0000
20111223	小型臺指            	MXF    	C         	8249	2922621.0000	6570	2328921.0000	1679	593700.0000	5529	1963563.0000	1937	685829.0000	3592	1277734.0000
20111223	股票期貨            	STF    	A         	12967	656000.0000	13517	661612.0000	-550	-5612.0000	13174	1000521.0000	13326	837946.0000	-152	162575.0000
20111223	股票期貨            	STF    	B         	0	.0000	0	.0000	0	.0000	11132	1611302.0000	0	.0000	11132	1611302.0000
20111223	股票期貨            	STF    	C         	294	16303.0000	447	19415.0000	-153	-3112.0000	2469	262734.0000	18640	2161808.0000	-16171	-1899074.0000
20111223	臺灣50期貨          	T5F    	A         	0	.0000	0	.0000	0	.0000	0	.0000	0	.0000	0	.0000
20111223	臺灣50期貨          	T5F    	B         	0	.0000	0	.0000	0	.0000	0	.0000	0	.0000	0	.0000
20111223	臺灣50期貨          	T5F    	C         	0	.0000	0	.0000	0	.0000	0	.0000	0	.0000	0	.0000
20111223	臺股期貨            	TXF    	A         	9833	13942732.0000	8985	12745530.0000	848	1197201.0000	5883	8358940.0000	4218	5897745.0000	1665	2461195.0000
20111223	臺股期貨            	TXF    	B         	270	383215.0000	0	.0000	270	383215.0000	1239	1761115.0000	674	957979.0000	565	803136.0000
20111223	臺股期貨            	TXF    	C         	11595	16439292.0000	11074	15705800.0000	521	733492.0000	27391	38863857.0000	33557	47695889.0000	-6166	-8832032.0000
20111223	非金電期貨          	XIF    	A         	112	111424.0000	90	89515.0000	22	21908.0000	298	296472.0000	23	22886.0000	275	273586.0000
20111223	非金電期貨          	XIF    	B         	0	.0000	0	.0000	0	.0000	8	7959.0000	0	.0000	8	7959.0000
20111223	非金電期貨          	XIF    	C         	168	167127.0000	229	227899.0000	-61	-60772.0000	93	92526.0000	434	431787.0000	-341	-339261.0000
20111226	電子期貨            	EXF    	A         	335	349673.0000	408	425968.0000	-73	-76296.0000	635	663379.0000	314	328029.0000	321	335350.0000
20111226	電子期貨            	EXF    	B         	0	.0000	0	.0000	0	.0000	81	84629.0000	35	36568.0000	46	48061.0000
20111226	電子期貨            	EXF    	C         	430	449121.0000	469	489774.0000	-39	-40653.0000	1348	1408390.0000	2353	2458414.0000	-1005	-1050024.0000
20111226	金融期貨            	FXF    	A         	326	258170.0000	371	293561.0000	-45	-35391.0000	406	321390.0000	67	53005.0000	339	268385.0000
20111226	金融期貨            	FXF    	B         	64	50627.0000	0	.0000	64	50627.0000	122	96575.0000	31	24540.0000	91	72035.0000
20111226	金融期貨            	FXF    	C         	615	486773.0000	1206	954297.0000	-591	-467524.0000	647	512165.0000	3442	2724687.0000	-2795	-2212522.0000
20111226	櫃買期貨            	GTF    	A         	3	1130.0000	0	.0000	3	1130.0000	1	378.0000	55	20757.0000	-54	-20379.0000
20111226	櫃買期貨            	GTF    	B         	0	.0000	0	.0000	0	.0000	84	31718.0000	0	.0000	84	31718.0000
20111226	櫃買期貨            	GTF    	C         	0	.0000	0	.0000	0	.0000	0	.0000	0	.0000	0	.0000
20111226	小型臺指            	MXF    	A         	1236	438177.0000	1774	629025.0000	-538	-190849.0000	1783	627891.0000	4032	1413764.0000	-2249	-785873.0000
20111226	小型臺指            	MXF    	B         	1	355.0000	0	.0000	1	355.0000	6	2131.0000	234	83105.0000	-228	-80974.0000
20111226	小型臺指            	MXF    	C         	2701	957785.0000	4614	1636155.0000	-1913	-678370.0000	5037	1787671.0000	3066	1086233.0000	1971	701438.0000
20111226	股票期貨            	STF    	A         	11875	614729.0000	12409	626320.0000	-534	-11591.0000	13558	1034150.0000	14244	880932.0000	-686	153218.0000
20111226	股票期貨            	STF    	B         	0	.0000	0	.0000	0	.0000	11132	1611848.0000	0	.0000	11132	1611848.0000
20111226	股票期貨            	STF    	C         	23	2864.0000	15	735.0000	8	2128.0000	2456	261827.0000	18619	2161549.0000	-16163	-1899722.0000
20111226	臺灣50期貨          	T5F    	A         	0	.0000	0	.0000	0	.0000	0	.0000	0	.0000	0	.0000
20111226	臺灣50期貨          	T5F    	B         	0	.0000	0	.0000	0	.0000	0	.0000	0	.0000	0	.0000
20111226	臺灣50期貨          	T5F    	C         	0	.0000	0	.0000	0	.0000	0	.0000	0	.0000	0	.0000
20111226	臺股期貨            	TXF    	A         	3891	5520521.0000	3791	5376154.0000	100	144367.0000	6119	8689358.0000	4276	5973781.0000	1843	2715577.0000
20111226	臺股期貨            	TXF    	B         	27	38323.0000	114	161675.0000	-87	-123352.0000	1244	1767226.0000	766	1088144.0000	478	679082.0000
20111226	臺股期貨            	TXF    	C         	6742	9564101.0000	8044	11408683.0000	-1302	-1844582.0000	25527	36191521.0000	33068	46974262.0000	-7541	-10782741.0000
20111226	非金電期貨          	XIF    	A         	114	113383.0000	126	125280.0000	-12	-11898.0000	303	301764.0000	40	39825.0000	263	261939.0000
20111226	非金電期貨          	XIF    	B         	0	.0000	0	.0000	0	.0000	8	7968.0000	0	.0000	8	7968.0000
20111226	非金電期貨          	XIF    	C         	133	132240.0000	137	136184.0000	-4	-3944.0000	3	2988.0000	348	346608.0000	-345	-343620.0000
20111227	電子期貨            	EXF    	A         	359	373634.0000	390	405959.0000	-31	-32325.0000	615	640884.0000	325	338682.0000	290	302202.0000
20111227	電子期貨            	EXF    	B         	0	.0000	0	.0000	0	.0000	81	84418.0000	35	36477.0000	46	47941.0000
20111227	電子期貨            	EXF    	C         	670	697311.0000	882	917815.0000	-212	-220505.0000	1284	1338185.0000	2501	2606542.0000	-1217	-1268357.0000
20111227	金融期貨            	FXF    	A         	442	346632.0000	402	315211.0000	40	31421.0000	451	354573.0000	72	56577.0000	379	297996.0000
20111227	金融期貨            	FXF    	B         	35	27473.0000	0	.0000	35	27473.0000	137	107709.0000	11	8648.0000	126	99061.0000
20111227	金融期貨            	FXF    	C         	794	622325.0000	966	757338.0000	-172	-135014.0000	534	419831.0000	3501	2752486.0000	-2967	-2332655.0000
20111227	櫃買期貨            	GTF    	A         	9	3399.0000	6	2264.0000	3	1135.0000	5	1886.0000	56	21121.0000	-51	-19235.0000
20111227	櫃買期貨            	GTF    	B         	0	.0000	0	.0000	0	.0000	84	31702.0000	0	.0000	84	31702.0000
20111227	櫃買期貨            	GTF    	C         	0	.0000	0	.0000	0	.0000	0	.0000	0	.0000	0	.0000
20111227	小型臺指            	MXF    	A         	3646	1288626.0000	4405	1555742.0000	-759	-267116.0000	1327	464578.0000	4327	1514636.0000	-3000	-1050058.0000
20111227	小型臺指            	MXF    	B         	30	10601.0000	0	.0000	30	10601.0000	6	2125.0000	204	72257.0000	-198	-70132.0000
20111227	小型臺指            	MXF    	C         	7024	2483142.0000	7712	2725443.0000	-688	-242302.0000	4981	1763040.0000	3266	1154128.0000	1715	608912.0000
20111227	股票期貨            	STF    	A         	11932	585320.0000	11987	588993.0000	-55	-3674.0000	13826	1063800.0000	14567	914727.0000	-741	149073.0000
20111227	股票期貨            	STF    	B         	0	.0000	0	.0000	0	.0000	11132	1621324.0000	0	.0000	11132	1621324.0000
20111227	股票期貨            	STF    	C         	17	2329.0000	9	429.0000	8	1900.0000	2449	262060.0000	18604	2165928.0000	-16155	-1903868.0000
20111227	臺灣50期貨          	T5F    	A         	0	.0000	0	.0000	0	.0000	0	.0000	0	.0000	0	.0000
20111227	臺灣50期貨          	T5F    	B         	0	.0000	0	.0000	0	.0000	0	.0000	0	.0000	0	.0000
20111227	臺灣50期貨          	T5F    	C         	0	.0000	0	.0000	0	.0000	0	.0000	0	.0000	0	.0000
20111227	臺股期貨            	TXF    	A         	8275	11701561.0000	8251	11664108.0000	24	37453.0000	6007	8507365.0000	4142	5767683.0000	1865	2739682.0000
20111227	臺股期貨            	TXF    	B         	10	14145.0000	64	90311.0000	-54	-76166.0000	1241	1758249.0000	817	1157490.0000	424	600759.0000
20111227	臺股期貨            	TXF    	C         	13667	19316092.0000	13865	19590545.0000	-198	-274454.0000	26074	36869348.0000	33921	48056957.0000	-7847	-11187609.0000
20111227	非金電期貨          	XIF    	A         	186	184818.0000	225	223583.0000	-39	-38765.0000	293	291531.0000	69	68640.0000	224	222891.0000
20111227	非金電期貨          	XIF    	B         	0	.0000	0	.0000	0	.0000	8	7961.0000	0	.0000	8	7961.0000
20111227	非金電期貨          	XIF    	C         	284	282162.0000	208	206729.0000	76	75433.0000	0	.0000	269	267682.0000	-269	-267682.0000
20111228	電子期貨            	EXF    	A         	440	457871.0000	426	443019.0000	14	14852.0000	667	692939.0000	363	377104.0000	304	315835.0000
20111228	電子期貨            	EXF    	B         	0	.0000	0	.0000	0	.0000	81	84159.0000	35	36365.0000	46	47794.0000
20111228	電子期貨            	EXF    	C         	793	824740.0000	769	800052.0000	24	24689.0000	1374	1427586.0000	2567	2667113.0000	-1193	-1239527.0000
20111228	金融期貨            	FXF    	A         	404	317717.0000	390	306675.0000	14	11042.0000	486	381121.0000	93	72900.0000	393	308221.0000
20111228	金融期貨            	FXF    	B         	0	.0000	15	11785.0000	-15	-11785.0000	122	95672.0000	11	8626.0000	111	87046.0000
20111228	金融期貨            	FXF    	C         	1203	944713.0000	1350	1060777.0000	-147	-116064.0000	483	378769.0000	3597	2820767.0000	-3114	-2441998.0000
20111228	櫃買期貨            	GTF    	A         	4	1505.0000	2	755.0000	2	750.0000	7	2620.0000	56	20976.0000	-49	-18356.0000
20111228	櫃買期貨            	GTF    	B         	0	.0000	0	.0000	0	.0000	84	31500.0000	0	.0000	84	31500.0000
20111228	櫃買期貨            	GTF    	C         	0	.0000	0	.0000	0	.0000	0	.0000	0	.0000	0	.0000
20111228	小型臺指            	MXF    	A         	1982	699992.0000	2449	864445.0000	-467	-164453.0000	1098	381869.0000	4185	1458409.0000	-3087	-1076540.0000
20111228	小型臺指            	MXF    	B         	0	.0000	0	.0000	0	.0000	6	2116.0000	204	71941.0000	-198	-69825.0000
20111228	小型臺指            	MXF    	C         	6858	2422227.0000	7174	2533960.0000	-316	-111733.0000	5078	1789614.0000	3595	1265142.0000	1483	524472.0000
20111228	股票期貨            	STF    	A         	8400	521361.0000	8209	534081.0000	191	-12721.0000	13929	1061197.0000	14479	924555.0000	-550	136642.0000
20111228	股票期貨            	STF    	B         	0	.0000	0	.0000	0	.0000	11132	1613708.0000	0	.0000	11132	1613708.0000
20111228	股票期貨            	STF    	C         	27	1628.0000	24	2714.0000	3	-1086.0000	2442	259897.0000	18594	2155507.0000	-16152	-1895610.0000
20111228	臺灣50期貨          	T5F    	A         	0	.0000	0	.0000	0	.0000	0	.0000	0	.0000	0	.0000
20111228	臺灣50期貨          	T5F    	B         	0	.0000	0	.0000	0	.0000	0	.0000	0	.0000	0	.0000
20111228	臺灣50期貨          	T5F    	C         	0	.0000	0	.0000	0	.0000	0	.0000	0	.0000	0	.0000
20111228	臺股期貨            	TXF    	A         	4954	6998832.0000	5591	7895005.0000	-637	-896173.0000	5675	8002002.0000	4542	6306936.0000	1133	1695066.0000
20111228	臺股期貨            	TXF    	B         	0	.0000	175	247220.0000	-175	-247220.0000	1241	1750555.0000	992	1399261.0000	249	351294.0000
20111228	臺股期貨            	TXF    	C         	11590	16373951.0000	11437	16159170.0000	153	214781.0000	26068	36705348.0000	33783	47651836.0000	-7715	-10946488.0000
20111228	非金電期貨          	XIF    	A         	104	103001.0000	103	101998.0000	1	1003.0000	308	304484.0000	83	82059.0000	225	222425.0000
20111228	非金電期貨          	XIF    	B         	0	.0000	0	.0000	0	.0000	8	7909.0000	0	.0000	8	7909.0000
20111228	非金電期貨          	XIF    	C         	158	156449.0000	73	72345.0000	85	84104.0000	8	7909.0000	192	189811.0000	-184	-181902.0000
20111229	電子期貨            	EXF    	A         	429	445987.0000	356	370207.0000	73	75780.0000	740	772330.0000	363	378840.0000	377	393490.0000
20111229	電子期貨            	EXF    	B         	0	.0000	0	.0000	0	.0000	81	84548.0000	35	36533.0000	46	48015.0000
20111229	電子期貨            	EXF    	C         	825	857475.0000	1033	1073370.0000	-208	-215895.0000	1343	1401823.0000	2744	2864187.0000	-1401	-1462364.0000
20111229	金融期貨            	FXF    	A         	433	337875.0000	433	337473.0000	0	402.0000	508	398677.0000	115	90212.0000	393	308465.0000
20111229	金融期貨            	FXF    	B         	11	8548.0000	0	.0000	11	8548.0000	122	95746.0000	0	.0000	122	95746.0000
20111229	金融期貨            	FXF    	C         	1096	853775.0000	1091	850790.0000	5	2985.0000	514	403387.0000	3623	2843330.0000	-3109	-2439943.0000
20111229	櫃買期貨            	GTF    	A         	2	752.0000	7	2628.0000	-5	-1876.0000	4	1506.0000	58	21823.0000	-54	-20317.0000
20111229	櫃買期貨            	GTF    	B         	0	.0000	0	.0000	0	.0000	84	31618.0000	0	.0000	84	31618.0000
20111229	櫃買期貨            	GTF    	C         	0	.0000	0	.0000	0	.0000	0	.0000	0	.0000	0	.0000
20111229	小型臺指            	MXF    	A         	2955	1040000.0000	2409	848375.0000	546	191626.0000	1671	585631.0000	4212	1472236.0000	-2541	-886605.0000
20111229	小型臺指            	MXF    	B         	34	11971.0000	0	.0000	34	11971.0000	6	2122.0000	170	60129.0000	-164	-58007.0000
20111229	小型臺指            	MXF    	C         	7414	2609160.0000	7478	2632195.0000	-64	-23035.0000	5235	1850497.0000	3944	1392297.0000	1291	458200.0000
20111229	股票期貨            	STF    	A         	7645	400567.0000	8373	353789.0000	-728	46778.0000	13425	1124876.0000	14703	938991.0000	-1278	185885.0000
20111229	股票期貨            	STF    	B         	0	.0000	0	.0000	0	.0000	11132	1602306.0000	0	.0000	11132	1602306.0000
20111229	股票期貨            	STF    	C         	215	11729.0000	243	71955.0000	-28	-60227.0000	2458	260507.0000	18638	2206533.0000	-16180	-1946026.0000
20111229	臺灣50期貨          	T5F    	A         	0	.0000	0	.0000	0	.0000	0	.0000	0	.0000	0	.0000
20111229	臺灣50期貨          	T5F    	B         	0	.0000	0	.0000	0	.0000	0	.0000	0	.0000	0	.0000
20111229	臺灣50期貨          	T5F    	C         	0	.0000	0	.0000	0	.0000	0	.0000	0	.0000	0	.0000
20111229	臺股期貨            	TXF    	A         	7697	10841723.0000	7685	10822960.0000	12	18763.0000	5758	8143381.0000	4613	6424677.0000	1145	1718704.0000
20111229	臺股期貨            	TXF    	B         	61	85669.0000	93	131064.0000	-32	-45395.0000	1236	1748693.0000	1019	1441627.0000	217	307066.0000
20111229	臺股期貨            	TXF    	C         	12315	17343830.0000	12392	17462856.0000	-77	-119026.0000	26170	36957500.0000	33930	48001586.0000	-7760	-11044086.0000
20111229	非金電期貨          	XIF    	A         	129	127132.0000	154	151795.0000	-25	-24663.0000	294	291424.0000	94	93153.0000	200	198271.0000
20111229	非金電期貨          	XIF    	B         	0	.0000	0	.0000	0	.0000	8	7931.0000	0	.0000	8	7931.0000
20111229	非金電期貨          	XIF    	C         	165	162627.0000	106	104440.0000	59	58187.0000	0	.0000	125	123925.0000	-125	-123925.0000
20111230	電子期貨            	EXF    	A         	565	590368.0000	582	608116.0000	-17	-17749.0000	758	786881.0000	398	413144.0000	360	373737.0000
20111230	電子期貨            	EXF    	B         	0	.0000	0	.0000	0	.0000	81	84094.0000	35	36337.0000	46	47757.0000
20111230	電子期貨            	EXF    	C         	1235	1290355.0000	1080	1128249.0000	155	162106.0000	1354	1405723.0000	2600	2699320.0000	-1246	-1293597.0000
20111230	金融期貨            	FXF    	A         	537	425207.0000	531	419888.0000	6	5318.0000	488	381804.0000	89	69577.0000	399	312227.0000
20111230	金融期貨            	FXF    	B         	0	.0000	27	21339.0000	-27	-21339.0000	95	74328.0000	0	.0000	95	74328.0000
20111230	金融期貨            	FXF    	C         	1492	1180430.0000	2018	1599312.0000	-526	-418882.0000	331	258974.0000	3966	3102998.0000	-3635	-2844024.0000
20111230	櫃買期貨            	GTF    	A         	4	1499.0000	2	753.0000	2	746.0000	4	1499.0000	56	20969.0000	-52	-19470.0000
20111230	櫃買期貨            	GTF    	B         	0	.0000	0	.0000	0	.0000	84	31466.0000	0	.0000	84	31466.0000
20111230	櫃買期貨            	GTF    	C         	0	.0000	0	.0000	0	.0000	0	.0000	0	.0000	0	.0000
20111230	小型臺指            	MXF    	A         	3113	1104632.0000	5087	1802509.0000	-1974	-697877.0000	1297	451120.0000	4624	1609336.0000	-3327	-1158216.0000
20111230	小型臺指            	MXF    	B         	7	2481.0000	0	.0000	7	2481.0000	6	2112.0000	163	57368.0000	-157	-55256.0000
20111230	小型臺指            	MXF    	C         	10329	3662409.0000	12659	4489584.0000	-2330	-827175.0000	4911	1727301.0000	3898	1369161.0000	1013	358140.0000
20111230	股票期貨            	STF    	A         	5805	285791.0000	5876	281432.0000	-71	4359.0000	13558	1145253.0000	14907	955322.0000	-1349	189931.0000
20111230	股票期貨            	STF    	B         	0	.0000	0	.0000	0	.0000	11132	1604355.0000	0	.0000	11132	1604355.0000
20111230	股票期貨            	STF    	C         	64	3905.0000	63	3571.0000	1	334.0000	2459	260453.0000	18638	2209152.0000	-16179	-1948699.0000
20111230	臺灣50期貨          	T5F    	A         	0	.0000	0	.0000	0	.0000	0	.0000	0	.0000	0	.0000
20111230	臺灣50期貨          	T5F    	B         	0	.0000	0	.0000	0	.0000	0	.0000	0	.0000	0	.0000
20111230	臺灣50期貨          	T5F    	C         	0	.0000	0	.0000	0	.0000	0	.0000	0	.0000	0	.0000
20111230	臺股期貨            	TXF    	A         	11614	16468590.0000	10703	15167407.0000	911	1301184.0000	6437	9057073.0000	4678	6477707.0000	1759	2579366.0000
20111230	臺股期貨            	TXF    	B         	6	8495.0000	268	379344.0000	-262	-370849.0000	1182	1664020.0000	1227	1727299.0000	-45	-63279.0000
20111230	臺股期貨            	TXF    	C         	11956	16956878.0000	15585	22101411.0000	-3629	-5144533.0000	24193	33989881.0000	36095	50811728.0000	-11902	-16821847.0000
20111230	非金電期貨          	XIF    	A         	126	125308.0000	167	165516.0000	-41	-40209.0000	267	263487.0000	108	106408.0000	159	157079.0000
20111230	非金電期貨          	XIF    	B         	0	.0000	0	.0000	0	.0000	8	7889.0000	0	.0000	8	7889.0000
20111230	非金電期貨          	XIF    	C         	163	161928.0000	157	156124.0000	6	5804.0000	0	.0000	119	117346.0000	-119	-117346.0000
