20091201	電子期貨            	EXF    	A         	779	969615.0000	674	837822.0000	105	131792.0000	1117	1392645.0000	259	321651.0000	858	1070994.0000
20091201	電子期貨            	EXF    	B         	0	.0000	0	.0000	0	.0000	177	221002.0000	141	176053.0000	36	44949.0000
20091201	電子期貨            	EXF    	C         	444	551338.0000	262	327329.0000	182	224009.0000	1760	2197536.0000	2469	3082793.0000	-709	-885257.0000
20091201	金融期貨            	FXF    	A         	982	849428.0000	858	741535.0000	124	107893.0000	339	294741.0000	363	315026.0000	-24	-20285.0000
20091201	金融期貨            	FXF    	B         	0	.0000	8	6957.0000	-8	-6957.0000	117	101837.0000	8	6963.0000	109	94874.0000
20091201	金融期貨            	FXF    	C         	491	422982.0000	629	544528.0000	-138	-121546.0000	1428	1242931.0000	4469	3889816.0000	-3041	-2646885.0000
20091201	櫃買期貨            	GTF    	A         	239	123295.0000	239	123344.0000	0	-48.0000	57	29793.0000	36	18792.0000	21	11001.0000
20091201	櫃買期貨            	GTF    	B         	0	.0000	0	.0000	0	.0000	0	.0000	0	.0000	0	.0000
20091201	櫃買期貨            	GTF    	C         	0	.0000	0	.0000	0	.0000	0	.0000	0	.0000	0	.0000
20091201	摩臺期              	MSF    	A         	0	.0000	0	.0000	0	.0000	0	.0000	1	878.0000	-1	-878.0000
20091201	摩臺期              	MSF    	B         	0	.0000	0	.0000	0	.0000	0	.0000	0	.0000	0	.0000
20091201	摩臺期              	MSF    	C         	0	.0000	0	.0000	0	.0000	0	.0000	0	.0000	0	.0000
20091201	小型臺指            	MXF    	A         	10919	4142685.0000	9403	3569555.0000	1516	573130.0000	2679	1022123.0000	2502	948478.0000	177	73645.0000
20091201	小型臺指            	MXF    	B         	0	.0000	0	.0000	0	.0000	0	.0000	3	1146.0000	-3	-1146.0000
20091201	小型臺指            	MXF    	C         	1551	587681.0000	608	231025.0000	943	356656.0000	181	68470.0000	565	215858.0000	-384	-147388.0000
20091201	臺灣50期貨          	T5F    	A         	0	.0000	1	535.0000	-1	-535.0000	0	.0000	0	.0000	0	.0000
20091201	臺灣50期貨          	T5F    	B         	0	.0000	0	.0000	0	.0000	0	.0000	0	.0000	0	.0000
20091201	臺灣50期貨          	T5F    	C         	0	.0000	0	.0000	0	.0000	0	.0000	0	.0000	0	.0000
20091201	臺股期貨            	TXF    	A         	16272	24728899.0000	16190	24617084.0000	82	111816.0000	7316	11165868.0000	4237	6454601.0000	3079	4711267.0000
20091201	臺股期貨            	TXF    	B         	368	559063.0000	394	598018.0000	-26	-38955.0000	1533	2342731.0000	1569	2397746.0000	-36	-55015.0000
20091201	臺股期貨            	TXF    	C         	9916	15048245.0000	6171	9395687.0000	3745	5652558.0000	18604	28407707.0000	23595	36037874.0000	-4991	-7630167.0000
20091201	非金電期貨          	XIF    	A         	63	56528.0000	53	47579.0000	10	8950.0000	125	113060.0000	65	58719.0000	60	54341.0000
20091201	非金電期貨          	XIF    	B         	0	.0000	0	.0000	0	.0000	21	19009.0000	0	.0000	21	19009.0000
20091201	非金電期貨          	XIF    	C         	12	10837.0000	3	2679.0000	9	8158.0000	62	56122.0000	69	62459.0000	-7	-6337.0000
20091202	電子期貨            	EXF    	A         	388	487866.0000	546	686346.0000	-158	-198480.0000	1021	1282923.0000	321	402254.0000	700	880669.0000
20091202	電子期貨            	EXF    	B         	0	.0000	4	5034.0000	-4	-5034.0000	177	222772.0000	145	182497.0000	32	40275.0000
20091202	電子期貨            	EXF    	C         	397	499570.0000	320	401989.0000	77	97581.0000	1784	2245342.0000	2416	3040778.0000	-632	-795436.0000
20091202	金融期貨            	FXF    	A         	815	714070.0000	614	537196.0000	201	176874.0000	404	351887.0000	227	196802.0000	177	155085.0000
20091202	金融期貨            	FXF    	B         	0	.0000	0	.0000	0	.0000	117	102024.0000	8	6976.0000	109	95048.0000
20091202	金融期貨            	FXF    	C         	261	227493.0000	225	196753.0000	36	30740.0000	1478	1288816.0000	4483	3909171.0000	-3005	-2620355.0000
20091202	櫃買期貨            	GTF    	A         	21	11156.0000	30	15975.0000	-9	-4819.0000	50	26404.0000	38	20041.0000	12	6363.0000
20091202	櫃買期貨            	GTF    	B         	0	.0000	0	.0000	0	.0000	0	.0000	0	.0000	0	.0000
20091202	櫃買期貨            	GTF    	C         	0	.0000	0	.0000	0	.0000	0	.0000	0	.0000	0	.0000
20091202	摩臺期              	MSF    	A         	1	892.0000	1	894.0000	0	-2.0000	0	.0000	1	876.0000	-1	-876.0000
20091202	摩臺期              	MSF    	B         	0	.0000	0	.0000	0	.0000	0	.0000	0	.0000	0	.0000
20091202	摩臺期              	MSF    	C         	0	.0000	0	.0000	0	.0000	0	.0000	0	.0000	0	.0000
20091202	小型臺指            	MXF    	A         	8254	3169472.0000	8176	3139247.0000	78	30226.0000	2789	1070772.0000	2758	1052497.0000	31	18275.0000
20091202	小型臺指            	MXF    	B         	3	1157.0000	0	.0000	3	1157.0000	0	.0000	0	.0000	0	.0000
20091202	小型臺指            	MXF    	C         	513	197112.0000	1006	386395.0000	-493	-189283.0000	178	67747.0000	1015	390217.0000	-837	-322470.0000
20091202	臺灣50期貨          	T5F    	A         	0	.0000	0	.0000	0	.0000	0	.0000	0	.0000	0	.0000
20091202	臺灣50期貨          	T5F    	B         	0	.0000	0	.0000	0	.0000	0	.0000	0	.0000	0	.0000
20091202	臺灣50期貨          	T5F    	C         	0	.0000	0	.0000	0	.0000	0	.0000	0	.0000	0	.0000
20091202	臺股期貨            	TXF    	A         	13149	20205535.0000	12333	18943534.0000	816	1262001.0000	8382	12871301.0000	4431	6790183.0000	3951	6081118.0000
20091202	臺股期貨            	TXF    	B         	320	491893.0000	39	59863.0000	281	432030.0000	1551	2385128.0000	1306	2008367.0000	245	376761.0000
20091202	臺股期貨            	TXF    	C         	6266	9628549.0000	7216	11085893.0000	-950	-1457344.0000	18660	28671111.0000	24611	37825390.0000	-5951	-9154279.0000
20091202	非金電期貨          	XIF    	A         	205	185934.0000	155	140604.0000	50	45331.0000	187	169872.0000	77	69824.0000	110	100048.0000
20091202	非金電期貨          	XIF    	B         	0	.0000	0	.0000	0	.0000	21	19093.0000	0	.0000	21	19093.0000
20091202	非金電期貨          	XIF    	C         	15	13602.0000	101	91675.0000	-86	-78074.0000	45	40914.0000	138	125470.0000	-93	-84556.0000
20091203	電子期貨            	EXF    	A         	470	590858.0000	507	637076.0000	-37	-46217.0000	986	1238416.0000	323	404623.0000	663	833793.0000
20091203	電子期貨            	EXF    	B         	0	.0000	1	1258.0000	-1	-1258.0000	176	221443.0000	145	182439.0000	31	39004.0000
20091203	電子期貨            	EXF    	C         	199	250788.0000	237	298060.0000	-38	-47272.0000	1778	2237080.0000	2448	3080074.0000	-670	-842994.0000
20091203	金融期貨            	FXF    	A         	1081	953390.0000	1117	984670.0000	-36	-31280.0000	417	367404.0000	276	242279.0000	141	125125.0000
20091203	金融期貨            	FXF    	B         	0	.0000	0	.0000	0	.0000	117	103194.0000	8	7056.0000	109	96138.0000
20091203	金融期貨            	FXF    	C         	458	404449.0000	389	342763.0000	69	61686.0000	1599	1410318.0000	4535	3999867.0000	-2936	-2589549.0000
20091203	櫃買期貨            	GTF    	A         	201	104928.0000	207	108090.0000	-6	-3162.0000	48	25249.0000	42	22079.0000	6	3170.0000
20091203	櫃買期貨            	GTF    	B         	0	.0000	0	.0000	0	.0000	0	.0000	0	.0000	0	.0000
20091203	櫃買期貨            	GTF    	C         	0	.0000	0	.0000	0	.0000	0	.0000	0	.0000	0	.0000
20091203	摩臺期              	MSF    	A         	0	.0000	0	.0000	0	.0000	0	.0000	1	874.0000	-1	-874.0000
20091203	摩臺期              	MSF    	B         	0	.0000	0	.0000	0	.0000	0	.0000	0	.0000	0	.0000
20091203	摩臺期              	MSF    	C         	0	.0000	0	.0000	0	.0000	0	.0000	0	.0000	0	.0000
20091203	小型臺指            	MXF    	A         	9981	3836635.0000	10614	4077679.0000	-633	-241045.0000	2639	1014277.0000	2637	1006993.0000	2	7284.0000
20091203	小型臺指            	MXF    	B         	0	.0000	0	.0000	0	.0000	0	.0000	0	.0000	0	.0000
20091203	小型臺指            	MXF    	C         	396	152182.0000	988	379486.0000	-592	-227304.0000	162	61670.0000	1467	564575.0000	-1305	-502905.0000
20091203	臺灣50期貨          	T5F    	A         	0	.0000	0	.0000	0	.0000	0	.0000	0	.0000	0	.0000
20091203	臺灣50期貨          	T5F    	B         	0	.0000	0	.0000	0	.0000	0	.0000	0	.0000	0	.0000
20091203	臺灣50期貨          	T5F    	C         	0	.0000	0	.0000	0	.0000	0	.0000	0	.0000	0	.0000
20091203	臺股期貨            	TXF    	A         	17334	26653988.0000	16358	25149738.0000	976	1504250.0000	9080	13958268.0000	4304	6602606.0000	4776	7355662.0000
20091203	臺股期貨            	TXF    	B         	359	552048.0000	452	694719.0000	-93	-142671.0000	1486	2287548.0000	1334	2053560.0000	152	233988.0000
20091203	臺股期貨            	TXF    	C         	5127	7883201.0000	6027	9270264.0000	-900	-1387063.0000	18433	28352034.0000	25315	38947156.0000	-6882	-10595122.0000
20091203	非金電期貨          	XIF    	A         	121	109744.0000	96	87055.0000	25	22689.0000	217	196970.0000	82	74285.0000	135	122685.0000
20091203	非金電期貨          	XIF    	B         	0	.0000	0	.0000	0	.0000	21	19079.0000	0	.0000	21	19079.0000
20091203	非金電期貨          	XIF    	C         	32	29043.0000	45	40831.0000	-13	-11788.0000	44	39974.0000	150	136275.0000	-106	-96301.0000
20091204	電子期貨            	EXF    	A         	537	672847.0000	530	664122.0000	7	8725.0000	997	1237829.0000	327	404916.0000	670	832913.0000
20091204	電子期貨            	EXF    	B         	4	4986.0000	0	.0000	4	4986.0000	176	218874.0000	141	175348.0000	35	43526.0000
20091204	電子期貨            	EXF    	C         	143	179495.0000	310	388751.0000	-167	-209255.0000	1678	2086761.0000	2515	3127654.0000	-837	-1040893.0000
20091204	金融期貨            	FXF    	A         	561	489984.0000	607	531291.0000	-46	-41307.0000	415	359348.0000	320	276182.0000	95	83166.0000
20091204	金融期貨            	FXF    	B         	0	.0000	0	.0000	0	.0000	117	101416.0000	8	6934.0000	109	94482.0000
20091204	金融期貨            	FXF    	C         	209	183000.0000	159	139396.0000	50	43604.0000	1604	1390347.0000	4490	3891930.0000	-2886	-2501583.0000
20091204	櫃買期貨            	GTF    	A         	237	124387.0000	248	130210.0000	-11	-5824.0000	56	29489.0000	61	32105.0000	-5	-2616.0000
20091204	櫃買期貨            	GTF    	B         	0	.0000	0	.0000	0	.0000	0	.0000	0	.0000	0	.0000
20091204	櫃買期貨            	GTF    	C         	0	.0000	0	.0000	0	.0000	0	.0000	0	.0000	0	.0000
20091204	摩臺期              	MSF    	A         	0	.0000	0	.0000	0	.0000	0	.0000	1	882.0000	-1	-882.0000
20091204	摩臺期              	MSF    	B         	0	.0000	0	.0000	0	.0000	0	.0000	0	.0000	0	.0000
20091204	摩臺期              	MSF    	C         	0	.0000	0	.0000	0	.0000	0	.0000	0	.0000	0	.0000
20091204	小型臺指            	MXF    	A         	8246	3158107.0000	10544	4037693.0000	-2298	-879585.0000	2646	1003352.0000	3742	1412964.0000	-1096	-409612.0000
20091204	小型臺指            	MXF    	B         	0	.0000	0	.0000	0	.0000	0	.0000	0	.0000	0	.0000
20091204	小型臺指            	MXF    	C         	812	311666.0000	607	232566.0000	205	79100.0000	160	60040.0000	1212	460196.0000	-1052	-400156.0000
20091204	臺灣50期貨          	T5F    	A         	0	.0000	0	.0000	0	.0000	0	.0000	0	.0000	0	.0000
20091204	臺灣50期貨          	T5F    	B         	0	.0000	0	.0000	0	.0000	0	.0000	0	.0000	0	.0000
20091204	臺灣50期貨          	T5F    	C         	0	.0000	0	.0000	0	.0000	0	.0000	0	.0000	0	.0000
20091204	臺股期貨            	TXF    	A         	13490	20656666.0000	13919	21317091.0000	-429	-660425.0000	9156	13885088.0000	5109	7734972.0000	4047	6150116.0000
20091204	臺股期貨            	TXF    	B         	331	507721.0000	385	588583.0000	-54	-80862.0000	1530	2323764.0000	1431	2173403.0000	99	150361.0000
20091204	臺股期貨            	TXF    	C         	3677	5636893.0000	3798	5820618.0000	-121	-183725.0000	18496	28067690.0000	25511	38723414.0000	-7015	-10655724.0000
20091204	非金電期貨          	XIF    	A         	85	76944.0000	76	68690.0000	9	8254.0000	231	207165.0000	87	77886.0000	144	129279.0000
20091204	非金電期貨          	XIF    	B         	0	.0000	0	.0000	0	.0000	21	18848.0000	0	.0000	21	18848.0000
20091204	非金電期貨          	XIF    	C         	4	3612.0000	33	29919.0000	-29	-26307.0000	44	39490.0000	179	160653.0000	-135	-121163.0000
20091207	電子期貨            	EXF    	A         	580	734186.0000	613	776834.0000	-33	-42648.0000	962	1219707.0000	325	410618.0000	637	809089.0000
20091207	電子期貨            	EXF    	B         	0	.0000	0	.0000	0	.0000	176	223626.0000	141	179155.0000	35	44471.0000
20091207	電子期貨            	EXF    	C         	490	620901.0000	187	235591.0000	303	385310.0000	1678	2132042.0000	2212	2810567.0000	-534	-678525.0000
20091207	金融期貨            	FXF    	A         	780	685468.0000	778	682955.0000	2	2513.0000	454	399911.0000	357	313440.0000	97	86471.0000
20091207	金融期貨            	FXF    	B         	0	.0000	0	.0000	0	.0000	117	103171.0000	8	7054.0000	109	96117.0000
20091207	金融期貨            	FXF    	C         	219	192291.0000	381	334060.0000	-162	-141769.0000	1651	1455852.0000	4699	4143492.0000	-3048	-2687640.0000
20091207	櫃買期貨            	GTF    	A         	630	336506.0000	627	334888.0000	3	1619.0000	66	35623.0000	68	36636.0000	-2	-1013.0000
20091207	櫃買期貨            	GTF    	B         	0	.0000	0	.0000	0	.0000	0	.0000	0	.0000	0	.0000
20091207	櫃買期貨            	GTF    	C         	0	.0000	0	.0000	0	.0000	0	.0000	0	.0000	0	.0000
20091207	摩臺期              	MSF    	A         	0	.0000	0	.0000	0	.0000	0	.0000	1	900.0000	-1	-900.0000
20091207	摩臺期              	MSF    	B         	0	.0000	0	.0000	0	.0000	0	.0000	0	.0000	0	.0000
20091207	摩臺期              	MSF    	C         	0	.0000	0	.0000	0	.0000	0	.0000	0	.0000	0	.0000
20091207	小型臺指            	MXF    	A         	12891	4969051.0000	8534	3295716.0000	4357	1673335.0000	2745	1062528.0000	2756	1061957.0000	-11	571.0000
20091207	小型臺指            	MXF    	B         	0	.0000	0	.0000	0	.0000	0	.0000	0	.0000	0	.0000
20091207	小型臺指            	MXF    	C         	1224	472574.0000	354	136622.0000	870	335952.0000	191	73379.0000	717	277909.0000	-526	-204530.0000
20091207	臺灣50期貨          	T5F    	A         	0	.0000	0	.0000	0	.0000	0	.0000	0	.0000	0	.0000
20091207	臺灣50期貨          	T5F    	B         	0	.0000	0	.0000	0	.0000	0	.0000	0	.0000	0	.0000
20091207	臺灣50期貨          	T5F    	C         	0	.0000	0	.0000	0	.0000	0	.0000	0	.0000	0	.0000
20091207	臺股期貨            	TXF    	A         	19161	29589973.0000	17175	26545232.0000	1986	3044741.0000	11706	18125815.0000	4855	7504703.0000	6851	10621112.0000
20091207	臺股期貨            	TXF    	B         	488	752197.0000	260	399961.0000	228	352236.0000	1623	2516299.0000	1296	2009318.0000	327	506981.0000
20091207	臺股期貨            	TXF    	C         	7815	12073289.0000	6038	9330384.0000	1777	2742905.0000	19333	29950451.0000	24485	37939481.0000	-5152	-7989030.0000
20091207	非金電期貨          	XIF    	A         	89	81022.0000	157	142907.0000	-68	-61885.0000	200	182646.0000	124	113138.0000	76	69508.0000
20091207	非金電期貨          	XIF    	B         	0	.0000	0	.0000	0	.0000	21	19196.0000	0	.0000	21	19196.0000
20091207	非金電期貨          	XIF    	C         	87	79337.0000	55	50196.0000	32	29141.0000	44	40217.0000	147	134373.0000	-103	-94156.0000
20091208	電子期貨            	EXF    	A         	602	765788.0000	485	616451.0000	117	149337.0000	1082	1375568.0000	328	415425.0000	754	960143.0000
20091208	電子期貨            	EXF    	B         	0	.0000	0	.0000	0	.0000	176	224189.0000	141	179606.0000	35	44583.0000
20091208	電子期貨            	EXF    	C         	215	273374.0000	130	165232.0000	85	108142.0000	1775	2260973.0000	2224	2832931.0000	-449	-571958.0000
20091208	金融期貨            	FXF    	A         	543	477165.0000	575	505321.0000	-32	-28156.0000	455	399764.0000	390	341755.0000	65	58009.0000
20091208	金融期貨            	FXF    	B         	0	.0000	0	.0000	0	.0000	117	102913.0000	8	7037.0000	109	95876.0000
20091208	金融期貨            	FXF    	C         	157	138382.0000	239	209968.0000	-82	-71586.0000	1547	1360741.0000	4677	4113739.0000	-3130	-2752998.0000
20091208	櫃買期貨            	GTF    	A         	293	158204.0000	280	151105.0000	13	7099.0000	105	57018.0000	94	50984.0000	11	6034.0000
20091208	櫃買期貨            	GTF    	B         	0	.0000	0	.0000	0	.0000	0	.0000	0	.0000	0	.0000
20091208	櫃買期貨            	GTF    	C         	0	.0000	0	.0000	0	.0000	0	.0000	0	.0000	0	.0000
20091208	摩臺期              	MSF    	A         	0	.0000	0	.0000	0	.0000	0	.0000	1	899.0000	-1	-899.0000
20091208	摩臺期              	MSF    	B         	0	.0000	0	.0000	0	.0000	0	.0000	0	.0000	0	.0000
20091208	摩臺期              	MSF    	C         	0	.0000	0	.0000	0	.0000	0	.0000	0	.0000	0	.0000
20091208	小型臺指            	MXF    	A         	8046	3116597.0000	8604	3330127.0000	-558	-213530.0000	2992	1158297.0000	3533	1362515.0000	-541	-204218.0000
20091208	小型臺指            	MXF    	B         	0	.0000	0	.0000	0	.0000	0	.0000	0	.0000	0	.0000
20091208	小型臺指            	MXF    	C         	366	141753.0000	743	287579.0000	-377	-145826.0000	175	67164.0000	1098	425695.0000	-923	-358531.0000
20091208	臺灣50期貨          	T5F    	A         	0	.0000	0	.0000	0	.0000	0	.0000	0	.0000	0	.0000
20091208	臺灣50期貨          	T5F    	B         	0	.0000	0	.0000	0	.0000	0	.0000	0	.0000	0	.0000
20091208	臺灣50期貨          	T5F    	C         	0	.0000	0	.0000	0	.0000	0	.0000	0	.0000	0	.0000
20091208	臺股期貨            	TXF    	A         	10886	16864107.0000	10941	16948771.0000	-55	-84664.0000	11991	18569834.0000	5202	8045344.0000	6789	10524490.0000
20091208	臺股期貨            	TXF    	B         	196	303809.0000	160	247523.0000	36	56287.0000	1629	2526253.0000	1266	1963313.0000	363	562940.0000
20091208	臺股期貨            	TXF    	C         	4159	6445142.0000	5110	7916444.0000	-951	-1471302.0000	18832	29179451.0000	24930	38636911.0000	-6098	-9457460.0000
20091208	非金電期貨          	XIF    	A         	108	98462.0000	96	87513.0000	12	10949.0000	230	209527.0000	142	129253.0000	88	80274.0000
20091208	非金電期貨          	XIF    	B         	0	.0000	0	.0000	0	.0000	21	19152.0000	0	.0000	21	19152.0000
20091208	非金電期貨          	XIF    	C         	17	15523.0000	28	25541.0000	-11	-10019.0000	41	37389.0000	155	141357.0000	-114	-103968.0000
20091209	電子期貨            	EXF    	A         	501	638376.0000	369	470199.0000	132	168177.0000	1255	1606236.0000	369	470668.0000	886	1135568.0000
20091209	電子期貨            	EXF    	B         	0	.0000	0	.0000	0	.0000	176	225632.0000	141	180762.0000	35	44870.0000
20091209	電子期貨            	EXF    	C         	419	533806.0000	296	377128.0000	123	156678.0000	1893	2426804.0000	2219	2844758.0000	-326	-417954.0000
20091209	金融期貨            	FXF    	A         	537	469125.0000	519	452848.0000	18	16277.0000	414	362923.0000	331	289126.0000	83	73797.0000
20091209	金融期貨            	FXF    	B         	0	.0000	0	.0000	0	.0000	117	102703.0000	8	7022.0000	109	95681.0000
20091209	金融期貨            	FXF    	C         	207	180887.0000	532	464324.0000	-325	-283437.0000	1572	1379902.0000	5032	4416789.0000	-3460	-3036887.0000
20091209	櫃買期貨            	GTF    	A         	278	151869.0000	264	144211.0000	14	7658.0000	132	72783.0000	107	58887.0000	25	13896.0000
20091209	櫃買期貨            	GTF    	B         	0	.0000	0	.0000	0	.0000	0	.0000	0	.0000	0	.0000
20091209	櫃買期貨            	GTF    	C         	0	.0000	0	.0000	0	.0000	0	.0000	0	.0000	0	.0000
20091209	摩臺期              	MSF    	A         	0	.0000	0	.0000	0	.0000	0	.0000	1	903.0000	-1	-903.0000
20091209	摩臺期              	MSF    	B         	0	.0000	0	.0000	0	.0000	0	.0000	0	.0000	0	.0000
20091209	摩臺期              	MSF    	C         	0	.0000	0	.0000	0	.0000	0	.0000	0	.0000	0	.0000
20091209	小型臺指            	MXF    	A         	6444	2494202.0000	6250	2419848.0000	194	74354.0000	2837	1103071.0000	3192	1236835.0000	-355	-133764.0000
20091209	小型臺指            	MXF    	B         	0	.0000	0	.0000	0	.0000	0	.0000	0	.0000	0	.0000
20091209	小型臺指            	MXF    	C         	770	298279.0000	291	112673.0000	479	185606.0000	313	121182.0000	773	301045.0000	-460	-179863.0000
20091209	臺灣50期貨          	T5F    	A         	0	.0000	0	.0000	0	.0000	0	.0000	0	.0000	0	.0000
20091209	臺灣50期貨          	T5F    	B         	0	.0000	0	.0000	0	.0000	0	.0000	0	.0000	0	.0000
20091209	臺灣50期貨          	T5F    	C         	0	.0000	0	.0000	0	.0000	0	.0000	0	.0000	0	.0000
20091209	臺股期貨            	TXF    	A         	11631	18024967.0000	11041	17105240.0000	590	919727.0000	13246	20607263.0000	5865	9113215.0000	7381	11494048.0000
20091209	臺股期貨            	TXF    	B         	190	295097.0000	100	154907.0000	90	140190.0000	1629	2537656.0000	1176	1831973.0000	453	705683.0000
20091209	臺股期貨            	TXF    	C         	4501	6971088.0000	4688	7268280.0000	-187	-297192.0000	19306	30046971.0000	25587	39833441.0000	-6281	-9786470.0000
20091209	非金電期貨          	XIF    	A         	109	99254.0000	107	97458.0000	2	1797.0000	227	207850.0000	137	125335.0000	90	82515.0000
20091209	非金電期貨          	XIF    	B         	0	.0000	0	.0000	0	.0000	21	19249.0000	0	.0000	21	19249.0000
20091209	非金電期貨          	XIF    	C         	36	32901.0000	28	25494.0000	8	7407.0000	41	37578.0000	147	134738.0000	-106	-97160.0000
20091210	電子期貨            	EXF    	A         	923	1169755.0000	1233	1560130.0000	-310	-390376.0000	939	1181043.0000	363	455244.0000	576	725799.0000
20091210	電子期貨            	EXF    	B         	0	.0000	72	92074.0000	-72	-92074.0000	176	221866.0000	195	245547.0000	-19	-23681.0000
20091210	電子期貨            	EXF    	C         	919	1165102.0000	795	1008998.0000	124	156104.0000	2407	3034164.0000	2609	3288895.0000	-202	-254731.0000
20091210	金融期貨            	FXF    	A         	1266	1089674.0000	1214	1048481.0000	52	41193.0000	412	352486.0000	277	235938.0000	135	116548.0000
20091210	金融期貨            	FXF    	B         	0	.0000	0	.0000	0	.0000	117	100222.0000	8	6853.0000	109	93369.0000
20091210	金融期貨            	FXF    	C         	721	621322.0000	782	675662.0000	-61	-54341.0000	1390	1190674.0000	4911	4206338.0000	-3521	-3015664.0000
20091210	櫃買期貨            	GTF    	A         	218	118461.0000	221	120429.0000	-3	-1968.0000	132	71086.0000	110	59131.0000	22	11955.0000
20091210	櫃買期貨            	GTF    	B         	0	.0000	0	.0000	0	.0000	0	.0000	0	.0000	0	.0000
20091210	櫃買期貨            	GTF    	C         	0	.0000	0	.0000	0	.0000	0	.0000	0	.0000	0	.0000
20091210	摩臺期              	MSF    	A         	0	.0000	0	.0000	0	.0000	0	.0000	1	888.0000	-1	-888.0000
20091210	摩臺期              	MSF    	B         	0	.0000	0	.0000	0	.0000	0	.0000	0	.0000	0	.0000
20091210	摩臺期              	MSF    	C         	0	.0000	0	.0000	0	.0000	0	.0000	0	.0000	0	.0000
20091210	小型臺指            	MXF    	A         	19151	7350783.0000	23143	8882414.0000	-3992	-1531631.0000	2513	958554.0000	5148	1958572.0000	-2635	-1000018.0000
20091210	小型臺指            	MXF    	B         	0	.0000	0	.0000	0	.0000	0	.0000	0	.0000	0	.0000
20091210	小型臺指            	MXF    	C         	1148	439762.0000	1919	738844.0000	-771	-299082.0000	166	62803.0000	1313	501486.0000	-1147	-438683.0000
20091210	臺灣50期貨          	T5F    	A         	0	.0000	0	.0000	0	.0000	0	.0000	0	.0000	0	.0000
20091210	臺灣50期貨          	T5F    	B         	0	.0000	0	.0000	0	.0000	0	.0000	0	.0000	0	.0000
20091210	臺灣50期貨          	T5F    	C         	0	.0000	0	.0000	0	.0000	0	.0000	0	.0000	0	.0000
20091210	臺股期貨            	TXF    	A         	27225	41802910.0000	29442	45216489.0000	-2217	-3413578.0000	10309	15720945.0000	5573	8484684.0000	4736	7236261.0000
20091210	臺股期貨            	TXF    	B         	469	720576.0000	888	1359935.0000	-419	-639359.0000	1502	2294756.0000	1471	2247394.0000	31	47362.0000
20091210	臺股期貨            	TXF    	C         	15006	23035649.0000	13406	20604139.0000	1600	2431510.0000	21019	32074939.0000	25721	39262988.0000	-4702	-7188049.0000
20091210	非金電期貨          	XIF    	A         	445	400882.0000	415	373552.0000	30	27330.0000	256	228846.0000	136	121491.0000	120	107355.0000
20091210	非金電期貨          	XIF    	B         	0	.0000	0	.0000	0	.0000	21	18795.0000	0	.0000	21	18795.0000
20091210	非金電期貨          	XIF    	C         	97	87326.0000	122	109944.0000	-25	-22618.0000	53	47432.0000	184	164618.0000	-131	-117186.0000
20091211	電子期貨            	EXF    	A         	579	737233.0000	632	804654.0000	-53	-67421.0000	903	1155723.0000	380	485034.0000	523	670689.0000
20091211	電子期貨            	EXF    	B         	0	.0000	70	88317.0000	-70	-88317.0000	176	225773.0000	265	339297.0000	-89	-113524.0000
20091211	電子期貨            	EXF    	C         	477	604948.0000	224	284637.0000	253	320311.0000	2586	3316468.0000	2535	3251888.0000	51	64580.0000
20091211	金融期貨            	FXF    	A         	672	580676.0000	644	555907.0000	28	24770.0000	476	413761.0000	313	271066.0000	163	142695.0000
20091211	金融期貨            	FXF    	B         	0	.0000	0	.0000	0	.0000	117	101884.0000	8	6966.0000	109	94918.0000
20091211	金融期貨            	FXF    	C         	240	207163.0000	239	206099.0000	1	1064.0000	1316	1145973.0000	4836	4210458.0000	-3520	-3064485.0000
20091211	櫃買期貨            	GTF    	A         	490	265380.0000	484	262120.0000	6	3260.0000	155	85670.0000	127	70042.0000	28	15628.0000
20091211	櫃買期貨            	GTF    	B         	0	.0000	0	.0000	0	.0000	0	.0000	0	.0000	0	.0000
20091211	櫃買期貨            	GTF    	C         	0	.0000	0	.0000	0	.0000	0	.0000	0	.0000	0	.0000
20091211	摩臺期              	MSF    	A         	0	.0000	0	.0000	0	.0000	0	.0000	1	903.0000	-1	-903.0000
20091211	摩臺期              	MSF    	B         	0	.0000	0	.0000	0	.0000	0	.0000	0	.0000	0	.0000
20091211	摩臺期              	MSF    	C         	0	.0000	0	.0000	0	.0000	0	.0000	0	.0000	0	.0000
20091211	小型臺指            	MXF    	A         	14066	5428932.0000	9363	3615614.0000	4703	1813318.0000	3959	1538859.0000	3423	1326752.0000	536	212107.0000
20091211	小型臺指            	MXF    	B         	0	.0000	0	.0000	0	.0000	0	.0000	0	.0000	0	.0000
20091211	小型臺指            	MXF    	C         	953	368009.0000	268	103318.0000	685	264691.0000	255	98463.0000	1233	480254.0000	-978	-381791.0000
20091211	臺灣50期貨          	T5F    	A         	0	.0000	1	536.0000	-1	-536.0000	0	.0000	1	536.0000	-1	-536.0000
20091211	臺灣50期貨          	T5F    	B         	0	.0000	0	.0000	0	.0000	0	.0000	0	.0000	0	.0000
20091211	臺灣50期貨          	T5F    	C         	0	.0000	0	.0000	0	.0000	0	.0000	0	.0000	0	.0000
20091211	臺股期貨            	TXF    	A         	22215	34333894.0000	21047	32540081.0000	1168	1793812.0000	11192	17402674.0000	4905	7612410.0000	6287	9790264.0000
20091211	臺股期貨            	TXF    	B         	480	741850.0000	413	637667.0000	67	104184.0000	1473	2294934.0000	1375	2140978.0000	98	153956.0000
20091211	臺股期貨            	TXF    	C         	11149	17187859.0000	8368	12919154.0000	2781	4268705.0000	22791	35449936.0000	24583	38259054.0000	-1792	-2809118.0000
20091211	非金電期貨          	XIF    	A         	574	516437.0000	583	524615.0000	-9	-8178.0000	235	215125.0000	124	113474.0000	111	101651.0000
20091211	非金電期貨          	XIF    	B         	0	.0000	0	.0000	0	.0000	21	19257.0000	0	.0000	21	19257.0000
20091211	非金電期貨          	XIF    	C         	39	35240.0000	42	38028.0000	-3	-2788.0000	53	48597.0000	187	171392.0000	-134	-122795.0000
20091214	電子期貨            	EXF    	A         	644	825010.0000	771	986527.0000	-127	-161517.0000	850	1091637.0000	454	581508.0000	396	510129.0000
20091214	電子期貨            	EXF    	B         	2	2575.0000	0	.0000	2	2575.0000	178	229157.0000	265	340467.0000	-87	-111310.0000
20091214	電子期貨            	EXF    	C         	2006	2559934.0000	1728	2204534.0000	278	355400.0000	2692	3460109.0000	2363	3038217.0000	329	421892.0000
20091214	金融期貨            	FXF    	A         	768	663694.0000	754	650644.0000	14	13049.0000	662	574312.0000	485	419268.0000	177	155044.0000
20091214	金融期貨            	FXF    	B         	48	41357.0000	48	41524.0000	0	-166.0000	117	101543.0000	8	6954.0000	109	94589.0000
20091214	金融期貨            	FXF    	C         	1590	1370244.0000	1511	1300861.0000	79	69383.0000	1577	1369564.0000	5018	4358497.0000	-3441	-2988933.0000
20091214	櫃買期貨            	GTF    	A         	72	39969.0000	91	50597.0000	-19	-10628.0000	125	69490.0000	116	64342.0000	9	5148.0000
20091214	櫃買期貨            	GTF    	B         	0	.0000	0	.0000	0	.0000	0	.0000	0	.0000	0	.0000
20091214	櫃買期貨            	GTF    	C         	0	.0000	0	.0000	0	.0000	0	.0000	0	.0000	0	.0000
20091214	摩臺期              	MSF    	A         	0	.0000	2	1800.0000	-2	-1800.0000	0	.0000	3	2777.0000	-3	-2777.0000
20091214	摩臺期              	MSF    	B         	0	.0000	0	.0000	0	.0000	0	.0000	0	.0000	0	.0000
20091214	摩臺期              	MSF    	C         	0	.0000	0	.0000	0	.0000	0	.0000	0	.0000	0	.0000
20091214	小型臺指            	MXF    	A         	14992	5829898.0000	15558	6048896.0000	-566	-218998.0000	3134	1223609.0000	3524	1372892.0000	-390	-149283.0000
20091214	小型臺指            	MXF    	B         	0	.0000	0	.0000	0	.0000	0	.0000	0	.0000	0	.0000
20091214	小型臺指            	MXF    	C         	1454	566214.0000	809	313975.0000	645	252240.0000	203	78684.0000	1032	403810.0000	-829	-325126.0000
20091214	臺灣50期貨          	T5F    	A         	0	.0000	0	.0000	0	.0000	0	.0000	1	538.0000	-1	-538.0000
20091214	臺灣50期貨          	T5F    	B         	0	.0000	0	.0000	0	.0000	0	.0000	0	.0000	0	.0000
20091214	臺灣50期貨          	T5F    	C         	0	.0000	0	.0000	0	.0000	0	.0000	0	.0000	0	.0000
20091214	臺股期貨            	TXF    	A         	21228	33060832.0000	21172	32972864.0000	56	87968.0000	11123	17381855.0000	4690	7314133.0000	6433	10067722.0000
20091214	臺股期貨            	TXF    	B         	1510	2349628.0000	874	1357348.0000	636	992280.0000	1635	2556563.0000	899	1404608.0000	736	1151955.0000
20091214	臺股期貨            	TXF    	C         	14363	22330196.0000	13657	21219389.0000	706	1110806.0000	25370	39645567.0000	26332	41165960.0000	-962	-1520393.0000
20091214	非金電期貨          	XIF    	A         	412	377072.0000	422	386262.0000	-10	-9190.0000	228	211283.0000	127	117617.0000	101	93666.0000
20091214	非金電期貨          	XIF    	B         	0	.0000	0	.0000	0	.0000	21	19488.0000	0	.0000	21	19488.0000
20091214	非金電期貨          	XIF    	C         	69	63451.0000	85	78194.0000	-16	-14743.0000	47	43511.0000	197	182736.0000	-150	-139225.0000
20091215	電子期貨            	EXF    	A         	661	847881.0000	901	1156038.0000	-240	-308157.0000	627	801646.0000	471	601264.0000	156	200382.0000
20091215	電子期貨            	EXF    	B         	151	193308.0000	156	199969.0000	-5	-6661.0000	173	221446.0000	265	338923.0000	-92	-117477.0000
20091215	電子期貨            	EXF    	C         	1756	2251733.0000	1497	1918492.0000	259	333240.0000	2684	3434809.0000	2096	2681622.0000	588	753187.0000
20091215	金融期貨            	FXF    	A         	1293	1121494.0000	1435	1249156.0000	-142	-127662.0000	447	385537.0000	412	356821.0000	35	28716.0000
20091215	金融期貨            	FXF    	B         	65	56195.0000	65	56651.0000	0	-456.0000	117	100884.0000	8	6957.0000	109	93927.0000
20091215	金融期貨            	FXF    	C         	3244	2822198.0000	3619	3137465.0000	-375	-315267.0000	1476	1278491.0000	5292	4578272.0000	-3816	-3299781.0000
20091215	櫃買期貨            	GTF    	A         	449	249792.0000	455	253134.0000	-6	-3342.0000	116	64614.0000	113	62775.0000	3	1839.0000
20091215	櫃買期貨            	GTF    	B         	0	.0000	0	.0000	0	.0000	0	.0000	0	.0000	0	.0000
20091215	櫃買期貨            	GTF    	C         	0	.0000	0	.0000	0	.0000	0	.0000	0	.0000	0	.0000
20091215	摩臺期              	MSF    	A         	0	.0000	0	.0000	0	.0000	0	.0000	3	2707.0000	-3	-2707.0000
20091215	摩臺期              	MSF    	B         	0	.0000	0	.0000	0	.0000	0	.0000	0	.0000	0	.0000
20091215	摩臺期              	MSF    	C         	0	.0000	0	.0000	0	.0000	0	.0000	0	.0000	0	.0000
20091215	小型臺指            	MXF    	A         	10310	4023747.0000	11525	4496492.0000	-1215	-472745.0000	2833	1102143.0000	3950	1532955.0000	-1117	-430812.0000
20091215	小型臺指            	MXF    	B         	0	.0000	0	.0000	0	.0000	0	.0000	0	.0000	0	.0000
20091215	小型臺指            	MXF    	C         	434	169448.0000	1012	394636.0000	-578	-225188.0000	169	65133.0000	1532	596865.0000	-1363	-531732.0000
20091215	臺灣50期貨          	T5F    	A         	1	536.0000	0	.0000	1	536.0000	0	.0000	0	.0000	0	.0000
20091215	臺灣50期貨          	T5F    	B         	0	.0000	0	.0000	0	.0000	0	.0000	0	.0000	0	.0000
20091215	臺灣50期貨          	T5F    	C         	0	.0000	0	.0000	0	.0000	0	.0000	0	.0000	0	.0000
20091215	臺股期貨            	TXF    	A         	16938	26426688.0000	15554	24272812.0000	1384	2153876.0000	12178	18945972.0000	4483	6951576.0000	7695	11994396.0000
20091215	臺股期貨            	TXF    	B         	758	1180205.0000	884	1378394.0000	-126	-198189.0000	1530	2378886.0000	920	1429664.0000	610	949222.0000
20091215	臺股期貨            	TXF    	C         	14398	22460297.0000	16817	26219614.0000	-2419	-3759317.0000	26574	41325850.0000	29966	46622024.0000	-3392	-5296174.0000
20091215	非金電期貨          	XIF    	A         	120	110685.0000	132	121739.0000	-12	-11054.0000	234	215394.0000	145	133390.0000	89	82004.0000
20091215	非金電期貨          	XIF    	B         	21	19312.0000	21	19388.0000	0	-75.0000	21	19284.0000	0	.0000	21	19284.0000
20091215	非金電期貨          	XIF    	C         	33	30477.0000	16	14757.0000	17	15719.0000	55	50558.0000	188	173201.0000	-133	-122643.0000
20091216	電子期貨            	EXF    	A         	1125	1434046.0000	1273	1623629.0000	-148	-189583.0000	250	316150.0000	152	191452.0000	98	124698.0000
20091216	電子期貨            	EXF    	B         	163	207947.0000	146	186347.0000	17	21600.0000	173	220125.0000	248	315555.0000	-75	-95430.0000
20091216	電子期貨            	EXF    	C         	816	1038634.0000	833	1060513.0000	-17	-21880.0000	1901	2418832.0000	1616	2056198.0000	285	362634.0000
20091216	金融期貨            	FXF    	A         	682	585322.0000	859	736140.0000	-177	-150818.0000	275	232881.0000	193	162988.0000	82	69893.0000
20091216	金融期貨            	FXF    	B         	40	34111.0000	4	3423.0000	36	30688.0000	145	123221.0000	0	.0000	145	123221.0000
20091216	金融期貨            	FXF    	C         	1756	1505575.0000	1444	1233297.0000	312	272278.0000	834	708733.0000	3782	3213944.0000	-2948	-2505211.0000
20091216	櫃買期貨            	GTF    	A         	457	253262.0000	505	280153.0000	-48	-26892.0000	22	12248.0000	30	16550.0000	-8	-4302.0000
20091216	櫃買期貨            	GTF    	B         	0	.0000	0	.0000	0	.0000	0	.0000	0	.0000	0	.0000
20091216	櫃買期貨            	GTF    	C         	0	.0000	0	.0000	0	.0000	0	.0000	0	.0000	0	.0000
20091216	摩臺期              	MSF    	A         	0	.0000	0	.0000	0	.0000	0	.0000	3	2710.0000	-3	-2710.0000
20091216	摩臺期              	MSF    	B         	0	.0000	0	.0000	0	.0000	0	.0000	0	.0000	0	.0000
20091216	摩臺期              	MSF    	C         	0	.0000	0	.0000	0	.0000	0	.0000	0	.0000	0	.0000
20091216	小型臺指            	MXF    	A         	10981	4250900.0000	13015	5033775.0000	-2034	-782876.0000	830	317702.0000	1130	428125.0000	-300	-110423.0000
20091216	小型臺指            	MXF    	B         	0	.0000	0	.0000	0	.0000	0	.0000	0	.0000	0	.0000
20091216	小型臺指            	MXF    	C         	1025	397150.0000	872	336622.0000	153	60528.0000	290	111154.0000	680	261766.0000	-390	-150612.0000
20091216	臺灣50期貨          	T5F    	A         	0	.0000	0	.0000	0	.0000	0	.0000	0	.0000	0	.0000
20091216	臺灣50期貨          	T5F    	B         	0	.0000	0	.0000	0	.0000	0	.0000	0	.0000	0	.0000
20091216	臺灣50期貨          	T5F    	C         	0	.0000	0	.0000	0	.0000	0	.0000	0	.0000	0	.0000
20091216	臺股期貨            	TXF    	A         	23187	35886359.0000	25786	39914758.0000	-2599	-4028399.0000	4246	6506487.0000	3336	5104245.0000	910	1402242.0000
20091216	臺股期貨            	TXF    	B         	928	1434570.0000	918	1422749.0000	10	11821.0000	1660	2556068.0000	882	1358104.0000	778	1197964.0000
20091216	臺股期貨            	TXF    	C         	15210	23541169.0000	14049	21730394.0000	1161	1810775.0000	16502	25396305.0000	15649	24082083.0000	853	1314222.0000
20091216	非金電期貨          	XIF    	A         	419	382198.0000	423	386042.0000	-4	-3844.0000	72	65219.0000	20	18086.0000	52	47133.0000
20091216	非金電期貨          	XIF    	B         	0	.0000	0	.0000	0	.0000	21	19030.0000	0	.0000	21	19030.0000
20091216	非金電期貨          	XIF    	C         	85	77823.0000	94	85744.0000	-9	-7921.0000	32	28998.0000	59	53466.0000	-27	-24468.0000
20091217	電子期貨            	EXF    	A         	538	686033.0000	488	622294.0000	50	63739.0000	324	410113.0000	176	221850.0000	148	188263.0000
20091217	電子期貨            	EXF    	B         	4	5091.0000	0	.0000	4	5091.0000	177	225109.0000	248	315406.0000	-71	-90297.0000
20091217	電子期貨            	EXF    	C         	242	309290.0000	381	485841.0000	-139	-176551.0000	1863	2369330.0000	1717	2183681.0000	146	185649.0000
20091217	金融期貨            	FXF    	A         	670	573111.0000	699	597746.0000	-29	-24635.0000	323	274059.0000	270	228725.0000	53	45334.0000
20091217	金融期貨            	FXF    	B         	0	.0000	0	.0000	0	.0000	145	123395.0000	0	.0000	145	123395.0000
20091217	金融期貨            	FXF    	C         	172	147433.0000	263	224420.0000	-91	-76988.0000	773	657823.0000	3812	3244012.0000	-3039	-2586189.0000
20091217	櫃買期貨            	GTF    	A         	73	40417.0000	73	40356.0000	0	61.0000	60	32807.0000	68	36986.0000	-8	-4179.0000
20091217	櫃買期貨            	GTF    	B         	0	.0000	0	.0000	0	.0000	0	.0000	0	.0000	0	.0000
20091217	櫃買期貨            	GTF    	C         	0	.0000	0	.0000	0	.0000	0	.0000	0	.0000	0	.0000
20091217	摩臺期              	MSF    	A         	0	.0000	0	.0000	0	.0000	0	.0000	3	2713.0000	-3	-2713.0000
20091217	摩臺期              	MSF    	B         	0	.0000	0	.0000	0	.0000	0	.0000	0	.0000	0	.0000
20091217	摩臺期              	MSF    	C         	0	.0000	0	.0000	0	.0000	0	.0000	0	.0000	0	.0000
20091217	小型臺指            	MXF    	A         	15909	6144717.0000	15551	6002633.0000	358	142084.0000	1342	513945.0000	1052	397095.0000	290	116850.0000
20091217	小型臺指            	MXF    	B         	0	.0000	0	.0000	0	.0000	0	.0000	0	.0000	0	.0000
20091217	小型臺指            	MXF    	C         	831	321701.0000	1214	467944.0000	-383	-146243.0000	177	67567.0000	674	259220.0000	-497	-191653.0000
20091217	臺灣50期貨          	T5F    	A         	1	526.0000	0	.0000	1	526.0000	1	530.0000	0	.0000	1	530.0000
20091217	臺灣50期貨          	T5F    	B         	0	.0000	0	.0000	0	.0000	0	.0000	0	.0000	0	.0000
20091217	臺灣50期貨          	T5F    	C         	0	.0000	0	.0000	0	.0000	0	.0000	0	.0000	0	.0000
20091217	臺股期貨            	TXF    	A         	18649	28820537.0000	19120	29536733.0000	-471	-716196.0000	4319	6614702.0000	3938	6024034.0000	381	590668.0000
20091217	臺股期貨            	TXF    	B         	342	528390.0000	719	1108603.0000	-377	-580213.0000	1622	2495285.0000	1221	1878386.0000	401	616899.0000
20091217	臺股期貨            	TXF    	C         	8539	13192382.0000	7295	11272049.0000	1244	1920332.0000	17750	27293655.0000	15723	24174953.0000	2027	3118702.0000
20091217	非金電期貨          	XIF    	A         	147	133071.0000	121	109484.0000	26	23587.0000	112	101187.0000	34	30688.0000	78	70499.0000
20091217	非金電期貨          	XIF    	B         	0	.0000	0	.0000	0	.0000	21	18978.0000	0	.0000	21	18978.0000
20091217	非金電期貨          	XIF    	C         	21	19083.0000	67	60827.0000	-46	-41745.0000	43	38859.0000	116	104829.0000	-73	-65970.0000
20091218	電子期貨            	EXF    	A         	451	571586.0000	387	490612.0000	64	80974.0000	427	540852.0000	215	271310.0000	212	269542.0000
20091218	電子期貨            	EXF    	B         	0	.0000	0	.0000	0	.0000	177	225002.0000	248	315258.0000	-71	-90256.0000
20091218	電子期貨            	EXF    	C         	148	187704.0000	380	481072.0000	-232	-293369.0000	1674	2127944.0000	1760	2237312.0000	-86	-109368.0000
20091218	金融期貨            	FXF    	A         	491	416092.0000	452	382593.0000	39	33499.0000	356	303210.0000	264	224396.0000	92	78814.0000
20091218	金融期貨            	FXF    	B         	5	4219.0000	0	.0000	5	4219.0000	150	128100.0000	0	.0000	150	128100.0000
20091218	金融期貨            	FXF    	C         	142	119972.0000	173	146131.0000	-31	-26159.0000	766	654164.0000	3836	3275944.0000	-3070	-2621780.0000
20091218	櫃買期貨            	GTF    	A         	38	20701.0000	32	17441.0000	6	3260.0000	73	39867.0000	75	40913.0000	-2	-1046.0000
20091218	櫃買期貨            	GTF    	B         	0	.0000	0	.0000	0	.0000	0	.0000	0	.0000	0	.0000
20091218	櫃買期貨            	GTF    	C         	0	.0000	0	.0000	0	.0000	0	.0000	0	.0000	0	.0000
20091218	摩臺期              	MSF    	A         	0	.0000	0	.0000	0	.0000	0	.0000	3	2683.0000	-3	-2683.0000
20091218	摩臺期              	MSF    	B         	0	.0000	0	.0000	0	.0000	0	.0000	0	.0000	0	.0000
20091218	摩臺期              	MSF    	C         	0	.0000	0	.0000	0	.0000	0	.0000	0	.0000	0	.0000
20091218	小型臺指            	MXF    	A         	10202	3907795.0000	9905	3792486.0000	297	115309.0000	2052	787762.0000	1241	470024.0000	811	317738.0000
20091218	小型臺指            	MXF    	B         	0	.0000	0	.0000	0	.0000	0	.0000	0	.0000	0	.0000
20091218	小型臺指            	MXF    	C         	428	164074.0000	290	111019.0000	138	53054.0000	175	66860.0000	506	194835.0000	-331	-127975.0000
20091218	臺灣50期貨          	T5F    	A         	0	.0000	0	.0000	0	.0000	1	531.0000	0	.0000	1	531.0000
20091218	臺灣50期貨          	T5F    	B         	0	.0000	0	.0000	0	.0000	0	.0000	0	.0000	0	.0000
20091218	臺灣50期貨          	T5F    	C         	0	.0000	0	.0000	0	.0000	0	.0000	0	.0000	0	.0000
20091218	臺股期貨            	TXF    	A         	11538	17687468.0000	12159	18639372.0000	-621	-951904.0000	3459	5296100.0000	3755	5747970.0000	-296	-451870.0000
20091218	臺股期貨            	TXF    	B         	372	571086.0000	277	426009.0000	95	145076.0000	1672	2575214.0000	1176	1811275.0000	496	763939.0000
20091218	臺股期貨            	TXF    	C         	5107	7820082.0000	4469	6848658.0000	638	971424.0000	18044	27776838.0000	15386	23682766.0000	2658	4094072.0000
20091218	非金電期貨          	XIF    	A         	182	163422.0000	235	211164.0000	-53	-47742.0000	72	65242.0000	47	42573.0000	25	22669.0000
20091218	非金電期貨          	XIF    	B         	0	.0000	0	.0000	0	.0000	21	19043.0000	0	.0000	21	19043.0000
20091218	非金電期貨          	XIF    	C         	56	50401.0000	30	26980.0000	26	23421.0000	58	52594.0000	105	95214.0000	-47	-42620.0000
20091221	電子期貨            	EXF    	A         	408	524205.0000	322	413300.0000	86	110904.0000	480	613410.0000	182	231331.0000	298	382079.0000
20091221	電子期貨            	EXF    	B         	0	.0000	0	.0000	0	.0000	177	226914.0000	248	317936.0000	-71	-91022.0000
20091221	電子期貨            	EXF    	C         	195	250382.0000	70	89805.0000	125	160576.0000	1681	2154996.0000	1642	2105044.0000	39	49952.0000
20091221	金融期貨            	FXF    	A         	651	556095.0000	789	673127.0000	-138	-117032.0000	438	372801.0000	484	411811.0000	-46	-39010.0000
20091221	金融期貨            	FXF    	B         	0	.0000	0	.0000	0	.0000	150	127950.0000	0	.0000	150	127950.0000
20091221	金融期貨            	FXF    	C         	129	110094.0000	113	96323.0000	16	13771.0000	745	635485.0000	3799	3240547.0000	-3054	-2605062.0000
20091221	櫃買期貨            	GTF    	A         	64	34739.0000	53	28682.0000	11	6058.0000	83	45413.0000	74	40413.0000	9	5000.0000
20091221	櫃買期貨            	GTF    	B         	0	.0000	0	.0000	0	.0000	0	.0000	0	.0000	0	.0000
20091221	櫃買期貨            	GTF    	C         	0	.0000	0	.0000	0	.0000	0	.0000	0	.0000	0	.0000
20091221	摩臺期              	MSF    	A         	0	.0000	2	1814.0000	-2	-1814.0000	0	.0000	5	4476.0000	-5	-4476.0000
20091221	摩臺期              	MSF    	B         	0	.0000	0	.0000	0	.0000	0	.0000	0	.0000	0	.0000
20091221	摩臺期              	MSF    	C         	0	.0000	0	.0000	0	.0000	0	.0000	0	.0000	0	.0000
20091221	小型臺指            	MXF    	A         	9754	3784478.0000	7780	3017722.0000	1974	766756.0000	2060	796215.0000	1287	491933.0000	773	304282.0000
20091221	小型臺指            	MXF    	B         	0	.0000	0	.0000	0	.0000	0	.0000	0	.0000	0	.0000
20091221	小型臺指            	MXF    	C         	783	303985.0000	284	110201.0000	499	193785.0000	470	181631.0000	346	134110.0000	124	47521.0000
20091221	臺灣50期貨          	T5F    	A         	0	.0000	0	.0000	0	.0000	1	535.0000	0	.0000	1	535.0000
20091221	臺灣50期貨          	T5F    	B         	0	.0000	0	.0000	0	.0000	0	.0000	0	.0000	0	.0000
20091221	臺灣50期貨          	T5F    	C         	0	.0000	0	.0000	0	.0000	0	.0000	0	.0000	0	.0000
20091221	臺股期貨            	TXF    	A         	12466	19346165.0000	11525	17889303.0000	941	1456862.0000	4816	7434181.0000	3668	5653036.0000	1148	1781145.0000
20091221	臺股期貨            	TXF    	B         	579	898296.0000	350	542856.0000	229	355440.0000	1694	2626378.0000	969	1502338.0000	725	1124040.0000
20091221	臺股期貨            	TXF    	C         	5580	8665778.0000	5000	7759510.0000	580	906267.0000	18266	28304016.0000	15017	23267026.0000	3249	5036990.0000
20091221	非金電期貨          	XIF    	A         	95	86566.0000	86	78343.0000	9	8223.0000	77	69935.0000	43	39038.0000	34	30897.0000
20091221	非金電期貨          	XIF    	B         	0	.0000	0	.0000	0	.0000	21	19079.0000	0	.0000	21	19079.0000
20091221	非金電期貨          	XIF    	C         	69	62958.0000	12	10947.0000	57	52011.0000	51	46334.0000	41	37249.0000	10	9085.0000
20091222	電子期貨            	EXF    	A         	450	580862.0000	455	587631.0000	-5	-6768.0000	532	686564.0000	239	307320.0000	293	379244.0000
20091222	電子期貨            	EXF    	B         	0	.0000	0	.0000	0	.0000	177	229073.0000	248	320962.0000	-71	-91889.0000
20091222	電子期貨            	EXF    	C         	287	370519.0000	159	205199.0000	128	165320.0000	1759	2276451.0000	1592	2060366.0000	167	216085.0000
20091222	金融期貨            	FXF    	A         	866	748443.0000	520	449128.0000	346	299316.0000	649	562457.0000	349	301734.0000	300	260723.0000
20091222	金融期貨            	FXF    	B         	45	39092.0000	0	.0000	45	39092.0000	195	169260.0000	0	.0000	195	169260.0000
20091222	金融期貨            	FXF    	C         	233	201362.0000	176	151660.0000	57	49703.0000	767	665756.0000	3764	3267152.0000	-2997	-2601396.0000
20091222	櫃買期貨            	GTF    	A         	88	48883.0000	82	45536.0000	6	3347.0000	108	60230.0000	93	51747.0000	15	8483.0000
20091222	櫃買期貨            	GTF    	B         	0	.0000	0	.0000	0	.0000	0	.0000	0	.0000	0	.0000
20091222	櫃買期貨            	GTF    	C         	0	.0000	0	.0000	0	.0000	0	.0000	0	.0000	0	.0000
20091222	摩臺期              	MSF    	A         	0	.0000	0	.0000	0	.0000	0	.0000	5	4465.0000	-5	-4465.0000
20091222	摩臺期              	MSF    	B         	0	.0000	0	.0000	0	.0000	0	.0000	0	.0000	0	.0000
20091222	摩臺期              	MSF    	C         	0	.0000	0	.0000	0	.0000	0	.0000	0	.0000	0	.0000
20091222	小型臺指            	MXF    	A         	8393	3275335.0000	6121	2388612.0000	2272	886723.0000	2220	866341.0000	1447	559437.0000	773	306904.0000
20091222	小型臺指            	MXF    	B         	0	.0000	0	.0000	0	.0000	0	.0000	0	.0000	0	.0000
20091222	小型臺指            	MXF    	C         	653	254987.0000	178	69464.0000	475	185522.0000	922	360380.0000	307	120175.0000	615	240205.0000
20091222	臺灣50期貨          	T5F    	A         	0	.0000	0	.0000	0	.0000	1	538.0000	0	.0000	1	538.0000
20091222	臺灣50期貨          	T5F    	B         	0	.0000	0	.0000	0	.0000	0	.0000	0	.0000	0	.0000
20091222	臺灣50期貨          	T5F    	C         	0	.0000	0	.0000	0	.0000	0	.0000	0	.0000	0	.0000
20091222	臺股期貨            	TXF    	A         	11818	18449598.0000	11463	17902746.0000	355	546852.0000	5551	8657854.0000	3480	5418980.0000	2071	3238874.0000
20091222	臺股期貨            	TXF    	B         	533	832883.0000	307	479159.0000	226	353725.0000	1710	2677518.0000	759	1188442.0000	951	1489076.0000
20091222	臺股期貨            	TXF    	C         	6683	10435712.0000	4495	7016220.0000	2188	3419492.0000	20115	31478219.0000	14702	23005240.0000	5413	8472979.0000
20091222	非金電期貨          	XIF    	A         	150	137422.0000	145	132836.0000	5	4586.0000	89	81710.0000	50	45884.0000	39	35826.0000
20091222	非金電期貨          	XIF    	B         	0	.0000	0	.0000	0	.0000	21	19291.0000	0	.0000	21	19291.0000
20091222	非金電期貨          	XIF    	C         	72	66123.0000	58	53265.0000	14	12858.0000	80	73488.0000	56	51442.0000	24	22046.0000
20091223	電子期貨            	EXF    	A         	471	613018.0000	513	668851.0000	-42	-55833.0000	488	636250.0000	237	307955.0000	251	328295.0000
20091223	電子期貨            	EXF    	B         	0	.0000	0	.0000	0	.0000	177	231481.0000	248	324334.0000	-71	-92853.0000
20091223	電子期貨            	EXF    	C         	421	548575.0000	204	265542.0000	217	283034.0000	1905	2491305.0000	1521	1989164.0000	384	502141.0000
20091223	金融期貨            	FXF    	A         	889	773267.0000	543	471522.0000	346	301746.0000	909	789350.0000	263	227013.0000	646	562337.0000
20091223	金融期貨            	FXF    	B         	50	43465.0000	0	.0000	50	43465.0000	245	213199.0000	0	.0000	245	213199.0000
20091223	金融期貨            	FXF    	C         	117	101965.0000	881	766878.0000	-764	-664912.0000	578	502976.0000	4339	3775798.0000	-3761	-3272822.0000
20091223	櫃買期貨            	GTF    	A         	356	196084.0000	352	193821.0000	4	2263.0000	124	69895.0000	105	59086.0000	19	10809.0000
20091223	櫃買期貨            	GTF    	B         	0	.0000	0	.0000	0	.0000	0	.0000	0	.0000	0	.0000
20091223	櫃買期貨            	GTF    	C         	0	.0000	0	.0000	0	.0000	0	.0000	0	.0000	0	.0000
20091223	摩臺期              	MSF    	A         	0	.0000	0	.0000	0	.0000	0	.0000	5	4572.0000	-5	-4572.0000
20091223	摩臺期              	MSF    	B         	0	.0000	0	.0000	0	.0000	0	.0000	0	.0000	0	.0000
20091223	摩臺期              	MSF    	C         	0	.0000	0	.0000	0	.0000	0	.0000	0	.0000	0	.0000
20091223	小型臺指            	MXF    	A         	6429	2522145.0000	5403	2119597.0000	1026	402549.0000	2980	1169037.0000	1553	603810.0000	1427	565227.0000
20091223	小型臺指            	MXF    	B         	0	.0000	0	.0000	0	.0000	0	.0000	0	.0000	0	.0000
20091223	小型臺指            	MXF    	C         	817	320980.0000	297	116501.0000	520	204478.0000	1379	541828.0000	236	92819.0000	1143	449009.0000
20091223	臺灣50期貨          	T5F    	A         	0	.0000	0	.0000	0	.0000	1	543.0000	0	.0000	1	543.0000
20091223	臺灣50期貨          	T5F    	B         	0	.0000	0	.0000	0	.0000	0	.0000	0	.0000	0	.0000
20091223	臺灣50期貨          	T5F    	C         	0	.0000	0	.0000	0	.0000	0	.0000	0	.0000	0	.0000
20091223	臺股期貨            	TXF    	A         	11897	18678829.0000	10225	16055425.0000	1672	2623404.0000	6935	10875445.0000	3099	4845555.0000	3836	6029890.0000
20091223	臺股期貨            	TXF    	B         	327	513303.0000	329	516018.0000	-2	-2715.0000	1706	2683879.0000	757	1190912.0000	949	1492967.0000
20091223	臺股期貨            	TXF    	C         	4796	7535355.0000	4367	6854215.0000	429	681141.0000	20535	32287409.0000	14695	23103533.0000	5840	9183876.0000
20091223	非金電期貨          	XIF    	A         	93	84898.0000	100	91363.0000	-7	-6465.0000	79	72249.0000	47	42963.0000	32	29286.0000
20091223	非金電期貨          	XIF    	B         	0	.0000	0	.0000	0	.0000	21	19221.0000	0	.0000	21	19221.0000
20091223	非金電期貨          	XIF    	C         	35	32083.0000	30	27495.0000	5	4588.0000	85	77801.0000	56	51257.0000	29	26544.0000
20091224	電子期貨            	EXF    	A         	475	627056.0000	518	684383.0000	-43	-57328.0000	461	607955.0000	253	332694.0000	208	275261.0000
20091224	電子期貨            	EXF    	B         	248	328401.0000	0	.0000	248	328401.0000	177	234171.0000	0	.0000	177	234171.0000
20091224	電子期貨            	EXF    	C         	218	288006.0000	230	303726.0000	-12	-15719.0000	1928	2550672.0000	1556	2058588.0000	372	492084.0000
20091224	金融期貨            	FXF    	A         	702	612498.0000	554	483061.0000	148	129437.0000	1066	933155.0000	272	236120.0000	794	697035.0000
20091224	金融期貨            	FXF    	B         	20	17433.0000	0	.0000	20	17433.0000	265	232458.0000	0	.0000	265	232458.0000
20091224	金融期貨            	FXF    	C         	309	269667.0000	99	86503.0000	210	183164.0000	635	557022.0000	4186	3671945.0000	-3551	-3114923.0000
20091224	櫃買期貨            	GTF    	A         	26	14779.0000	11	6256.0000	15	8523.0000	139	78923.0000	105	59468.0000	34	19455.0000
20091224	櫃買期貨            	GTF    	B         	0	.0000	0	.0000	0	.0000	0	.0000	0	.0000	0	.0000
20091224	櫃買期貨            	GTF    	C         	0	.0000	0	.0000	0	.0000	0	.0000	0	.0000	0	.0000
20091224	摩臺期              	MSF    	A         	0	.0000	0	.0000	0	.0000	0	.0000	5	4634.0000	-5	-4634.0000
20091224	摩臺期              	MSF    	B         	0	.0000	0	.0000	0	.0000	0	.0000	0	.0000	0	.0000
20091224	摩臺期              	MSF    	C         	0	.0000	0	.0000	0	.0000	0	.0000	0	.0000	0	.0000
20091224	小型臺指            	MXF    	A         	8730	3459265.0000	7045	2793974.0000	1685	665290.0000	2716	1076530.0000	1352	530824.0000	1364	545706.0000
20091224	小型臺指            	MXF    	B         	0	.0000	0	.0000	0	.0000	0	.0000	0	.0000	0	.0000
20091224	小型臺指            	MXF    	C         	1081	428840.0000	503	199600.0000	578	229240.0000	1760	699142.0000	103	40948.0000	1657	658194.0000
20091224	臺灣50期貨          	T5F    	A         	0	.0000	0	.0000	0	.0000	1	547.0000	0	.0000	1	547.0000
20091224	臺灣50期貨          	T5F    	B         	0	.0000	0	.0000	0	.0000	0	.0000	0	.0000	0	.0000
20091224	臺灣50期貨          	T5F    	C         	0	.0000	0	.0000	0	.0000	0	.0000	0	.0000	0	.0000
20091224	臺股期貨            	TXF    	A         	14588	23137628.0000	13912	22079233.0000	676	1058395.0000	7461	11826973.0000	2512	3963848.0000	4949	7863125.0000
20091224	臺股期貨            	TXF    	B         	620	984151.0000	847	1345661.0000	-227	-361510.0000	1623	2580895.0000	901	1432770.0000	722	1148125.0000
20091224	臺股期貨            	TXF    	C         	6676	10596301.0000	5616	8911323.0000	1060	1684978.0000	21932	34858019.0000	15016	23862180.0000	6916	10995839.0000
20091224	非金電期貨          	XIF    	A         	179	165106.0000	206	190204.0000	-27	-25098.0000	65	60081.0000	60	55451.0000	5	4630.0000
20091224	非金電期貨          	XIF    	B         	0	.0000	0	.0000	0	.0000	21	19431.0000	0	.0000	21	19431.0000
20091224	非金電期貨          	XIF    	C         	85	78617.0000	75	69294.0000	10	9323.0000	103	95306.0000	64	59219.0000	39	36087.0000
20091225	電子期貨            	EXF    	A         	260	344758.0000	292	387234.0000	-32	-42476.0000	439	582375.0000	263	348052.0000	176	234323.0000
20091225	電子期貨            	EXF    	B         	0	.0000	4	5318.0000	-4	-5318.0000	173	230263.0000	0	.0000	173	230263.0000
20091225	電子期貨            	EXF    	C         	35	46455.0000	81	107431.0000	-46	-60977.0000	1913	2546168.0000	1587	2112297.0000	326	433871.0000
20091225	金融期貨            	FXF    	A         	299	263150.0000	754	663377.0000	-455	-400227.0000	727	637385.0000	388	338705.0000	339	298680.0000
20091225	金融期貨            	FXF    	B         	0	.0000	8	7045.0000	-8	-7045.0000	257	226006.0000	0	.0000	257	226006.0000
20091225	金融期貨            	FXF    	C         	89	78396.0000	324	285063.0000	-235	-206667.0000	665	584801.0000	4451	3914170.0000	-3786	-3329369.0000
20091225	櫃買期貨            	GTF    	A         	53	29967.0000	59	33400.0000	-6	-3432.0000	135	76971.0000	107	60877.0000	28	16094.0000
20091225	櫃買期貨            	GTF    	B         	0	.0000	0	.0000	0	.0000	0	.0000	0	.0000	0	.0000
20091225	櫃買期貨            	GTF    	C         	0	.0000	0	.0000	0	.0000	0	.0000	0	.0000	0	.0000
20091225	摩臺期              	MSF    	A         	0	.0000	0	.0000	0	.0000	0	.0000	5	4651.0000	-5	-4651.0000
20091225	摩臺期              	MSF    	B         	0	.0000	0	.0000	0	.0000	0	.0000	0	.0000	0	.0000
20091225	摩臺期              	MSF    	C         	0	.0000	0	.0000	0	.0000	0	.0000	0	.0000	0	.0000
20091225	小型臺指            	MXF    	A         	3757	1495253.0000	3881	1545434.0000	-124	-50182.0000	2670	1062184.0000	1430	563966.0000	1240	498218.0000
20091225	小型臺指            	MXF    	B         	0	.0000	0	.0000	0	.0000	0	.0000	0	.0000	0	.0000
20091225	小型臺指            	MXF    	C         	101	40198.0000	200	79634.0000	-99	-39436.0000	1633	651173.0000	75	29933.0000	1558	621240.0000
20091225	臺灣50期貨          	T5F    	A         	1	546.0000	1	556.0000	0	-9.0000	1	547.0000	0	.0000	1	547.0000
20091225	臺灣50期貨          	T5F    	B         	0	.0000	0	.0000	0	.0000	0	.0000	0	.0000	0	.0000
20091225	臺灣50期貨          	T5F    	C         	0	.0000	0	.0000	0	.0000	0	.0000	0	.0000	0	.0000
20091225	臺股期貨            	TXF    	A         	6815	10855284.0000	6434	10248602.0000	381	606682.0000	7726	12294968.0000	2396	3793286.0000	5330	8501682.0000
20091225	臺股期貨            	TXF    	B         	190	302940.0000	152	242252.0000	38	60688.0000	1642	2621289.0000	882	1408025.0000	760	1213264.0000
20091225	臺股期貨            	TXF    	C         	1875	2987454.0000	1453	2315405.0000	422	672049.0000	22344	35650983.0000	15006	23938780.0000	7338	11712203.0000
20091225	非金電期貨          	XIF    	A         	62	57184.0000	50	46089.0000	12	11095.0000	78	72021.0000	61	56311.0000	17	15710.0000
20091225	非金電期貨          	XIF    	B         	0	.0000	0	.0000	0	.0000	21	19406.0000	0	.0000	21	19406.0000
20091225	非金電期貨          	XIF    	C         	5	4630.0000	16	14805.0000	-11	-10175.0000	92	85017.0000	64	59142.0000	28	25875.0000
20091228	電子期貨            	EXF    	A         	792	1059617.0000	628	839776.0000	164	219841.0000	567	756567.0000	227	301612.0000	340	454955.0000
20091228	電子期貨            	EXF    	B         	0	.0000	0	.0000	0	.0000	173	231439.0000	0	.0000	173	231439.0000
20091228	電子期貨            	EXF    	C         	294	393356.0000	373	499262.0000	-79	-105905.0000	1930	2581892.0000	1683	2251517.0000	247	330375.0000
20091228	金融期貨            	FXF    	A         	1054	937886.0000	750	669338.0000	304	268548.0000	979	874944.0000	336	298422.0000	643	576522.0000
20091228	金融期貨            	FXF    	B         	110	98104.0000	0	.0000	110	98104.0000	367	328685.0000	0	.0000	367	328685.0000
20091228	金融期貨            	FXF    	C         	263	234347.0000	492	438040.0000	-229	-203694.0000	721	645728.0000	4736	4241525.0000	-4015	-3595797.0000
20091228	櫃買期貨            	GTF    	A         	50	28627.0000	45	25764.0000	5	2863.0000	149	85748.0000	116	66616.0000	33	19132.0000
20091228	櫃買期貨            	GTF    	B         	0	.0000	0	.0000	0	.0000	0	.0000	0	.0000	0	.0000
20091228	櫃買期貨            	GTF    	C         	0	.0000	0	.0000	0	.0000	0	.0000	0	.0000	0	.0000
20091228	摩臺期              	MSF    	A         	0	.0000	0	.0000	0	.0000	0	.0000	5	4651.0000	-5	-4651.0000
20091228	摩臺期              	MSF    	B         	0	.0000	0	.0000	0	.0000	0	.0000	0	.0000	0	.0000
20091228	摩臺期              	MSF    	C         	0	.0000	0	.0000	0	.0000	0	.0000	0	.0000	0	.0000
20091228	小型臺指            	MXF    	A         	6879	2760899.0000	7353	2953744.0000	-474	-192844.0000	2460	986234.0000	1210	479913.0000	1250	506321.0000
20091228	小型臺指            	MXF    	B         	0	.0000	0	.0000	0	.0000	0	.0000	0	.0000	0	.0000
20091228	小型臺指            	MXF    	C         	370	148734.0000	568	228182.0000	-198	-79448.0000	713	286279.0000	173	69598.0000	540	216681.0000
20091228	臺灣50期貨          	T5F    	A         	0	.0000	0	.0000	0	.0000	1	554.0000	0	.0000	1	554.0000
20091228	臺灣50期貨          	T5F    	B         	0	.0000	0	.0000	0	.0000	0	.0000	0	.0000	0	.0000
20091228	臺灣50期貨          	T5F    	C         	0	.0000	0	.0000	0	.0000	0	.0000	0	.0000	0	.0000
20091228	臺股期貨            	TXF    	A         	14433	23203084.0000	12873	20700580.0000	1560	2502504.0000	9588	15391735.0000	2819	4504861.0000	6769	10886874.0000
20091228	臺股期貨            	TXF    	B         	491	789639.0000	323	518914.0000	168	270724.0000	1771	2849893.0000	843	1356556.0000	928	1493337.0000
20091228	臺股期貨            	TXF    	C         	5556	8922818.0000	6986	11235114.0000	-1430	-2312296.0000	23043	37062426.0000	16930	27225981.0000	6113	9836445.0000
20091228	非金電期貨          	XIF    	A         	72	67207.0000	110	102718.0000	-38	-35511.0000	70	65344.0000	91	84974.0000	-21	-19630.0000
20091228	非金電期貨          	XIF    	B         	0	.0000	0	.0000	0	.0000	21	19627.0000	0	.0000	21	19627.0000
20091228	非金電期貨          	XIF    	C         	59	54994.0000	18	16785.0000	41	38209.0000	133	124302.0000	64	59814.0000	69	64488.0000
20091229	電子期貨            	EXF    	A         	453	605804.0000	382	510537.0000	71	95267.0000	670	896489.0000	259	345278.0000	411	551211.0000
20091229	電子期貨            	EXF    	B         	0	.0000	0	.0000	0	.0000	173	231993.0000	0	.0000	173	231993.0000
20091229	電子期貨            	EXF    	C         	135	180625.0000	342	457538.0000	-207	-276913.0000	1894	2539854.0000	1854	2486214.0000	40	53640.0000
20091229	金融期貨            	FXF    	A         	781	700776.0000	789	706983.0000	-8	-6207.0000	1012	901257.0000	377	333823.0000	635	567434.0000
20091229	金融期貨            	FXF    	B         	5	4476.0000	0	.0000	5	4476.0000	372	331973.0000	0	.0000	372	331973.0000
20091229	金融期貨            	FXF    	C         	231	207639.0000	920	825569.0000	-689	-617931.0000	779	695180.0000	5483	4892890.0000	-4704	-4197710.0000
20091229	櫃買期貨            	GTF    	A         	41	23564.0000	54	31131.0000	-13	-7567.0000	146	85058.0000	126	73329.0000	20	11729.0000
20091229	櫃買期貨            	GTF    	B         	0	.0000	0	.0000	0	.0000	0	.0000	0	.0000	0	.0000
20091229	櫃買期貨            	GTF    	C         	0	.0000	0	.0000	0	.0000	0	.0000	0	.0000	0	.0000
20091229	摩臺期              	MSF    	A         	1	938.0000	1	940.0000	0	-2.0000	0	.0000	5	4688.0000	-5	-4688.0000
20091229	摩臺期              	MSF    	B         	0	.0000	0	.0000	0	.0000	0	.0000	0	.0000	0	.0000
20091229	摩臺期              	MSF    	C         	0	.0000	0	.0000	0	.0000	0	.0000	0	.0000	0	.0000
20091229	小型臺指            	MXF    	A         	5325	2140852.0000	5384	2164572.0000	-59	-23720.0000	2528	1015181.0000	941	372055.0000	1587	643126.0000
20091229	小型臺指            	MXF    	B         	0	.0000	0	.0000	0	.0000	0	.0000	0	.0000	0	.0000
20091229	小型臺指            	MXF    	C         	206	82855.0000	245	98469.0000	-39	-15614.0000	641	257707.0000	156	62852.0000	485	194855.0000
20091229	臺灣50期貨          	T5F    	A         	0	.0000	0	.0000	0	.0000	1	554.0000	0	.0000	1	554.0000
20091229	臺灣50期貨          	T5F    	B         	0	.0000	0	.0000	0	.0000	0	.0000	0	.0000	0	.0000
20091229	臺灣50期貨          	T5F    	C         	0	.0000	0	.0000	0	.0000	0	.0000	0	.0000	0	.0000
20091229	臺股期貨            	TXF    	A         	10043	16158058.0000	9696	15596920.0000	347	561137.0000	9778	15718268.0000	2761	4417051.0000	7017	11301217.0000
20091229	臺股期貨            	TXF    	B         	393	632107.0000	480	772248.0000	-87	-140141.0000	1674	2697818.0000	833	1342463.0000	841	1355355.0000
20091229	臺股期貨            	TXF    	C         	2404	3867451.0000	3328	5356156.0000	-924	-1488705.0000	23096	37202331.0000	17903	28833337.0000	5193	8368994.0000
20091229	非金電期貨          	XIF    	A         	22	20539.0000	32	29888.0000	-10	-9350.0000	60	55966.0000	91	84916.0000	-31	-28950.0000
20091229	非金電期貨          	XIF    	B         	0	.0000	0	.0000	0	.0000	21	19612.0000	0	.0000	21	19612.0000
20091229	非金電期貨          	XIF    	C         	39	36449.0000	8	7482.0000	31	28967.0000	164	153160.0000	64	59770.0000	100	93390.0000
20091230	電子期貨            	EXF    	A         	276	371121.0000	283	380595.0000	-7	-9474.0000	681	915908.0000	277	371311.0000	404	544597.0000
20091230	電子期貨            	EXF    	B         	0	.0000	0	.0000	0	.0000	173	233169.0000	0	.0000	173	233169.0000
20091230	電子期貨            	EXF    	C         	191	256971.0000	149	200286.0000	42	56685.0000	1966	2649775.0000	1884	2539255.0000	82	110520.0000
20091230	金融期貨            	FXF    	A         	440	393864.0000	388	346953.0000	52	46911.0000	1053	942275.0000	366	325337.0000	687	616938.0000
20091230	金融期貨            	FXF    	B         	0	.0000	0	.0000	0	.0000	372	333535.0000	0	.0000	372	333535.0000
20091230	金融期貨            	FXF    	C         	264	236427.0000	122	109090.0000	142	127337.0000	927	831148.0000	5489	4921331.0000	-4562	-4090183.0000
20091230	櫃買期貨            	GTF    	A         	69	40257.0000	80	46725.0000	-11	-6467.0000	144	85034.0000	135	79658.0000	9	5376.0000
20091230	櫃買期貨            	GTF    	B         	0	.0000	0	.0000	0	.0000	0	.0000	0	.0000	0	.0000
20091230	櫃買期貨            	GTF    	C         	0	.0000	0	.0000	0	.0000	0	.0000	0	.0000	0	.0000
20091230	摩臺期              	MSF    	A         	0	.0000	0	.0000	0	.0000	0	.0000	5	4721.0000	-5	-4721.0000
20091230	摩臺期              	MSF    	B         	0	.0000	0	.0000	0	.0000	0	.0000	0	.0000	0	.0000
20091230	摩臺期              	MSF    	C         	0	.0000	0	.0000	0	.0000	0	.0000	0	.0000	0	.0000
20091230	小型臺指            	MXF    	A         	5118	2065958.0000	5675	2291399.0000	-557	-225441.0000	2397	966240.0000	1091	434089.0000	1306	532151.0000
20091230	小型臺指            	MXF    	B         	0	.0000	0	.0000	0	.0000	0	.0000	0	.0000	0	.0000
20091230	小型臺指            	MXF    	C         	611	247009.0000	300	121174.0000	311	125835.0000	810	327125.0000	134	54210.0000	676	272915.0000
20091230	臺灣50期貨          	T5F    	A         	0	.0000	0	.0000	0	.0000	1	560.0000	0	.0000	1	560.0000
20091230	臺灣50期貨          	T5F    	B         	0	.0000	0	.0000	0	.0000	0	.0000	0	.0000	0	.0000
20091230	臺灣50期貨          	T5F    	C         	0	.0000	0	.0000	0	.0000	0	.0000	0	.0000	0	.0000
20091230	臺股期貨            	TXF    	A         	11476	18538189.0000	11495	18574163.0000	-19	-35973.0000	9806	15827558.0000	2877	4622020.0000	6929	11205538.0000
20091230	臺股期貨            	TXF    	B         	309	498890.0000	309	498925.0000	0	-35.0000	1674	2708867.0000	833	1347961.0000	841	1360906.0000
20091230	臺股期貨            	TXF    	C         	3505	5660730.0000	3758	6069417.0000	-253	-408688.0000	23253	37607172.0000	18283	29566202.0000	4970	8040970.0000
20091230	非金電期貨          	XIF    	A         	71	66552.0000	56	52468.0000	15	14084.0000	63	59002.0000	79	73989.0000	-16	-14987.0000
20091230	非金電期貨          	XIF    	B         	0	.0000	0	.0000	0	.0000	21	19677.0000	0	.0000	21	19677.0000
20091230	非金電期貨          	XIF    	C         	28	26237.0000	48	45000.0000	-20	-18763.0000	176	164912.0000	96	89952.0000	80	74960.0000
20091231	電子期貨            	EXF    	A         	595	808630.0000	319	433780.0000	276	374850.0000	933	1273333.0000	253	343607.0000	680	929726.0000
20091231	電子期貨            	EXF    	B         	0	.0000	4	5454.0000	-4	-5454.0000	173	236491.0000	4	5468.0000	169	231023.0000
20091231	電子期貨            	EXF    	C         	52	70766.0000	196	266755.0000	-144	-195989.0000	1976	2701187.0000	2038	2785946.0000	-62	-84759.0000
20091231	金融期貨            	FXF    	A         	901	816282.0000	737	668757.0000	164	147525.0000	1247	1134022.0000	396	357977.0000	851	776045.0000
20091231	金融期貨            	FXF    	B         	0	.0000	33	29784.0000	-33	-29784.0000	342	311562.0000	3	2733.0000	339	308829.0000
20091231	金融期貨            	FXF    	C         	222	200717.0000	484	438568.0000	-262	-237851.0000	1072	976592.0000	5896	5371117.0000	-4824	-4394525.0000
20091231	櫃買期貨            	GTF    	A         	68	40349.0000	75	44605.0000	-7	-4256.0000	152	91276.0000	150	89971.0000	2	1305.0000
20091231	櫃買期貨            	GTF    	B         	0	.0000	0	.0000	0	.0000	0	.0000	0	.0000	0	.0000
20091231	櫃買期貨            	GTF    	C         	0	.0000	0	.0000	0	.0000	0	.0000	0	.0000	0	.0000
20091231	摩臺期              	MSF    	A         	0	.0000	0	.0000	0	.0000	0	.0000	5	4765.0000	-5	-4765.0000
20091231	摩臺期              	MSF    	B         	0	.0000	0	.0000	0	.0000	0	.0000	0	.0000	0	.0000
20091231	摩臺期              	MSF    	C         	0	.0000	0	.0000	0	.0000	0	.0000	0	.0000	0	.0000
20091231	小型臺指            	MXF    	A         	6200	2525272.0000	6626	2700601.0000	-426	-175328.0000	2412	985201.0000	880	353600.0000	1532	631601.0000
20091231	小型臺指            	MXF    	B         	0	.0000	0	.0000	0	.0000	0	.0000	0	.0000	0	.0000
20091231	小型臺指            	MXF    	C         	405	164929.0000	180	73411.0000	225	91519.0000	860	352013.0000	155	63558.0000	705	288455.0000
20091231	臺灣50期貨          	T5F    	A         	0	.0000	0	.0000	0	.0000	1	562.0000	0	.0000	1	562.0000
20091231	臺灣50期貨          	T5F    	B         	0	.0000	0	.0000	0	.0000	0	.0000	0	.0000	0	.0000
20091231	臺灣50期貨          	T5F    	C         	0	.0000	0	.0000	0	.0000	0	.0000	0	.0000	0	.0000
20091231	臺股期貨            	TXF    	A         	13996	22830496.0000	11628	18976719.0000	2368	3853777.0000	12432	20347235.0000	3298	5374065.0000	9134	14973170.0000
20091231	臺股期貨            	TXF    	B         	317	517544.0000	388	634089.0000	-71	-116546.0000	1621	2658764.0000	851	1395810.0000	770	1262954.0000
20091231	臺股期貨            	TXF    	C         	2521	4109994.0000	4762	7773617.0000	-2241	-3663622.0000	21806	35744755.0000	19008	31157170.0000	2798	4587585.0000
20091231	非金電期貨          	XIF    	A         	77	72776.0000	49	46292.0000	28	26484.0000	67	63501.0000	55	52117.0000	12	11384.0000
20091231	非金電期貨          	XIF    	B         	0	.0000	0	.0000	0	.0000	21	19912.0000	0	.0000	21	19912.0000
20091231	非金電期貨          	XIF    	C         	8	7557.0000	6	5672.0000	2	1886.0000	183	173521.0000	101	95768.0000	82	77753.0000
