20080602	電子期貨            	EXF    	A         	535	704758.0000	594	782267.0000	-59	-77509.0000	3735	4930042.0000	372	486837.0000	3363	4443205.0000
20080602	電子期貨            	EXF    	B         	18	23771.0000	10	13090.0000	8	10680.0000	319	421144.0000	269	355134.0000	50	66010.0000
20080602	電子期貨            	EXF    	C         	233	307343.0000	143	187853.0000	90	119491.0000	3025	3993605.0000	7326	9670571.0000	-4301	-5676966.0000
20080602	金融期貨            	FXF    	A         	622	721778.0000	437	507304.0000	185	214474.0000	1864	2175103.0000	429	499389.0000	1435	1675714.0000
20080602	金融期貨            	FXF    	B         	1	1167.0000	2	2320.0000	-1	-1153.0000	458	534486.0000	0	.0000	458	534486.0000
20080602	金融期貨            	FXF    	C         	361	419451.0000	58	67377.0000	303	352074.0000	1953	2278899.0000	9655	11265257.0000	-7702	-8986358.0000
20080602	櫃買期貨            	GTF    	A         	1532	889442.0000	1534	890648.0000	-2	-1206.0000	80	47030.0000	23	13425.0000	57	33605.0000
20080602	櫃買期貨            	GTF    	B         	0	.0000	0	.0000	0	.0000	0	.0000	54	31758.0000	-54	-31758.0000
20080602	櫃買期貨            	GTF    	C         	0	.0000	0	.0000	0	.0000	0	.0000	0	.0000	0	.0000
20080602	摩臺期              	MSF    	A         	3	3047.0000	4	4063.0000	-1	-1016.0000	10	10164.0000	14	14229.0000	-4	-4065.0000
20080602	摩臺期              	MSF    	B         	0	.0000	0	.0000	0	.0000	0	.0000	0	.0000	0	.0000
20080602	摩臺期              	MSF    	C         	0	.0000	0	.0000	0	.0000	0	.0000	0	.0000	0	.0000
20080602	小型臺指            	MXF    	A         	2958	1280263.0000	2715	1173104.0000	243	107159.0000	1840	797635.0000	11355	4929090.0000	-9515	-4131455.0000
20080602	小型臺指            	MXF    	B         	0	.0000	0	.0000	0	.0000	0	.0000	9	3915.0000	-9	-3915.0000
20080602	小型臺指            	MXF    	C         	317	137306.0000	0	.0000	317	137306.0000	0	.0000	775	337164.0000	-775	-337164.0000
20080602	臺灣50期貨          	T5F    	A         	0	.0000	0	.0000	0	.0000	0	.0000	0	.0000	0	.0000
20080602	臺灣50期貨          	T5F    	B         	0	.0000	0	.0000	0	.0000	0	.0000	0	.0000	0	.0000
20080602	臺灣50期貨          	T5F    	C         	0	.0000	0	.0000	0	.0000	0	.0000	0	.0000	0	.0000
20080602	臺股期貨            	TXF    	A         	11798	20432797.0000	10805	18702361.0000	993	1730436.0000	4974	8629821.0000	9762	16973603.0000	-4788	-8343782.0000
20080602	臺股期貨            	TXF    	B         	284	492207.0000	268	463133.0000	16	29074.0000	983	1710617.0000	6452	11218957.0000	-5469	-9508340.0000
20080602	臺股期貨            	TXF    	C         	3799	6581592.0000	3601	6241417.0000	198	340175.0000	22214	38645353.0000	32785	56923108.0000	-10571	-18277755.0000
20080602	非金電期貨          	XIF    	A         	434	463985.0000	378	403558.0000	56	60426.0000	1958	2131866.0000	45	48296.0000	1913	2083570.0000
20080602	非金電期貨          	XIF    	B         	0	.0000	0	.0000	0	.0000	9	9801.0000	0	.0000	9	9801.0000
20080602	非金電期貨          	XIF    	C         	0	.0000	17	18306.0000	-17	-18306.0000	71	77319.0000	2098	2284722.0000	-2027	-2207403.0000
20080603	電子期貨            	EXF    	A         	625	813414.0000	1028	1338139.0000	-403	-524725.0000	3401	4399300.0000	441	566134.0000	2960	3833166.0000
20080603	電子期貨            	EXF    	B         	8	10357.0000	200	260696.0000	-192	-250339.0000	127	164313.0000	269	348032.0000	-142	-183719.0000
20080603	電子期貨            	EXF    	C         	1287	1675275.0000	931	1211381.0000	356	463894.0000	3106	4018543.0000	7051	9121163.0000	-3945	-5102620.0000
20080603	金融期貨            	FXF    	A         	670	771740.0000	718	826396.0000	-48	-54656.0000	1703	1940789.0000	316	359029.0000	1387	1581760.0000
20080603	金融期貨            	FXF    	B         	51	59182.0000	0	.0000	51	59182.0000	509	580158.0000	0	.0000	509	580158.0000
20080603	金融期貨            	FXF    	C         	774	890716.0000	720	831010.0000	54	59706.0000	2140	2438927.0000	9788	11153935.0000	-7648	-8715008.0000
20080603	櫃買期貨            	GTF    	A         	140	80265.0000	140	80276.0000	0	-11.0000	80	46694.0000	23	13325.0000	57	33369.0000
20080603	櫃買期貨            	GTF    	B         	0	.0000	0	.0000	0	.0000	0	.0000	54	31532.0000	-54	-31532.0000
20080603	櫃買期貨            	GTF    	C         	0	.0000	0	.0000	0	.0000	0	.0000	0	.0000	0	.0000
20080603	摩臺期              	MSF    	A         	8	7971.0000	5	4976.0000	3	2995.0000	10	9932.0000	11	10926.0000	-1	-994.0000
20080603	摩臺期              	MSF    	B         	0	.0000	0	.0000	0	.0000	0	.0000	0	.0000	0	.0000
20080603	摩臺期              	MSF    	C         	0	.0000	0	.0000	0	.0000	0	.0000	0	.0000	0	.0000
20080603	小型臺指            	MXF    	A         	2584	1108235.0000	4146	1775495.0000	-1562	-667259.0000	1841	783083.0000	12354	5264761.0000	-10513	-4481678.0000
20080603	小型臺指            	MXF    	B         	0	.0000	0	.0000	0	.0000	0	.0000	9	3842.0000	-9	-3842.0000
20080603	小型臺指            	MXF    	C         	77	32892.0000	566	243568.0000	-489	-210676.0000	0	.0000	1264	539602.0000	-1264	-539602.0000
20080603	臺灣50期貨          	T5F    	A         	0	.0000	0	.0000	0	.0000	0	.0000	0	.0000	0	.0000
20080603	臺灣50期貨          	T5F    	B         	0	.0000	0	.0000	0	.0000	0	.0000	0	.0000	0	.0000
20080603	臺灣50期貨          	T5F    	C         	0	.0000	0	.0000	0	.0000	0	.0000	0	.0000	0	.0000
20080603	臺股期貨            	TXF    	A         	9799	16809833.0000	11956	20510275.0000	-2157	-3700442.0000	4358	7415670.0000	11444	19527262.0000	-7086	-12111592.0000
20080603	臺股期貨            	TXF    	B         	275	471618.0000	230	394400.0000	45	77218.0000	983	1678571.0000	6406	10930142.0000	-5423	-9251571.0000
20080603	臺股期貨            	TXF    	C         	4872	8350953.0000	4811	8248395.0000	61	102558.0000	21913	37407398.0000	32425	55225643.0000	-10512	-17818245.0000
20080603	非金電期貨          	XIF    	A         	387	411317.0000	397	422002.0000	-10	-10685.0000	1957	2090363.0000	54	56859.0000	1903	2033504.0000
20080603	非金電期貨          	XIF    	B         	0	.0000	0	.0000	0	.0000	9	9616.0000	0	.0000	9	9616.0000
20080603	非金電期貨          	XIF    	C         	0	.0000	0	.0000	0	.0000	71	75856.0000	2098	2241503.0000	-2027	-2165647.0000
20080604	電子期貨            	EXF    	A         	877	1143032.0000	475	619572.0000	402	523460.0000	3783	4948861.0000	421	546910.0000	3362	4401951.0000
20080604	電子期貨            	EXF    	B         	0	.0000	0	.0000	0	.0000	127	166167.0000	269	351960.0000	-142	-185793.0000
20080604	電子期貨            	EXF    	C         	134	175008.0000	301	391133.0000	-167	-216125.0000	3114	4074358.0000	7226	9453045.0000	-4112	-5378687.0000
20080604	金融期貨            	FXF    	A         	780	892325.0000	648	740330.0000	132	151995.0000	1886	2156533.0000	367	418462.0000	1519	1738071.0000
20080604	金融期貨            	FXF    	B         	0	.0000	0	.0000	0	.0000	509	582092.0000	0	.0000	509	582092.0000
20080604	金融期貨            	FXF    	C         	353	403240.0000	417	476494.0000	-64	-73254.0000	2184	2497399.0000	9896	11314790.0000	-7712	-8817391.0000
20080604	櫃買期貨            	GTF    	A         	178	103454.0000	192	111716.0000	-14	-8262.0000	66	39294.0000	23	13548.0000	43	25746.0000
20080604	櫃買期貨            	GTF    	B         	10	5925.0000	2	1172.0000	8	4753.0000	10	5956.0000	56	33331.0000	-46	-27375.0000
20080604	櫃買期貨            	GTF    	C         	0	.0000	0	.0000	0	.0000	0	.0000	0	.0000	0	.0000
20080604	摩臺期              	MSF    	A         	1	999.0000	1	999.0000	0	.0000	10	9992.0000	11	10991.0000	-1	-999.0000
20080604	摩臺期              	MSF    	B         	0	.0000	0	.0000	0	.0000	0	.0000	0	.0000	0	.0000
20080604	摩臺期              	MSF    	C         	0	.0000	0	.0000	0	.0000	0	.0000	0	.0000	0	.0000
20080604	小型臺指            	MXF    	A         	3157	1354078.0000	1917	821227.0000	1240	532851.0000	1848	790839.0000	11705	5018918.0000	-9857	-4228079.0000
20080604	小型臺指            	MXF    	B         	0	.0000	0	.0000	0	.0000	0	.0000	9	3866.0000	-9	-3866.0000
20080604	小型臺指            	MXF    	C         	568	243813.0000	0	.0000	568	243813.0000	307	131887.0000	1003	430889.0000	-696	-299002.0000
20080604	臺灣50期貨          	T5F    	A         	0	.0000	0	.0000	0	.0000	0	.0000	0	.0000	0	.0000
20080604	臺灣50期貨          	T5F    	B         	0	.0000	0	.0000	0	.0000	0	.0000	0	.0000	0	.0000
20080604	臺灣50期貨          	T5F    	C         	0	.0000	0	.0000	0	.0000	0	.0000	0	.0000	0	.0000
20080604	臺股期貨            	TXF    	A         	8131	13955781.0000	8161	14002696.0000	-30	-46915.0000	4696	8043319.0000	11666	20032130.0000	-6970	-11988811.0000
20080604	臺股期貨            	TXF    	B         	556	955044.0000	257	440284.0000	299	514760.0000	957	1644509.0000	6081	10439492.0000	-5124	-8794983.0000
20080604	臺股期貨            	TXF    	C         	4094	7023200.0000	3135	5375479.0000	959	1647721.0000	23208	39868833.0000	32763	56154033.0000	-9555	-16285200.0000
20080604	非金電期貨          	XIF    	A         	514	545697.0000	471	499560.0000	43	46137.0000	2010	2155521.0000	64	67638.0000	1946	2087883.0000
20080604	非金電期貨          	XIF    	B         	0	.0000	0	.0000	0	.0000	9	9654.0000	0	.0000	9	9654.0000
20080604	非金電期貨          	XIF    	C         	0	.0000	0	.0000	0	.0000	71	76162.0000	2098	2250525.0000	-2027	-2174363.0000
20080605	電子期貨            	EXF    	A         	1584	2084367.0000	905	1191061.0000	679	893306.0000	4375	5824779.0000	334	441326.0000	4041	5383453.0000
20080605	電子期貨            	EXF    	B         	105	139839.0000	13	17320.0000	92	122519.0000	144	191750.0000	194	258330.0000	-50	-66580.0000
20080605	電子期貨            	EXF    	C         	370	487108.0000	1063	1400209.0000	-693	-913101.0000	3054	4066706.0000	7859	10463990.0000	-4805	-6397284.0000
20080605	金融期貨            	FXF    	A         	943	1071738.0000	1063	1207639.0000	-120	-135901.0000	1908	2195823.0000	509	584662.0000	1399	1611161.0000
20080605	金融期貨            	FXF    	B         	0	.0000	183	205524.0000	-183	-205524.0000	337	387887.0000	11	12661.0000	326	375226.0000
20080605	金融期貨            	FXF    	C         	1910	2162216.0000	1107	1258747.0000	803	903469.0000	2611	3005191.0000	9520	10955339.0000	-6909	-7950148.0000
20080605	櫃買期貨            	GTF    	A         	206	120522.0000	239	140283.0000	-33	-19761.0000	36	21844.0000	26	15646.0000	10	6198.0000
20080605	櫃買期貨            	GTF    	B         	2	1201.0000	2	1194.0000	0	6.0000	10	6072.0000	56	33965.0000	-46	-27893.0000
20080605	櫃買期貨            	GTF    	C         	0	.0000	0	.0000	0	.0000	0	.0000	0	.0000	0	.0000
20080605	摩臺期              	MSF    	A         	5	5024.0000	5	5010.0000	0	14.0000	10	10240.0000	11	11264.0000	-1	-1024.0000
20080605	摩臺期              	MSF    	B         	0	.0000	0	.0000	0	.0000	0	.0000	0	.0000	0	.0000
20080605	摩臺期              	MSF    	C         	0	.0000	0	.0000	0	.0000	0	.0000	0	.0000	0	.0000
20080605	小型臺指            	MXF    	A         	6743	2897911.0000	4797	2058181.0000	1946	839730.0000	349	148981.0000	7948	3456264.0000	-7599	-3307283.0000
20080605	小型臺指            	MXF    	B         	0	.0000	0	.0000	0	.0000	0	.0000	9	3925.0000	-9	-3925.0000
20080605	小型臺指            	MXF    	C         	427	185265.0000	515	219384.0000	-88	-34119.0000	219	95517.0000	1003	437458.0000	-784	-341941.0000
20080605	臺灣50期貨          	T5F    	A         	0	.0000	0	.0000	0	.0000	0	.0000	0	.0000	0	.0000
20080605	臺灣50期貨          	T5F    	B         	0	.0000	0	.0000	0	.0000	0	.0000	0	.0000	0	.0000
20080605	臺灣50期貨          	T5F    	C         	0	.0000	0	.0000	0	.0000	0	.0000	0	.0000	0	.0000
20080605	臺股期貨            	TXF    	A         	19546	33650674.0000	17672	30344991.0000	1874	3305683.0000	5296	9213356.0000	10470	18244630.0000	-5174	-9031274.0000
20080605	臺股期貨            	TXF    	B         	1230	2117573.0000	659	1137773.0000	571	979800.0000	927	1617244.0000	5480	9550314.0000	-4553	-7933070.0000
20080605	臺股期貨            	TXF    	C         	10458	17923522.0000	9635	16623215.0000	823	1300308.0000	22776	39714382.0000	31508	54831698.0000	-8732	-15117316.0000
20080605	非金電期貨          	XIF    	A         	515	544456.0000	404	425671.0000	111	118785.0000	2118	2305644.0000	61	65287.0000	2057	2240357.0000
20080605	非金電期貨          	XIF    	B         	0	.0000	0	.0000	0	.0000	9	9800.0000	0	.0000	9	9800.0000
20080605	非金電期貨          	XIF    	C         	43	45464.0000	0	.0000	43	45464.0000	71	77312.0000	2055	2237690.0000	-1984	-2160378.0000
20080606	電子期貨            	EXF    	A         	514	687013.0000	589	787818.0000	-75	-100805.0000	4252	5683648.0000	286	378408.0000	3966	5305240.0000
20080606	電子期貨            	EXF    	B         	0	.0000	37	49502.0000	-37	-49502.0000	144	192528.0000	231	308847.0000	-87	-116319.0000
20080606	電子期貨            	EXF    	C         	447	597660.0000	287	383442.0000	160	214218.0000	3319	4437503.0000	7964	10646561.0000	-4645	-6209058.0000
20080606	金融期貨            	FXF    	A         	482	556148.0000	628	724086.0000	-146	-167938.0000	1798	2067781.0000	545	625683.0000	1253	1442098.0000
20080606	金融期貨            	FXF    	B         	22	25467.0000	0	.0000	22	25467.0000	348	400270.0000	0	.0000	348	400270.0000
20080606	金融期貨            	FXF    	C         	314	361774.0000	368	423199.0000	-54	-61425.0000	2664	3064133.0000	9627	11070209.0000	-6963	-8006076.0000
20080606	櫃買期貨            	GTF    	A         	194	116386.0000	189	113348.0000	5	3038.0000	39	23674.0000	24	14475.0000	15	9199.0000
20080606	櫃買期貨            	GTF    	B         	0	.0000	0	.0000	0	.0000	10	6076.0000	56	34007.0000	-46	-27931.0000
20080606	櫃買期貨            	GTF    	C         	0	.0000	0	.0000	0	.0000	0	.0000	0	.0000	0	.0000
20080606	摩臺期              	MSF    	A         	5	5110.0000	7	7158.0000	-2	-2048.0000	9	9197.0000	12	12263.0000	-3	-3066.0000
20080606	摩臺期              	MSF    	B         	0	.0000	0	.0000	0	.0000	0	.0000	0	.0000	0	.0000
20080606	摩臺期              	MSF    	C         	0	.0000	0	.0000	0	.0000	0	.0000	0	.0000	0	.0000
20080606	小型臺指            	MXF    	A         	2814	1231522.0000	2251	983736.0000	563	247787.0000	498	214266.0000	8170	3564303.0000	-7672	-3350037.0000
20080606	小型臺指            	MXF    	B         	0	.0000	0	.0000	0	.0000	0	.0000	9	3939.0000	-9	-3939.0000
20080606	小型臺指            	MXF    	C         	0	.0000	303	132684.0000	-303	-132684.0000	0	.0000	1087	475726.0000	-1087	-475726.0000
20080606	臺灣50期貨          	T5F    	A         	0	.0000	0	.0000	0	.0000	0	.0000	0	.0000	0	.0000
20080606	臺灣50期貨          	T5F    	B         	0	.0000	0	.0000	0	.0000	0	.0000	0	.0000	0	.0000
20080606	臺灣50期貨          	T5F    	C         	0	.0000	0	.0000	0	.0000	0	.0000	0	.0000	0	.0000
20080606	臺股期貨            	TXF    	A         	9595	16807610.0000	9399	16456088.0000	196	351522.0000	5300	9250088.0000	10119	17689656.0000	-4819	-8439568.0000
20080606	臺股期貨            	TXF    	B         	222	389229.0000	936	1638777.0000	-714	-1249548.0000	983	1720840.0000	6250	10930098.0000	-5267	-9209258.0000
20080606	臺股期貨            	TXF    	C         	4922	8614581.0000	4086	7146587.0000	836	1467995.0000	23582	41256593.0000	31478	54959769.0000	-7896	-13703176.0000
20080606	非金電期貨          	XIF    	A         	243	261701.0000	264	284792.0000	-21	-23091.0000	2089	2283990.0000	53	57143.0000	2036	2226847.0000
20080606	非金電期貨          	XIF    	B         	0	.0000	0	.0000	0	.0000	9	9842.0000	0	.0000	9	9842.0000
20080606	非金電期貨          	XIF    	C         	0	.0000	0	.0000	0	.0000	71	77646.0000	2055	2247348.0000	-1984	-2169702.0000
20080609	電子期貨            	EXF    	A         	373	483654.0000	720	933018.0000	-347	-449364.0000	4092	5305330.0000	473	609412.0000	3619	4695918.0000
20080609	電子期貨            	EXF    	B         	52	67526.0000	190	246359.0000	-138	-178833.0000	127	164694.0000	354	459067.0000	-227	-294373.0000
20080609	電子期貨            	EXF    	C         	96	124700.0000	471	610838.0000	-375	-486137.0000	3233	4192554.0000	8253	10701318.0000	-5020	-6508764.0000
20080609	金融期貨            	FXF    	A         	630	704235.0000	397	443620.0000	233	260614.0000	1824	2037136.0000	338	376158.0000	1486	1660978.0000
20080609	金融期貨            	FXF    	B         	0	.0000	55	61457.0000	-55	-61457.0000	292	326164.0000	0	.0000	292	326164.0000
20080609	金融期貨            	FXF    	C         	419	468214.0000	737	823799.0000	-318	-355585.0000	2753	3075041.0000	10033	11203567.0000	-7280	-8128526.0000
20080609	櫃買期貨            	GTF    	A         	215	126038.0000	196	114806.0000	19	11232.0000	50	29712.0000	16	9410.0000	34	20302.0000
20080609	櫃買期貨            	GTF    	B         	0	.0000	0	.0000	0	.0000	10	5954.0000	56	33313.0000	-46	-27359.0000
20080609	櫃買期貨            	GTF    	C         	0	.0000	0	.0000	0	.0000	0	.0000	0	.0000	0	.0000
20080609	摩臺期              	MSF    	A         	7	6962.0000	6	5970.0000	1	992.0000	9	8966.0000	11	10959.0000	-2	-1993.0000
20080609	摩臺期              	MSF    	B         	0	.0000	0	.0000	0	.0000	0	.0000	0	.0000	0	.0000
20080609	摩臺期              	MSF    	C         	0	.0000	0	.0000	0	.0000	0	.0000	0	.0000	0	.0000
20080609	小型臺指            	MXF    	A         	1763	750587.0000	2555	1084882.0000	-792	-334295.0000	442	185184.0000	9294	3949405.0000	-8852	-3764221.0000
20080609	小型臺指            	MXF    	B         	0	.0000	8	3420.0000	-8	-3420.0000	0	.0000	17	7249.0000	-17	-7249.0000
20080609	小型臺指            	MXF    	C         	96	40919.0000	32	13633.0000	64	27286.0000	0	.0000	1023	436207.0000	-1023	-436207.0000
20080609	臺灣50期貨          	T5F    	A         	0	.0000	0	.0000	0	.0000	0	.0000	0	.0000	0	.0000
20080609	臺灣50期貨          	T5F    	B         	0	.0000	0	.0000	0	.0000	0	.0000	0	.0000	0	.0000
20080609	臺灣50期貨          	T5F    	C         	0	.0000	0	.0000	0	.0000	0	.0000	0	.0000	0	.0000
20080609	臺股期貨            	TXF    	A         	8084	13778849.0000	11662	19857944.0000	-3578	-6079095.0000	3259	5530828.0000	11559	19682946.0000	-8300	-14152118.0000
20080609	臺股期貨            	TXF    	B         	815	1389158.0000	845	1437894.0000	-30	-48736.0000	1035	1765296.0000	6342	10803840.0000	-5307	-9038544.0000
20080609	臺股期貨            	TXF    	C         	4930	8398397.0000	4448	7582422.0000	482	815975.0000	23383	39855410.0000	30797	52383696.0000	-7414	-12528286.0000
20080609	非金電期貨          	XIF    	A         	237	250655.0000	248	262585.0000	-11	-11929.0000	2079	2233267.0000	54	57189.0000	2025	2176078.0000
20080609	非金電期貨          	XIF    	B         	0	.0000	0	.0000	0	.0000	9	9671.0000	0	.0000	9	9671.0000
20080609	非金電期貨          	XIF    	C         	0	.0000	0	.0000	0	.0000	71	76290.0000	2055	2208098.0000	-1984	-2131808.0000
20080610	電子期貨            	EXF    	A         	607	775867.0000	604	774475.0000	3	1392.0000	3985	5057574.0000	363	457671.0000	3622	4599903.0000
20080610	電子期貨            	EXF    	B         	40	50749.0000	52	66999.0000	-12	-16250.0000	127	161214.0000	366	464600.0000	-239	-303386.0000
20080610	電子期貨            	EXF    	C         	991	1269956.0000	969	1239454.0000	22	30502.0000	3185	4043039.0000	8183	10386278.0000	-4998	-6343239.0000
20080610	金融期貨            	FXF    	A         	702	773630.0000	744	820730.0000	-42	-47100.0000	1814	1966635.0000	370	399775.0000	1444	1566860.0000
20080610	金融期貨            	FXF    	B         	1	1115.0000	74	81542.0000	-73	-80427.0000	230	249366.0000	11	11926.0000	219	237440.0000
20080610	金融期貨            	FXF    	C         	940	1032234.0000	609	673104.0000	331	359130.0000	2755	2986909.0000	9704	10516989.0000	-6949	-7530080.0000
20080610	櫃買期貨            	GTF    	A         	109	63098.0000	91	52576.0000	18	10522.0000	69	39757.0000	17	9721.0000	52	30036.0000
20080610	櫃買期貨            	GTF    	B         	0	.0000	0	.0000	0	.0000	10	5768.0000	56	32282.0000	-46	-26514.0000
20080610	櫃買期貨            	GTF    	C         	0	.0000	0	.0000	0	.0000	0	.0000	0	.0000	0	.0000
20080610	摩臺期              	MSF    	A         	9	8837.0000	9	8825.0000	0	12.0000	13	12617.0000	15	14558.0000	-2	-1941.0000
20080610	摩臺期              	MSF    	B         	0	.0000	0	.0000	0	.0000	0	.0000	0	.0000	0	.0000
20080610	摩臺期              	MSF    	C         	0	.0000	0	.0000	0	.0000	0	.0000	0	.0000	0	.0000
20080610	小型臺指            	MXF    	A         	4928	2075151.0000	5468	2303294.0000	-540	-228144.0000	454	186203.0000	10734	4456603.0000	-10280	-4270400.0000
20080610	小型臺指            	MXF    	B         	0	.0000	2	855.0000	-2	-855.0000	0	.0000	19	7922.0000	-19	-7922.0000
20080610	小型臺指            	MXF    	C         	64	26839.0000	521	220114.0000	-457	-193275.0000	0	.0000	1480	617086.0000	-1480	-617086.0000
20080610	臺灣50期貨          	T5F    	A         	0	.0000	0	.0000	0	.0000	0	.0000	0	.0000	0	.0000
20080610	臺灣50期貨          	T5F    	B         	0	.0000	0	.0000	0	.0000	0	.0000	0	.0000	0	.0000
20080610	臺灣50期貨          	T5F    	C         	0	.0000	0	.0000	0	.0000	0	.0000	0	.0000	0	.0000
20080610	臺股期貨            	TXF    	A         	16542	27921502.0000	18420	31082220.0000	-1878	-3160717.0000	2527	4185154.0000	12483	20775869.0000	-9956	-16590715.0000
20080610	臺股期貨            	TXF    	B         	513	856958.0000	981	1646395.0000	-468	-789437.0000	977	1629441.0000	6752	11243269.0000	-5775	-9613828.0000
20080610	臺股期貨            	TXF    	C         	11183	18824808.0000	8468	14266611.0000	2715	4558196.0000	22631	37715065.0000	27330	45427231.0000	-4699	-7712166.0000
20080610	非金電期貨          	XIF    	A         	246	259989.0000	288	304957.0000	-42	-44968.0000	2032	2128343.0000	49	50825.0000	1983	2077518.0000
20080610	非金電期貨          	XIF    	B         	0	.0000	0	.0000	0	.0000	9	9429.0000	0	.0000	9	9429.0000
20080610	非金電期貨          	XIF    	C         	0	.0000	0	.0000	0	.0000	71	74387.0000	2055	2153024.0000	-1984	-2078637.0000
20080611	電子期貨            	EXF    	A         	571	725973.0000	444	563752.0000	127	162220.0000	4059	5149001.0000	310	390128.0000	3749	4758873.0000
20080611	電子期貨            	EXF    	B         	0	.0000	0	.0000	0	.0000	127	161138.0000	366	464381.0000	-239	-303243.0000
20080611	電子期貨            	EXF    	C         	180	229016.0000	505	641944.0000	-325	-412928.0000	3052	3872378.0000	8375	10624721.0000	-5323	-6752343.0000
20080611	金融期貨            	FXF    	A         	541	592135.0000	493	538899.0000	48	53236.0000	1804	1968428.0000	312	339119.0000	1492	1629309.0000
20080611	金融期貨            	FXF    	B         	11	11988.0000	0	.0000	11	11988.0000	230	250976.0000	0	.0000	230	250976.0000
20080611	金融期貨            	FXF    	C         	275	301213.0000	303	331123.0000	-28	-29910.0000	2804	3059665.0000	9780	10667911.0000	-6976	-7608246.0000
20080611	櫃買期貨            	GTF    	A         	243	136130.0000	231	129374.0000	12	6756.0000	84	47125.0000	20	11159.0000	64	35966.0000
20080611	櫃買期貨            	GTF    	B         	1	567.0000	13	7295.0000	-12	-6728.0000	0	.0000	58	32532.0000	-58	-32532.0000
20080611	櫃買期貨            	GTF    	C         	0	.0000	0	.0000	0	.0000	0	.0000	0	.0000	0	.0000
20080611	摩臺期              	MSF    	A         	3	2921.0000	3	2921.0000	0	.0000	13	12672.0000	15	14621.0000	-2	-1949.0000
20080611	摩臺期              	MSF    	B         	0	.0000	0	.0000	0	.0000	0	.0000	0	.0000	0	.0000
20080611	摩臺期              	MSF    	C         	0	.0000	0	.0000	0	.0000	0	.0000	0	.0000	0	.0000
20080611	小型臺指            	MXF    	A         	3514	1465413.0000	3477	1446725.0000	37	18688.0000	493	201877.0000	11348	4697840.0000	-10855	-4495963.0000
20080611	小型臺指            	MXF    	B         	2	831.0000	2	833.0000	0	-2.0000	0	.0000	19	7901.0000	-19	-7901.0000
20080611	小型臺指            	MXF    	C         	288	120541.0000	151	62873.0000	137	57668.0000	0	.0000	1343	558487.0000	-1343	-558487.0000
20080611	臺灣50期貨          	T5F    	A         	0	.0000	0	.0000	0	.0000	0	.0000	0	.0000	0	.0000
20080611	臺灣50期貨          	T5F    	B         	0	.0000	0	.0000	0	.0000	0	.0000	0	.0000	0	.0000
20080611	臺灣50期貨          	T5F    	C         	0	.0000	0	.0000	0	.0000	0	.0000	0	.0000	0	.0000
20080611	臺股期貨            	TXF    	A         	11146	18608134.0000	12514	20880304.0000	-1368	-2272170.0000	2195	3620749.0000	13366	22178835.0000	-11171	-18558086.0000
20080611	臺股期貨            	TXF    	B         	1055	1762137.0000	819	1360118.0000	236	402018.0000	1040	1728566.0000	6579	10917965.0000	-5539	-9189399.0000
20080611	臺股期貨            	TXF    	C         	8564	14295138.0000	6858	11436319.0000	1706	2858819.0000	23861	39649331.0000	26854	44508992.0000	-2993	-4859661.0000
20080611	非金電期貨          	XIF    	A         	416	428933.0000	412	424710.0000	4	4223.0000	2054	2139382.0000	67	69072.0000	1987	2070310.0000
20080611	非金電期貨          	XIF    	B         	0	.0000	0	.0000	0	.0000	9	9378.0000	0	.0000	9	9378.0000
20080611	非金電期貨          	XIF    	C         	0	.0000	0	.0000	0	.0000	71	73982.0000	2055	2141310.0000	-1984	-2067328.0000
20080612	電子期貨            	EXF    	A         	742	915293.0000	623	768195.0000	119	147098.0000	4133	5062463.0000	265	321329.0000	3868	4741134.0000
20080612	電子期貨            	EXF    	B         	43	52680.0000	90	110998.0000	-47	-58318.0000	127	155600.0000	413	506008.0000	-286	-350408.0000
20080612	電子期貨            	EXF    	C         	905	1114736.0000	899	1109496.0000	6	5240.0000	3167	3880208.0000	8484	10392028.0000	-5317	-6511820.0000
20080612	金融期貨            	FXF    	A         	465	494854.0000	456	485329.0000	9	9525.0000	1826	1923419.0000	325	340055.0000	1501	1583364.0000
20080612	金融期貨            	FXF    	B         	0	.0000	11	11820.0000	-11	-11820.0000	230	242282.0000	11	11587.0000	219	230695.0000
20080612	金融期貨            	FXF    	C         	607	642523.0000	603	643705.0000	4	-1183.0000	2783	2931530.0000	9755	10269664.0000	-6972	-7338134.0000
20080612	櫃買期貨            	GTF    	A         	164	87361.0000	164	87403.0000	0	-42.0000	89	47231.0000	25	13111.0000	64	34120.0000
20080612	櫃買期貨            	GTF    	B         	0	.0000	0	.0000	0	.0000	0	.0000	58	30761.0000	-58	-30761.0000
20080612	櫃買期貨            	GTF    	C         	0	.0000	0	.0000	0	.0000	0	.0000	0	.0000	0	.0000
20080612	摩臺期              	MSF    	A         	13	12293.0000	12	11339.0000	1	954.0000	18	16922.0000	19	17863.0000	-1	-941.0000
20080612	摩臺期              	MSF    	B         	0	.0000	0	.0000	0	.0000	0	.0000	0	.0000	0	.0000
20080612	摩臺期              	MSF    	C         	0	.0000	0	.0000	0	.0000	0	.0000	0	.0000	0	.0000
20080612	小型臺指            	MXF    	A         	6301	2544575.0000	5842	2356464.0000	459	188111.0000	1909	764464.0000	11701	4677772.0000	-9792	-3913308.0000
20080612	小型臺指            	MXF    	B         	0	.0000	0	.0000	0	.0000	0	.0000	19	7636.0000	-19	-7636.0000
20080612	小型臺指            	MXF    	C         	6	2440.0000	301	122170.0000	-295	-119730.0000	6	2411.0000	1644	660724.0000	-1638	-658313.0000
20080612	臺灣50期貨          	T5F    	A         	0	.0000	0	.0000	0	.0000	0	.0000	0	.0000	0	.0000
20080612	臺灣50期貨          	T5F    	B         	0	.0000	0	.0000	0	.0000	0	.0000	0	.0000	0	.0000
20080612	臺灣50期貨          	T5F    	C         	0	.0000	0	.0000	0	.0000	0	.0000	0	.0000	0	.0000
20080612	臺股期貨            	TXF    	A         	19226	31119497.0000	19658	31833153.0000	-432	-713656.0000	2654	4233315.0000	14408	23097009.0000	-11754	-18863694.0000
20080612	臺股期貨            	TXF    	B         	1248	2019058.0000	1506	2425675.0000	-258	-406617.0000	1044	1676896.0000	6838	10955329.0000	-5794	-9278433.0000
20080612	臺股期貨            	TXF    	C         	8080	13077706.0000	7644	12387682.0000	436	690024.0000	25212	40484216.0000	27769	44474788.0000	-2557	-3990572.0000
20080612	非金電期貨          	XIF    	A         	169	170965.0000	133	134530.0000	36	36435.0000	2084	2092828.0000	61	60556.0000	2023	2032272.0000
20080612	非金電期貨          	XIF    	B         	0	.0000	0	.0000	0	.0000	9	9042.0000	0	.0000	9	9042.0000
20080612	非金電期貨          	XIF    	C         	0	.0000	0	.0000	0	.0000	71	71334.0000	2055	2064659.0000	-1984	-1993325.0000
20080613	電子期貨            	EXF    	A         	397	488466.0000	859	1056682.0000	-462	-568215.0000	3762	4601918.0000	356	431906.0000	3406	4170012.0000
20080613	電子期貨            	EXF    	B         	100	123055.0000	0	.0000	100	123055.0000	127	155397.0000	313	382987.0000	-186	-227590.0000
20080613	電子期貨            	EXF    	C         	1603	1973260.0000	917	1127528.0000	686	845732.0000	3231	3953452.0000	7862	9617086.0000	-4631	-5663634.0000
20080613	金融期貨            	FXF    	A         	591	628570.0000	726	772832.0000	-135	-144262.0000	1682	1790921.0000	316	334716.0000	1366	1456205.0000
20080613	金融期貨            	FXF    	B         	11	11627.0000	0	.0000	11	11627.0000	230	244904.0000	0	.0000	230	244904.0000
20080613	金融期貨            	FXF    	C         	626	668658.0000	560	595144.0000	66	73514.0000	2917	3106022.0000	9823	10454497.0000	-6906	-7348475.0000
20080613	櫃買期貨            	GTF    	A         	150	79155.0000	162	85552.0000	-12	-6397.0000	90	48178.0000	38	20235.0000	52	27943.0000
20080613	櫃買期貨            	GTF    	B         	0	.0000	0	.0000	0	.0000	0	.0000	58	31046.0000	-58	-31046.0000
20080613	櫃買期貨            	GTF    	C         	0	.0000	0	.0000	0	.0000	0	.0000	0	.0000	0	.0000
20080613	摩臺期              	MSF    	A         	4	3802.0000	3	2871.0000	1	931.0000	18	17077.0000	18	17077.0000	0	.0000
20080613	摩臺期              	MSF    	B         	0	.0000	0	.0000	0	.0000	0	.0000	0	.0000	0	.0000
20080613	摩臺期              	MSF    	C         	0	.0000	0	.0000	0	.0000	0	.0000	0	.0000	0	.0000
20080613	小型臺指            	MXF    	A         	5515	2220440.0000	4193	1683900.0000	1322	536540.0000	2671	1071219.0000	11501	4598761.0000	-8830	-3527542.0000
20080613	小型臺指            	MXF    	B         	0	.0000	0	.0000	0	.0000	0	.0000	19	7640.0000	-19	-7640.0000
20080613	小型臺指            	MXF    	C         	145	58637.0000	77	30928.0000	68	27708.0000	0	.0000	1570	631297.0000	-1570	-631297.0000
20080613	臺灣50期貨          	T5F    	A         	0	.0000	0	.0000	0	.0000	0	.0000	0	.0000	0	.0000
20080613	臺灣50期貨          	T5F    	B         	0	.0000	0	.0000	0	.0000	0	.0000	0	.0000	0	.0000
20080613	臺灣50期貨          	T5F    	C         	0	.0000	0	.0000	0	.0000	0	.0000	0	.0000	0	.0000
20080613	臺股期貨            	TXF    	A         	13277	21409497.0000	14223	22916647.0000	-946	-1507150.0000	2316	3687288.0000	14926	23937459.0000	-12610	-20250171.0000
20080613	臺股期貨            	TXF    	B         	1174	1896323.0000	940	1502404.0000	234	393920.0000	914	1468758.0000	6474	10363556.0000	-5560	-8894798.0000
20080613	臺股期貨            	TXF    	C         	9964	16043326.0000	6582	10609409.0000	3382	5433917.0000	26693	42875277.0000	25868	41438805.0000	825	1436472.0000
20080613	非金電期貨          	XIF    	A         	275	274821.0000	371	371182.0000	-96	-96362.0000	1996	2007129.0000	69	68860.0000	1927	1938269.0000
20080613	非金電期貨          	XIF    	B         	0	.0000	0	.0000	0	.0000	9	9054.0000	0	.0000	9	9054.0000
20080613	非金電期貨          	XIF    	C         	69	69396.0000	0	.0000	69	69396.0000	76	76456.0000	1991	2002946.0000	-1915	-1926490.0000
20080616	電子期貨            	EXF    	A         	717	884968.0000	971	1202841.0000	-254	-317872.0000	3563	4406202.0000	411	505389.0000	3152	3900813.0000
20080616	電子期貨            	EXF    	B         	71	87435.0000	62	76564.0000	9	10872.0000	114	140724.0000	291	360176.0000	-177	-219452.0000
20080616	電子期貨            	EXF    	C         	2689	3329038.0000	2126	2621161.0000	563	707877.0000	3942	4875164.0000	8010	9898289.0000	-4068	-5023125.0000
20080616	金融期貨            	FXF    	A         	500	538007.0000	522	562537.0000	-22	-24531.0000	1576	1697454.0000	232	248246.0000	1344	1449208.0000
20080616	金融期貨            	FXF    	B         	15	16068.0000	53	57120.0000	-38	-41052.0000	192	206690.0000	0	.0000	192	206690.0000
20080616	金融期貨            	FXF    	C         	1833	1976266.0000	1651	1771556.0000	182	204710.0000	3152	3395334.0000	9876	10621006.0000	-6724	-7225672.0000
20080616	櫃買期貨            	GTF    	A         	142	75960.0000	145	77641.0000	-3	-1681.0000	84	44835.0000	35	18571.0000	49	26264.0000
20080616	櫃買期貨            	GTF    	B         	10	5351.0000	10	5287.0000	0	63.0000	0	.0000	58	30904.0000	-58	-30904.0000
20080616	櫃買期貨            	GTF    	C         	0	.0000	0	.0000	0	.0000	0	.0000	0	.0000	0	.0000
20080616	摩臺期              	MSF    	A         	1	964.0000	3	2880.0000	-2	-1916.0000	18	17190.0000	20	19102.0000	-2	-1912.0000
20080616	摩臺期              	MSF    	B         	0	.0000	0	.0000	0	.0000	0	.0000	0	.0000	0	.0000
20080616	摩臺期              	MSF    	C         	0	.0000	0	.0000	0	.0000	0	.0000	0	.0000	0	.0000
20080616	小型臺指            	MXF    	A         	4633	1883862.0000	3387	1371447.0000	1246	512414.0000	2146	870173.0000	10810	4367681.0000	-8664	-3497508.0000
20080616	小型臺指            	MXF    	B         	0	.0000	0	.0000	0	.0000	0	.0000	19	7726.0000	-19	-7726.0000
20080616	小型臺指            	MXF    	C         	435	177414.0000	203	82453.0000	232	94961.0000	2	813.0000	1340	544911.0000	-1338	-544098.0000
20080616	臺灣50期貨          	T5F    	A         	0	.0000	0	.0000	0	.0000	0	.0000	0	.0000	0	.0000
20080616	臺灣50期貨          	T5F    	B         	0	.0000	0	.0000	0	.0000	0	.0000	0	.0000	0	.0000
20080616	臺灣50期貨          	T5F    	C         	0	.0000	0	.0000	0	.0000	0	.0000	0	.0000	0	.0000
20080616	臺股期貨            	TXF    	A         	11248	18298237.0000	9952	16186498.0000	1296	2111740.0000	2155	3465583.0000	13199	21389986.0000	-11044	-17924403.0000
20080616	臺股期貨            	TXF    	B         	1633	2657561.0000	1447	2333077.0000	186	324484.0000	895	1451712.0000	6269	10120733.0000	-5374	-8669021.0000
20080616	臺股期貨            	TXF    	C         	16817	27285003.0000	15338	24845345.0000	1479	2439658.0000	29416	47706805.0000	27113	43834900.0000	2303	3871905.0000
20080616	非金電期貨          	XIF    	A         	136	137897.0000	253	257447.0000	-117	-119549.0000	1868	1908141.0000	58	58794.0000	1810	1849347.0000
20080616	非金電期貨          	XIF    	B         	5	5019.0000	5	5117.0000	0	-98.0000	9	9091.0000	0	.0000	9	9091.0000
20080616	非金電期貨          	XIF    	C         	19	19422.0000	9	9033.0000	10	10389.0000	76	77672.0000	1981	2024389.0000	-1905	-1946717.0000
20080617	電子期貨            	EXF    	A         	2558	3115800.0000	2567	3152266.0000	-9	-36467.0000	3457	4239139.0000	314	383224.0000	3143	3855915.0000
20080617	電子期貨            	EXF    	B         	112	137158.0000	79	96492.0000	33	40667.0000	124	151988.0000	268	330542.0000	-144	-178554.0000
20080617	電子期貨            	EXF    	C         	4659	5709505.0000	4925	6001524.0000	-266	-292019.0000	4129	5085674.0000	8468	10400374.0000	-4339	-5314700.0000
20080617	金融期貨            	FXF    	A         	1857	1985595.0000	1804	1943806.0000	53	41789.0000	1630	1748656.0000	233	250500.0000	1397	1498156.0000
20080617	金融期貨            	FXF    	B         	39	41547.0000	17	18369.0000	22	23178.0000	214	231176.0000	0	.0000	214	231176.0000
20080617	金融期貨            	FXF    	C         	7633	8202732.0000	7737	8280213.0000	-104	-77481.0000	3404	3666370.0000	10232	10995285.0000	-6828	-7328915.0000
20080617	櫃買期貨            	GTF    	A         	115	60590.0000	121	63867.0000	-6	-3277.0000	74	39733.0000	31	16572.0000	43	23161.0000
20080617	櫃買期貨            	GTF    	B         	8	4260.0000	8	4211.0000	0	49.0000	0	.0000	58	31032.0000	-58	-31032.0000
20080617	櫃買期貨            	GTF    	C         	0	.0000	0	.0000	0	.0000	0	.0000	0	.0000	0	.0000
20080617	摩臺期              	MSF    	A         	6	5698.0000	6	5684.0000	0	13.0000	20	19114.0000	22	21026.0000	-2	-1912.0000
20080617	摩臺期              	MSF    	B         	0	.0000	0	.0000	0	.0000	0	.0000	0	.0000	0	.0000
20080617	摩臺期              	MSF    	C         	0	.0000	0	.0000	0	.0000	0	.0000	0	.0000	0	.0000
20080617	小型臺指            	MXF    	A         	7077	2854840.0000	6981	2803180.0000	96	51660.0000	786	318392.0000	9778	3942006.0000	-8992	-3623614.0000
20080617	小型臺指            	MXF    	B         	0	.0000	0	.0000	0	.0000	0	.0000	19	7739.0000	-19	-7739.0000
20080617	小型臺指            	MXF    	C         	171	69726.0000	291	117255.0000	-120	-47529.0000	45	18329.0000	1503	612172.0000	-1458	-593843.0000
20080617	臺灣50期貨          	T5F    	A         	0	.0000	0	.0000	0	.0000	0	.0000	0	.0000	0	.0000
20080617	臺灣50期貨          	T5F    	B         	0	.0000	0	.0000	0	.0000	0	.0000	0	.0000	0	.0000
20080617	臺灣50期貨          	T5F    	C         	0	.0000	0	.0000	0	.0000	0	.0000	0	.0000	0	.0000
20080617	臺股期貨            	TXF    	A         	16264	26322057.0000	16255	26228044.0000	9	94013.0000	2309	3719018.0000	13238	21421499.0000	-10929	-17702481.0000
20080617	臺股期貨            	TXF    	B         	1330	2151416.0000	1785	2850610.0000	-455	-699195.0000	975	1581107.0000	6804	10960809.0000	-5829	-9379702.0000
20080617	臺股期貨            	TXF    	C         	31326	50320218.0000	31728	51047399.0000	-402	-727181.0000	36287	58652381.0000	34386	55484071.0000	1901	3168310.0000
20080617	非金電期貨          	XIF    	A         	1183	1177030.0000	1200	1213682.0000	-17	-36652.0000	1852	1880169.0000	59	59876.0000	1793	1820293.0000
20080617	非金電期貨          	XIF    	B         	4	3942.0000	4	4030.0000	0	-88.0000	9	9040.0000	0	.0000	9	9040.0000
20080617	非金電期貨          	XIF    	C         	931	943314.0000	908	900057.0000	23	43258.0000	78	80059.0000	1960	1991570.0000	-1882	-1911511.0000
20080618	電子期貨            	EXF    	A         	1313	1613395.0000	1358	1679984.0000	-45	-66589.0000	3366	4140907.0000	268	327724.0000	3098	3813183.0000
20080618	電子期貨            	EXF    	B         	267	330614.0000	207	254168.0000	60	76445.0000	124	152371.0000	208	255590.0000	-84	-103219.0000
20080618	電子期貨            	EXF    	C         	2354	2907295.0000	2559	3148162.0000	-205	-240867.0000	3709	4591878.0000	8253	10181949.0000	-4544	-5590071.0000
20080618	金融期貨            	FXF    	A         	817	878607.0000	1185	1284011.0000	-368	-405404.0000	1433	1531418.0000	404	437764.0000	1029	1093654.0000
20080618	金融期貨            	FXF    	B         	0	.0000	11	11752.0000	-11	-11752.0000	214	231880.0000	11	11748.0000	203	220132.0000
20080618	金融期貨            	FXF    	C         	4698	5072298.0000	4045	4333988.0000	653	738310.0000	4334	4664800.0000	10509	11266655.0000	-6175	-6601855.0000
20080618	櫃買期貨            	GTF    	A         	180	96494.0000	188	100992.0000	-8	-4498.0000	68	37079.0000	33	17979.0000	35	19100.0000
20080618	櫃買期貨            	GTF    	B         	30	16356.0000	30	16115.0000	0	241.0000	0	.0000	58	31338.0000	-58	-31338.0000
20080618	櫃買期貨            	GTF    	C         	0	.0000	0	.0000	0	.0000	0	.0000	0	.0000	0	.0000
20080618	摩臺期              	MSF    	A         	7	6687.0000	6	5724.0000	1	963.0000	19	18277.0000	20	19240.0000	-1	-963.0000
20080618	摩臺期              	MSF    	B         	0	.0000	0	.0000	0	.0000	0	.0000	0	.0000	0	.0000
20080618	摩臺期              	MSF    	C         	0	.0000	0	.0000	0	.0000	0	.0000	0	.0000	0	.0000
20080618	小型臺指            	MXF    	A         	5432	2215475.0000	4171	1694804.0000	1261	520670.0000	903	368793.0000	9450	3830864.0000	-8547	-3462071.0000
20080618	小型臺指            	MXF    	B         	0	.0000	0	.0000	0	.0000	0	.0000	19	7805.0000	-19	-7805.0000
20080618	小型臺指            	MXF    	C         	540	221770.0000	552	221813.0000	-12	-43.0000	55	22546.0000	1525	623278.0000	-1470	-600732.0000
20080618	臺灣50期貨          	T5F    	A         	0	.0000	0	.0000	0	.0000	0	.0000	0	.0000	0	.0000
20080618	臺灣50期貨          	T5F    	B         	0	.0000	0	.0000	0	.0000	0	.0000	0	.0000	0	.0000
20080618	臺灣50期貨          	T5F    	C         	0	.0000	0	.0000	0	.0000	0	.0000	0	.0000	0	.0000
20080618	臺股期貨            	TXF    	A         	12771	20807978.0000	14617	23817894.0000	-1846	-3009916.0000	2516	4073426.0000	15087	24581965.0000	-12571	-20508539.0000
20080618	臺股期貨            	TXF    	B         	1688	2755533.0000	1356	2194882.0000	332	560651.0000	923	1503001.0000	6421	10387727.0000	-5498	-8884726.0000
20080618	臺股期貨            	TXF    	C         	15687	25513710.0000	12362	20046182.0000	3325	5467528.0000	37802	61522516.0000	32578	52851123.0000	5224	8671393.0000
20080618	非金電期貨          	XIF    	A         	581	590683.0000	696	714821.0000	-115	-124138.0000	1787	1823013.0000	109	110791.0000	1678	1712222.0000
20080618	非金電期貨          	XIF    	B         	0	.0000	0	.0000	0	.0000	9	9117.0000	0	.0000	9	9117.0000
20080618	非金電期貨          	XIF    	C         	438	451463.0000	287	289071.0000	151	162392.0000	78	80886.0000	1809	1847037.0000	-1731	-1766151.0000
20080619	電子期貨            	EXF    	A         	516	620118.0000	709	852097.0000	-193	-231979.0000	2837	3394797.0000	230	272217.0000	2607	3122580.0000
20080619	電子期貨            	EXF    	B         	0	.0000	163	195860.0000	-163	-195860.0000	114	136435.0000	361	432045.0000	-247	-295610.0000
20080619	電子期貨            	EXF    	C         	445	535373.0000	280	336645.0000	165	198728.0000	1472	1761690.0000	5346	6397576.0000	-3874	-4635886.0000
20080619	金融期貨            	FXF    	A         	473	495560.0000	645	675929.0000	-172	-180369.0000	1234	1291180.0000	100	104168.0000	1134	1187012.0000
20080619	金融期貨            	FXF    	B         	110	115500.0000	0	.0000	110	115500.0000	153	160099.0000	0	.0000	153	160099.0000
20080619	金融期貨            	FXF    	C         	210	220159.0000	376	394702.0000	-166	-174542.0000	2452	2565773.0000	8456	8848304.0000	-6004	-6282531.0000
20080619	櫃買期貨            	GTF    	A         	600	322071.0000	596	319944.0000	4	2127.0000	40	21376.0000	21	11206.0000	19	10170.0000
20080619	櫃買期貨            	GTF    	B         	0	.0000	0	.0000	0	.0000	0	.0000	56	29926.0000	-56	-29926.0000
20080619	櫃買期貨            	GTF    	C         	0	.0000	0	.0000	0	.0000	0	.0000	0	.0000	0	.0000
20080619	摩臺期              	MSF    	A         	11	10243.0000	6	5593.0000	5	4650.0000	7	6507.0000	2	1859.0000	5	4648.0000
20080619	摩臺期              	MSF    	B         	0	.0000	0	.0000	0	.0000	0	.0000	0	.0000	0	.0000
20080619	摩臺期              	MSF    	C         	0	.0000	0	.0000	0	.0000	0	.0000	0	.0000	0	.0000
20080619	小型臺指            	MXF    	A         	2550	1010010.0000	3062	1211829.0000	-512	-201819.0000	146	56531.0000	7101	2795457.0000	-6955	-2738926.0000
20080619	小型臺指            	MXF    	B         	4	1594.0000	17	6761.0000	-13	-5167.0000	0	.0000	13	5128.0000	-13	-5128.0000
20080619	小型臺指            	MXF    	C         	4	1587.0000	520	206055.0000	-516	-204468.0000	7	2761.0000	982	387350.0000	-975	-384589.0000
20080619	臺灣50期貨          	T5F    	A         	0	.0000	0	.0000	0	.0000	0	.0000	0	.0000	0	.0000
20080619	臺灣50期貨          	T5F    	B         	0	.0000	0	.0000	0	.0000	0	.0000	0	.0000	0	.0000
20080619	臺灣50期貨          	T5F    	C         	0	.0000	0	.0000	0	.0000	0	.0000	0	.0000	0	.0000
20080619	臺股期貨            	TXF    	A         	9674	15329697.0000	10700	16956142.0000	-1026	-1626444.0000	1492	2341400.0000	7918	12481880.0000	-6426	-10140480.0000
20080619	臺股期貨            	TXF    	B         	235	372556.0000	1505	2385543.0000	-1270	-2012988.0000	664	1047659.0000	7069	11145057.0000	-6405	-10097398.0000
20080619	臺股期貨            	TXF    	C         	5132	8129498.0000	6910	10947888.0000	-1778	-2818390.0000	20578	32433266.0000	23867	37569666.0000	-3289	-5136400.0000
20080619	非金電期貨          	XIF    	A         	883	879569.0000	929	925915.0000	-46	-46346.0000	1336	1323416.0000	221	218016.0000	1115	1105400.0000
20080619	非金電期貨          	XIF    	B         	0	.0000	0	.0000	0	.0000	9	8927.0000	0	.0000	9	8927.0000
20080619	非金電期貨          	XIF    	C         	260	260167.0000	250	249890.0000	10	10277.0000	236	234088.0000	1430	1418023.0000	-1194	-1183935.0000
20080620	電子期貨            	EXF    	A         	602	721496.0000	977	1169690.0000	-375	-448194.0000	2701	3211043.0000	469	554515.0000	2232	2656528.0000
20080620	電子期貨            	EXF    	B         	20	24094.0000	13	15608.0000	7	8486.0000	124	147461.0000	364	432869.0000	-240	-285408.0000
20080620	電子期貨            	EXF    	C         	419	500692.0000	351	419805.0000	68	80887.0000	1580	1878936.0000	5386	6403424.0000	-3806	-4524488.0000
20080620	金融期貨            	FXF    	A         	679	703505.0000	735	763723.0000	-56	-60218.0000	1174	1207191.0000	96	98149.0000	1078	1109042.0000
20080620	金融期貨            	FXF    	B         	0	.0000	0	.0000	0	.0000	153	157345.0000	0	.0000	153	157345.0000
20080620	金融期貨            	FXF    	C         	288	300617.0000	190	196751.0000	98	103867.0000	2474	2544262.0000	8390	8628238.0000	-5916	-6083976.0000
20080620	櫃買期貨            	GTF    	A         	122	64296.0000	121	63820.0000	1	475.0000	55	28820.0000	35	18332.0000	20	10488.0000
20080620	櫃買期貨            	GTF    	B         	0	.0000	0	.0000	0	.0000	0	.0000	56	29344.0000	-56	-29344.0000
20080620	櫃買期貨            	GTF    	C         	0	.0000	0	.0000	0	.0000	0	.0000	0	.0000	0	.0000
20080620	摩臺期              	MSF    	A         	9	8317.0000	8	7387.0000	1	930.0000	14	12764.0000	8	7294.0000	6	5470.0000
20080620	摩臺期              	MSF    	B         	0	.0000	0	.0000	0	.0000	0	.0000	0	.0000	0	.0000
20080620	摩臺期              	MSF    	C         	0	.0000	0	.0000	0	.0000	0	.0000	0	.0000	0	.0000
20080620	小型臺指            	MXF    	A         	4877	1905746.0000	4588	1792570.0000	289	113175.0000	283	108623.0000	7289	2827829.0000	-7006	-2719206.0000
20080620	小型臺指            	MXF    	B         	0	.0000	0	.0000	0	.0000	0	.0000	13	5055.0000	-13	-5055.0000
20080620	小型臺指            	MXF    	C         	193	75079.0000	465	182377.0000	-272	-107298.0000	0	.0000	1247	484896.0000	-1247	-484896.0000
20080620	臺灣50期貨          	T5F    	A         	0	.0000	0	.0000	0	.0000	0	.0000	0	.0000	0	.0000
20080620	臺灣50期貨          	T5F    	B         	0	.0000	0	.0000	0	.0000	0	.0000	0	.0000	0	.0000
20080620	臺灣50期貨          	T5F    	C         	0	.0000	0	.0000	0	.0000	0	.0000	0	.0000	0	.0000
20080620	臺股期貨            	TXF    	A         	15181	23773793.0000	15498	24277432.0000	-317	-503639.0000	1564	2417132.0000	8222	12775212.0000	-6658	-10358080.0000
20080620	臺股期貨            	TXF    	B         	396	619908.0000	578	905847.0000	-182	-285939.0000	627	975236.0000	7214	11211789.0000	-6587	-10236553.0000
20080620	臺股期貨            	TXF    	C         	6526	10211638.0000	5529	8637314.0000	997	1574324.0000	20991	32611981.0000	23283	36113699.0000	-2292	-3501718.0000
20080620	非金電期貨          	XIF    	A         	1396	1358637.0000	1340	1303948.0000	56	54689.0000	1398	1343868.0000	227	216583.0000	1171	1127285.0000
20080620	非金電期貨          	XIF    	B         	1	960.0000	0	.0000	1	960.0000	10	9638.0000	0	.0000	10	9638.0000
20080620	非金電期貨          	XIF    	C         	19	18529.0000	21	20209.0000	-2	-1680.0000	236	227457.0000	1432	1379213.0000	-1196	-1151756.0000
20080623	電子期貨            	EXF    	A         	970	1146844.0000	504	596714.0000	466	550130.0000	3074	3647103.0000	376	442893.0000	2698	3204210.0000
20080623	電子期貨            	EXF    	B         	37	43722.0000	0	.0000	37	43722.0000	124	147163.0000	327	388084.0000	-203	-240921.0000
20080623	電子期貨            	EXF    	C         	502	593834.0000	529	625865.0000	-27	-32031.0000	1914	2271535.0000	5748	6819987.0000	-3834	-4548452.0000
20080623	金融期貨            	FXF    	A         	687	710990.0000	575	595127.0000	112	115863.0000	1283	1332146.0000	93	95936.0000	1190	1236210.0000
20080623	金融期貨            	FXF    	B         	0	.0000	0	.0000	0	.0000	153	158875.0000	0	.0000	153	158875.0000
20080623	金融期貨            	FXF    	C         	305	315723.0000	818	847990.0000	-513	-532268.0000	2290	2377936.0000	8719	9053772.0000	-6429	-6675836.0000
20080623	櫃買期貨            	GTF    	A         	110	55567.0000	117	59155.0000	-7	-3588.0000	50	25729.0000	37	19007.0000	13	6722.0000
20080623	櫃買期貨            	GTF    	B         	0	.0000	0	.0000	0	.0000	0	.0000	56	28829.0000	-56	-28829.0000
20080623	櫃買期貨            	GTF    	C         	0	.0000	0	.0000	0	.0000	0	.0000	0	.0000	0	.0000
20080623	摩臺期              	MSF    	A         	0	.0000	1	919.0000	-1	-919.0000	14	12871.0000	9	8274.0000	5	4597.0000
20080623	摩臺期              	MSF    	B         	0	.0000	0	.0000	0	.0000	0	.0000	0	.0000	0	.0000
20080623	摩臺期              	MSF    	C         	0	.0000	0	.0000	0	.0000	0	.0000	0	.0000	0	.0000
20080623	小型臺指            	MXF    	A         	4507	1740869.0000	3969	1532911.0000	538	207959.0000	817	315309.0000	8249	3191692.0000	-7432	-2876383.0000
20080623	小型臺指            	MXF    	B         	0	.0000	0	.0000	0	.0000	0	.0000	13	5039.0000	-13	-5039.0000
20080623	小型臺指            	MXF    	C         	459	177268.0000	0	.0000	459	177268.0000	0	.0000	788	305468.0000	-788	-305468.0000
20080623	臺灣50期貨          	T5F    	A         	0	.0000	0	.0000	0	.0000	0	.0000	0	.0000	0	.0000
20080623	臺灣50期貨          	T5F    	B         	0	.0000	0	.0000	0	.0000	0	.0000	0	.0000	0	.0000
20080623	臺灣50期貨          	T5F    	C         	0	.0000	0	.0000	0	.0000	0	.0000	0	.0000	0	.0000
20080623	臺股期貨            	TXF    	A         	13418	20750863.0000	13694	21162104.0000	-276	-411241.0000	2257	3486176.0000	8950	13865180.0000	-6693	-10379004.0000
20080623	臺股期貨            	TXF    	B         	1181	1826301.0000	494	761673.0000	687	1064628.0000	498	772199.0000	6398	9910856.0000	-5900	-9138657.0000
20080623	臺股期貨            	TXF    	C         	4186	6461789.0000	4839	7471823.0000	-653	-1010035.0000	20852	32295465.0000	23797	36800714.0000	-2945	-4505249.0000
20080623	非金電期貨          	XIF    	A         	735	699093.0000	702	667516.0000	33	31577.0000	1412	1346576.0000	208	197158.0000	1204	1149418.0000
20080623	非金電期貨          	XIF    	B         	0	.0000	0	.0000	0	.0000	10	9554.0000	0	.0000	10	9554.0000
20080623	非金電期貨          	XIF    	C         	0	.0000	6	5717.0000	-6	-5717.0000	236	225474.0000	1438	1373134.0000	-1202	-1147660.0000
20080624	電子期貨            	EXF    	A         	543	641169.0000	656	775625.0000	-113	-134455.0000	3025	3557941.0000	440	514204.0000	2585	3043737.0000
20080624	電子期貨            	EXF    	B         	52	61309.0000	0	.0000	52	61309.0000	124	145898.0000	275	323565.0000	-151	-177667.0000
20080624	電子期貨            	EXF    	C         	317	373469.0000	424	499349.0000	-107	-125880.0000	1995	2347317.0000	5936	6982209.0000	-3941	-4634892.0000
20080624	金融期貨            	FXF    	A         	565	585419.0000	634	656785.0000	-69	-71365.0000	1297	1344896.0000	176	181759.0000	1121	1163137.0000
20080624	金融期貨            	FXF    	B         	0	.0000	20	20761.0000	-20	-20761.0000	144	149328.0000	11	11407.0000	133	137921.0000
20080624	金融期貨            	FXF    	C         	485	502776.0000	108	111831.0000	377	390945.0000	2456	2546481.0000	8508	8822758.0000	-6052	-6276277.0000
20080624	櫃買期貨            	GTF    	A         	111	56748.0000	111	56749.0000	0	-1.0000	44	22571.0000	31	15849.0000	13	6722.0000
20080624	櫃買期貨            	GTF    	B         	0	.0000	0	.0000	0	.0000	0	.0000	56	28739.0000	-56	-28739.0000
20080624	櫃買期貨            	GTF    	C         	0	.0000	0	.0000	0	.0000	0	.0000	0	.0000	0	.0000
20080624	摩臺期              	MSF    	A         	3	2736.0000	3	2736.0000	0	.0000	17	15439.0000	12	10898.0000	5	4541.0000
20080624	摩臺期              	MSF    	B         	0	.0000	0	.0000	0	.0000	0	.0000	0	.0000	0	.0000
20080624	摩臺期              	MSF    	C         	0	.0000	0	.0000	0	.0000	0	.0000	0	.0000	0	.0000
20080624	小型臺指            	MXF    	A         	3873	1489327.0000	3809	1463940.0000	64	25387.0000	1108	424514.0000	8884	3409024.0000	-7776	-2984510.0000
20080624	小型臺指            	MXF    	B         	0	.0000	0	.0000	0	.0000	0	.0000	13	4997.0000	-13	-4997.0000
20080624	小型臺指            	MXF    	C         	46	17875.0000	270	103947.0000	-224	-86072.0000	0	.0000	1012	389013.0000	-1012	-389013.0000
20080624	臺灣50期貨          	T5F    	A         	0	.0000	0	.0000	0	.0000	0	.0000	0	.0000	0	.0000
20080624	臺灣50期貨          	T5F    	B         	0	.0000	0	.0000	0	.0000	0	.0000	0	.0000	0	.0000
20080624	臺灣50期貨          	T5F    	C         	0	.0000	0	.0000	0	.0000	0	.0000	0	.0000	0	.0000
20080624	臺股期貨            	TXF    	A         	13487	20767365.0000	13580	20909703.0000	-93	-142337.0000	2594	3972841.0000	9278	14250578.0000	-6684	-10277737.0000
20080624	臺股期貨            	TXF    	B         	241	370669.0000	942	1451692.0000	-701	-1081024.0000	580	891808.0000	7181	11030524.0000	-6601	-10138716.0000
20080624	臺股期貨            	TXF    	C         	3858	5939153.0000	3226	4963685.0000	632	975468.0000	21937	33688893.0000	24250	37177020.0000	-2313	-3488127.0000
20080624	非金電期貨          	XIF    	A         	290	273964.0000	311	293911.0000	-21	-19947.0000	1356	1280212.0000	173	161817.0000	1183	1118395.0000
20080624	非金電期貨          	XIF    	B         	0	.0000	0	.0000	0	.0000	10	9464.0000	0	.0000	10	9464.0000
20080624	非金電期貨          	XIF    	C         	12	11349.0000	0	.0000	12	11349.0000	236	223350.0000	1426	1348591.0000	-1190	-1125241.0000
20080625	電子期貨            	EXF    	A         	735	864219.0000	601	707130.0000	134	157089.0000	3287	3910013.0000	568	671911.0000	2719	3238102.0000
20080625	電子期貨            	EXF    	B         	0	.0000	30	35688.0000	-30	-35688.0000	124	147560.0000	305	362950.0000	-181	-215390.0000
20080625	電子期貨            	EXF    	C         	1652	1946214.0000	1632	1917993.0000	20	28221.0000	2268	2698920.0000	6189	7362473.0000	-3921	-4663553.0000
20080625	金融期貨            	FXF    	A         	618	647330.0000	706	738232.0000	-88	-90902.0000	1428	1503568.0000	395	415068.0000	1033	1088500.0000
20080625	金融期貨            	FXF    	B         	45	47183.0000	0	.0000	45	47183.0000	178	187434.0000	0	.0000	178	187434.0000
20080625	金融期貨            	FXF    	C         	501	524952.0000	421	441337.0000	80	83614.0000	2580	2716380.0000	8552	9005204.0000	-5972	-6288824.0000
20080625	櫃買期貨            	GTF    	A         	105	52624.0000	110	55218.0000	-5	-2595.0000	38	19562.0000	30	15429.0000	8	4133.0000
20080625	櫃買期貨            	GTF    	B         	0	.0000	0	.0000	0	.0000	0	.0000	56	28829.0000	-56	-28829.0000
20080625	櫃買期貨            	GTF    	C         	0	.0000	0	.0000	0	.0000	0	.0000	0	.0000	0	.0000
20080625	摩臺期              	MSF    	A         	5	4563.0000	4	3654.0000	1	909.0000	22	20223.0000	16	14707.0000	6	5516.0000
20080625	摩臺期              	MSF    	B         	0	.0000	0	.0000	0	.0000	0	.0000	0	.0000	0	.0000
20080625	摩臺期              	MSF    	C         	0	.0000	0	.0000	0	.0000	0	.0000	0	.0000	0	.0000
20080625	小型臺指            	MXF    	A         	3641	1399989.0000	3560	1366171.0000	81	33818.0000	1471	568637.0000	9518	3681060.0000	-8047	-3112423.0000
20080625	小型臺指            	MXF    	B         	0	.0000	0	.0000	0	.0000	0	.0000	13	5037.0000	-13	-5037.0000
20080625	小型臺指            	MXF    	C         	344	132655.0000	58	22098.0000	286	110557.0000	0	.0000	726	281289.0000	-726	-281289.0000
20080625	臺灣50期貨          	T5F    	A         	0	.0000	0	.0000	0	.0000	0	.0000	0	.0000	0	.0000
20080625	臺灣50期貨          	T5F    	B         	0	.0000	0	.0000	0	.0000	0	.0000	0	.0000	0	.0000
20080625	臺灣50期貨          	T5F    	C         	0	.0000	0	.0000	0	.0000	0	.0000	0	.0000	0	.0000
20080625	臺股期貨            	TXF    	A         	15475	23813520.0000	13967	21465698.0000	1508	2347822.0000	3497	5404438.0000	8585	13289611.0000	-5088	-7885173.0000
20080625	臺股期貨            	TXF    	B         	1047	1611201.0000	531	812781.0000	516	798420.0000	703	1089509.0000	6788	10507543.0000	-6085	-9418034.0000
20080625	臺股期貨            	TXF    	C         	4942	7603996.0000	8078	12434968.0000	-3136	-4830972.0000	22241	34427857.0000	27695	42814693.0000	-5454	-8386836.0000
20080625	非金電期貨          	XIF    	A         	330	308608.0000	346	323360.0000	-16	-14752.0000	1292	1217708.0000	125	116610.0000	1167	1101098.0000
20080625	非金電期貨          	XIF    	B         	1	940.0000	0	.0000	1	940.0000	11	10388.0000	0	.0000	11	10388.0000
20080625	非金電期貨          	XIF    	C         	0	.0000	8	7533.0000	-8	-7533.0000	236	222878.0000	1434	1353289.0000	-1198	-1130411.0000
20080626	電子期貨            	EXF    	A         	419	498132.0000	516	612955.0000	-97	-114823.0000	3262	3838791.0000	640	750266.0000	2622	3088525.0000
20080626	電子期貨            	EXF    	B         	101	119793.0000	0	.0000	101	119793.0000	125	147150.0000	205	241326.0000	-80	-94176.0000
20080626	電子期貨            	EXF    	C         	186	220825.0000	339	401893.0000	-153	-181068.0000	2250	2648700.0000	6324	7442541.0000	-4074	-4793841.0000
20080626	金融期貨            	FXF    	A         	431	452702.0000	515	540193.0000	-84	-87491.0000	1362	1424548.0000	413	431024.0000	949	993524.0000
20080626	金融期貨            	FXF    	B         	7	7336.0000	0	.0000	7	7336.0000	185	193510.0000	0	.0000	185	193510.0000
20080626	金融期貨            	FXF    	C         	364	382634.0000	151	158417.0000	213	224217.0000	2607	2726476.0000	8366	8750784.0000	-5759	-6024308.0000
20080626	櫃買期貨            	GTF    	A         	137	70958.0000	139	71977.0000	-2	-1019.0000	34	17558.0000	28	14444.0000	6	3114.0000
20080626	櫃買期貨            	GTF    	B         	0	.0000	0	.0000	0	.0000	0	.0000	56	28918.0000	-56	-28918.0000
20080626	櫃買期貨            	GTF    	C         	0	.0000	0	.0000	0	.0000	0	.0000	0	.0000	0	.0000
20080626	摩臺期              	MSF    	A         	3	2755.0000	2	1835.0000	1	920.0000	25	22753.0000	18	16382.0000	7	6371.0000
20080626	摩臺期              	MSF    	B         	0	.0000	0	.0000	0	.0000	0	.0000	0	.0000	0	.0000
20080626	摩臺期              	MSF    	C         	0	.0000	0	.0000	0	.0000	0	.0000	0	.0000	0	.0000
20080626	小型臺指            	MXF    	A         	3129	1211687.0000	2756	1064682.0000	373	147006.0000	1639	629657.0000	10145	3895831.0000	-8506	-3266174.0000
20080626	小型臺指            	MXF    	B         	0	.0000	0	.0000	0	.0000	0	.0000	13	5002.0000	-13	-5002.0000
20080626	小型臺指            	MXF    	C         	1	389.0000	597	230825.0000	-596	-230435.0000	0	.0000	1322	508640.0000	-1322	-508640.0000
20080626	臺灣50期貨          	T5F    	A         	0	.0000	0	.0000	0	.0000	0	.0000	0	.0000	0	.0000
20080626	臺灣50期貨          	T5F    	B         	0	.0000	0	.0000	0	.0000	0	.0000	0	.0000	0	.0000
20080626	臺灣50期貨          	T5F    	C         	0	.0000	0	.0000	0	.0000	0	.0000	0	.0000	0	.0000
20080626	臺股期貨            	TXF    	A         	9445	14629893.0000	10260	15889095.0000	-815	-1259203.0000	3249	4985051.0000	8944	13748121.0000	-5695	-8763070.0000
20080626	臺股期貨            	TXF    	B         	965	1499739.0000	289	448182.0000	676	1051557.0000	588	904932.0000	5997	9216858.0000	-5409	-8311926.0000
20080626	臺股期貨            	TXF    	C         	5277	8167286.0000	3568	5524403.0000	1709	2642883.0000	22571	34694789.0000	26316	40391071.0000	-3745	-5696282.0000
20080626	非金電期貨          	XIF    	A         	142	134231.0000	146	138212.0000	-4	-3981.0000	1282	1207649.0000	119	111046.0000	1163	1096603.0000
20080626	非金電期貨          	XIF    	B         	0	.0000	0	.0000	0	.0000	11	10383.0000	0	.0000	11	10383.0000
20080626	非金電期貨          	XIF    	C         	0	.0000	0	.0000	0	.0000	236	222760.0000	1434	1352583.0000	-1198	-1129823.0000
20080627	電子期貨            	EXF    	A         	783	888328.0000	683	774814.0000	100	113514.0000	3199	3637008.0000	477	539127.0000	2722	3097881.0000
20080627	電子期貨            	EXF    	B         	0	.0000	5	5680.0000	-5	-5680.0000	125	142175.0000	210	238854.0000	-85	-96679.0000
20080627	電子期貨            	EXF    	C         	919	1045172.0000	773	878616.0000	146	166556.0000	2068	2352143.0000	5996	6817142.0000	-3928	-4464999.0000
20080627	金融期貨            	FXF    	A         	924	924214.0000	498	498025.0000	426	426189.0000	1536	1535553.0000	161	159796.0000	1375	1375757.0000
20080627	金融期貨            	FXF    	B         	0	.0000	30	30127.0000	-30	-30127.0000	155	154969.0000	0	.0000	155	154969.0000
20080627	金融期貨            	FXF    	C         	268	267643.0000	430	431155.0000	-162	-163512.0000	2592	2591122.0000	8484	8482242.0000	-5892	-5891120.0000
20080627	櫃買期貨            	GTF    	A         	54	26441.0000	53	26003.0000	1	438.0000	34	16633.0000	27	13194.0000	7	3439.0000
20080627	櫃買期貨            	GTF    	B         	0	.0000	0	.0000	0	.0000	0	.0000	56	27395.0000	-56	-27395.0000
20080627	櫃買期貨            	GTF    	C         	0	.0000	0	.0000	0	.0000	0	.0000	0	.0000	0	.0000
20080627	摩臺期              	MSF    	A         	2	1757.0000	3	2633.0000	-1	-876.0000	23	20140.0000	17	14886.0000	6	5254.0000
20080627	摩臺期              	MSF    	B         	0	.0000	0	.0000	0	.0000	0	.0000	0	.0000	0	.0000
20080627	摩臺期              	MSF    	C         	0	.0000	0	.0000	0	.0000	0	.0000	0	.0000	0	.0000
20080627	小型臺指            	MXF    	A         	4563	1686938.0000	3316	1223991.0000	1247	462948.0000	1615	597559.0000	10082	3730019.0000	-8467	-3132460.0000
20080627	小型臺指            	MXF    	B         	0	.0000	0	.0000	0	.0000	0	.0000	13	4820.0000	-13	-4820.0000
20080627	小型臺指            	MXF    	C         	297	110267.0000	186	68677.0000	111	41590.0000	145	53766.0000	1356	502805.0000	-1211	-449039.0000
20080627	臺灣50期貨          	T5F    	A         	0	.0000	0	.0000	0	.0000	0	.0000	0	.0000	0	.0000
20080627	臺灣50期貨          	T5F    	B         	0	.0000	0	.0000	0	.0000	0	.0000	0	.0000	0	.0000
20080627	臺灣50期貨          	T5F    	C         	0	.0000	0	.0000	0	.0000	0	.0000	0	.0000	0	.0000
20080627	臺股期貨            	TXF    	A         	14159	20961657.0000	16541	24485231.0000	-2382	-3523575.0000	3374	4988169.0000	11149	16511223.0000	-7775	-11523054.0000
20080627	臺股期貨            	TXF    	B         	397	588007.0000	705	1044108.0000	-308	-456101.0000	552	818699.0000	6269	9284386.0000	-5717	-8465687.0000
20080627	臺股期貨            	TXF    	C         	11248	16654679.0000	6310	9342620.0000	4938	7312060.0000	25714	38091112.0000	24521	36269432.0000	1193	1821680.0000
20080627	非金電期貨          	XIF    	A         	108	97756.0000	84	75942.0000	24	21813.0000	1307	1183332.0000	120	107635.0000	1187	1075697.0000
20080627	非金電期貨          	XIF    	B         	0	.0000	0	.0000	0	.0000	11	9978.0000	0	.0000	11	9978.0000
20080627	非金電期貨          	XIF    	C         	2	1818.0000	9	8168.0000	-7	-6350.0000	236	214076.0000	1441	1306235.0000	-1205	-1092159.0000
20080630	電子期貨            	EXF    	A         	785	895917.0000	383	437170.0000	402	458747.0000	3574	4068663.0000	450	508771.0000	3124	3559892.0000
20080630	電子期貨            	EXF    	B         	2	2278.0000	0	.0000	2	2278.0000	127	144628.0000	210	239148.0000	-83	-94520.0000
20080630	電子期貨            	EXF    	C         	668	762549.0000	814	929707.0000	-146	-167158.0000	2073	2360094.0000	6147	6997623.0000	-4074	-4637529.0000
20080630	金融期貨            	FXF    	A         	442	438621.0000	434	430721.0000	8	7899.0000	1612	1595096.0000	229	225228.0000	1383	1369868.0000
20080630	金融期貨            	FXF    	B         	0	.0000	3	3010.0000	-3	-3010.0000	152	150419.0000	0	.0000	152	150419.0000
20080630	金融期貨            	FXF    	C         	390	385829.0000	158	157808.0000	232	228022.0000	2855	2824917.0000	8515	8426401.0000	-5660	-5601484.0000
20080630	櫃買期貨            	GTF    	A         	316	149958.0000	305	144658.0000	11	5301.0000	42	19967.0000	24	11387.0000	18	8580.0000
20080630	櫃買期貨            	GTF    	B         	0	.0000	0	.0000	0	.0000	0	.0000	56	26622.0000	-56	-26622.0000
20080630	櫃買期貨            	GTF    	C         	0	.0000	0	.0000	0	.0000	0	.0000	0	.0000	0	.0000
20080630	摩臺期              	MSF    	A         	5	4398.0000	6	5280.0000	-1	-882.0000	20	17551.0000	15	13163.0000	5	4388.0000
20080630	摩臺期              	MSF    	B         	0	.0000	0	.0000	0	.0000	0	.0000	0	.0000	0	.0000
20080630	摩臺期              	MSF    	C         	0	.0000	0	.0000	0	.0000	0	.0000	0	.0000	0	.0000
20080630	小型臺指            	MXF    	A         	2235	829993.0000	2012	745814.0000	223	84179.0000	1682	622043.0000	10406	3849955.0000	-8724	-3227912.0000
20080630	小型臺指            	MXF    	B         	0	.0000	0	.0000	0	.0000	0	.0000	13	4821.0000	-13	-4821.0000
20080630	小型臺指            	MXF    	C         	84	31281.0000	88	32616.0000	-4	-1335.0000	229	84925.0000	1444	535507.0000	-1215	-450582.0000
20080630	臺灣50期貨          	T5F    	A         	0	.0000	0	.0000	0	.0000	0	.0000	0	.0000	0	.0000
20080630	臺灣50期貨          	T5F    	B         	0	.0000	0	.0000	0	.0000	0	.0000	0	.0000	0	.0000
20080630	臺灣50期貨          	T5F    	C         	0	.0000	0	.0000	0	.0000	0	.0000	0	.0000	0	.0000
20080630	臺股期貨            	TXF    	A         	9160	13617959.0000	9287	13807031.0000	-127	-189072.0000	3047	4504086.0000	10829	16034815.0000	-7782	-11530729.0000
20080630	臺股期貨            	TXF    	B         	662	984869.0000	767	1143241.0000	-105	-158373.0000	702	1041319.0000	6524	9664558.0000	-5822	-8623239.0000
20080630	臺股期貨            	TXF    	C         	3300	4904060.0000	5176	7686626.0000	-1876	-2782567.0000	25665	38021717.0000	26348	38988543.0000	-683	-966826.0000
20080630	非金電期貨          	XIF    	A         	273	248505.0000	238	216726.0000	35	31779.0000	1353	1228327.0000	131	117877.0000	1222	1110450.0000
20080630	非金電期貨          	XIF    	B         	0	.0000	0	.0000	0	.0000	11	10007.0000	0	.0000	11	10007.0000
20080630	非金電期貨          	XIF    	C         	5	4559.0000	14	12765.0000	-9	-8206.0000	236	214689.0000	1450	1318153.0000	-1214	-1103464.0000
