20110208	電子期貨            	EXF    	A         	843	1173862.0000	1392	1942099.0000	-549	-768237.0000	795	1100124.0000	541	748059.0000	254	352065.0000
20110208	電子期貨            	EXF    	B         	0	.0000	0	.0000	0	.0000	174	240816.0000	83	114872.0000	91	125944.0000
20110208	電子期貨            	EXF    	C         	1065	1483563.0000	1732	2409892.0000	-667	-926329.0000	2349	3250592.0000	4929	6820784.0000	-2580	-3570192.0000
20110208	金融期貨            	FXF    	A         	901	966727.0000	1125	1205925.0000	-224	-239199.0000	898	958432.0000	674	718497.0000	224	239935.0000
20110208	金融期貨            	FXF    	B         	0	.0000	0	.0000	0	.0000	735	784539.0000	5	5337.0000	730	779202.0000
20110208	金融期貨            	FXF    	C         	1389	1492189.0000	1714	1840400.0000	-325	-348211.0000	822	877403.0000	9685	10335887.0000	-8863	-9458484.0000
20110208	櫃買期貨            	GTF    	A         	157	91589.0000	90	52501.0000	67	39088.0000	74	42930.0000	209	121231.0000	-135	-78301.0000
20110208	櫃買期貨            	GTF    	B         	0	.0000	0	.0000	0	.0000	65	37700.0000	0	.0000	65	37700.0000
20110208	櫃買期貨            	GTF    	C         	0	.0000	0	.0000	0	.0000	0	.0000	0	.0000	0	.0000
20110208	摩臺期              	MSF    	A         	0	.0000	0	.0000	0	.0000	8	7447.0000	0	.0000	8	7447.0000
20110208	摩臺期              	MSF    	B         	0	.0000	0	.0000	0	.0000	0	.0000	0	.0000	0	.0000
20110208	摩臺期              	MSF    	C         	0	.0000	0	.0000	0	.0000	0	.0000	0	.0000	0	.0000
20110208	小型臺指            	MXF    	A         	7201	3283761.0000	8618	3926698.0000	-1417	-642938.0000	4466	2027692.0000	2621	1179083.0000	1845	848609.0000
20110208	小型臺指            	MXF    	B         	0	.0000	0	.0000	0	.0000	0	.0000	0	.0000	0	.0000
20110208	小型臺指            	MXF    	C         	5546	2530543.0000	6865	3130074.0000	-1319	-599531.0000	3062	1389874.0000	2187	983991.0000	875	405883.0000
20110208	股票期貨            	STF    	A         	3474	225812.0000	3546	224208.0000	-72	1604.0000	2391	162711.0000	5737	497530.0000	-3346	-334819.0000
20110208	股票期貨            	STF    	B         	0	.0000	0	.0000	0	.0000	0	.0000	0	.0000	0	.0000
20110208	股票期貨            	STF    	C         	223	12823.0000	226	13354.0000	-3	-531.0000	68	11680.0000	4196	401467.0000	-4128	-389787.0000
20110208	臺灣50期貨          	T5F    	A         	0	.0000	0	.0000	0	.0000	501	311976.0000	0	.0000	501	311976.0000
20110208	臺灣50期貨          	T5F    	B         	0	.0000	0	.0000	0	.0000	0	.0000	0	.0000	0	.0000
20110208	臺灣50期貨          	T5F    	C         	0	.0000	0	.0000	0	.0000	0	.0000	500	311350.0000	-500	-311350.0000
20110208	臺股期貨            	TXF    	A         	24488	44673564.0000	23385	42660208.0000	1103	2013356.0000	13963	25348954.0000	3066	5485812.0000	10897	19863142.0000
20110208	臺股期貨            	TXF    	B         	33	60243.0000	55	100286.0000	-22	-40044.0000	1537	2797033.0000	585	1064521.0000	952	1732512.0000
20110208	臺股期貨            	TXF    	C         	9961	18182926.0000	14525	26493988.0000	-4564	-8311062.0000	23704	43091614.0000	40540	73628786.0000	-16836	-30537172.0000
20110208	非金電期貨          	XIF    	A         	453	538462.0000	571	678567.0000	-118	-140105.0000	326	388300.0000	388	462260.0000	-62	-73960.0000
20110208	非金電期貨          	XIF    	B         	0	.0000	0	.0000	0	.0000	18	21463.0000	0	.0000	18	21463.0000
20110208	非金電期貨          	XIF    	C         	282	335745.0000	178	211514.0000	104	124231.0000	251	299292.0000	98	116855.0000	153	182437.0000
20110209	電子期貨            	EXF    	A         	1276	1748261.0000	1246	1711338.0000	30	36923.0000	722	983086.0000	438	595840.0000	284	387246.0000
20110209	電子期貨            	EXF    	B         	0	.0000	1	1373.0000	-1	-1373.0000	173	235591.0000	83	113029.0000	90	122562.0000
20110209	電子期貨            	EXF    	C         	1493	2046476.0000	2336	3200135.0000	-843	-1153659.0000	1750	2382616.0000	5173	7043065.0000	-3423	-4660449.0000
20110209	金融期貨            	FXF    	A         	1212	1291508.0000	1311	1396054.0000	-99	-104546.0000	753	795073.0000	628	662606.0000	125	132467.0000
20110209	金融期貨            	FXF    	B         	0	.0000	0	.0000	0	.0000	735	776601.0000	5	5283.0000	730	771318.0000
20110209	金融期貨            	FXF    	C         	1514	1611426.0000	1342	1429548.0000	172	181878.0000	1211	1279543.0000	9902	10458875.0000	-8691	-9179332.0000
20110209	櫃買期貨            	GTF    	A         	232	134584.0000	246	142666.0000	-14	-8082.0000	30	17333.0000	179	103420.0000	-149	-86087.0000
20110209	櫃買期貨            	GTF    	B         	0	.0000	0	.0000	0	.0000	65	37557.0000	0	.0000	65	37557.0000
20110209	櫃買期貨            	GTF    	C         	0	.0000	0	.0000	0	.0000	0	.0000	0	.0000	0	.0000
20110209	摩臺期              	MSF    	A         	0	.0000	0	.0000	0	.0000	8	7308.0000	0	.0000	8	7308.0000
20110209	摩臺期              	MSF    	B         	0	.0000	0	.0000	0	.0000	0	.0000	0	.0000	0	.0000
20110209	摩臺期              	MSF    	C         	0	.0000	0	.0000	0	.0000	0	.0000	0	.0000	0	.0000
20110209	小型臺指            	MXF    	A         	7821	3535727.0000	11562	5224163.0000	-3741	-1688436.0000	4653	2092568.0000	6625	2971116.0000	-1972	-878548.0000
20110209	小型臺指            	MXF    	B         	0	.0000	0	.0000	0	.0000	0	.0000	0	.0000	0	.0000
20110209	小型臺指            	MXF    	C         	10459	4728781.0000	12730	5750323.0000	-2271	-1021542.0000	2215	994355.0000	2671	1187946.0000	-456	-193591.0000
20110209	股票期貨            	STF    	A         	3405	283044.0000	3637	303777.0000	-232	-20733.0000	2120	142062.0000	5698	490676.0000	-3578	-348614.0000
20110209	股票期貨            	STF    	B         	0	.0000	0	.0000	0	.0000	0	.0000	0	.0000	0	.0000
20110209	股票期貨            	STF    	C         	312	28328.0000	401	51370.0000	-89	-23042.0000	74	12241.0000	4291	417250.0000	-4217	-405009.0000
20110209	臺灣50期貨          	T5F    	A         	0	.0000	0	.0000	0	.0000	501	306314.0000	0	.0000	501	306314.0000
20110209	臺灣50期貨          	T5F    	B         	0	.0000	0	.0000	0	.0000	0	.0000	0	.0000	0	.0000
20110209	臺灣50期貨          	T5F    	C         	0	.0000	0	.0000	0	.0000	0	.0000	500	305700.0000	-500	-305700.0000
20110209	臺股期貨            	TXF    	A         	30217	54621333.0000	29692	53674319.0000	525	947014.0000	14435	25952184.0000	2994	5303848.0000	11441	20648336.0000
20110209	臺股期貨            	TXF    	B         	77	139383.0000	138	249915.0000	-61	-110532.0000	1547	2788097.0000	656	1182317.0000	891	1605780.0000
20110209	臺股期貨            	TXF    	C         	16629	30071130.0000	20831	37661131.0000	-4202	-7590001.0000	21961	39534043.0000	43234	77756110.0000	-21273	-38222067.0000
20110209	非金電期貨          	XIF    	A         	485	577643.0000	633	753696.0000	-148	-176053.0000	254	302100.0000	464	552405.0000	-210	-250305.0000
20110209	非金電期貨          	XIF    	B         	0	.0000	0	.0000	0	.0000	18	21458.0000	0	.0000	18	21458.0000
20110209	非金電期貨          	XIF    	C         	323	384806.0000	140	166711.0000	183	218095.0000	392	467303.0000	56	66758.0000	336	400545.0000
20110210	電子期貨            	EXF    	A         	1423	1920125.0000	1308	1769552.0000	115	150573.0000	826	1103722.0000	427	570199.0000	399	533523.0000
20110210	電子期貨            	EXF    	B         	21	28424.0000	1	1338.0000	20	27086.0000	194	259262.0000	84	112258.0000	110	147004.0000
20110210	電子期貨            	EXF    	C         	1293	1746430.0000	2425	3275728.0000	-1132	-1529298.0000	1729	2309811.0000	6284	8394985.0000	-4555	-6085174.0000
20110210	金融期貨            	FXF    	A         	2579	2646341.0000	1716	1767306.0000	863	879035.0000	1526	1543630.0000	538	543128.0000	988	1000502.0000
20110210	金融期貨            	FXF    	B         	5	5124.0000	5	5129.0000	0	-6.0000	730	738614.0000	0	.0000	730	738614.0000
20110210	金融期貨            	FXF    	C         	3454	3547673.0000	2347	2416991.0000	1107	1130682.0000	2014	2037621.0000	9598	9707822.0000	-7584	-7670201.0000
20110210	櫃買期貨            	GTF    	A         	325	186612.0000	257	147542.0000	68	39070.0000	119	67806.0000	200	113960.0000	-81	-46154.0000
20110210	櫃買期貨            	GTF    	B         	0	.0000	0	.0000	0	.0000	65	37037.0000	0	.0000	65	37037.0000
20110210	櫃買期貨            	GTF    	C         	0	.0000	0	.0000	0	.0000	0	.0000	0	.0000	0	.0000
20110210	摩臺期              	MSF    	A         	0	.0000	0	.0000	0	.0000	8	7088.0000	0	.0000	8	7088.0000
20110210	摩臺期              	MSF    	B         	0	.0000	0	.0000	0	.0000	0	.0000	0	.0000	0	.0000
20110210	摩臺期              	MSF    	C         	0	.0000	0	.0000	0	.0000	0	.0000	0	.0000	0	.0000
20110210	小型臺指            	MXF    	A         	8802	3912906.0000	14524	6460187.0000	-5722	-2547280.0000	4222	1859265.0000	6392	2803731.0000	-2170	-944466.0000
20110210	小型臺指            	MXF    	B         	0	.0000	0	.0000	0	.0000	0	.0000	0	.0000	0	.0000
20110210	小型臺指            	MXF    	C         	11790	5245950.0000	14210	6317903.0000	-2420	-1071953.0000	1552	682275.0000	3008	1306192.0000	-1456	-623917.0000
20110210	股票期貨            	STF    	A         	5289	387152.0000	5275	355065.0000	14	32087.0000	1857	143225.0000	5421	455695.0000	-3564	-312470.0000
20110210	股票期貨            	STF    	B         	0	.0000	0	.0000	0	.0000	0	.0000	0	.0000	0	.0000
20110210	股票期貨            	STF    	C         	265	20845.0000	203	15490.0000	62	5355.0000	87	13606.0000	4242	405641.0000	-4155	-392035.0000
20110210	臺灣50期貨          	T5F    	A         	0	.0000	0	.0000	0	.0000	501	300703.0000	0	.0000	501	300703.0000
20110210	臺灣50期貨          	T5F    	B         	0	.0000	0	.0000	0	.0000	0	.0000	0	.0000	0	.0000
20110210	臺灣50期貨          	T5F    	C         	0	.0000	0	.0000	0	.0000	0	.0000	500	300100.0000	-500	-300100.0000
20110210	臺股期貨            	TXF    	A         	36234	64448600.0000	37860	67360467.0000	-1626	-2911867.0000	12895	22693750.0000	4461	7778898.0000	8434	14914852.0000
20110210	臺股期貨            	TXF    	B         	264	469614.0000	412	735024.0000	-148	-265410.0000	1260	2223035.0000	517	912245.0000	743	1310790.0000
20110210	臺股期貨            	TXF    	C         	16322	29022076.0000	21134	37603443.0000	-4812	-8581367.0000	20991	36992132.0000	47431	83507700.0000	-26440	-46515568.0000
20110210	非金電期貨          	XIF    	A         	443	520657.0000	331	388567.0000	112	132091.0000	232	272059.0000	330	387036.0000	-98	-114977.0000
20110210	非金電期貨          	XIF    	B         	0	.0000	0	.0000	0	.0000	18	21119.0000	0	.0000	18	21119.0000
20110210	非金電期貨          	XIF    	C         	159	187659.0000	348	410838.0000	-189	-223179.0000	387	454067.0000	240	281592.0000	147	172475.0000
20110211	電子期貨            	EXF    	A         	1458	1928866.0000	1217	1612647.0000	241	316219.0000	1068	1389492.0000	428	555928.0000	640	833564.0000
20110211	電子期貨            	EXF    	B         	15	19934.0000	0	.0000	15	19934.0000	209	271911.0000	84	109301.0000	125	162610.0000
20110211	電子期貨            	EXF    	C         	3359	4440441.0000	2447	3236579.0000	912	1203862.0000	2352	3058654.0000	5995	7797242.0000	-3643	-4738588.0000
20110211	金融期貨            	FXF    	A         	2757	2707486.0000	2333	2293361.0000	424	414125.0000	1961	1896198.0000	549	529535.0000	1412	1366663.0000
20110211	金融期貨            	FXF    	B         	0	.0000	158	155067.0000	-158	-155067.0000	487	471026.0000	0	.0000	487	471026.0000
20110211	金融期貨            	FXF    	C         	6035	5926647.0000	4265	4200894.0000	1770	1725753.0000	3378	3266539.0000	9192	8885581.0000	-5814	-5619042.0000
20110211	櫃買期貨            	GTF    	A         	236	133099.0000	212	119553.0000	24	13546.0000	106	58873.0000	163	90705.0000	-57	-31832.0000
20110211	櫃買期貨            	GTF    	B         	0	.0000	0	.0000	0	.0000	65	36205.0000	0	.0000	65	36205.0000
20110211	櫃買期貨            	GTF    	C         	0	.0000	0	.0000	0	.0000	0	.0000	0	.0000	0	.0000
20110211	摩臺期              	MSF    	A         	0	.0000	0	.0000	0	.0000	8	7039.0000	0	.0000	8	7039.0000
20110211	摩臺期              	MSF    	B         	0	.0000	0	.0000	0	.0000	0	.0000	0	.0000	0	.0000
20110211	摩臺期              	MSF    	C         	0	.0000	0	.0000	0	.0000	0	.0000	0	.0000	0	.0000
20110211	小型臺指            	MXF    	A         	21015	9112976.0000	17652	7677893.0000	3363	1435084.0000	3625	1549172.0000	1984	833140.0000	1641	716032.0000
20110211	小型臺指            	MXF    	B         	0	.0000	21	9141.0000	-21	-9141.0000	0	.0000	21	8992.0000	-21	-8992.0000
20110211	小型臺指            	MXF    	C         	19327	8395337.0000	18744	8153627.0000	583	241710.0000	1874	799061.0000	3635	1535952.0000	-1761	-736891.0000
20110211	股票期貨            	STF    	A         	8029	431435.0000	7335	374800.0000	694	56635.0000	2358	173060.0000	5228	421306.0000	-2870	-248246.0000
20110211	股票期貨            	STF    	B         	0	.0000	0	.0000	0	.0000	0	.0000	0	.0000	0	.0000
20110211	股票期貨            	STF    	C         	268	22653.0000	249	19799.0000	19	2853.0000	88	13439.0000	4224	393360.0000	-4136	-379921.0000
20110211	臺灣50期貨          	T5F    	A         	0	.0000	0	.0000	0	.0000	501	293138.0000	0	.0000	501	293138.0000
20110211	臺灣50期貨          	T5F    	B         	0	.0000	0	.0000	0	.0000	0	.0000	0	.0000	0	.0000
20110211	臺灣50期貨          	T5F    	C         	0	.0000	0	.0000	0	.0000	0	.0000	500	292550.0000	-500	-292550.0000
20110211	臺股期貨            	TXF    	A         	55432	96248259.0000	56486	98173125.0000	-1054	-1924867.0000	11043	18849226.0000	3775	6365347.0000	7268	12483879.0000
20110211	臺股期貨            	TXF    	B         	310	540580.0000	298	516230.0000	12	24350.0000	1139	1950517.0000	380	650599.0000	759	1299918.0000
20110211	臺股期貨            	TXF    	C         	34374	59732983.0000	28143	48982502.0000	6231	10750481.0000	23229	39727352.0000	43216	73810246.0000	-19987	-34082894.0000
20110211	非金電期貨          	XIF    	A         	327	379599.0000	345	400476.0000	-18	-20877.0000	273	311523.0000	389	443924.0000	-116	-132401.0000
20110211	非金電期貨          	XIF    	B         	0	.0000	0	.0000	0	.0000	18	20551.0000	0	.0000	18	20551.0000
20110211	非金電期貨          	XIF    	C         	289	334450.0000	239	276213.0000	50	58237.0000	341	389320.0000	144	164405.0000	197	224915.0000
20110214	電子期貨            	EXF    	A         	1160	1532013.0000	1244	1645389.0000	-84	-113377.0000	840	1111054.0000	284	375348.0000	556	735706.0000
20110214	電子期貨            	EXF    	B         	130	172098.0000	154	203790.0000	-24	-31692.0000	184	243180.0000	84	110800.0000	100	132380.0000
20110214	電子期貨            	EXF    	C         	3670	4851481.0000	3229	4266355.0000	441	585126.0000	2643	3491909.0000	5845	7723838.0000	-3202	-4231929.0000
20110214	金融期貨            	FXF    	A         	1281	1252437.0000	1660	1623833.0000	-379	-371396.0000	1767	1728277.0000	734	717152.0000	1033	1011125.0000
20110214	金融期貨            	FXF    	B         	0	.0000	0	.0000	0	.0000	487	476383.0000	0	.0000	487	476383.0000
20110214	金融期貨            	FXF    	C         	3600	3519079.0000	3289	3213977.0000	311	305101.0000	3530	3452389.0000	9033	8833155.0000	-5503	-5380766.0000
20110214	櫃買期貨            	GTF    	A         	207	116485.0000	183	102992.0000	24	13493.0000	131	73658.0000	164	92237.0000	-33	-18579.0000
20110214	櫃買期貨            	GTF    	B         	35	19705.0000	35	19705.0000	0	.0000	65	36555.0000	0	.0000	65	36555.0000
20110214	櫃買期貨            	GTF    	C         	0	.0000	0	.0000	0	.0000	0	.0000	0	.0000	0	.0000
20110214	摩臺期              	MSF    	A         	0	.0000	0	.0000	0	.0000	8	7173.0000	0	.0000	8	7173.0000
20110214	摩臺期              	MSF    	B         	0	.0000	0	.0000	0	.0000	0	.0000	0	.0000	0	.0000
20110214	摩臺期              	MSF    	C         	0	.0000	0	.0000	0	.0000	0	.0000	0	.0000	0	.0000
20110214	小型臺指            	MXF    	A         	8430	3642823.0000	7246	3129781.0000	1184	513042.0000	4929	2127494.0000	2796	1192321.0000	2133	935173.0000
20110214	小型臺指            	MXF    	B         	0	.0000	0	.0000	0	.0000	0	.0000	21	9077.0000	-21	-9077.0000
20110214	小型臺指            	MXF    	C         	10714	4627831.0000	8794	3799326.0000	1920	828505.0000	2469	1063727.0000	3438	1466025.0000	-969	-402298.0000
20110214	股票期貨            	STF    	A         	5648	357269.0000	5280	332005.0000	368	25264.0000	2653	194036.0000	5155	420072.0000	-2502	-226036.0000
20110214	股票期貨            	STF    	B         	0	.0000	0	.0000	0	.0000	0	.0000	0	.0000	0	.0000
20110214	股票期貨            	STF    	C         	313	32594.0000	361	35006.0000	-48	-2412.0000	91	13480.0000	4275	399037.0000	-4184	-385557.0000
20110214	臺灣50期貨          	T5F    	A         	0	.0000	0	.0000	0	.0000	501	295443.0000	0	.0000	501	295443.0000
20110214	臺灣50期貨          	T5F    	B         	0	.0000	0	.0000	0	.0000	0	.0000	0	.0000	0	.0000
20110214	臺灣50期貨          	T5F    	C         	0	.0000	0	.0000	0	.0000	0	.0000	500	294850.0000	-500	-294850.0000
20110214	臺股期貨            	TXF    	A         	23282	40272024.0000	25844	44690510.0000	-2562	-4418486.0000	9291	16003145.0000	4412	7531918.0000	4879	8471227.0000
20110214	臺股期貨            	TXF    	B         	286	494280.0000	414	715269.0000	-128	-220989.0000	1118	1931942.0000	487	840713.0000	631	1091229.0000
20110214	臺股期貨            	TXF    	C         	28325	48959019.0000	24916	43081683.0000	3409	5877336.0000	26701	46086909.0000	42997	74129215.0000	-16296	-28042306.0000
20110214	非金電期貨          	XIF    	A         	530	604972.0000	401	457301.0000	129	147670.0000	224	255296.0000	211	240475.0000	13	14821.0000
20110214	非金電期貨          	XIF    	B         	0	.0000	0	.0000	0	.0000	18	20527.0000	0	.0000	18	20527.0000
20110214	非金電期貨          	XIF    	C         	210	239547.0000	285	325816.0000	-75	-86270.0000	273	311258.0000	151	172200.0000	122	139058.0000
20110215	電子期貨            	EXF    	A         	2298	3051647.0000	2429	3233489.0000	-131	-181842.0000	1324	1753895.0000	899	1197772.0000	425	556123.0000
20110215	電子期貨            	EXF    	B         	77	102362.0000	77	102851.0000	0	-489.0000	184	244063.0000	84	111216.0000	100	132847.0000
20110215	電子期貨            	EXF    	C         	4439	5901065.0000	4115	5459939.0000	324	441126.0000	3642	4841822.0000	6520	8653688.0000	-2878	-3811866.0000
20110215	金融期貨            	FXF    	A         	2571	2488835.0000	2457	2380780.0000	114	108055.0000	1789	1744321.0000	642	626277.0000	1147	1118044.0000
20110215	金融期貨            	FXF    	B         	115	111381.0000	156	151651.0000	-41	-40270.0000	446	435440.0000	0	.0000	446	435440.0000
20110215	金融期貨            	FXF    	C         	6269	6065379.0000	6200	6000888.0000	69	64492.0000	3358	3277273.0000	8792	8572659.0000	-5434	-5295386.0000
20110215	櫃買期貨            	GTF    	A         	408	231872.0000	431	245035.0000	-23	-13163.0000	59	33586.0000	115	65469.0000	-56	-31883.0000
20110215	櫃買期貨            	GTF    	B         	30	17074.0000	30	17077.0000	0	-3.0000	65	36998.0000	0	.0000	65	36998.0000
20110215	櫃買期貨            	GTF    	C         	0	.0000	0	.0000	0	.0000	0	.0000	0	.0000	0	.0000
20110215	摩臺期              	MSF    	A         	0	.0000	0	.0000	0	.0000	8	7219.0000	0	.0000	8	7219.0000
20110215	摩臺期              	MSF    	B         	0	.0000	0	.0000	0	.0000	0	.0000	0	.0000	0	.0000
20110215	摩臺期              	MSF    	C         	0	.0000	0	.0000	0	.0000	0	.0000	0	.0000	0	.0000
20110215	小型臺指            	MXF    	A         	14138	6114669.0000	13604	5882231.0000	534	232437.0000	4799	2082503.0000	3964	1706158.0000	835	376345.0000
20110215	小型臺指            	MXF    	B         	21	9135.0000	26	11269.0000	-5	-2134.0000	0	.0000	26	11258.0000	-26	-11258.0000
20110215	小型臺指            	MXF    	C         	13093	5666951.0000	12342	5343937.0000	751	323014.0000	3726	1614008.0000	3540	1518259.0000	186	95749.0000
20110215	股票期貨            	STF    	A         	8785	615196.0000	8882	606990.0000	-97	8206.0000	2879	224209.0000	5478	443871.0000	-2599	-219662.0000
20110215	股票期貨            	STF    	B         	0	.0000	0	.0000	0	.0000	0	.0000	0	.0000	0	.0000
20110215	股票期貨            	STF    	C         	537	59639.0000	609	62027.0000	-72	-2388.0000	422	37711.0000	4678	428521.0000	-4256	-390810.0000
20110215	臺灣50期貨          	T5F    	A         	0	.0000	0	.0000	0	.0000	501	296946.0000	0	.0000	501	296946.0000
20110215	臺灣50期貨          	T5F    	B         	0	.0000	0	.0000	0	.0000	0	.0000	0	.0000	0	.0000
20110215	臺灣50期貨          	T5F    	C         	0	.0000	0	.0000	0	.0000	0	.0000	500	296350.0000	-500	-296350.0000
20110215	臺股期貨            	TXF    	A         	36296	62870001.0000	38674	67002296.0000	-2378	-4132295.0000	10206	17668454.0000	7247	12498792.0000	2959	5169662.0000
20110215	臺股期貨            	TXF    	B         	609	1056451.0000	577	1003343.0000	32	53108.0000	1118	1939351.0000	455	788785.0000	663	1150566.0000
20110215	臺股期貨            	TXF    	C         	39609	68566332.0000	35356	61191167.0000	4253	7375165.0000	35493	61573077.0000	47635	82506796.0000	-12142	-20933719.0000
20110215	非金電期貨          	XIF    	A         	607	692520.0000	631	720012.0000	-24	-27493.0000	300	343730.0000	311	356695.0000	-11	-12965.0000
20110215	非金電期貨          	XIF    	B         	18	20576.0000	18	20631.0000	0	-55.0000	18	20605.0000	0	.0000	18	20605.0000
20110215	非金電期貨          	XIF    	C         	454	517567.0000	505	575836.0000	-51	-58268.0000	555	636701.0000	484	555106.0000	71	81595.0000
20110216	電子期貨            	EXF    	A         	1155	1541980.0000	1096	1461002.0000	59	80978.0000	934	1231168.0000	34	44742.0000	900	1186426.0000
20110216	電子期貨            	EXF    	B         	52	69173.0000	52	69621.0000	0	-449.0000	184	242549.0000	84	110729.0000	100	131820.0000
20110216	電子期貨            	EXF    	C         	2144	2857660.0000	1833	2441485.0000	311	416174.0000	1796	2367487.0000	4428	5836990.0000	-2632	-3469503.0000
20110216	金融期貨            	FXF    	A         	1539	1510601.0000	1570	1541042.0000	-31	-30441.0000	1200	1169760.0000	311	303061.0000	889	866699.0000
20110216	金融期貨            	FXF    	B         	371	363112.0000	331	324907.0000	40	38205.0000	486	473753.0000	0	.0000	486	473753.0000
20110216	金融期貨            	FXF    	C         	3345	3282954.0000	3250	3185450.0000	95	97504.0000	1559	1519713.0000	6495	6331326.0000	-4936	-4811613.0000
20110216	櫃買期貨            	GTF    	A         	195	111815.0000	297	170332.0000	-102	-58517.0000	3	1702.0000	131	74303.0000	-128	-72601.0000
20110216	櫃買期貨            	GTF    	B         	0	.0000	10	5720.0000	-10	-5720.0000	65	36868.0000	10	5672.0000	55	31196.0000
20110216	櫃買期貨            	GTF    	C         	0	.0000	0	.0000	0	.0000	0	.0000	0	.0000	0	.0000
20110216	摩臺期              	MSF    	A         	0	.0000	0	.0000	0	.0000	8	7221.0000	0	.0000	8	7221.0000
20110216	摩臺期              	MSF    	B         	0	.0000	0	.0000	0	.0000	0	.0000	0	.0000	0	.0000
20110216	摩臺期              	MSF    	C         	0	.0000	0	.0000	0	.0000	0	.0000	0	.0000	0	.0000
20110216	小型臺指            	MXF    	A         	9761	4246880.0000	9521	4135610.0000	240	111270.0000	965	413825.0000	2452	1041223.0000	-1487	-627398.0000
20110216	小型臺指            	MXF    	B         	0	.0000	0	.0000	0	.0000	0	.0000	26	11210.0000	-26	-11210.0000
20110216	小型臺指            	MXF    	C         	8435	3667922.0000	8683	3772208.0000	-248	-104286.0000	2664	1147243.0000	1529	639303.0000	1135	507940.0000
20110216	股票期貨            	STF    	A         	5208	372886.0000	5215	385013.0000	-7	-12127.0000	2129	173309.0000	2899	220816.0000	-770	-47507.0000
20110216	股票期貨            	STF    	B         	0	.0000	0	.0000	0	.0000	0	.0000	0	.0000	0	.0000
20110216	股票期貨            	STF    	C         	437	35760.0000	676	54888.0000	-239	-19129.0000	53	6538.0000	3950	369017.0000	-3897	-362479.0000
20110216	臺灣50期貨          	T5F    	A         	0	.0000	0	.0000	0	.0000	500	297100.0000	0	.0000	500	297100.0000
20110216	臺灣50期貨          	T5F    	B         	0	.0000	0	.0000	0	.0000	0	.0000	0	.0000	0	.0000
20110216	臺灣50期貨          	T5F    	C         	0	.0000	0	.0000	0	.0000	0	.0000	500	297100.0000	-500	-297100.0000
20110216	臺股期貨            	TXF    	A         	25641	44639011.0000	24845	43251682.0000	796	1387329.0000	6074	10422894.0000	3873	6589534.0000	2201	3833360.0000
20110216	臺股期貨            	TXF    	B         	488	848234.0000	417	727931.0000	71	120303.0000	1111	1916031.0000	384	662246.0000	727	1253785.0000
20110216	臺股期貨            	TXF    	C         	19131	33261380.0000	20129	34973250.0000	-998	-1711870.0000	18583	32019074.0000	31016	53343821.0000	-12433	-21324747.0000
20110216	非金電期貨          	XIF    	A         	483	554179.0000	395	453171.0000	88	101009.0000	169	192284.0000	20	22754.0000	149	169530.0000
20110216	非金電期貨          	XIF    	B         	0	.0000	0	.0000	0	.0000	18	20479.0000	0	.0000	18	20479.0000
20110216	非金電期貨          	XIF    	C         	377	431769.0000	292	334635.0000	85	97135.0000	50	56885.0000	31	35269.0000	19	21616.0000
20110217	電子期貨            	EXF    	A         	1020	1353055.0000	1113	1476057.0000	-93	-123002.0000	864	1141445.0000	57	75207.0000	807	1066238.0000
20110217	電子期貨            	EXF    	B         	0	.0000	0	.0000	0	.0000	184	243101.0000	84	110981.0000	100	132120.0000
20110217	電子期貨            	EXF    	C         	1301	1725566.0000	1271	1685212.0000	30	40354.0000	2071	2736205.0000	4673	6173933.0000	-2602	-3437728.0000
20110217	金融期貨            	FXF    	A         	915	886954.0000	901	874131.0000	14	12823.0000	1376	1328666.0000	473	456396.0000	903	872270.0000
20110217	金融期貨            	FXF    	B         	0	.0000	0	.0000	0	.0000	486	469282.0000	0	.0000	486	469282.0000
20110217	金融期貨            	FXF    	C         	1665	1614835.0000	1643	1593362.0000	22	21473.0000	1671	1613518.0000	6585	6358434.0000	-4914	-4744916.0000
20110217	櫃買期貨            	GTF    	A         	357	203066.0000	355	201941.0000	2	1126.0000	103	58405.0000	229	129919.0000	-126	-71514.0000
20110217	櫃買期貨            	GTF    	B         	0	.0000	0	.0000	0	.0000	65	36894.0000	10	5676.0000	55	31218.0000
20110217	櫃買期貨            	GTF    	C         	0	.0000	0	.0000	0	.0000	0	.0000	0	.0000	0	.0000
20110217	摩臺期              	MSF    	A         	0	.0000	0	.0000	0	.0000	8	7234.0000	0	.0000	8	7234.0000
20110217	摩臺期              	MSF    	B         	0	.0000	0	.0000	0	.0000	0	.0000	0	.0000	0	.0000
20110217	摩臺期              	MSF    	C         	0	.0000	0	.0000	0	.0000	0	.0000	0	.0000	0	.0000
20110217	小型臺指            	MXF    	A         	10209	4411085.0000	8335	3597612.0000	1874	813473.0000	2199	945814.0000	2216	938438.0000	-17	7376.0000
20110217	小型臺指            	MXF    	B         	0	.0000	0	.0000	0	.0000	0	.0000	26	11213.0000	-26	-11213.0000
20110217	小型臺指            	MXF    	C         	9795	4231409.0000	8900	3843596.0000	895	387812.0000	3207	1381470.0000	1425	593468.0000	1782	788002.0000
20110217	股票期貨            	STF    	A         	3753	351748.0000	4259	372982.0000	-506	-21234.0000	2156	179661.0000	3432	248516.0000	-1276	-68855.0000
20110217	股票期貨            	STF    	B         	0	.0000	0	.0000	0	.0000	0	.0000	0	.0000	0	.0000
20110217	股票期貨            	STF    	C         	248	27933.0000	333	33606.0000	-85	-5673.0000	48	6049.0000	4030	373439.0000	-3982	-367390.0000
20110217	臺灣50期貨          	T5F    	A         	0	.0000	0	.0000	0	.0000	500	297850.0000	0	.0000	500	297850.0000
20110217	臺灣50期貨          	T5F    	B         	0	.0000	0	.0000	0	.0000	0	.0000	0	.0000	0	.0000
20110217	臺灣50期貨          	T5F    	C         	0	.0000	0	.0000	0	.0000	0	.0000	500	297850.0000	-500	-297850.0000
20110217	臺股期貨            	TXF    	A         	24234	41885003.0000	24503	42331992.0000	-269	-446988.0000	6465	11095134.0000	4432	7547190.0000	2033	3547944.0000
20110217	臺股期貨            	TXF    	B         	46	79391.0000	139	239886.0000	-93	-160495.0000	1137	1961325.0000	503	867675.0000	634	1093650.0000
20110217	臺股期貨            	TXF    	C         	19348	33439658.0000	15062	26032188.0000	4286	7407469.0000	20418	35187177.0000	28503	49014154.0000	-8085	-13826977.0000
20110217	非金電期貨          	XIF    	A         	239	272017.0000	333	379073.0000	-94	-107056.0000	99	112835.0000	44	50096.0000	55	62739.0000
20110217	非金電期貨          	XIF    	B         	0	.0000	0	.0000	0	.0000	18	20527.0000	0	.0000	18	20527.0000
20110217	非金電期貨          	XIF    	C         	191	217422.0000	183	208502.0000	8	8921.0000	101	115180.0000	74	84368.0000	27	30812.0000
20110218	電子期貨            	EXF    	A         	920	1232154.0000	1006	1346841.0000	-86	-114687.0000	775	1037634.0000	54	72146.0000	721	965488.0000
20110218	電子期貨            	EXF    	B         	0	.0000	0	.0000	0	.0000	184	246376.0000	84	112476.0000	100	133900.0000
20110218	電子期貨            	EXF    	C         	1068	1431163.0000	892	1195049.0000	176	236114.0000	2418	3237702.0000	4844	6486077.0000	-2426	-3248375.0000
20110218	金融期貨            	FXF    	A         	1742	1736445.0000	1602	1601410.0000	140	135035.0000	1435	1447915.0000	392	394860.0000	1043	1053055.0000
20110218	金融期貨            	FXF    	B         	315	315664.0000	10	10080.0000	305	305584.0000	791	798119.0000	0	.0000	791	798119.0000
20110218	金融期貨            	FXF    	C         	2015	2013021.0000	3322	3321002.0000	-1307	-1307981.0000	1321	1332889.0000	7542	7609836.0000	-6221	-6276947.0000
20110218	櫃買期貨            	GTF    	A         	178	102284.0000	193	110928.0000	-15	-8644.0000	17	9792.0000	158	90850.0000	-141	-81058.0000
20110218	櫃買期貨            	GTF    	B         	0	.0000	0	.0000	0	.0000	65	37362.0000	10	5748.0000	55	31614.0000
20110218	櫃買期貨            	GTF    	C         	0	.0000	0	.0000	0	.0000	0	.0000	0	.0000	0	.0000
20110218	摩臺期              	MSF    	A         	0	.0000	0	.0000	0	.0000	8	7349.0000	0	.0000	8	7349.0000
20110218	摩臺期              	MSF    	B         	0	.0000	0	.0000	0	.0000	0	.0000	0	.0000	0	.0000
20110218	摩臺期              	MSF    	C         	0	.0000	0	.0000	0	.0000	0	.0000	0	.0000	0	.0000
20110218	小型臺指            	MXF    	A         	11261	4942265.0000	7837	3443070.0000	3424	1499196.0000	4773	2099495.0000	1446	620548.0000	3327	1478947.0000
20110218	小型臺指            	MXF    	B         	9	3969.0000	0	.0000	9	3969.0000	0	.0000	17	7488.0000	-17	-7488.0000
20110218	小型臺指            	MXF    	C         	10664	4682207.0000	9798	4304413.0000	866	377794.0000	2980	1310078.0000	1292	547590.0000	1688	762488.0000
20110218	股票期貨            	STF    	A         	4237	297599.0000	4641	340502.0000	-404	-42902.0000	2272	182559.0000	3952	295202.0000	-1680	-112643.0000
20110218	股票期貨            	STF    	B         	0	.0000	0	.0000	0	.0000	0	.0000	0	.0000	0	.0000
20110218	股票期貨            	STF    	C         	120	7328.0000	287	16122.0000	-167	-8794.0000	49	6173.0000	4198	387902.0000	-4149	-381729.0000
20110218	臺灣50期貨          	T5F    	A         	0	.0000	0	.0000	0	.0000	500	304100.0000	0	.0000	500	304100.0000
20110218	臺灣50期貨          	T5F    	B         	0	.0000	0	.0000	0	.0000	0	.0000	0	.0000	0	.0000
20110218	臺灣50期貨          	T5F    	C         	0	.0000	0	.0000	0	.0000	0	.0000	500	304100.0000	-500	-304100.0000
20110218	臺股期貨            	TXF    	A         	31830	55970200.0000	30652	53907204.0000	1178	2062996.0000	7041	12345207.0000	3810	6613384.0000	3231	5731823.0000
20110218	臺股期貨            	TXF    	B         	289	508520.0000	101	177830.0000	188	330689.0000	1297	2285055.0000	475	836855.0000	822	1448200.0000
20110218	臺股期貨            	TXF    	C         	14036	24691822.0000	14873	26164563.0000	-837	-1472741.0000	23417	41218326.0000	32099	56396146.0000	-8682	-15177820.0000
20110218	非金電期貨          	XIF    	A         	279	325296.0000	170	198211.0000	109	127084.0000	242	282422.0000	78	90996.0000	164	191426.0000
20110218	非金電期貨          	XIF    	B         	0	.0000	0	.0000	0	.0000	18	21010.0000	0	.0000	18	21010.0000
20110218	非金電期貨          	XIF    	C         	275	320554.0000	375	437569.0000	-100	-117015.0000	113	131894.0000	186	217091.0000	-73	-85197.0000
20110221	電子期貨            	EXF    	A         	792	1057055.0000	725	967601.0000	67	89454.0000	893	1194523.0000	105	140200.0000	788	1054323.0000
20110221	電子期貨            	EXF    	B         	0	.0000	0	.0000	0	.0000	184	246155.0000	84	112375.0000	100	133780.0000
20110221	電子期貨            	EXF    	C         	669	892679.0000	631	841857.0000	38	50821.0000	2663	3562561.0000	5051	6757176.0000	-2388	-3194615.0000
20110221	金融期貨            	FXF    	A         	917	915029.0000	1109	1105763.0000	-192	-190734.0000	1309	1310833.0000	458	458122.0000	851	852711.0000
20110221	金融期貨            	FXF    	B         	0	.0000	0	.0000	0	.0000	791	792107.0000	0	.0000	791	792107.0000
20110221	金融期貨            	FXF    	C         	1265	1260609.0000	1666	1663962.0000	-401	-403353.0000	1323	1324852.0000	7945	7956085.0000	-6622	-6631233.0000
20110221	櫃買期貨            	GTF    	A         	256	147700.0000	357	206120.0000	-101	-58420.0000	35	20227.0000	277	160384.0000	-242	-140157.0000
20110221	櫃買期貨            	GTF    	B         	0	.0000	0	.0000	0	.0000	65	37648.0000	10	5792.0000	55	31856.0000
20110221	櫃買期貨            	GTF    	C         	0	.0000	0	.0000	0	.0000	0	.0000	0	.0000	0	.0000
20110221	摩臺期              	MSF    	A         	0	.0000	0	.0000	0	.0000	8	7321.0000	0	.0000	8	7321.0000
20110221	摩臺期              	MSF    	B         	0	.0000	0	.0000	0	.0000	0	.0000	0	.0000	0	.0000
20110221	摩臺期              	MSF    	C         	0	.0000	0	.0000	0	.0000	0	.0000	0	.0000	0	.0000
20110221	小型臺指            	MXF    	A         	5125	2249096.0000	5898	2586620.0000	-773	-337524.0000	4117	1810428.0000	1559	669541.0000	2558	1140887.0000
20110221	小型臺指            	MXF    	B         	0	.0000	0	.0000	0	.0000	0	.0000	17	7488.0000	-17	-7488.0000
20110221	小型臺指            	MXF    	C         	6829	2996520.0000	7753	3401374.0000	-924	-404855.0000	2691	1183375.0000	1951	837529.0000	740	345846.0000
20110221	股票期貨            	STF    	A         	5046	338722.0000	5052	353068.0000	-6	-14346.0000	2503	185626.0000	4189	312069.0000	-1686	-126443.0000
20110221	股票期貨            	STF    	B         	0	.0000	0	.0000	0	.0000	0	.0000	0	.0000	0	.0000
20110221	股票期貨            	STF    	C         	87	4031.0000	198	11238.0000	-111	-7207.0000	50	6186.0000	4310	394409.0000	-4260	-388223.0000
20110221	臺灣50期貨          	T5F    	A         	0	.0000	0	.0000	0	.0000	500	303100.0000	0	.0000	500	303100.0000
20110221	臺灣50期貨          	T5F    	B         	0	.0000	0	.0000	0	.0000	0	.0000	0	.0000	0	.0000
20110221	臺灣50期貨          	T5F    	C         	0	.0000	0	.0000	0	.0000	0	.0000	500	303100.0000	-500	-303100.0000
20110221	臺股期貨            	TXF    	A         	16181	28414786.0000	17063	29960096.0000	-882	-1545310.0000	6103	10690484.0000	3755	6513998.0000	2348	4176486.0000
20110221	臺股期貨            	TXF    	B         	65	114273.0000	143	251042.0000	-78	-136769.0000	1297	2285055.0000	553	974275.0000	744	1310780.0000
20110221	臺股期貨            	TXF    	C         	10988	19294041.0000	10335	18150123.0000	653	1143918.0000	23052	40574178.0000	31075	54591564.0000	-8023	-14017386.0000
20110221	非金電期貨          	XIF    	A         	216	251405.0000	284	328891.0000	-68	-77485.0000	228	266934.0000	132	153096.0000	96	113838.0000
20110221	非金電期貨          	XIF    	B         	0	.0000	0	.0000	0	.0000	18	21092.0000	0	.0000	18	21092.0000
20110221	非金電期貨          	XIF    	C         	97	113281.0000	46	53702.0000	51	59579.0000	95	111321.0000	117	137075.0000	-22	-25754.0000
20110222	電子期貨            	EXF    	A         	959	1256310.0000	1176	1539443.0000	-217	-283133.0000	699	913949.0000	128	167094.0000	571	746855.0000
20110222	電子期貨            	EXF    	B         	10	13051.0000	0	.0000	10	13051.0000	194	253713.0000	84	109855.0000	110	143858.0000
20110222	電子期貨            	EXF    	C         	1703	2234892.0000	1532	2013043.0000	171	221850.0000	2795	3655301.0000	5012	6554664.0000	-2217	-2899363.0000
20110222	金融期貨            	FXF    	A         	1264	1234591.0000	1201	1172495.0000	63	62096.0000	1432	1403915.0000	518	507224.0000	914	896691.0000
20110222	金融期貨            	FXF    	B         	0	.0000	100	97535.0000	-100	-97535.0000	791	775496.0000	100	98040.0000	691	677456.0000
20110222	金融期貨            	FXF    	C         	1427	1392670.0000	1491	1455139.0000	-64	-62469.0000	1329	1302952.0000	8015	7857879.0000	-6686	-6554927.0000
20110222	櫃買期貨            	GTF    	A         	397	225418.0000	275	156022.0000	122	69395.0000	33	18716.0000	153	86918.0000	-120	-68202.0000
20110222	櫃買期貨            	GTF    	B         	0	.0000	0	.0000	0	.0000	65	36946.0000	10	5684.0000	55	31262.0000
20110222	櫃買期貨            	GTF    	C         	0	.0000	0	.0000	0	.0000	0	.0000	0	.0000	0	.0000
20110222	摩臺期              	MSF    	A         	0	.0000	0	.0000	0	.0000	8	7229.0000	0	.0000	8	7229.0000
20110222	摩臺期              	MSF    	B         	0	.0000	0	.0000	0	.0000	0	.0000	0	.0000	0	.0000
20110222	摩臺期              	MSF    	C         	0	.0000	0	.0000	0	.0000	0	.0000	0	.0000	0	.0000
20110222	小型臺指            	MXF    	A         	12785	5511057.0000	16489	7108222.0000	-3704	-1597166.0000	1980	850755.0000	3130	1329817.0000	-1150	-479062.0000
20110222	小型臺指            	MXF    	B         	0	.0000	0	.0000	0	.0000	0	.0000	17	7327.0000	-17	-7327.0000
20110222	小型臺指            	MXF    	C         	14465	6232311.0000	16206	6986708.0000	-1741	-754397.0000	2490	1071910.0000	1735	725307.0000	755	346603.0000
20110222	股票期貨            	STF    	A         	4185	321032.0000	4208	327009.0000	-23	-5977.0000	2827	209942.0000	4536	340156.0000	-1709	-130214.0000
20110222	股票期貨            	STF    	B         	0	.0000	0	.0000	0	.0000	0	.0000	0	.0000	0	.0000
20110222	股票期貨            	STF    	C         	209	13473.0000	377	18999.0000	-168	-5526.0000	81	9194.0000	4509	396691.0000	-4428	-387497.0000
20110222	臺灣50期貨          	T5F    	A         	0	.0000	0	.0000	0	.0000	500	298350.0000	0	.0000	500	298350.0000
20110222	臺灣50期貨          	T5F    	B         	0	.0000	0	.0000	0	.0000	0	.0000	0	.0000	0	.0000
20110222	臺灣50期貨          	T5F    	C         	0	.0000	0	.0000	0	.0000	0	.0000	500	298350.0000	-500	-298350.0000
20110222	臺股期貨            	TXF    	A         	35439	61098593.0000	38087	65646192.0000	-2648	-4547599.0000	5735	9831167.0000	6034	10296742.0000	-299	-465575.0000
20110222	臺股期貨            	TXF    	B         	20	34461.0000	268	462546.0000	-248	-428085.0000	1233	2125692.0000	737	1270588.0000	496	855104.0000
20110222	臺股期貨            	TXF    	C         	22517	38796078.0000	19355	33361244.0000	3162	5434834.0000	21945	37796796.0000	27244	46817903.0000	-5299	-9021107.0000
20110222	非金電期貨          	XIF    	A         	519	595427.0000	552	632912.0000	-33	-37485.0000	244	279743.0000	181	206041.0000	63	73702.0000
20110222	非金電期貨          	XIF    	B         	0	.0000	0	.0000	0	.0000	18	20660.0000	0	.0000	18	20660.0000
20110222	非金電期貨          	XIF    	C         	224	257051.0000	235	270075.0000	-11	-13024.0000	30	34434.0000	63	72291.0000	-33	-37857.0000
20110223	電子期貨            	EXF    	A         	780	1014804.0000	896	1166521.0000	-116	-151717.0000	625	809760.0000	170	219827.0000	455	589933.0000
20110223	電子期貨            	EXF    	B         	0	.0000	0	.0000	0	.0000	194	251424.0000	84	108864.0000	110	142560.0000
20110223	電子期貨            	EXF    	C         	909	1182795.0000	785	1020349.0000	124	162445.0000	2974	3854304.0000	5067	6566777.0000	-2093	-2712473.0000
20110223	金融期貨            	FXF    	A         	1010	986568.0000	1121	1094459.0000	-111	-107891.0000	1330	1290627.0000	527	510603.0000	803	780024.0000
20110223	金融期貨            	FXF    	B         	0	.0000	648	631949.0000	-648	-631949.0000	143	138767.0000	100	97040.0000	43	41727.0000
20110223	金融期貨            	FXF    	C         	1956	1907086.0000	1593	1554534.0000	363	352552.0000	1485	1441044.0000	7808	7576838.0000	-6323	-6135794.0000
20110223	櫃買期貨            	GTF    	A         	228	128248.0000	218	122666.0000	10	5582.0000	29	16094.0000	139	77285.0000	-110	-61191.0000
20110223	櫃買期貨            	GTF    	B         	0	.0000	0	.0000	0	.0000	65	36153.0000	10	5562.0000	55	30591.0000
20110223	櫃買期貨            	GTF    	C         	0	.0000	0	.0000	0	.0000	0	.0000	0	.0000	0	.0000
20110223	摩臺期              	MSF    	A         	0	.0000	0	.0000	0	.0000	8	7157.0000	0	.0000	8	7157.0000
20110223	摩臺期              	MSF    	B         	0	.0000	0	.0000	0	.0000	0	.0000	0	.0000	0	.0000
20110223	摩臺期              	MSF    	C         	0	.0000	0	.0000	0	.0000	0	.0000	0	.0000	0	.0000
20110223	小型臺指            	MXF    	A         	10238	4377504.0000	13111	5607168.0000	-2873	-1229665.0000	1525	646861.0000	5616	2371634.0000	-4091	-1724773.0000
20110223	小型臺指            	MXF    	B         	0	.0000	0	.0000	0	.0000	0	.0000	17	7243.0000	-17	-7243.0000
20110223	小型臺指            	MXF    	C         	13094	5599483.0000	13748	5878616.0000	-654	-279132.0000	2377	1010794.0000	1816	748837.0000	561	261957.0000
20110223	股票期貨            	STF    	A         	4616	369119.0000	4851	375901.0000	-235	-6782.0000	2706	219910.0000	4650	353392.0000	-1944	-133482.0000
20110223	股票期貨            	STF    	B         	0	.0000	0	.0000	0	.0000	0	.0000	0	.0000	0	.0000
20110223	股票期貨            	STF    	C         	244	12371.0000	333	20950.0000	-89	-8579.0000	82	9271.0000	4599	395905.0000	-4517	-386634.0000
20110223	臺灣50期貨          	T5F    	A         	0	.0000	0	.0000	0	.0000	500	294600.0000	0	.0000	500	294600.0000
20110223	臺灣50期貨          	T5F    	B         	0	.0000	0	.0000	0	.0000	0	.0000	0	.0000	0	.0000
20110223	臺灣50期貨          	T5F    	C         	0	.0000	0	.0000	0	.0000	0	.0000	500	294600.0000	-500	-294600.0000
20110223	臺股期貨            	TXF    	A         	33124	56645361.0000	31601	54058264.0000	1523	2587097.0000	7500	12723279.0000	6259	10555212.0000	1241	2168067.0000
20110223	臺股期貨            	TXF    	B         	23	39175.0000	1032	1765494.0000	-1009	-1726319.0000	1076	1833706.0000	1589	2707974.0000	-513	-874268.0000
20110223	臺股期貨            	TXF    	C         	15172	25961137.0000	14918	25537529.0000	254	423608.0000	21734	36997675.0000	26894	45681215.0000	-5160	-8683540.0000
20110223	非金電期貨          	XIF    	A         	295	335819.0000	377	428780.0000	-82	-92961.0000	181	204203.0000	200	224262.0000	-19	-20059.0000
20110223	非金電期貨          	XIF    	B         	0	.0000	0	.0000	0	.0000	18	20351.0000	0	.0000	18	20351.0000
20110223	非金電期貨          	XIF    	C         	254	289008.0000	152	172385.0000	102	116624.0000	118	133411.0000	49	55364.0000	69	78047.0000
20110224	電子期貨            	EXF    	A         	527	686190.0000	637	829634.0000	-110	-143444.0000	543	705370.0000	198	256902.0000	345	448468.0000
20110224	電子期貨            	EXF    	B         	0	.0000	0	.0000	0	.0000	194	252084.0000	84	109150.0000	110	142934.0000
20110224	電子期貨            	EXF    	C         	481	626346.0000	634	825343.0000	-153	-198997.0000	2873	3733176.0000	5119	6651589.0000	-2246	-2918413.0000
20110224	金融期貨            	FXF    	A         	806	786684.0000	783	763870.0000	23	22814.0000	1309	1268672.0000	483	467279.0000	826	801393.0000
20110224	金融期貨            	FXF    	B         	0	.0000	0	.0000	0	.0000	143	138596.0000	100	96920.0000	43	41676.0000
20110224	金融期貨            	FXF    	C         	1121	1094073.0000	1035	1007946.0000	86	86128.0000	1568	1519706.0000	7805	7564508.0000	-6237	-6044802.0000
20110224	櫃買期貨            	GTF    	A         	167	93214.0000	168	93778.0000	-1	-564.0000	35	19481.0000	146	81334.0000	-111	-61853.0000
20110224	櫃買期貨            	GTF    	B         	0	.0000	0	.0000	0	.0000	65	36218.0000	10	5572.0000	55	30646.0000
20110224	櫃買期貨            	GTF    	C         	0	.0000	0	.0000	0	.0000	0	.0000	0	.0000	0	.0000
20110224	摩臺期              	MSF    	A         	0	.0000	0	.0000	0	.0000	8	7199.0000	0	.0000	8	7199.0000
20110224	摩臺期              	MSF    	B         	0	.0000	0	.0000	0	.0000	0	.0000	0	.0000	0	.0000
20110224	摩臺期              	MSF    	C         	0	.0000	0	.0000	0	.0000	0	.0000	0	.0000	0	.0000
20110224	小型臺指            	MXF    	A         	8060	3446636.0000	7581	3240532.0000	479	206105.0000	1453	615633.0000	5149	2175463.0000	-3696	-1559830.0000
20110224	小型臺指            	MXF    	B         	0	.0000	10	4279.0000	-10	-4279.0000	0	.0000	27	11517.0000	-27	-11517.0000
20110224	小型臺指            	MXF    	C         	11620	4970529.0000	10688	4570292.0000	932	400238.0000	3454	1470875.0000	1877	774904.0000	1577	695971.0000
20110224	股票期貨            	STF    	A         	3098	209991.0000	3399	259244.0000	-301	-49254.0000	2666	201167.0000	4911	384667.0000	-2245	-183500.0000
20110224	股票期貨            	STF    	B         	0	.0000	0	.0000	0	.0000	0	.0000	0	.0000	0	.0000
20110224	股票期貨            	STF    	C         	179	16179.0000	205	16926.0000	-26	-747.0000	80	8856.0000	4623	398695.0000	-4543	-389839.0000
20110224	臺灣50期貨          	T5F    	A         	0	.0000	0	.0000	0	.0000	500	293800.0000	0	.0000	500	293800.0000
20110224	臺灣50期貨          	T5F    	B         	0	.0000	0	.0000	0	.0000	0	.0000	0	.0000	0	.0000
20110224	臺灣50期貨          	T5F    	C         	0	.0000	0	.0000	0	.0000	0	.0000	500	293800.0000	-500	-293800.0000
20110224	臺股期貨            	TXF    	A         	27379	46849834.0000	27698	47387072.0000	-319	-537239.0000	8547	14523154.0000	7604	12860090.0000	943	1663064.0000
20110224	臺股期貨            	TXF    	B         	90	154400.0000	175	299053.0000	-85	-144654.0000	1071	1827328.0000	1669	2847648.0000	-598	-1020320.0000
20110224	臺股期貨            	TXF    	C         	15742	26930959.0000	14397	24636893.0000	1345	2294066.0000	22304	38008125.0000	26139	44446047.0000	-3835	-6437922.0000
20110224	非金電期貨          	XIF    	A         	137	155485.0000	175	198478.0000	-38	-42993.0000	178	200832.0000	235	263826.0000	-57	-62994.0000
20110224	非金電期貨          	XIF    	B         	0	.0000	0	.0000	0	.0000	18	20333.0000	0	.0000	18	20333.0000
20110224	非金電期貨          	XIF    	C         	72	81695.0000	58	65861.0000	14	15834.0000	130	146848.0000	47	53075.0000	83	93773.0000
20110225	電子期貨            	EXF    	A         	1555	2042317.0000	1280	1680756.0000	275	361561.0000	832	1102203.0000	212	280578.0000	620	821625.0000
20110225	電子期貨            	EXF    	B         	0	.0000	47	62117.0000	-47	-62117.0000	147	194804.0000	84	111317.0000	63	83487.0000
20110225	電子期貨            	EXF    	C         	1333	1750318.0000	1951	2560149.0000	-618	-809831.0000	2301	3049270.0000	5165	6844622.0000	-2864	-3795352.0000
20110225	金融期貨            	FXF    	A         	1422	1372320.0000	1666	1607438.0000	-244	-235119.0000	1174	1137359.0000	592	572470.0000	582	564889.0000
20110225	金融期貨            	FXF    	B         	0	.0000	0	.0000	0	.0000	143	138538.0000	100	96880.0000	43	41658.0000
20110225	金融期貨            	FXF    	C         	2669	2569491.0000	2624	2529630.0000	45	39861.0000	1558	1509390.0000	7750	7508120.0000	-6192	-5998730.0000
20110225	櫃買期貨            	GTF    	A         	166	93052.0000	199	111675.0000	-33	-18623.0000	33	18578.0000	177	100044.0000	-144	-81466.0000
20110225	櫃買期貨            	GTF    	B         	10	5618.0000	0	.0000	10	5618.0000	65	36764.0000	0	.0000	65	36764.0000
20110225	櫃買期貨            	GTF    	C         	0	.0000	0	.0000	0	.0000	0	.0000	0	.0000	0	.0000
20110225	摩臺期              	MSF    	A         	0	.0000	0	.0000	0	.0000	8	7280.0000	0	.0000	8	7280.0000
20110225	摩臺期              	MSF    	B         	0	.0000	0	.0000	0	.0000	0	.0000	0	.0000	0	.0000
20110225	摩臺期              	MSF    	C         	0	.0000	0	.0000	0	.0000	0	.0000	0	.0000	0	.0000
20110225	小型臺指            	MXF    	A         	16221	6928232.0000	16681	7118118.0000	-460	-189886.0000	1909	818228.0000	6065	2591659.0000	-4156	-1773431.0000
20110225	小型臺指            	MXF    	B         	0	.0000	0	.0000	0	.0000	0	.0000	27	11630.0000	-27	-11630.0000
20110225	小型臺指            	MXF    	C         	19103	8158664.0000	18516	7910774.0000	587	247890.0000	4273	1837789.0000	2053	860217.0000	2220	977572.0000
20110225	股票期貨            	STF    	A         	5150	386372.0000	5155	394799.0000	-5	-8427.0000	2760	199128.0000	5010	392327.0000	-2250	-193199.0000
20110225	股票期貨            	STF    	B         	0	.0000	0	.0000	0	.0000	0	.0000	0	.0000	0	.0000
20110225	股票期貨            	STF    	C         	225	17348.0000	225	15661.0000	0	1687.0000	95	12625.0000	4638	402717.0000	-4543	-390092.0000
20110225	臺灣50期貨          	T5F    	A         	0	.0000	0	.0000	0	.0000	500	293800.0000	0	.0000	500	293800.0000
20110225	臺灣50期貨          	T5F    	B         	0	.0000	0	.0000	0	.0000	0	.0000	0	.0000	0	.0000
20110225	臺灣50期貨          	T5F    	C         	0	.0000	0	.0000	0	.0000	0	.0000	500	293800.0000	-500	-293800.0000
20110225	臺股期貨            	TXF    	A         	45729	78194242.0000	41232	70459997.0000	4497	7734244.0000	11932	20498565.0000	6492	11073172.0000	5440	9425393.0000
20110225	臺股期貨            	TXF    	B         	659	1129936.0000	471	802915.0000	188	327021.0000	1001	1724710.0000	1411	2431153.0000	-410	-706443.0000
20110225	臺股期貨            	TXF    	C         	21427	36600825.0000	22723	38884145.0000	-1296	-2283320.0000	23029	39632317.0000	28175	48395163.0000	-5146	-8762846.0000
20110225	非金電期貨          	XIF    	A         	250	281182.0000	276	309671.0000	-26	-28489.0000	113	127508.0000	196	219879.0000	-83	-92371.0000
20110225	非金電期貨          	XIF    	B         	0	.0000	0	.0000	0	.0000	18	20333.0000	0	.0000	18	20333.0000
20110225	非金電期貨          	XIF    	C         	240	269211.0000	154	173023.0000	86	96188.0000	197	222531.0000	28	31619.0000	169	190912.0000
