20080701	電子期貨            	EXF    	A         	1042	1185919.0000	584	661216.0000	458	524703.0000	3970	4453966.0000	388	432194.0000	3582	4021772.0000
20080701	電子期貨            	EXF    	B         	0	.0000	6	6799.0000	-6	-6799.0000	126	141372.0000	215	241230.0000	-89	-99858.0000
20080701	電子期貨            	EXF    	C         	868	986060.0000	1644	1872034.0000	-776	-885974.0000	2273	2548191.0000	7123	7989670.0000	-4850	-5441479.0000
20080701	金融期貨            	FXF    	A         	417	412377.0000	719	709274.0000	-302	-296897.0000	1661	1615690.0000	580	562930.0000	1081	1052760.0000
20080701	金融期貨            	FXF    	B         	0	.0000	0	.0000	0	.0000	152	147866.0000	0	.0000	152	147866.0000
20080701	金融期貨            	FXF    	C         	435	430121.0000	150	148354.0000	285	281767.0000	2956	2875299.0000	8331	8104341.0000	-5375	-5229042.0000
20080701	櫃買期貨            	GTF    	A         	1737	804042.0000	1721	796651.0000	16	7391.0000	81	36942.0000	47	21415.0000	34	15527.0000
20080701	櫃買期貨            	GTF    	B         	0	.0000	0	.0000	0	.0000	0	.0000	56	25570.0000	-56	-25570.0000
20080701	櫃買期貨            	GTF    	C         	0	.0000	0	.0000	0	.0000	0	.0000	0	.0000	0	.0000
20080701	摩臺期              	MSF    	A         	0	.0000	0	.0000	0	.0000	20	17360.0000	15	13020.0000	5	4340.0000
20080701	摩臺期              	MSF    	B         	0	.0000	0	.0000	0	.0000	0	.0000	0	.0000	0	.0000
20080701	摩臺期              	MSF    	C         	0	.0000	0	.0000	0	.0000	0	.0000	0	.0000	0	.0000
20080701	小型臺指            	MXF    	A         	3140	1158716.0000	3558	1311018.0000	-418	-152302.0000	210	74938.0000	8176	2972357.0000	-7966	-2897419.0000
20080701	小型臺指            	MXF    	B         	0	.0000	0	.0000	0	.0000	0	.0000	13	4742.0000	-13	-4742.0000
20080701	小型臺指            	MXF    	C         	169	62967.0000	486	178847.0000	-317	-115880.0000	0	.0000	1532	558874.0000	-1532	-558874.0000
20080701	臺灣50期貨          	T5F    	A         	0	.0000	0	.0000	0	.0000	0	.0000	0	.0000	0	.0000
20080701	臺灣50期貨          	T5F    	B         	0	.0000	0	.0000	0	.0000	0	.0000	0	.0000	0	.0000
20080701	臺灣50期貨          	T5F    	C         	0	.0000	0	.0000	0	.0000	0	.0000	0	.0000	0	.0000
20080701	臺股期貨            	TXF    	A         	13176	19455846.0000	14504	21413208.0000	-1328	-1957362.0000	2369	3441146.0000	11773	17145922.0000	-9404	-13704776.0000
20080701	臺股期貨            	TXF    	B         	645	953888.0000	321	473803.0000	324	480086.0000	937	1367243.0000	6435	9376799.0000	-5498	-8009556.0000
20080701	臺股期貨            	TXF    	C         	5870	8668991.0000	8204	12123099.0000	-2334	-3454107.0000	26524	38652067.0000	29541	43010182.0000	-3017	-4358115.0000
20080701	非金電期貨          	XIF    	A         	1442	1285487.0000	1568	1399136.0000	-126	-113649.0000	1421	1264440.0000	325	288706.0000	1096	975734.0000
20080701	非金電期貨          	XIF    	B         	0	.0000	0	.0000	0	.0000	11	9803.0000	0	.0000	11	9803.0000
20080701	非金電期貨          	XIF    	C         	0	.0000	5	4569.0000	-5	-4569.0000	236	210323.0000	1455	1295763.0000	-1219	-1085440.0000
20080702	電子期貨            	EXF    	A         	715	810567.0000	809	916920.0000	-94	-106353.0000	4185	4691676.0000	697	777551.0000	3488	3914125.0000
20080702	電子期貨            	EXF    	B         	92	104424.0000	25	28207.0000	67	76217.0000	118	132280.0000	140	156968.0000	-22	-24688.0000
20080702	電子期貨            	EXF    	C         	829	940569.0000	691	783242.0000	138	157328.0000	2218	2484765.0000	6930	7767496.0000	-4712	-5282731.0000
20080702	金融期貨            	FXF    	A         	1395	1327031.0000	847	801567.0000	548	525464.0000	1908	1770114.0000	279	257037.0000	1629	1513077.0000
20080702	金融期貨            	FXF    	B         	31	28874.0000	88	82539.0000	-57	-53664.0000	183	169767.0000	88	81646.0000	95	88121.0000
20080702	金融期貨            	FXF    	C         	1378	1289629.0000	1296	1234499.0000	82	55130.0000	2893	2683809.0000	8186	7594926.0000	-5293	-4911117.0000
20080702	櫃買期貨            	GTF    	A         	177	81558.0000	188	86647.0000	-11	-5088.0000	75	35029.0000	52	24222.0000	23	10807.0000
20080702	櫃買期貨            	GTF    	B         	0	.0000	0	.0000	0	.0000	0	.0000	56	26208.0000	-56	-26208.0000
20080702	櫃買期貨            	GTF    	C         	0	.0000	0	.0000	0	.0000	0	.0000	0	.0000	0	.0000
20080702	摩臺期              	MSF    	A         	2	1746.0000	2	1746.0000	0	.0000	22	18858.0000	17	14572.0000	5	4286.0000
20080702	摩臺期              	MSF    	B         	0	.0000	0	.0000	0	.0000	0	.0000	0	.0000	0	.0000
20080702	摩臺期              	MSF    	C         	0	.0000	0	.0000	0	.0000	0	.0000	0	.0000	0	.0000
20080702	小型臺指            	MXF    	A         	3924	1436715.0000	3668	1338285.0000	256	98430.0000	207	73271.0000	8741	3155854.0000	-8534	-3082583.0000
20080702	小型臺指            	MXF    	B         	0	.0000	0	.0000	0	.0000	0	.0000	13	4711.0000	-13	-4711.0000
20080702	小型臺指            	MXF    	C         	347	127669.0000	61	22159.0000	286	105509.0000	262	94936.0000	1508	546424.0000	-1246	-451488.0000
20080702	臺灣50期貨          	T5F    	A         	0	.0000	0	.0000	0	.0000	0	.0000	0	.0000	0	.0000
20080702	臺灣50期貨          	T5F    	B         	0	.0000	0	.0000	0	.0000	0	.0000	0	.0000	0	.0000
20080702	臺灣50期貨          	T5F    	C         	0	.0000	0	.0000	0	.0000	0	.0000	0	.0000	0	.0000
20080702	臺股期貨            	TXF    	A         	15692	22986862.0000	15241	22302441.0000	451	684421.0000	2401	3463088.0000	11148	16114176.0000	-8747	-12651088.0000
20080702	臺股期貨            	TXF    	B         	215	313824.0000	186	272201.0000	29	41623.0000	1028	1489956.0000	6497	9403015.0000	-5469	-7913059.0000
20080702	臺股期貨            	TXF    	C         	7242	10595766.0000	9279	13575427.0000	-2037	-2979661.0000	25326	36650000.0000	30390	43951611.0000	-5064	-7301611.0000
20080702	非金電期貨          	XIF    	A         	578	517666.0000	543	486462.0000	35	31204.0000	1439	1281362.0000	308	273832.0000	1131	1007530.0000
20080702	非金電期貨          	XIF    	B         	1	881.0000	0	.0000	1	881.0000	12	10685.0000	0	.0000	12	10685.0000
20080702	非金電期貨          	XIF    	C         	0	.0000	4	3602.0000	-4	-3602.0000	236	210465.0000	1459	1300256.0000	-1223	-1089791.0000
20080703	電子期貨            	EXF    	A         	729	813086.0000	1200	1340138.0000	-471	-527052.0000	4029	4565943.0000	1012	1143212.0000	3017	3422731.0000
20080703	電子期貨            	EXF    	B         	11	12441.0000	0	.0000	11	12441.0000	119	134851.0000	130	147342.0000	-11	-12491.0000
20080703	電子期貨            	EXF    	C         	923	1025597.0000	803	893343.0000	120	132254.0000	2133	2415253.0000	6725	7619518.0000	-4592	-5204265.0000
20080703	金融期貨            	FXF    	A         	878	804582.0000	1161	1061664.0000	-283	-257083.0000	1730	1623606.0000	384	357783.0000	1346	1265823.0000
20080703	金融期貨            	FXF    	B         	12	11256.0000	40	36342.0000	-28	-25086.0000	195	182984.0000	128	120141.0000	67	62843.0000
20080703	金融期貨            	FXF    	C         	1259	1152244.0000	641	583609.0000	618	568634.0000	3347	3141048.0000	8022	7529133.0000	-4675	-4388085.0000
20080703	櫃買期貨            	GTF    	A         	255	118116.0000	229	105898.0000	26	12217.0000	100	48982.0000	51	24998.0000	49	23984.0000
20080703	櫃買期貨            	GTF    	B         	11	5102.0000	45	21132.0000	-34	-16029.0000	0	.0000	90	44094.0000	-90	-44094.0000
20080703	櫃買期貨            	GTF    	C         	0	.0000	0	.0000	0	.0000	0	.0000	0	.0000	0	.0000
20080703	摩臺期              	MSF    	A         	8	6732.0000	8	6728.0000	0	5.0000	27	22982.0000	22	18726.0000	5	4256.0000
20080703	摩臺期              	MSF    	B         	0	.0000	0	.0000	0	.0000	0	.0000	0	.0000	0	.0000
20080703	摩臺期              	MSF    	C         	0	.0000	0	.0000	0	.0000	0	.0000	0	.0000	0	.0000
20080703	小型臺指            	MXF    	A         	6579	2364511.0000	5262	1891121.0000	1317	473390.0000	1495	543289.0000	8668	3152405.0000	-7173	-2609116.0000
20080703	小型臺指            	MXF    	B         	0	.0000	0	.0000	0	.0000	0	.0000	13	4742.0000	-13	-4742.0000
20080703	小型臺指            	MXF    	C         	336	120964.0000	278	100326.0000	58	20638.0000	236	86093.0000	1424	519475.0000	-1188	-433382.0000
20080703	臺灣50期貨          	T5F    	A         	0	.0000	0	.0000	0	.0000	0	.0000	0	.0000	0	.0000
20080703	臺灣50期貨          	T5F    	B         	0	.0000	0	.0000	0	.0000	0	.0000	0	.0000	0	.0000
20080703	臺灣50期貨          	T5F    	C         	0	.0000	0	.0000	0	.0000	0	.0000	0	.0000	0	.0000
20080703	臺股期貨            	TXF    	A         	21937	31598054.0000	21569	31008494.0000	368	589560.0000	3099	4502204.0000	11489	16709070.0000	-8390	-12206866.0000
20080703	臺股期貨            	TXF    	B         	1035	1504681.0000	895	1283866.0000	140	220815.0000	897	1308876.0000	6226	9071081.0000	-5329	-7762205.0000
20080703	臺股期貨            	TXF    	C         	10514	15061382.0000	9913	14285504.0000	601	775878.0000	25746	37501379.0000	30209	43989730.0000	-4463	-6488351.0000
20080703	非金電期貨          	XIF    	A         	799	700095.0000	734	643460.0000	65	56635.0000	1377	1231629.0000	181	161267.0000	1196	1070362.0000
20080703	非金電期貨          	XIF    	B         	0	.0000	0	.0000	0	.0000	12	10735.0000	0	.0000	12	10735.0000
20080703	非金電期貨          	XIF    	C         	0	.0000	0	.0000	0	.0000	236	211503.0000	1459	1306522.0000	-1223	-1095019.0000
20080704	電子期貨            	EXF    	A         	854	954886.0000	701	785011.0000	153	169875.0000	3894	4293704.0000	724	794591.0000	3170	3499113.0000
20080704	電子期貨            	EXF    	B         	0	.0000	0	.0000	0	.0000	119	131212.0000	130	143364.0000	-11	-12152.0000
20080704	電子期貨            	EXF    	C         	402	452276.0000	331	370699.0000	71	81577.0000	2003	2206871.0000	6524	7192299.0000	-4521	-4985428.0000
20080704	金融期貨            	FXF    	A         	660	617896.0000	858	803418.0000	-198	-185521.0000	1551	1429243.0000	403	369166.0000	1148	1060077.0000
20080704	金融期貨            	FXF    	B         	8	7446.0000	44	41066.0000	-36	-33620.0000	203	187046.0000	172	158515.0000	31	28531.0000
20080704	金融期貨            	FXF    	C         	572	534398.0000	237	221949.0000	335	312449.0000	3562	3282336.0000	7902	7282220.0000	-4340	-3999884.0000
20080704	櫃買期貨            	GTF    	A         	309	149232.0000	289	139688.0000	20	9543.0000	104	49363.0000	35	16629.0000	69	32734.0000
20080704	櫃買期貨            	GTF    	B         	1	481.0000	21	10152.0000	-20	-9670.0000	0	.0000	110	52265.0000	-110	-52265.0000
20080704	櫃買期貨            	GTF    	C         	0	.0000	0	.0000	0	.0000	0	.0000	0	.0000	0	.0000
20080704	摩臺期              	MSF    	A         	4	3414.0000	4	3414.0000	0	.0000	25	21154.0000	20	16923.0000	5	4231.0000
20080704	摩臺期              	MSF    	B         	0	.0000	0	.0000	0	.0000	0	.0000	0	.0000	0	.0000
20080704	摩臺期              	MSF    	C         	0	.0000	0	.0000	0	.0000	0	.0000	0	.0000	0	.0000
20080704	小型臺指            	MXF    	A         	4203	1514938.0000	3673	1325327.0000	530	189611.0000	265	92110.0000	8488	3004133.0000	-8223	-2912023.0000
20080704	小型臺指            	MXF    	B         	0	.0000	0	.0000	0	.0000	0	.0000	13	4617.0000	-13	-4617.0000
20080704	小型臺指            	MXF    	C         	0	.0000	640	231317.0000	-640	-231317.0000	0	.0000	1828	649214.0000	-1828	-649214.0000
20080704	臺灣50期貨          	T5F    	A         	0	.0000	0	.0000	0	.0000	0	.0000	0	.0000	0	.0000
20080704	臺灣50期貨          	T5F    	B         	0	.0000	0	.0000	0	.0000	0	.0000	0	.0000	0	.0000
20080704	臺灣50期貨          	T5F    	C         	0	.0000	0	.0000	0	.0000	0	.0000	0	.0000	0	.0000
20080704	臺股期貨            	TXF    	A         	12748	18438795.0000	14252	20568826.0000	-1504	-2130031.0000	2484	3510833.0000	11983	16962167.0000	-9499	-13451334.0000
20080704	臺股期貨            	TXF    	B         	380	552122.0000	340	488986.0000	40	63136.0000	903	1282749.0000	6192	8782131.0000	-5289	-7499382.0000
20080704	臺股期貨            	TXF    	C         	6552	9430777.0000	4587	6633280.0000	1965	2797498.0000	25633	36347038.0000	28131	39874289.0000	-2498	-3527251.0000
20080704	非金電期貨          	XIF    	A         	375	331464.0000	354	313467.0000	21	17997.0000	1336	1155954.0000	119	102423.0000	1217	1053531.0000
20080704	非金電期貨          	XIF    	B         	0	.0000	0	.0000	0	.0000	12	10386.0000	0	.0000	12	10386.0000
20080704	非金電期貨          	XIF    	C         	1	893.0000	8	7109.0000	-7	-6216.0000	236	204612.0000	1466	1270063.0000	-1230	-1065451.0000
20080707	電子期貨            	EXF    	A         	554	615558.0000	696	773436.0000	-142	-157878.0000	3776	4232714.0000	748	833883.0000	3028	3398831.0000
20080707	電子期貨            	EXF    	B         	0	.0000	0	.0000	0	.0000	119	133402.0000	130	145756.0000	-11	-12354.0000
20080707	電子期貨            	EXF    	C         	253	280649.0000	136	150993.0000	117	129657.0000	2032	2276222.0000	6436	7213516.0000	-4404	-4937294.0000
20080707	金融期貨            	FXF    	A         	522	487620.0000	442	412837.0000	80	74783.0000	1641	1547969.0000	413	387477.0000	1228	1160492.0000
20080707	金融期貨            	FXF    	B         	1	944.0000	0	.0000	1	944.0000	204	192421.0000	172	162265.0000	32	30156.0000
20080707	金融期貨            	FXF    	C         	207	194209.0000	104	97639.0000	103	96571.0000	3619	3413824.0000	7856	7411122.0000	-4237	-3997298.0000
20080707	櫃買期貨            	GTF    	A         	168	79054.0000	185	87143.0000	-17	-8090.0000	84	40452.0000	32	15396.0000	52	25056.0000
20080707	櫃買期貨            	GTF    	B         	1	462.0000	1	455.0000	0	7.0000	0	.0000	110	52981.0000	-110	-52981.0000
20080707	櫃買期貨            	GTF    	C         	0	.0000	0	.0000	0	.0000	0	.0000	0	.0000	0	.0000
20080707	摩臺期              	MSF    	A         	7	5895.0000	8	6732.0000	-1	-837.0000	28	23930.0000	24	20512.0000	4	3418.0000
20080707	摩臺期              	MSF    	B         	0	.0000	0	.0000	0	.0000	0	.0000	0	.0000	0	.0000
20080707	摩臺期              	MSF    	C         	0	.0000	0	.0000	0	.0000	0	.0000	0	.0000	0	.0000
20080707	小型臺指            	MXF    	A         	5271	1888690.0000	3051	1092686.0000	2220	796005.0000	374	132865.0000	7581	2740769.0000	-7207	-2607904.0000
20080707	小型臺指            	MXF    	B         	0	.0000	0	.0000	0	.0000	0	.0000	13	4718.0000	-13	-4718.0000
20080707	小型臺指            	MXF    	C         	489	175054.0000	38	13789.0000	451	161265.0000	0	.0000	1377	499713.0000	-1377	-499713.0000
20080707	臺灣50期貨          	T5F    	A         	0	.0000	0	.0000	0	.0000	0	.0000	0	.0000	0	.0000
20080707	臺灣50期貨          	T5F    	B         	0	.0000	0	.0000	0	.0000	0	.0000	0	.0000	0	.0000
20080707	臺灣50期貨          	T5F    	C         	0	.0000	0	.0000	0	.0000	0	.0000	0	.0000	0	.0000
20080707	臺股期貨            	TXF    	A         	14007	20088735.0000	12607	18067403.0000	1400	2021332.0000	3715	5372248.0000	11513	16648305.0000	-7798	-11276057.0000
20080707	臺股期貨            	TXF    	B         	320	463115.0000	663	950084.0000	-343	-486968.0000	945	1371709.0000	6577	9532040.0000	-5632	-8160331.0000
20080707	臺股期貨            	TXF    	C         	6811	9760492.0000	5444	7814181.0000	1367	1946311.0000	26703	38686516.0000	27833	40305851.0000	-1130	-1619335.0000
20080707	非金電期貨          	XIF    	A         	520	452749.0000	543	472764.0000	-23	-20015.0000	1324	1182696.0000	130	115425.0000	1194	1067271.0000
20080707	非金電期貨          	XIF    	B         	2	1752.0000	0	.0000	2	1752.0000	14	12474.0000	0	.0000	14	12474.0000
20080707	非金電期貨          	XIF    	C         	11	9659.0000	0	.0000	11	9659.0000	236	211267.0000	1455	1301483.0000	-1219	-1090216.0000
20080708	電子期貨            	EXF    	A         	1081	1180180.0000	1521	1661168.0000	-440	-480988.0000	3269	3533862.0000	681	731234.0000	2588	2802628.0000
20080708	電子期貨            	EXF    	B         	1	1086.0000	0	.0000	1	1086.0000	120	129725.0000	130	140582.0000	-10	-10857.0000
20080708	電子期貨            	EXF    	C         	947	1031159.0000	779	852345.0000	168	178813.0000	1911	2064480.0000	6147	6644408.0000	-4236	-4579928.0000
20080708	金融期貨            	FXF    	A         	928	838218.0000	1016	919788.0000	-88	-81570.0000	1449	1293186.0000	309	273861.0000	1140	1019325.0000
20080708	金融期貨            	FXF    	B         	0	.0000	68	61162.0000	-68	-61162.0000	186	165998.0000	222	198157.0000	-36	-32159.0000
20080708	金融期貨            	FXF    	C         	710	642783.0000	367	331672.0000	343	311111.0000	3531	3151510.0000	7425	6627193.0000	-3894	-3475683.0000
20080708	櫃買期貨            	GTF    	A         	133	62628.0000	122	57231.0000	11	5397.0000	95	43287.0000	32	14587.0000	63	28700.0000
20080708	櫃買期貨            	GTF    	B         	0	.0000	0	.0000	0	.0000	0	.0000	110	50153.0000	-110	-50153.0000
20080708	櫃買期貨            	GTF    	C         	0	.0000	0	.0000	0	.0000	0	.0000	0	.0000	0	.0000
20080708	摩臺期              	MSF    	A         	6	4978.0000	6	4976.0000	0	2.0000	33	26976.0000	29	23706.0000	4	3270.0000
20080708	摩臺期              	MSF    	B         	0	.0000	0	.0000	0	.0000	0	.0000	0	.0000	0	.0000
20080708	摩臺期              	MSF    	C         	0	.0000	0	.0000	0	.0000	0	.0000	0	.0000	0	.0000
20080708	小型臺指            	MXF    	A         	5497	1921629.0000	5959	2095060.0000	-462	-173431.0000	755	260905.0000	8744	3041401.0000	-7989	-2780496.0000
20080708	小型臺指            	MXF    	B         	0	.0000	0	.0000	0	.0000	0	.0000	13	4540.0000	-13	-4540.0000
20080708	小型臺指            	MXF    	C         	97	33799.0000	526	186909.0000	-429	-153110.0000	0	.0000	1806	630746.0000	-1806	-630746.0000
20080708	臺灣50期貨          	T5F    	A         	0	.0000	0	.0000	0	.0000	0	.0000	0	.0000	0	.0000
20080708	臺灣50期貨          	T5F    	B         	0	.0000	0	.0000	0	.0000	0	.0000	0	.0000	0	.0000
20080708	臺灣50期貨          	T5F    	C         	0	.0000	0	.0000	0	.0000	0	.0000	0	.0000	0	.0000
20080708	臺股期貨            	TXF    	A         	19689	27722303.0000	25245	35537480.0000	-5556	-7815177.0000	2934	4080218.0000	16208	22570478.0000	-13274	-18490260.0000
20080708	臺股期貨            	TXF    	B         	603	851363.0000	548	765269.0000	55	86094.0000	933	1303218.0000	6510	9073612.0000	-5577	-7770394.0000
20080708	臺股期貨            	TXF    	C         	13751	19276118.0000	7201	10128204.0000	6550	9147914.0000	28871	40251042.0000	23451	32659733.0000	5420	7591309.0000
20080708	非金電期貨          	XIF    	A         	518	450257.0000	568	494069.0000	-50	-43811.0000	1371	1178316.0000	227	194456.0000	1144	983860.0000
20080708	非金電期貨          	XIF    	B         	1	867.0000	0	.0000	1	867.0000	15	12857.0000	0	.0000	15	12857.0000
20080708	非金電期貨          	XIF    	C         	23	19695.0000	0	.0000	23	19695.0000	236	203314.0000	1432	1232799.0000	-1196	-1029485.0000
20080709	電子期貨            	EXF    	A         	944	1034038.0000	1079	1179032.0000	-135	-144994.0000	3393	3676139.0000	940	1014209.0000	2453	2661930.0000
20080709	電子期貨            	EXF    	B         	0	.0000	0	.0000	0	.0000	120	130010.0000	130	140894.0000	-10	-10884.0000
20080709	電子期貨            	EXF    	C         	794	868916.0000	620	676747.0000	174	192169.0000	2091	2263995.0000	6153	6665249.0000	-4062	-4401254.0000
20080709	金融期貨            	FXF    	A         	702	635697.0000	647	586245.0000	55	49453.0000	1538	1369175.0000	343	302843.0000	1195	1066332.0000
20080709	金融期貨            	FXF    	B         	0	.0000	58	51756.0000	-58	-51756.0000	186	165578.0000	280	249312.0000	-94	-83734.0000
20080709	金融期貨            	FXF    	C         	618	558835.0000	642	582791.0000	-24	-23956.0000	3485	3102666.0000	7403	6590839.0000	-3918	-3488173.0000
20080709	櫃買期貨            	GTF    	A         	202	94096.0000	214	99757.0000	-12	-5661.0000	94	43690.0000	43	19976.0000	51	23714.0000
20080709	櫃買期貨            	GTF    	B         	0	.0000	0	.0000	0	.0000	0	.0000	110	51167.0000	-110	-51167.0000
20080709	櫃買期貨            	GTF    	C         	0	.0000	0	.0000	0	.0000	0	.0000	0	.0000	0	.0000
20080709	摩臺期              	MSF    	A         	4	3343.0000	7	5806.0000	-3	-2463.0000	34	27856.0000	33	27036.0000	1	820.0000
20080709	摩臺期              	MSF    	B         	0	.0000	0	.0000	0	.0000	0	.0000	0	.0000	0	.0000
20080709	摩臺期              	MSF    	C         	0	.0000	0	.0000	0	.0000	0	.0000	0	.0000	0	.0000
20080709	小型臺指            	MXF    	A         	7647	2697527.0000	6580	2315668.0000	1067	381860.0000	965	334717.0000	8391	2930391.0000	-7426	-2595674.0000
20080709	小型臺指            	MXF    	B         	0	.0000	0	.0000	0	.0000	0	.0000	13	4560.0000	-13	-4560.0000
20080709	小型臺指            	MXF    	C         	505	180289.0000	425	148676.0000	80	31613.0000	0	.0000	1726	605481.0000	-1726	-605481.0000
20080709	臺灣50期貨          	T5F    	A         	0	.0000	0	.0000	0	.0000	0	.0000	0	.0000	0	.0000
20080709	臺灣50期貨          	T5F    	B         	0	.0000	0	.0000	0	.0000	0	.0000	0	.0000	0	.0000
20080709	臺灣50期貨          	T5F    	C         	0	.0000	0	.0000	0	.0000	0	.0000	0	.0000	0	.0000
20080709	臺股期貨            	TXF    	A         	22879	32383823.0000	23138	32716286.0000	-259	-332463.0000	2685	3741901.0000	16092	22505003.0000	-13407	-18763102.0000
20080709	臺股期貨            	TXF    	B         	639	905889.0000	702	983159.0000	-63	-77270.0000	1015	1422667.0000	6655	9305588.0000	-5640	-7882921.0000
20080709	臺股期貨            	TXF    	C         	11023	15579305.0000	11050	15637044.0000	-27	-57739.0000	29602	41432927.0000	24209	33847524.0000	5393	7585403.0000
20080709	非金電期貨          	XIF    	A         	419	366688.0000	442	386842.0000	-23	-20154.0000	1370	1192980.0000	249	216253.0000	1121	976727.0000
20080709	非金電期貨          	XIF    	B         	2	1742.0000	0	.0000	2	1742.0000	17	14770.0000	0	.0000	17	14770.0000
20080709	非金電期貨          	XIF    	C         	6	5268.0000	0	.0000	6	5268.0000	237	206901.0000	1427	1244828.0000	-1190	-1037927.0000
20080710	電子期貨            	EXF    	A         	1194	1287082.0000	929	1001031.0000	265	286051.0000	3430	3682652.0000	712	760018.0000	2718	2922634.0000
20080710	電子期貨            	EXF    	B         	10	10684.0000	58	61983.0000	-48	-51299.0000	118	126690.0000	176	189024.0000	-58	-62334.0000
20080710	電子期貨            	EXF    	C         	926	1000363.0000	1256	1356882.0000	-330	-356519.0000	2314	2483199.0000	6706	7198908.0000	-4392	-4715709.0000
20080710	金融期貨            	FXF    	A         	702	627264.0000	1000	895365.0000	-298	-268100.0000	1433	1287720.0000	536	479534.0000	897	808186.0000
20080710	金融期貨            	FXF    	B         	19	16990.0000	18	15945.0000	1	1045.0000	178	159950.0000	271	243575.0000	-93	-83625.0000
20080710	金融期貨            	FXF    	C         	772	694333.0000	408	364391.0000	364	329942.0000	3282	2949361.0000	6836	6143356.0000	-3554	-3193995.0000
20080710	櫃買期貨            	GTF    	A         	201	92964.0000	192	88769.0000	9	4195.0000	110	51123.0000	50	23252.0000	60	27871.0000
20080710	櫃買期貨            	GTF    	B         	0	.0000	0	.0000	0	.0000	0	.0000	110	51104.0000	-110	-51104.0000
20080710	櫃買期貨            	GTF    	C         	0	.0000	0	.0000	0	.0000	0	.0000	0	.0000	0	.0000
20080710	摩臺期              	MSF    	A         	4	3271.0000	3	2451.0000	1	820.0000	35	28834.0000	33	27186.0000	2	1648.0000
20080710	摩臺期              	MSF    	B         	0	.0000	0	.0000	0	.0000	0	.0000	0	.0000	0	.0000
20080710	摩臺期              	MSF    	C         	0	.0000	0	.0000	0	.0000	0	.0000	0	.0000	0	.0000
20080710	小型臺指            	MXF    	A         	7500	2622358.0000	6991	2440156.0000	509	182201.0000	466	159589.0000	8515	2968727.0000	-8049	-2809138.0000
20080710	小型臺指            	MXF    	B         	0	.0000	0	.0000	0	.0000	0	.0000	13	4555.0000	-13	-4555.0000
20080710	小型臺指            	MXF    	C         	325	114355.0000	94	32951.0000	231	81404.0000	0	.0000	1495	523773.0000	-1495	-523773.0000
20080710	臺灣50期貨          	T5F    	A         	0	.0000	0	.0000	0	.0000	0	.0000	0	.0000	0	.0000
20080710	臺灣50期貨          	T5F    	B         	0	.0000	0	.0000	0	.0000	0	.0000	0	.0000	0	.0000
20080710	臺灣50期貨          	T5F    	C         	0	.0000	0	.0000	0	.0000	0	.0000	0	.0000	0	.0000
20080710	臺股期貨            	TXF    	A         	21061	29495468.0000	22890	32045989.0000	-1829	-2550521.0000	2092	2901838.0000	17045	23815094.0000	-14953	-20913256.0000
20080710	臺股期貨            	TXF    	B         	854	1196730.0000	750	1034981.0000	104	161749.0000	1019	1426469.0000	6555	9140232.0000	-5536	-7713763.0000
20080710	臺股期貨            	TXF    	C         	10753	15052047.0000	9985	13987804.0000	768	1064243.0000	29888	41764511.0000	23727	33114735.0000	6161	8649776.0000
20080710	非金電期貨          	XIF    	A         	552	479303.0000	543	471387.0000	9	7916.0000	1356	1192586.0000	226	198313.0000	1130	994273.0000
20080710	非金電期貨          	XIF    	B         	0	.0000	0	.0000	0	.0000	17	14914.0000	0	.0000	17	14914.0000
20080710	非金電期貨          	XIF    	C         	26	22769.0000	15	13084.0000	11	9685.0000	248	218662.0000	1427	1257157.0000	-1179	-1038495.0000
20080711	電子期貨            	EXF    	A         	738	804433.0000	1151	1255830.0000	-413	-451397.0000	3239	3573371.0000	934	1025665.0000	2305	2547706.0000
20080711	電子期貨            	EXF    	B         	5	5527.0000	44	48544.0000	-39	-43018.0000	123	135674.0000	220	242748.0000	-97	-107074.0000
20080711	電子期貨            	EXF    	C         	1024	1117754.0000	463	504463.0000	561	613291.0000	2625	2892584.0000	6456	7119432.0000	-3831	-4226848.0000
20080711	金融期貨            	FXF    	A         	780	703782.0000	738	668464.0000	42	35318.0000	1331	1225316.0000	392	358405.0000	939	866911.0000
20080711	金融期貨            	FXF    	B         	10	9045.0000	0	.0000	10	9045.0000	178	163868.0000	261	240329.0000	-83	-76461.0000
20080711	金融期貨            	FXF    	C         	516	469351.0000	233	210684.0000	283	258667.0000	3186	2933193.0000	6457	5944572.0000	-3271	-3011379.0000
20080711	櫃買期貨            	GTF    	A         	185	86512.0000	209	97969.0000	-24	-11457.0000	102	49429.0000	66	31933.0000	36	17496.0000
20080711	櫃買期貨            	GTF    	B         	0	.0000	0	.0000	0	.0000	0	.0000	110	53256.0000	-110	-53256.0000
20080711	櫃買期貨            	GTF    	C         	0	.0000	0	.0000	0	.0000	0	.0000	0	.0000	0	.0000
20080711	摩臺期              	MSF    	A         	2	1672.0000	2	1672.0000	0	.0000	35	29433.0000	33	27749.0000	2	1684.0000
20080711	摩臺期              	MSF    	B         	0	.0000	0	.0000	0	.0000	0	.0000	0	.0000	0	.0000
20080711	摩臺期              	MSF    	C         	0	.0000	0	.0000	0	.0000	0	.0000	0	.0000	0	.0000
20080711	小型臺指            	MXF    	A         	7384	2609312.0000	5896	2081120.0000	1488	528192.0000	911	323093.0000	7872	2811226.0000	-6961	-2488133.0000
20080711	小型臺指            	MXF    	B         	0	.0000	0	.0000	0	.0000	0	.0000	13	4665.0000	-13	-4665.0000
20080711	小型臺指            	MXF    	C         	591	210842.0000	355	125773.0000	236	85069.0000	243	87201.0000	1502	538993.0000	-1259	-451792.0000
20080711	臺灣50期貨          	T5F    	A         	0	.0000	0	.0000	0	.0000	0	.0000	0	.0000	0	.0000
20080711	臺灣50期貨          	T5F    	B         	0	.0000	0	.0000	0	.0000	0	.0000	0	.0000	0	.0000
20080711	臺灣50期貨          	T5F    	C         	0	.0000	0	.0000	0	.0000	0	.0000	0	.0000	0	.0000
20080711	臺股期貨            	TXF    	A         	23298	32996046.0000	21395	30299415.0000	1903	2696631.0000	3033	4317781.0000	15983	22853139.0000	-12950	-18535358.0000
20080711	臺股期貨            	TXF    	B         	2414	3437523.0000	766	1071918.0000	1648	2365605.0000	1710	2448819.0000	5598	7979891.0000	-3888	-5531072.0000
20080711	臺股期貨            	TXF    	C         	10083	14283698.0000	11935	16911821.0000	-1852	-2628123.0000	30012	42936300.0000	25703	36731063.0000	4309	6205237.0000
20080711	非金電期貨          	XIF    	A         	560	491276.0000	624	548033.0000	-64	-56757.0000	1351	1208849.0000	285	254763.0000	1066	954086.0000
20080711	非金電期貨          	XIF    	B         	2	1728.0000	2	1766.0000	0	-38.0000	17	15139.0000	0	.0000	17	15139.0000
20080711	非金電期貨          	XIF    	C         	68	60287.0000	0	.0000	68	60287.0000	315	282555.0000	1426	1278116.0000	-1111	-995561.0000
20080714	電子期貨            	EXF    	A         	1080	1188065.0000	961	1060674.0000	119	127391.0000	3292	3622453.0000	868	952048.0000	2424	2670405.0000
20080714	電子期貨            	EXF    	B         	134	147766.0000	30	33081.0000	104	114685.0000	131	143488.0000	124	136623.0000	7	6865.0000
20080714	電子期貨            	EXF    	C         	2889	3176657.0000	3229	3543900.0000	-340	-367242.0000	3318	3637053.0000	7489	8223275.0000	-4171	-4586222.0000
20080714	金融期貨            	FXF    	A         	992	893206.0000	1098	992805.0000	-106	-99599.0000	1313	1182014.0000	480	430378.0000	833	751636.0000
20080714	金融期貨            	FXF    	B         	39	34650.0000	39	35182.0000	0	-533.0000	178	160041.0000	261	235579.0000	-83	-75538.0000
20080714	金融期貨            	FXF    	C         	2161	1957360.0000	2385	2149912.0000	-224	-192552.0000	3168	2850512.0000	6663	5992394.0000	-3495	-3141882.0000
20080714	櫃買期貨            	GTF    	A         	177	84989.0000	166	79644.0000	11	5345.0000	104	50830.0000	57	27835.0000	47	22995.0000
20080714	櫃買期貨            	GTF    	B         	10	4887.0000	10	4834.0000	0	53.0000	0	.0000	110	53721.0000	-110	-53721.0000
20080714	櫃買期貨            	GTF    	C         	0	.0000	0	.0000	0	.0000	0	.0000	0	.0000	0	.0000
20080714	摩臺期              	MSF    	A         	7	5826.0000	6	5008.0000	1	817.0000	34	28406.0000	31	25915.0000	3	2491.0000
20080714	摩臺期              	MSF    	B         	0	.0000	0	.0000	0	.0000	0	.0000	0	.0000	0	.0000
20080714	摩臺期              	MSF    	C         	0	.0000	0	.0000	0	.0000	0	.0000	0	.0000	0	.0000
20080714	小型臺指            	MXF    	A         	6400	2287483.0000	7043	2501998.0000	-643	-214516.0000	643	225692.0000	9363	3319898.0000	-8720	-3094206.0000
20080714	小型臺指            	MXF    	B         	0	.0000	0	.0000	0	.0000	0	.0000	13	4647.0000	-13	-4647.0000
20080714	小型臺指            	MXF    	C         	0	.0000	619	221866.0000	-619	-221866.0000	0	.0000	1878	671291.0000	-1878	-671291.0000
20080714	臺灣50期貨          	T5F    	A         	0	.0000	0	.0000	0	.0000	0	.0000	0	.0000	0	.0000
20080714	臺灣50期貨          	T5F    	B         	0	.0000	0	.0000	0	.0000	0	.0000	0	.0000	0	.0000
20080714	臺灣50期貨          	T5F    	C         	0	.0000	0	.0000	0	.0000	0	.0000	0	.0000	0	.0000
20080714	臺股期貨            	TXF    	A         	16696	23891432.0000	13917	19910536.0000	2779	3980896.0000	2708	3832203.0000	12600	17923479.0000	-9892	-14091276.0000
20080714	臺股期貨            	TXF    	B         	2249	3203250.0000	1655	2332408.0000	594	870842.0000	2231	3166356.0000	5529	7810652.0000	-3298	-4644296.0000
20080714	臺股期貨            	TXF    	C         	16500	23472169.0000	23728	33759115.0000	-7228	-10286946.0000	30882	43862972.0000	33803	47961756.0000	-2921	-4098784.0000
20080714	非金電期貨          	XIF    	A         	342	304117.0000	387	344568.0000	-45	-40451.0000	1330	1185450.0000	309	275412.0000	1021	910038.0000
20080714	非金電期貨          	XIF    	B         	2	1757.0000	2	1788.0000	0	-31.0000	17	15050.0000	0	.0000	17	15050.0000
20080714	非金電期貨          	XIF    	C         	36	32220.0000	18	15772.0000	18	16448.0000	339	302897.0000	1432	1278222.0000	-1093	-975325.0000
20080715	電子期貨            	EXF    	A         	1529	1617868.0000	1421	1511142.0000	108	106726.0000	3254	3424522.0000	722	758500.0000	2532	2666022.0000
20080715	電子期貨            	EXF    	B         	175	185502.0000	157	165485.0000	18	20017.0000	159	165581.0000	134	139305.0000	25	26276.0000
20080715	電子期貨            	EXF    	C         	4546	4815537.0000	4533	4791408.0000	13	24130.0000	3151	3288984.0000	7312	7663436.0000	-4161	-4374452.0000
20080715	金融期貨            	FXF    	A         	1454	1224440.0000	1672	1419226.0000	-218	-194786.0000	1364	1134622.0000	749	626160.0000	615	508462.0000
20080715	金融期貨            	FXF    	B         	241	203789.0000	229	190364.0000	12	13425.0000	179	149558.0000	250	207350.0000	-71	-57792.0000
20080715	金融期貨            	FXF    	C         	7285	6130837.0000	6905	5784949.0000	380	345888.0000	2996	2492757.0000	6107	5077263.0000	-3111	-2584506.0000
20080715	櫃買期貨            	GTF    	A         	231	106471.0000	198	91035.0000	33	15436.0000	145	66587.0000	65	29852.0000	80	36735.0000
20080715	櫃買期貨            	GTF    	B         	0	.0000	0	.0000	0	.0000	0	.0000	110	50508.0000	-110	-50508.0000
20080715	櫃買期貨            	GTF    	C         	0	.0000	0	.0000	0	.0000	0	.0000	0	.0000	0	.0000
20080715	摩臺期              	MSF    	A         	5	4017.0000	4	3225.0000	1	793.0000	39	30983.0000	35	27857.0000	4	3126.0000
20080715	摩臺期              	MSF    	B         	0	.0000	0	.0000	0	.0000	0	.0000	0	.0000	0	.0000
20080715	摩臺期              	MSF    	C         	0	.0000	0	.0000	0	.0000	0	.0000	0	.0000	0	.0000
20080715	小型臺指            	MXF    	A         	13050	4452648.0000	12590	4299374.0000	460	153274.0000	788	262490.0000	8216	2758545.0000	-7428	-2496055.0000
20080715	小型臺指            	MXF    	B         	0	.0000	0	.0000	0	.0000	0	.0000	13	4414.0000	-13	-4414.0000
20080715	小型臺指            	MXF    	C         	102	35338.0000	9	3103.0000	93	32235.0000	0	.0000	1785	606008.0000	-1785	-606008.0000
20080715	臺灣50期貨          	T5F    	A         	0	.0000	0	.0000	0	.0000	0	.0000	0	.0000	0	.0000
20080715	臺灣50期貨          	T5F    	B         	0	.0000	0	.0000	0	.0000	0	.0000	0	.0000	0	.0000
20080715	臺灣50期貨          	T5F    	C         	0	.0000	0	.0000	0	.0000	0	.0000	0	.0000	0	.0000
20080715	臺股期貨            	TXF    	A         	23323	31995714.0000	24165	33170874.0000	-842	-1175160.0000	2216	2966941.0000	13158	17726527.0000	-10942	-14759586.0000
20080715	臺股期貨            	TXF    	B         	1909	2595939.0000	1637	2219282.0000	272	376657.0000	2892	3875016.0000	5918	7904874.0000	-3026	-4029858.0000
20080715	臺股期貨            	TXF    	C         	35924	49025962.0000	33781	46065266.0000	2143	2960696.0000	41407	55669985.0000	42187	56630157.0000	-780	-960172.0000
20080715	非金電期貨          	XIF    	A         	278	236461.0000	311	264866.0000	-33	-28405.0000	1345	1130689.0000	357	300404.0000	988	830285.0000
20080715	非金電期貨          	XIF    	B         	4	3358.0000	4	3423.0000	0	-65.0000	17	14061.0000	0	.0000	17	14061.0000
20080715	非金電期貨          	XIF    	C         	103	88156.0000	36	30492.0000	67	57664.0000	356	300428.0000	1382	1163676.0000	-1026	-863248.0000
20080716	電子期貨            	EXF    	A         	1937	2015933.0000	2101	2204755.0000	-164	-188822.0000	3221	3305375.0000	853	873937.0000	2368	2431438.0000
20080716	電子期貨            	EXF    	B         	70	72378.0000	63	65517.0000	7	6861.0000	159	161480.0000	127	129082.0000	32	32398.0000
20080716	電子期貨            	EXF    	C         	1929	2030373.0000	2162	2243888.0000	-233	-213515.0000	3252	3327921.0000	7646	7826258.0000	-4394	-4498337.0000
20080716	金融期貨            	FXF    	A         	1380	1138383.0000	900	746977.0000	480	391406.0000	1622	1320870.0000	527	435206.0000	1095	885664.0000
20080716	金融期貨            	FXF    	B         	101	83589.0000	51	42251.0000	50	41338.0000	167	136484.0000	188	151997.0000	-21	-15513.0000
20080716	金融期貨            	FXF    	C         	2555	2115050.0000	2888	2372276.0000	-333	-257227.0000	3195	2595402.0000	6639	5384268.0000	-3444	-2788866.0000
20080716	櫃買期貨            	GTF    	A         	157	70815.0000	172	77813.0000	-15	-6998.0000	149	66322.0000	84	37523.0000	65	28799.0000
20080716	櫃買期貨            	GTF    	B         	16	7312.0000	16	7153.0000	0	160.0000	0	.0000	110	48817.0000	-110	-48817.0000
20080716	櫃買期貨            	GTF    	C         	0	.0000	0	.0000	0	.0000	0	.0000	0	.0000	0	.0000
20080716	摩臺期              	MSF    	A         	4	3134.0000	4	3134.0000	0	.0000	43	33655.0000	39	30588.0000	4	3067.0000
20080716	摩臺期              	MSF    	B         	0	.0000	0	.0000	0	.0000	0	.0000	0	.0000	0	.0000
20080716	摩臺期              	MSF    	C         	0	.0000	0	.0000	0	.0000	0	.0000	0	.0000	0	.0000
20080716	小型臺指            	MXF    	A         	9462	3172974.0000	10211	3413895.0000	-749	-240920.0000	499	162480.0000	7160	2360909.0000	-6661	-2198429.0000
20080716	小型臺指            	MXF    	B         	13	4409.0000	3	992.0000	10	3417.0000	0	.0000	3	981.0000	-3	-981.0000
20080716	小型臺指            	MXF    	C         	1806	611806.0000	763	251308.0000	1043	360498.0000	106	35399.0000	848	277996.0000	-742	-242597.0000
20080716	臺灣50期貨          	T5F    	A         	0	.0000	0	.0000	0	.0000	0	.0000	0	.0000	0	.0000
20080716	臺灣50期貨          	T5F    	B         	0	.0000	0	.0000	0	.0000	0	.0000	0	.0000	0	.0000
20080716	臺灣50期貨          	T5F    	C         	0	.0000	0	.0000	0	.0000	0	.0000	0	.0000	0	.0000
20080716	臺股期貨            	TXF    	A         	22103	29743441.0000	26072	35043115.0000	-3969	-5299674.0000	2385	3125433.0000	17675	23377321.0000	-15290	-20251888.0000
20080716	臺股期貨            	TXF    	B         	1809	2430825.0000	2841	3790920.0000	-1032	-1360095.0000	2198	2876280.0000	6250	8178330.0000	-4052	-5302050.0000
20080716	臺股期貨            	TXF    	C         	24112	32389287.0000	21454	28749311.0000	2658	3639976.0000	50870	67230647.0000	48996	64580563.0000	1874	2650084.0000
20080716	非金電期貨          	XIF    	A         	425	355288.0000	466	388323.0000	-41	-33035.0000	1368	1140688.0000	421	350158.0000	947	790530.0000
20080716	非金電期貨          	XIF    	B         	0	.0000	0	.0000	0	.0000	17	13991.0000	0	.0000	17	13991.0000
20080716	非金電期貨          	XIF    	C         	116	96469.0000	87	72360.0000	29	24109.0000	322	268927.0000	1319	1100807.0000	-997	-831880.0000
20080717	電子期貨            	EXF    	A         	804	847249.0000	774	817155.0000	30	30094.0000	1654	1755807.0000	523	554674.0000	1131	1201133.0000
20080717	電子期貨            	EXF    	B         	0	.0000	0	.0000	0	.0000	159	168794.0000	122	129515.0000	37	39279.0000
20080717	電子期貨            	EXF    	C         	700	735508.0000	583	612977.0000	117	122531.0000	2301	2442742.0000	4799	5094558.0000	-2498	-2651816.0000
20080717	金融期貨            	FXF    	A         	675	571749.0000	806	689288.0000	-131	-117540.0000	1015	876825.0000	131	113162.0000	884	763663.0000
20080717	金融期貨            	FXF    	B         	180	153844.0000	15	12866.0000	165	140978.0000	262	226316.0000	188	162394.0000	74	63922.0000
20080717	金融期貨            	FXF    	C         	1115	952780.0000	770	650540.0000	345	302240.0000	2977	2571533.0000	5680	4906381.0000	-2703	-2334848.0000
20080717	櫃買期貨            	GTF    	A         	91	41192.0000	100	45288.0000	-9	-4096.0000	45	20586.0000	18	8234.0000	27	12352.0000
20080717	櫃買期貨            	GTF    	B         	0	.0000	0	.0000	0	.0000	0	.0000	53	24251.0000	-53	-24251.0000
20080717	櫃買期貨            	GTF    	C         	0	.0000	0	.0000	0	.0000	0	.0000	0	.0000	0	.0000
20080717	摩臺期              	MSF    	A         	4	3178.0000	5	3971.0000	-1	-793.0000	4	3195.0000	2	1597.0000	2	1598.0000
20080717	摩臺期              	MSF    	B         	0	.0000	0	.0000	0	.0000	0	.0000	0	.0000	0	.0000
20080717	摩臺期              	MSF    	C         	0	.0000	0	.0000	0	.0000	0	.0000	0	.0000	0	.0000
20080717	小型臺指            	MXF    	A         	4560	1539988.0000	2778	941367.0000	1782	598621.0000	1228	416459.0000	3185	1081913.0000	-1957	-665454.0000
20080717	小型臺指            	MXF    	B         	0	.0000	0	.0000	0	.0000	0	.0000	3	1020.0000	-3	-1020.0000
20080717	小型臺指            	MXF    	C         	458	154845.0000	119	40547.0000	339	114298.0000	248	84295.0000	651	221275.0000	-403	-136980.0000
20080717	臺灣50期貨          	T5F    	A         	0	.0000	0	.0000	0	.0000	0	.0000	0	.0000	0	.0000
20080717	臺灣50期貨          	T5F    	B         	0	.0000	0	.0000	0	.0000	0	.0000	0	.0000	0	.0000
20080717	臺灣50期貨          	T5F    	C         	0	.0000	0	.0000	0	.0000	0	.0000	0	.0000	0	.0000
20080717	臺股期貨            	TXF    	A         	14350	19418794.0000	12947	17527059.0000	1403	1891736.0000	3390	4603794.0000	8083	10982522.0000	-4693	-6378728.0000
20080717	臺股期貨            	TXF    	B         	1246	1684072.0000	624	844336.0000	622	839735.0000	2920	3970032.0000	6149	8356990.0000	-3229	-4386958.0000
20080717	臺股期貨            	TXF    	C         	11099	15005885.0000	8807	11924804.0000	2292	3081081.0000	26891	36550657.0000	29629	40267456.0000	-2738	-3716799.0000
20080717	非金電期貨          	XIF    	A         	294	243653.0000	337	279245.0000	-43	-35592.0000	147	122443.0000	123	102485.0000	24	19958.0000
20080717	非金電期貨          	XIF    	B         	2	1664.0000	0	.0000	2	1664.0000	14	11675.0000	0	.0000	14	11675.0000
20080717	非金電期貨          	XIF    	C         	638	532373.0000	585	488438.0000	53	43935.0000	616	513682.0000	655	546205.0000	-39	-32523.0000
20080718	電子期貨            	EXF    	A         	666	706857.0000	959	1016594.0000	-293	-309738.0000	1494	1573038.0000	656	689782.0000	838	883256.0000
20080718	電子期貨            	EXF    	B         	10	10446.0000	50	53158.0000	-40	-42712.0000	169	177957.0000	172	181116.0000	-3	-3159.0000
20080718	電子期貨            	EXF    	C         	847	899705.0000	522	554444.0000	325	345261.0000	2564	2699892.0000	4737	4987920.0000	-2173	-2288028.0000
20080718	金融期貨            	FXF    	A         	669	576769.0000	1059	915662.0000	-390	-338893.0000	667	559117.0000	173	144884.0000	494	414233.0000
20080718	金融期貨            	FXF    	B         	33	28322.0000	105	91669.0000	-72	-63347.0000	190	159258.0000	188	157582.0000	2	1676.0000
20080718	金融期貨            	FXF    	C         	782	677639.0000	706	613166.0000	76	64473.0000	2931	2456764.0000	5558	4658695.0000	-2627	-2201931.0000
20080718	櫃買期貨            	GTF    	A         	114	51305.0000	112	50344.0000	2	961.0000	53	23372.0000	24	10586.0000	29	12786.0000
20080718	櫃買期貨            	GTF    	B         	0	.0000	0	.0000	0	.0000	0	.0000	53	23366.0000	-53	-23366.0000
20080718	櫃買期貨            	GTF    	C         	0	.0000	0	.0000	0	.0000	0	.0000	0	.0000	0	.0000
20080718	摩臺期              	MSF    	A         	4	3193.0000	3	2404.0000	1	789.0000	8	6311.0000	5	3944.0000	3	2367.0000
20080718	摩臺期              	MSF    	B         	0	.0000	0	.0000	0	.0000	0	.0000	0	.0000	0	.0000
20080718	摩臺期              	MSF    	C         	0	.0000	0	.0000	0	.0000	0	.0000	0	.0000	0	.0000
20080718	小型臺指            	MXF    	A         	4984	1680883.0000	5354	1807415.0000	-370	-126532.0000	1271	423667.0000	3726	1244309.0000	-2455	-820642.0000
20080718	小型臺指            	MXF    	B         	0	.0000	50	16619.0000	-50	-16619.0000	0	.0000	53	17715.0000	-53	-17715.0000
20080718	小型臺指            	MXF    	C         	0	.0000	225	76562.0000	-225	-76562.0000	248	82894.0000	876	292803.0000	-628	-209909.0000
20080718	臺灣50期貨          	T5F    	A         	0	.0000	0	.0000	0	.0000	0	.0000	0	.0000	0	.0000
20080718	臺灣50期貨          	T5F    	B         	0	.0000	0	.0000	0	.0000	0	.0000	0	.0000	0	.0000
20080718	臺灣50期貨          	T5F    	C         	0	.0000	0	.0000	0	.0000	0	.0000	0	.0000	0	.0000
20080718	臺股期貨            	TXF    	A         	14918	20169014.0000	17086	23091473.0000	-2168	-2922460.0000	2896	3865496.0000	9725	12994245.0000	-6829	-9128749.0000
20080718	臺股期貨            	TXF    	B         	245	332625.0000	682	924720.0000	-437	-592095.0000	2951	3945487.0000	6617	8843731.0000	-3666	-4898244.0000
20080718	臺股期貨            	TXF    	C         	10250	13828560.0000	5944	8047928.0000	4306	5780632.0000	27635	36937548.0000	26067	34834187.0000	1568	2103361.0000
20080718	非金電期貨          	XIF    	A         	396	325435.0000	437	358775.0000	-41	-33340.0000	149	120342.0000	166	134164.0000	-17	-13822.0000
20080718	非金電期貨          	XIF    	B         	0	.0000	0	.0000	0	.0000	14	11327.0000	0	.0000	14	11327.0000
20080718	非金電期貨          	XIF    	C         	88	73292.0000	17	14159.0000	71	59132.0000	656	530770.0000	624	504878.0000	32	25892.0000
20080721	電子期貨            	EXF    	A         	1001	1092925.0000	842	919765.0000	159	173160.0000	1847	2033053.0000	850	934805.0000	997	1098248.0000
20080721	電子期貨            	EXF    	B         	2	2202.0000	0	.0000	2	2202.0000	171	188237.0000	172	189338.0000	-1	-1101.0000
20080721	電子期貨            	EXF    	C         	623	680019.0000	500	546674.0000	123	133345.0000	2911	3204429.0000	4964	5464239.0000	-2053	-2259810.0000
20080721	金融期貨            	FXF    	A         	787	701557.0000	686	610833.0000	101	90723.0000	892	799932.0000	297	266205.0000	595	533727.0000
20080721	金融期貨            	FXF    	B         	0	.0000	0	.0000	0	.0000	190	170392.0000	188	168598.0000	2	1794.0000
20080721	金融期貨            	FXF    	C         	572	510489.0000	399	354875.0000	173	155614.0000	3071	2754073.0000	5525	4954798.0000	-2454	-2200725.0000
20080721	櫃買期貨            	GTF    	A         	118	52576.0000	154	68699.0000	-36	-16123.0000	46	20802.0000	53	23959.0000	-7	-3157.0000
20080721	櫃買期貨            	GTF    	B         	0	.0000	0	.0000	0	.0000	0	.0000	53	23965.0000	-53	-23965.0000
20080721	櫃買期貨            	GTF    	C         	0	.0000	0	.0000	0	.0000	0	.0000	0	.0000	0	.0000
20080721	摩臺期              	MSF    	A         	2	1641.0000	2	1641.0000	0	.0000	8	6581.0000	5	4113.0000	3	2468.0000
20080721	摩臺期              	MSF    	B         	0	.0000	0	.0000	0	.0000	0	.0000	0	.0000	0	.0000
20080721	摩臺期              	MSF    	C         	0	.0000	0	.0000	0	.0000	0	.0000	0	.0000	0	.0000
20080721	小型臺指            	MXF    	A         	5234	1815139.0000	3372	1172146.0000	1862	642993.0000	1481	517059.0000	2134	745954.0000	-653	-228895.0000
20080721	小型臺指            	MXF    	B         	50	17296.0000	0	.0000	50	17296.0000	0	.0000	3	1050.0000	-3	-1050.0000
20080721	小型臺指            	MXF    	C         	457	158266.0000	119	41651.0000	338	116615.0000	514	179926.0000	804	281440.0000	-290	-101514.0000
20080721	臺灣50期貨          	T5F    	A         	0	.0000	0	.0000	0	.0000	0	.0000	0	.0000	0	.0000
20080721	臺灣50期貨          	T5F    	B         	0	.0000	0	.0000	0	.0000	0	.0000	0	.0000	0	.0000
20080721	臺灣50期貨          	T5F    	C         	0	.0000	0	.0000	0	.0000	0	.0000	0	.0000	0	.0000
20080721	臺股期貨            	TXF    	A         	15150	21037527.0000	12839	17831066.0000	2311	3206462.0000	3668	5129004.0000	8171	11432585.0000	-4503	-6303581.0000
20080721	臺股期貨            	TXF    	B         	532	738404.0000	484	670846.0000	48	67557.0000	2573	3602715.0000	6191	8665175.0000	-3618	-5062460.0000
20080721	臺股期貨            	TXF    	C         	8678	12058721.0000	10350	14389267.0000	-1672	-2330546.0000	28841	40371139.0000	28976	40553258.0000	-135	-182119.0000
20080721	非金電期貨          	XIF    	A         	548	455012.0000	552	458165.0000	-4	-3153.0000	164	137493.0000	185	155149.0000	-21	-17656.0000
20080721	非金電期貨          	XIF    	B         	0	.0000	0	.0000	0	.0000	14	11757.0000	0	.0000	14	11757.0000
20080721	非金電期貨          	XIF    	C         	400	333421.0000	424	353503.0000	-24	-20082.0000	232	194834.0000	224	188115.0000	8	6719.0000
20080722	電子期貨            	EXF    	A         	990	1076455.0000	947	1029250.0000	43	47205.0000	2113	2302650.0000	1073	1168547.0000	1040	1134103.0000
20080722	電子期貨            	EXF    	B         	3	3258.0000	114	123485.0000	-111	-120227.0000	174	189625.0000	286	311683.0000	-112	-122058.0000
20080722	電子期貨            	EXF    	C         	306	333161.0000	183	198953.0000	123	134208.0000	3063	3338057.0000	4993	5441221.0000	-1930	-2103164.0000
20080722	金融期貨            	FXF    	A         	854	760779.0000	753	670821.0000	101	89958.0000	944	842569.0000	248	221290.0000	696	621279.0000
20080722	金融期貨            	FXF    	B         	0	.0000	0	.0000	0	.0000	190	169594.0000	188	167809.0000	2	1785.0000
20080722	金融期貨            	FXF    	C         	242	215488.0000	139	123910.0000	103	91578.0000	3260	2909876.0000	5611	5008368.0000	-2351	-2098492.0000
20080722	櫃買期貨            	GTF    	A         	205	92880.0000	173	78388.0000	32	14492.0000	82	37714.0000	57	26219.0000	25	11495.0000
20080722	櫃買期貨            	GTF    	B         	1	451.0000	7	3176.0000	-6	-2725.0000	0	.0000	59	27139.0000	-59	-27139.0000
20080722	櫃買期貨            	GTF    	C         	0	.0000	0	.0000	0	.0000	0	.0000	0	.0000	0	.0000
20080722	摩臺期              	MSF    	A         	2	1635.0000	2	1635.0000	0	.0000	9	7389.0000	6	4926.0000	3	2463.0000
20080722	摩臺期              	MSF    	B         	0	.0000	0	.0000	0	.0000	0	.0000	0	.0000	0	.0000
20080722	摩臺期              	MSF    	C         	0	.0000	0	.0000	0	.0000	0	.0000	0	.0000	0	.0000
20080722	小型臺指            	MXF    	A         	3834	1332403.0000	3901	1355464.0000	-67	-23062.0000	1299	450962.0000	2559	889846.0000	-1260	-438884.0000
20080722	小型臺指            	MXF    	B         	0	.0000	110	38247.0000	-110	-38247.0000	0	.0000	113	39347.0000	-113	-39347.0000
20080722	小型臺指            	MXF    	C         	7	2439.0000	368	127493.0000	-361	-125054.0000	514	178975.0000	1165	405653.0000	-651	-226678.0000
20080722	臺灣50期貨          	T5F    	A         	0	.0000	0	.0000	0	.0000	0	.0000	0	.0000	0	.0000
20080722	臺灣50期貨          	T5F    	B         	0	.0000	0	.0000	0	.0000	0	.0000	0	.0000	0	.0000
20080722	臺灣50期貨          	T5F    	C         	0	.0000	0	.0000	0	.0000	0	.0000	0	.0000	0	.0000
20080722	臺股期貨            	TXF    	A         	12402	17234083.0000	12633	17548844.0000	-231	-314761.0000	3940	5480683.0000	8539	11884098.0000	-4599	-6403415.0000
20080722	臺股期貨            	TXF    	B         	642	893844.0000	521	725084.0000	121	168760.0000	2482	3456930.0000	5977	8321130.0000	-3495	-4864200.0000
20080722	臺股期貨            	TXF    	C         	3463	4812086.0000	4643	6452574.0000	-1180	-1640488.0000	27886	38826877.0000	29201	40651461.0000	-1315	-1824584.0000
20080722	非金電期貨          	XIF    	A         	291	244367.0000	282	236908.0000	9	7459.0000	200	168590.0000	212	178681.0000	-12	-10091.0000
20080722	非金電期貨          	XIF    	B         	2	1678.0000	0	.0000	2	1678.0000	16	13498.0000	0	.0000	16	13498.0000
20080722	非金電期貨          	XIF    	C         	229	191153.0000	289	241671.0000	-60	-50518.0000	47	39439.0000	99	83516.0000	-52	-44077.0000
20080723	電子期貨            	EXF    	A         	882	975503.0000	691	765240.0000	191	210263.0000	2079	2295129.0000	848	935395.0000	1231	1359734.0000
20080723	電子期貨            	EXF    	B         	5	5521.0000	114	125087.0000	-109	-119566.0000	179	197616.0000	400	441600.0000	-221	-243984.0000
20080723	電子期貨            	EXF    	C         	489	541125.0000	721	796820.0000	-232	-255695.0000	3030	3345120.0000	5192	5731828.0000	-2162	-2386708.0000
20080723	金融期貨            	FXF    	A         	569	533836.0000	965	902631.0000	-396	-368795.0000	672	632164.0000	372	349895.0000	300	282269.0000
20080723	金融期貨            	FXF    	B         	140	129440.0000	108	100964.0000	32	28476.0000	222	208858.0000	188	176870.0000	34	31988.0000
20080723	金融期貨            	FXF    	C         	1776	1660754.0000	771	725180.0000	1005	935575.0000	3606	3392525.0000	4952	4658830.0000	-1346	-1266305.0000
20080723	櫃買期貨            	GTF    	A         	106	49658.0000	107	50162.0000	-1	-504.0000	81	38425.0000	57	27032.0000	24	11393.0000
20080723	櫃買期貨            	GTF    	B         	1	477.0000	5	2353.0000	-4	-1876.0000	0	.0000	63	29873.0000	-63	-29873.0000
20080723	櫃買期貨            	GTF    	C         	0	.0000	0	.0000	0	.0000	0	.0000	0	.0000	0	.0000
20080723	摩臺期              	MSF    	A         	0	.0000	0	.0000	0	.0000	9	7565.0000	6	5043.0000	3	2522.0000
20080723	摩臺期              	MSF    	B         	0	.0000	0	.0000	0	.0000	0	.0000	0	.0000	0	.0000
20080723	摩臺期              	MSF    	C         	0	.0000	0	.0000	0	.0000	0	.0000	0	.0000	0	.0000
20080723	小型臺指            	MXF    	A         	4871	1742829.0000	3845	1379075.0000	1026	363754.0000	2033	728953.0000	1851	663741.0000	182	65212.0000
20080723	小型臺指            	MXF    	B         	110	39068.0000	0	.0000	110	39068.0000	0	.0000	3	1078.0000	-3	-1078.0000
20080723	小型臺指            	MXF    	C         	370	132340.0000	178	63968.0000	192	68372.0000	514	184629.0000	973	349502.0000	-459	-164873.0000
20080723	臺灣50期貨          	T5F    	A         	0	.0000	0	.0000	0	.0000	0	.0000	0	.0000	0	.0000
20080723	臺灣50期貨          	T5F    	B         	0	.0000	0	.0000	0	.0000	0	.0000	0	.0000	0	.0000
20080723	臺灣50期貨          	T5F    	C         	0	.0000	0	.0000	0	.0000	0	.0000	0	.0000	0	.0000
20080723	臺股期貨            	TXF    	A         	16719	23944225.0000	13970	20028365.0000	2749	3915861.0000	5061	7264838.0000	7015	10070457.0000	-1954	-2805619.0000
20080723	臺股期貨            	TXF    	B         	1189	1700901.0000	475	680460.0000	714	1020441.0000	2618	3761542.0000	5396	7749696.0000	-2778	-3988154.0000
20080723	臺股期貨            	TXF    	C         	5981	8573175.0000	9025	12948050.0000	-3044	-4374875.0000	25885	37179498.0000	30244	43436665.0000	-4359	-6257167.0000
20080723	非金電期貨          	XIF    	A         	303	265231.0000	302	264358.0000	1	873.0000	175	155380.0000	186	165134.0000	-11	-9754.0000
20080723	非金電期貨          	XIF    	B         	0	.0000	0	.0000	0	.0000	16	14216.0000	0	.0000	16	14216.0000
20080723	非金電期貨          	XIF    	C         	0	.0000	27	23331.0000	-27	-23331.0000	47	41568.0000	126	111951.0000	-79	-70383.0000
20080724	電子期貨            	EXF    	A         	744	835485.0000	1094	1229492.0000	-350	-394008.0000	1970	2225234.0000	1089	1229425.0000	881	995809.0000
20080724	電子期貨            	EXF    	B         	164	184124.0000	0	.0000	164	184124.0000	179	202198.0000	236	266586.0000	-57	-64388.0000
20080724	電子期貨            	EXF    	C         	434	489033.0000	163	182674.0000	271	306359.0000	3299	3726550.0000	5190	5862466.0000	-1891	-2135916.0000
20080724	金融期貨            	FXF    	A         	728	683642.0000	781	734010.0000	-53	-50367.0000	695	660054.0000	448	425407.0000	247	234647.0000
20080724	金融期貨            	FXF    	B         	22	20715.0000	140	130598.0000	-118	-109882.0000	82	77884.0000	166	157667.0000	-84	-79783.0000
20080724	金融期貨            	FXF    	C         	856	808026.0000	441	412976.0000	415	395051.0000	4021	3819146.0000	4952	4703397.0000	-931	-884251.0000
20080724	櫃買期貨            	GTF    	A         	120	57217.0000	117	55785.0000	3	1432.0000	80	38703.0000	53	25640.0000	27	13063.0000
20080724	櫃買期貨            	GTF    	B         	0	.0000	1	480.0000	-1	-480.0000	0	.0000	64	30940.0000	-64	-30940.0000
20080724	櫃買期貨            	GTF    	C         	0	.0000	0	.0000	0	.0000	0	.0000	0	.0000	0	.0000
20080724	摩臺期              	MSF    	A         	2	1698.0000	2	1696.0000	0	2.0000	9	7653.0000	6	5102.0000	3	2551.0000
20080724	摩臺期              	MSF    	B         	0	.0000	0	.0000	0	.0000	0	.0000	0	.0000	0	.0000
20080724	摩臺期              	MSF    	C         	0	.0000	0	.0000	0	.0000	0	.0000	0	.0000	0	.0000
20080724	小型臺指            	MXF    	A         	2935	1064900.0000	2333	846440.0000	602	218460.0000	1950	710179.0000	1626	592058.0000	324	118121.0000
20080724	小型臺指            	MXF    	B         	0	.0000	128	46510.0000	-128	-46510.0000	0	.0000	131	47822.0000	-131	-47822.0000
20080724	小型臺指            	MXF    	C         	127	46152.0000	16	5776.0000	111	40376.0000	514	187636.0000	862	314673.0000	-348	-127037.0000
20080724	臺灣50期貨          	T5F    	A         	0	.0000	0	.0000	0	.0000	0	.0000	0	.0000	0	.0000
20080724	臺灣50期貨          	T5F    	B         	0	.0000	0	.0000	0	.0000	0	.0000	0	.0000	0	.0000
20080724	臺灣50期貨          	T5F    	C         	0	.0000	0	.0000	0	.0000	0	.0000	0	.0000	0	.0000
20080724	臺股期貨            	TXF    	A         	11747	17052363.0000	10175	14768406.0000	1572	2283957.0000	6468	9436229.0000	6735	9824899.0000	-267	-388670.0000
20080724	臺股期貨            	TXF    	B         	750	1089499.0000	274	397802.0000	476	691697.0000	2919	4262324.0000	5221	7620194.0000	-2302	-3357870.0000
20080724	臺股期貨            	TXF    	C         	6502	9442371.0000	4394	6382216.0000	2108	3060155.0000	25187	36764978.0000	27438	40044834.0000	-2251	-3279856.0000
20080724	非金電期貨          	XIF    	A         	257	227999.0000	233	206493.0000	24	21506.0000	207	185709.0000	194	174005.0000	13	11704.0000
20080724	非金電期貨          	XIF    	B         	2	1795.0000	0	.0000	2	1795.0000	18	16164.0000	0	.0000	18	16164.0000
20080724	非金電期貨          	XIF    	C         	0	.0000	0	.0000	0	.0000	47	41968.0000	126	113148.0000	-79	-71180.0000
20080725	電子期貨            	EXF    	A         	686	757378.0000	663	731235.0000	23	26143.0000	1982	2199126.0000	1078	1195533.0000	904	1003593.0000
20080725	電子期貨            	EXF    	B         	102	112878.0000	0	.0000	102	112878.0000	185	205276.0000	140	155344.0000	45	49932.0000
20080725	電子期貨            	EXF    	C         	251	276948.0000	303	334484.0000	-52	-57536.0000	3244	3599542.0000	5187	5755247.0000	-1943	-2155705.0000
20080725	金融期貨            	FXF    	A         	467	427152.0000	540	495405.0000	-73	-68253.0000	680	622019.0000	506	462743.0000	174	159276.0000
20080725	金融期貨            	FXF    	B         	0	.0000	0	.0000	0	.0000	82	74997.0000	166	151824.0000	-84	-76827.0000
20080725	金融期貨            	FXF    	C         	207	189254.0000	970	888960.0000	-763	-699706.0000	3595	3287987.0000	5289	4837315.0000	-1694	-1549328.0000
20080725	櫃買期貨            	GTF    	A         	118	55355.0000	116	54418.0000	2	937.0000	82	38655.0000	53	24988.0000	29	13667.0000
20080725	櫃買期貨            	GTF    	B         	3	1419.0000	3	1413.0000	0	6.0000	0	.0000	64	30142.0000	-64	-30142.0000
20080725	櫃買期貨            	GTF    	C         	0	.0000	0	.0000	0	.0000	0	.0000	0	.0000	0	.0000
20080725	摩臺期              	MSF    	A         	4	3334.0000	4	3334.0000	0	.0000	9	7452.0000	6	4968.0000	3	2484.0000
20080725	摩臺期              	MSF    	B         	0	.0000	0	.0000	0	.0000	0	.0000	0	.0000	0	.0000
20080725	摩臺期              	MSF    	C         	0	.0000	0	.0000	0	.0000	0	.0000	0	.0000	0	.0000
20080725	小型臺指            	MXF    	A         	2120	756657.0000	4002	1427604.0000	-1882	-670947.0000	1418	506464.0000	1792	640188.0000	-374	-133724.0000
20080725	小型臺指            	MXF    	B         	128	45790.0000	0	.0000	128	45790.0000	0	.0000	3	1075.0000	-3	-1075.0000
20080725	小型臺指            	MXF    	C         	54	19329.0000	318	113714.0000	-264	-94384.0000	514	184192.0000	1126	403502.0000	-612	-219310.0000
20080725	臺灣50期貨          	T5F    	A         	0	.0000	0	.0000	0	.0000	0	.0000	0	.0000	0	.0000
20080725	臺灣50期貨          	T5F    	B         	0	.0000	0	.0000	0	.0000	0	.0000	0	.0000	0	.0000
20080725	臺灣50期貨          	T5F    	C         	0	.0000	0	.0000	0	.0000	0	.0000	0	.0000	0	.0000
20080725	臺股期貨            	TXF    	A         	10738	15340653.0000	12320	17598065.0000	-1582	-2257412.0000	5401	7733549.0000	7546	10805312.0000	-2145	-3071763.0000
20080725	臺股期貨            	TXF    	B         	525	750376.0000	1044	1493400.0000	-519	-743024.0000	2792	4002053.0000	5613	8041735.0000	-2821	-4039682.0000
20080725	臺股期貨            	TXF    	C         	4432	6333344.0000	6084	8694833.0000	-1652	-2361489.0000	24609	35260352.0000	28512	40848627.0000	-3903	-5588275.0000
20080725	非金電期貨          	XIF    	A         	255	225351.0000	229	202427.0000	26	22925.0000	204	180772.0000	165	146183.0000	39	34589.0000
20080725	非金電期貨          	XIF    	B         	0	.0000	0	.0000	0	.0000	18	15962.0000	0	.0000	18	15962.0000
20080725	非金電期貨          	XIF    	C         	0	.0000	2	1772.0000	-2	-1772.0000	45	39746.0000	126	111737.0000	-81	-71991.0000
20080729	電子期貨            	EXF    	A         	989	1064207.0000	744	800630.0000	245	263576.0000	1816	1952836.0000	667	716789.0000	1149	1236047.0000
20080729	電子期貨            	EXF    	B         	8	8603.0000	0	.0000	8	8603.0000	193	207552.0000	140	150556.0000	53	56996.0000
20080729	電子期貨            	EXF    	C         	242	259684.0000	783	840256.0000	-541	-580572.0000	2967	3190712.0000	5451	5861793.0000	-2484	-2671081.0000
20080729	金融期貨            	FXF    	A         	621	539082.0000	509	441777.0000	112	97305.0000	608	528902.0000	322	279952.0000	286	248950.0000
20080729	金融期貨            	FXF    	B         	0	.0000	3	2608.0000	-3	-2608.0000	82	71324.0000	169	146996.0000	-87	-75672.0000
20080729	金融期貨            	FXF    	C         	381	330490.0000	542	470563.0000	-161	-140072.0000	3390	2948622.0000	5245	4562088.0000	-1855	-1613466.0000
20080729	櫃買期貨            	GTF    	A         	146	67114.0000	142	65280.0000	4	1834.0000	75	34613.0000	42	19383.0000	33	15230.0000
20080729	櫃買期貨            	GTF    	B         	1	462.0000	1	460.0000	0	2.0000	0	.0000	64	29516.0000	-64	-29516.0000
20080729	櫃買期貨            	GTF    	C         	0	.0000	0	.0000	0	.0000	0	.0000	0	.0000	0	.0000
20080729	摩臺期              	MSF    	A         	8	6460.0000	11	8873.0000	-3	-2413.0000	14	11337.0000	14	11337.0000	0	.0000
20080729	摩臺期              	MSF    	B         	0	.0000	0	.0000	0	.0000	0	.0000	0	.0000	0	.0000
20080729	摩臺期              	MSF    	C         	0	.0000	0	.0000	0	.0000	0	.0000	0	.0000	0	.0000
20080729	小型臺指            	MXF    	A         	2649	916213.0000	4302	1486424.0000	-1653	-570211.0000	1343	463530.0000	3410	1177659.0000	-2067	-714129.0000
20080729	小型臺指            	MXF    	B         	0	.0000	177	61136.0000	-177	-61136.0000	0	.0000	180	62244.0000	-180	-62244.0000
20080729	小型臺指            	MXF    	C         	127	43978.0000	195	67246.0000	-68	-23267.0000	514	177741.0000	1194	412885.0000	-680	-235144.0000
20080729	臺灣50期貨          	T5F    	A         	0	.0000	0	.0000	0	.0000	0	.0000	0	.0000	0	.0000
20080729	臺灣50期貨          	T5F    	B         	0	.0000	0	.0000	0	.0000	0	.0000	0	.0000	0	.0000
20080729	臺灣50期貨          	T5F    	C         	0	.0000	0	.0000	0	.0000	0	.0000	0	.0000	0	.0000
20080729	臺股期貨            	TXF    	A         	10776	14901074.0000	13878	19186118.0000	-3102	-4285044.0000	3398	4694737.0000	8635	11932321.0000	-5237	-7237584.0000
20080729	臺股期貨            	TXF    	B         	345	476680.0000	1041	1437929.0000	-696	-961249.0000	2608	3607386.0000	6125	8468342.0000	-3517	-4860956.0000
20080729	臺股期貨            	TXF    	C         	6991	9668712.0000	4662	6448231.0000	2329	3220481.0000	25392	35106986.0000	26966	37280758.0000	-1574	-2173772.0000
20080729	非金電期貨          	XIF    	A         	167	142974.0000	158	135176.0000	9	7798.0000	190	162319.0000	142	121246.0000	48	41073.0000
20080729	非金電期貨          	XIF    	B         	0	.0000	0	.0000	0	.0000	18	15390.0000	0	.0000	18	15390.0000
20080729	非金電期貨          	XIF    	C         	0	.0000	0	.0000	0	.0000	45	38315.0000	126	107730.0000	-81	-69415.0000
20080730	電子期貨            	EXF    	A         	516	565034.0000	412	451330.0000	104	113704.0000	1817	1986224.0000	564	615772.0000	1253	1370452.0000
20080730	電子期貨            	EXF    	B         	3	3281.0000	84	91838.0000	-81	-88556.0000	196	214267.0000	224	244877.0000	-28	-30610.0000
20080730	電子期貨            	EXF    	C         	364	400372.0000	687	753231.0000	-323	-352858.0000	2826	3089383.0000	5633	6157567.0000	-2807	-3068184.0000
20080730	金融期貨            	FXF    	A         	540	479350.0000	649	573611.0000	-109	-94261.0000	464	408855.0000	287	252721.0000	177	156134.0000
20080730	金融期貨            	FXF    	B         	3	2689.0000	0	.0000	3	2689.0000	82	72242.0000	166	146246.0000	-84	-74004.0000
20080730	金融期貨            	FXF    	C         	440	388273.0000	381	336548.0000	59	51725.0000	3510	3092310.0000	5306	4674575.0000	-1796	-1582265.0000
20080730	櫃買期貨            	GTF    	A         	127	58632.0000	139	64225.0000	-12	-5593.0000	63	29096.0000	42	19394.0000	21	9702.0000
20080730	櫃買期貨            	GTF    	B         	1	463.0000	1	461.0000	0	2.0000	0	.0000	64	29547.0000	-64	-29547.0000
20080730	櫃買期貨            	GTF    	C         	0	.0000	0	.0000	0	.0000	0	.0000	0	.0000	0	.0000
20080730	摩臺期              	MSF    	A         	3	2460.0000	3	2460.0000	0	.0000	14	11485.0000	14	11485.0000	0	.0000
20080730	摩臺期              	MSF    	B         	0	.0000	0	.0000	0	.0000	0	.0000	0	.0000	0	.0000
20080730	摩臺期              	MSF    	C         	0	.0000	0	.0000	0	.0000	0	.0000	0	.0000	0	.0000
20080730	小型臺指            	MXF    	A         	2570	902568.0000	2525	885278.0000	45	17290.0000	1709	599245.0000	3939	1382166.0000	-2230	-782921.0000
20080730	小型臺指            	MXF    	B         	177	62391.0000	0	.0000	177	62391.0000	0	.0000	3	1054.0000	-3	-1054.0000
20080730	小型臺指            	MXF    	C         	236	83055.0000	252	88195.0000	-16	-5139.0000	514	180568.0000	1210	425073.0000	-696	-244505.0000
20080730	臺灣50期貨          	T5F    	A         	0	.0000	0	.0000	0	.0000	0	.0000	0	.0000	0	.0000
20080730	臺灣50期貨          	T5F    	B         	0	.0000	0	.0000	0	.0000	0	.0000	0	.0000	0	.0000
20080730	臺灣50期貨          	T5F    	C         	0	.0000	0	.0000	0	.0000	0	.0000	0	.0000	0	.0000
20080730	臺股期貨            	TXF    	A         	12053	16941652.0000	11128	15627771.0000	925	1313881.0000	2931	4111698.0000	7191	10092640.0000	-4260	-5980942.0000
20080730	臺股期貨            	TXF    	B         	661	928969.0000	760	1065677.0000	-99	-136708.0000	2311	3247417.0000	5927	8324885.0000	-3616	-5077468.0000
20080730	臺股期貨            	TXF    	C         	5170	7259865.0000	4437	6237027.0000	733	1022838.0000	25834	36286248.0000	26675	37462978.0000	-841	-1176730.0000
20080730	非金電期貨          	XIF    	A         	175	151873.0000	207	179748.0000	-32	-27875.0000	196	169964.0000	180	156043.0000	16	13921.0000
20080730	非金電期貨          	XIF    	B         	1	870.0000	0	.0000	1	870.0000	19	16492.0000	0	.0000	19	16492.0000
20080730	非金電期貨          	XIF    	C         	96	83465.0000	0	.0000	96	83465.0000	102	88372.0000	87	75516.0000	15	12856.0000
20080731	電子期貨            	EXF    	A         	758	828768.0000	717	781886.0000	41	46882.0000	1960	2131983.0000	666	723826.0000	1294	1408157.0000
20080731	電子期貨            	EXF    	B         	143	154588.0000	70	76535.0000	73	78053.0000	197	214297.0000	152	165346.0000	45	48951.0000
20080731	電子期貨            	EXF    	C         	390	422385.0000	370	401045.0000	20	21340.0000	2854	3104581.0000	5641	6135890.0000	-2787	-3031309.0000
20080731	金融期貨            	FXF    	A         	660	586874.0000	690	614139.0000	-30	-27265.0000	546	482428.0000	399	352255.0000	147	130173.0000
20080731	金融期貨            	FXF    	B         	0	.0000	0	.0000	0	.0000	82	72439.0000	166	146644.0000	-84	-74205.0000
20080731	金融期貨            	FXF    	C         	409	362270.0000	503	444085.0000	-94	-81815.0000	3455	3052147.0000	5345	4721752.0000	-1890	-1669605.0000
20080731	櫃買期貨            	GTF    	A         	144	65349.0000	141	64007.0000	3	1343.0000	79	35394.0000	55	24639.0000	24	10755.0000
20080731	櫃買期貨            	GTF    	B         	0	.0000	0	.0000	0	.0000	0	.0000	64	28643.0000	-64	-28643.0000
20080731	櫃買期貨            	GTF    	C         	0	.0000	0	.0000	0	.0000	0	.0000	0	.0000	0	.0000
20080731	摩臺期              	MSF    	A         	9	7356.0000	11	8993.0000	-2	-1637.0000	17	13959.0000	19	15601.0000	-2	-1642.0000
20080731	摩臺期              	MSF    	B         	0	.0000	0	.0000	0	.0000	0	.0000	0	.0000	0	.0000
20080731	摩臺期              	MSF    	C         	0	.0000	0	.0000	0	.0000	0	.0000	0	.0000	0	.0000
20080731	小型臺指            	MXF    	A         	5391	1887962.0000	6011	2107275.0000	-620	-219313.0000	2011	702743.0000	5521	1930769.0000	-3510	-1228026.0000
20080731	小型臺指            	MXF    	B         	0	.0000	0	.0000	0	.0000	0	.0000	3	1050.0000	-3	-1050.0000
20080731	小型臺指            	MXF    	C         	233	82212.0000	305	106285.0000	-72	-24074.0000	209	73171.0000	977	342048.0000	-768	-268877.0000
20080731	臺灣50期貨          	T5F    	A         	0	.0000	0	.0000	0	.0000	0	.0000	0	.0000	0	.0000
20080731	臺灣50期貨          	T5F    	B         	0	.0000	0	.0000	0	.0000	0	.0000	0	.0000	0	.0000
20080731	臺灣50期貨          	T5F    	C         	0	.0000	0	.0000	0	.0000	0	.0000	0	.0000	0	.0000
20080731	臺股期貨            	TXF    	A         	16147	22637855.0000	18040	25323246.0000	-1893	-2685392.0000	2476	3460456.0000	8464	11838001.0000	-5988	-8377545.0000
20080731	臺股期貨            	TXF    	B         	420	589331.0000	1011	1416660.0000	-591	-827328.0000	2192	3069677.0000	6409	8971153.0000	-4217	-5901476.0000
20080731	臺股期貨            	TXF    	C         	9415	13252432.0000	6589	9257673.0000	2826	3994759.0000	29245	40936684.0000	27260	38154183.0000	1985	2782501.0000
20080731	非金電期貨          	XIF    	A         	232	200747.0000	244	210958.0000	-12	-10210.0000	186	161033.0000	182	157607.0000	4	3426.0000
20080731	非金電期貨          	XIF    	B         	0	.0000	0	.0000	0	.0000	19	16479.0000	0	.0000	19	16479.0000
20080731	非金電期貨          	XIF    	C         	0	.0000	3	2611.0000	-3	-2611.0000	99	85621.0000	87	75455.0000	12	10166.0000
