20080502	電子期貨            	EXF    	A         	568	775112.0000	731	996906.0000	-163	-221795.0000	2833	3863404.0000	704	959190.0000	2129	2904214.0000
20080502	電子期貨            	EXF    	B         	50	68589.0000	0	.0000	50	68589.0000	291	396866.0000	289	394138.0000	2	2728.0000
20080502	電子期貨            	EXF    	C         	804	1097193.0000	881	1202949.0000	-77	-105756.0000	2295	3129335.0000	7184	9797539.0000	-4889	-6668204.0000
20080502	金融期貨            	FXF    	A         	486	598385.0000	294	361914.0000	192	236471.0000	1857	2290285.0000	210	258361.0000	1647	2031924.0000
20080502	金融期貨            	FXF    	B         	0	.0000	13	15965.0000	-13	-15965.0000	744	917650.0000	16	19734.0000	728	897916.0000
20080502	金融期貨            	FXF    	C         	654	805000.0000	870	1069596.0000	-216	-264596.0000	3400	4193520.0000	10791	13309619.0000	-7391	-9116099.0000
20080502	櫃買期貨            	GTF    	A         	333	206861.0000	320	198655.0000	13	8206.0000	41	25883.0000	6	3787.0000	35	22096.0000
20080502	櫃買期貨            	GTF    	B         	0	.0000	0	.0000	0	.0000	0	.0000	43	27130.0000	-43	-27130.0000
20080502	櫃買期貨            	GTF    	C         	0	.0000	0	.0000	0	.0000	0	.0000	0	.0000	0	.0000
20080502	摩臺期              	MSF    	A         	2	2116.0000	1	1057.0000	1	1059.0000	4	4228.0000	3	3171.0000	1	1057.0000
20080502	摩臺期              	MSF    	B         	0	.0000	0	.0000	0	.0000	0	.0000	0	.0000	0	.0000
20080502	摩臺期              	MSF    	C         	0	.0000	0	.0000	0	.0000	0	.0000	0	.0000	0	.0000
20080502	小型臺指            	MXF    	A         	2431	1093740.0000	1997	896553.0000	434	197187.0000	2460	1105114.0000	2736	1227663.0000	-276	-122549.0000
20080502	小型臺指            	MXF    	B         	0	.0000	0	.0000	0	.0000	0	.0000	9	4051.0000	-9	-4051.0000
20080502	小型臺指            	MXF    	C         	0	.0000	180	80720.0000	-180	-80720.0000	298	134145.0000	179	80577.0000	119	53568.0000
20080502	臺灣50期貨          	T5F    	A         	0	.0000	0	.0000	0	.0000	0	.0000	0	.0000	0	.0000
20080502	臺灣50期貨          	T5F    	B         	0	.0000	0	.0000	0	.0000	0	.0000	0	.0000	0	.0000
20080502	臺灣50期貨          	T5F    	C         	0	.0000	0	.0000	0	.0000	0	.0000	0	.0000	0	.0000
20080502	臺股期貨            	TXF    	A         	8545	15379374.0000	7230	13005101.0000	1315	2374273.0000	7994	14348205.0000	4086	7353694.0000	3908	6994511.0000
20080502	臺股期貨            	TXF    	B         	337	606577.0000	238	428262.0000	99	178316.0000	361	649984.0000	4166	7500965.0000	-3805	-6850981.0000
20080502	臺股期貨            	TXF    	C         	3818	6876517.0000	2599	4671229.0000	1219	2205287.0000	31780	57215188.0000	39355	70749796.0000	-7575	-13534608.0000
20080502	非金電期貨          	XIF    	A         	192	214286.0000	222	247667.0000	-30	-33382.0000	1407	1567985.0000	130	144743.0000	1277	1423242.0000
20080502	非金電期貨          	XIF    	B         	0	.0000	0	.0000	0	.0000	6	6688.0000	0	.0000	6	6688.0000
20080502	非金電期貨          	XIF    	C         	0	.0000	0	.0000	0	.0000	2	2229.0000	1253	1396475.0000	-1251	-1394246.0000
20080505	電子期貨            	EXF    	A         	819	1104435.0000	894	1207167.0000	-75	-102732.0000	2820	3792767.0000	766	1029665.0000	2054	2763102.0000
20080505	電子期貨            	EXF    	B         	50	67118.0000	30	40553.0000	20	26565.0000	261	351045.0000	239	321455.0000	22	29590.0000
20080505	電子期貨            	EXF    	C         	281	378679.0000	571	768498.0000	-290	-389820.0000	2299	3091716.0000	7478	10057910.0000	-5179	-6966194.0000
20080505	金融期貨            	FXF    	A         	628	751652.0000	1041	1250528.0000	-413	-498876.0000	1526	1801471.0000	292	344019.0000	1234	1457452.0000
20080505	金融期貨            	FXF    	B         	90	106786.0000	188	225475.0000	-98	-118689.0000	708	835865.0000	78	92087.0000	630	743778.0000
20080505	金融期貨            	FXF    	C         	327	387830.0000	917	1094022.0000	-590	-706192.0000	3151	3720040.0000	11132	13142439.0000	-7981	-9422399.0000
20080505	櫃買期貨            	GTF    	A         	296	184994.0000	285	178111.0000	11	6884.0000	57	35774.0000	11	6901.0000	46	28873.0000
20080505	櫃買期貨            	GTF    	B         	0	.0000	0	.0000	0	.0000	0	.0000	43	26989.0000	-43	-26989.0000
20080505	櫃買期貨            	GTF    	C         	0	.0000	0	.0000	0	.0000	0	.0000	0	.0000	0	.0000
20080505	摩臺期              	MSF    	A         	4	4178.0000	2	2073.0000	2	2105.0000	7	7257.0000	4	4147.0000	3	3110.0000
20080505	摩臺期              	MSF    	B         	0	.0000	0	.0000	0	.0000	0	.0000	0	.0000	0	.0000
20080505	摩臺期              	MSF    	C         	0	.0000	0	.0000	0	.0000	0	.0000	0	.0000	0	.0000
20080505	小型臺指            	MXF    	A         	2669	1186678.0000	5754	2559077.0000	-3085	-1372399.0000	1895	836566.0000	2860	1261123.0000	-965	-424557.0000
20080505	小型臺指            	MXF    	B         	0	.0000	0	.0000	0	.0000	0	.0000	9	3982.0000	-9	-3982.0000
20080505	小型臺指            	MXF    	C         	162	71716.0000	551	246040.0000	-389	-174324.0000	0	.0000	270	119462.0000	-270	-119462.0000
20080505	臺灣50期貨          	T5F    	A         	0	.0000	0	.0000	0	.0000	0	.0000	0	.0000	0	.0000
20080505	臺灣50期貨          	T5F    	B         	0	.0000	0	.0000	0	.0000	0	.0000	0	.0000	0	.0000
20080505	臺灣50期貨          	T5F    	C         	0	.0000	0	.0000	0	.0000	0	.0000	0	.0000	0	.0000
20080505	臺股期貨            	TXF    	A         	10300	18336269.0000	14070	25022842.0000	-3770	-6686573.0000	4883	8600035.0000	5344	9453142.0000	-461	-853107.0000
20080505	臺股期貨            	TXF    	B         	594	1058562.0000	399	709207.0000	195	349356.0000	581	1028221.0000	4191	7416832.0000	-3610	-6388611.0000
20080505	臺股期貨            	TXF    	C         	2912	5168740.0000	4709	8373731.0000	-1797	-3204991.0000	31216	55238010.0000	40588	71722914.0000	-9372	-16484904.0000
20080505	非金電期貨          	XIF    	A         	476	521074.0000	539	591612.0000	-63	-70538.0000	1321	1458204.0000	107	117997.0000	1214	1340207.0000
20080505	非金電期貨          	XIF    	B         	0	.0000	0	.0000	0	.0000	6	6624.0000	0	.0000	6	6624.0000
20080505	非金電期貨          	XIF    	C         	0	.0000	0	.0000	0	.0000	2	2208.0000	1253	1383246.0000	-1251	-1381038.0000
20080506	電子期貨            	EXF    	A         	789	1067930.0000	501	675600.0000	288	392329.0000	3168	4305479.0000	826	1119686.0000	2342	3185793.0000
20080506	電子期貨            	EXF    	B         	0	.0000	20	26908.0000	-20	-26908.0000	261	354751.0000	259	352033.0000	2	2718.0000
20080506	電子期貨            	EXF    	C         	454	614885.0000	583	788984.0000	-129	-174099.0000	2320	3152417.0000	7628	10367978.0000	-5308	-7215561.0000
20080506	金融期貨            	FXF    	A         	564	659266.0000	384	448956.0000	180	210310.0000	1699	1995099.0000	285	333631.0000	1414	1661468.0000
20080506	金融期貨            	FXF    	B         	0	.0000	20	23534.0000	-20	-23534.0000	688	807987.0000	78	91603.0000	610	716384.0000
20080506	金融期貨            	FXF    	C         	781	914212.0000	1086	1268435.0000	-305	-354222.0000	2517	2955955.0000	10803	12687043.0000	-8286	-9731088.0000
20080506	櫃買期貨            	GTF    	A         	518	324523.0000	519	325153.0000	-1	-629.0000	55	34602.0000	10	6288.0000	45	28314.0000
20080506	櫃買期貨            	GTF    	B         	0	.0000	0	.0000	0	.0000	0	.0000	43	27055.0000	-43	-27055.0000
20080506	櫃買期貨            	GTF    	C         	0	.0000	0	.0000	0	.0000	0	.0000	0	.0000	0	.0000
20080506	摩臺期              	MSF    	A         	1	1039.0000	1	1039.0000	0	.0000	8	8315.0000	5	5197.0000	3	3118.0000
20080506	摩臺期              	MSF    	B         	0	.0000	0	.0000	0	.0000	0	.0000	0	.0000	0	.0000
20080506	摩臺期              	MSF    	C         	0	.0000	0	.0000	0	.0000	0	.0000	0	.0000	0	.0000
20080506	小型臺指            	MXF    	A         	2571	1136044.0000	3093	1365801.0000	-522	-229758.0000	2187	967852.0000	2754	1216836.0000	-567	-248984.0000
20080506	小型臺指            	MXF    	B         	6	2652.0000	4	1768.0000	2	884.0000	0	.0000	7	3104.0000	-7	-3104.0000
20080506	小型臺指            	MXF    	C         	221	97825.0000	0	.0000	221	97825.0000	183	81151.0000	232	102880.0000	-49	-21729.0000
20080506	臺灣50期貨          	T5F    	A         	0	.0000	0	.0000	0	.0000	0	.0000	0	.0000	0	.0000
20080506	臺灣50期貨          	T5F    	B         	0	.0000	0	.0000	0	.0000	0	.0000	0	.0000	0	.0000
20080506	臺灣50期貨          	T5F    	C         	0	.0000	0	.0000	0	.0000	0	.0000	0	.0000	0	.0000
20080506	臺股期貨            	TXF    	A         	10860	19204110.0000	10028	17713133.0000	832	1490976.0000	5373	9486135.0000	5232	9276433.0000	141	209702.0000
20080506	臺股期貨            	TXF    	B         	189	334430.0000	909	1604591.0000	-720	-1270162.0000	631	1119238.0000	4961	8799442.0000	-4330	-7680204.0000
20080506	臺股期貨            	TXF    	C         	3562	6296569.0000	5281	9335029.0000	-1719	-3038460.0000	30213	53584176.0000	41304	73147171.0000	-11091	-19562995.0000
20080506	非金電期貨          	XIF    	A         	586	636399.0000	470	509939.0000	116	126460.0000	1408	1544505.0000	78	85403.0000	1330	1459102.0000
20080506	非金電期貨          	XIF    	B         	0	.0000	0	.0000	0	.0000	6	6584.0000	0	.0000	6	6584.0000
20080506	非金電期貨          	XIF    	C         	0	.0000	56	61017.0000	-56	-61017.0000	0	.0000	1307	1433787.0000	-1307	-1433787.0000
20080507	電子期貨            	EXF    	A         	913	1252329.0000	776	1063674.0000	137	188654.0000	3068	4190543.0000	589	802445.0000	2479	3388098.0000
20080507	電子期貨            	EXF    	B         	27	36898.0000	1	1366.0000	26	35532.0000	274	374272.0000	246	336036.0000	28	38236.0000
20080507	電子期貨            	EXF    	C         	1024	1404916.0000	149	204054.0000	875	1200862.0000	2824	3856998.0000	7257	9913062.0000	-4433	-6056064.0000
20080507	金融期貨            	FXF    	A         	548	646963.0000	290	341874.0000	258	305090.0000	1858	2193054.0000	186	218847.0000	1672	1974207.0000
20080507	金融期貨            	FXF    	B         	70	82741.0000	28	32984.0000	42	49757.0000	682	805033.0000	30	35412.0000	652	769621.0000
20080507	金融期貨            	FXF    	C         	471	555727.0000	634	747802.0000	-163	-192076.0000	2277	2687766.0000	10726	12660970.0000	-8449	-9973204.0000
20080507	櫃買期貨            	GTF    	A         	957	599675.0000	962	602954.0000	-5	-3279.0000	47	29978.0000	7	4472.0000	40	25506.0000
20080507	櫃買期貨            	GTF    	B         	5	3208.0000	9	5759.0000	-4	-2551.0000	0	.0000	47	29984.0000	-47	-29984.0000
20080507	櫃買期貨            	GTF    	C         	0	.0000	0	.0000	0	.0000	0	.0000	0	.0000	0	.0000
20080507	摩臺期              	MSF    	A         	1	1045.0000	3	3142.0000	-2	-2097.0000	7	7351.0000	6	6301.0000	1	1050.0000
20080507	摩臺期              	MSF    	B         	0	.0000	0	.0000	0	.0000	0	.0000	0	.0000	0	.0000
20080507	摩臺期              	MSF    	C         	0	.0000	0	.0000	0	.0000	0	.0000	0	.0000	0	.0000
20080507	小型臺指            	MXF    	A         	3421	1527329.0000	2688	1199505.0000	733	327824.0000	2393	1065000.0000	2311	1026122.0000	82	38878.0000
20080507	小型臺指            	MXF    	B         	0	.0000	5	2236.0000	-5	-2236.0000	0	.0000	12	5350.0000	-12	-5350.0000
20080507	小型臺指            	MXF    	C         	561	250940.0000	76	33879.0000	485	217061.0000	436	194412.0000	0	.0000	436	194412.0000
20080507	臺灣50期貨          	T5F    	A         	0	.0000	0	.0000	0	.0000	0	.0000	0	.0000	0	.0000
20080507	臺灣50期貨          	T5F    	B         	0	.0000	0	.0000	0	.0000	0	.0000	0	.0000	0	.0000
20080507	臺灣50期貨          	T5F    	C         	0	.0000	0	.0000	0	.0000	0	.0000	0	.0000	0	.0000
20080507	臺股期貨            	TXF    	A         	11169	19944436.0000	10037	17923132.0000	1132	2021304.0000	5832	10358972.0000	4538	8090183.0000	1294	2268789.0000
20080507	臺股期貨            	TXF    	B         	653	1166964.0000	416	742882.0000	237	424082.0000	754	1344803.0000	4847	8644667.0000	-4093	-7299864.0000
20080507	臺股期貨            	TXF    	C         	5365	9580803.0000	3969	7083669.0000	1396	2497134.0000	30474	54345734.0000	40169	71532886.0000	-9695	-17187152.0000
20080507	非金電期貨          	XIF    	A         	498	542863.0000	586	639907.0000	-88	-97044.0000	1366	1507529.0000	124	136743.0000	1242	1370786.0000
20080507	非金電期貨          	XIF    	B         	0	.0000	0	.0000	0	.0000	6	6623.0000	0	.0000	6	6623.0000
20080507	非金電期貨          	XIF    	C         	0	.0000	0	.0000	0	.0000	0	.0000	1307	1442449.0000	-1307	-1442449.0000
20080508	電子期貨            	EXF    	A         	512	691300.0000	669	902070.0000	-157	-210770.0000	2965	4015298.0000	643	867821.0000	2322	3147477.0000
20080508	電子期貨            	EXF    	B         	0	.0000	146	197066.0000	-146	-197066.0000	265	358904.0000	383	518735.0000	-118	-159831.0000
20080508	電子期貨            	EXF    	C         	199	268396.0000	460	620705.0000	-261	-352309.0000	2698	3653586.0000	7392	10011725.0000	-4694	-6358139.0000
20080508	金融期貨            	FXF    	A         	621	728859.0000	706	829385.0000	-85	-100526.0000	1787	2106017.0000	200	234953.0000	1587	1871064.0000
20080508	金融期貨            	FXF    	B         	0	.0000	15	17543.0000	-15	-17543.0000	667	786126.0000	30	35358.0000	637	750768.0000
20080508	金融期貨            	FXF    	C         	820	964680.0000	1046	1227639.0000	-226	-262959.0000	2290	2698989.0000	10965	12923349.0000	-8675	-10224360.0000
20080508	櫃買期貨            	GTF    	A         	818	520507.0000	825	524977.0000	-7	-4470.0000	42	26820.0000	9	5771.0000	33	21049.0000
20080508	櫃買期貨            	GTF    	B         	2	1277.0000	2	1273.0000	0	4.0000	0	.0000	47	30026.0000	-47	-30026.0000
20080508	櫃買期貨            	GTF    	C         	0	.0000	0	.0000	0	.0000	0	.0000	0	.0000	0	.0000
20080508	摩臺期              	MSF    	A         	7	7295.0000	7	7292.0000	0	3.0000	7	7328.0000	6	6281.0000	1	1047.0000
20080508	摩臺期              	MSF    	B         	0	.0000	0	.0000	0	.0000	0	.0000	0	.0000	0	.0000
20080508	摩臺期              	MSF    	C         	0	.0000	0	.0000	0	.0000	0	.0000	0	.0000	0	.0000
20080508	小型臺指            	MXF    	A         	2502	1107158.0000	3490	1541276.0000	-988	-434118.0000	2000	887603.0000	2394	1060018.0000	-394	-172415.0000
20080508	小型臺指            	MXF    	B         	0	.0000	0	.0000	0	.0000	0	.0000	12	5335.0000	-12	-5335.0000
20080508	小型臺指            	MXF    	C         	269	119505.0000	570	251533.0000	-301	-132029.0000	266	118277.0000	131	58249.0000	135	60028.0000
20080508	臺灣50期貨          	T5F    	A         	0	.0000	0	.0000	0	.0000	0	.0000	0	.0000	0	.0000
20080508	臺灣50期貨          	T5F    	B         	0	.0000	0	.0000	0	.0000	0	.0000	0	.0000	0	.0000
20080508	臺灣50期貨          	T5F    	C         	0	.0000	0	.0000	0	.0000	0	.0000	0	.0000	0	.0000
20080508	臺股期貨            	TXF    	A         	9754	17271229.0000	10275	18167901.0000	-521	-896672.0000	5066	8968656.0000	4421	7859349.0000	645	1109307.0000
20080508	臺股期貨            	TXF    	B         	422	747460.0000	765	1351868.0000	-343	-604408.0000	881	1566919.0000	5317	9456292.0000	-4436	-7889373.0000
20080508	臺股期貨            	TXF    	C         	4780	8461643.0000	6459	11432110.0000	-1679	-2970467.0000	27884	49587316.0000	39258	69705429.0000	-11374	-20118113.0000
20080508	非金電期貨          	XIF    	A         	363	400377.0000	337	371772.0000	26	28605.0000	1367	1518084.0000	99	109788.0000	1268	1408296.0000
20080508	非金電期貨          	XIF    	B         	0	.0000	0	.0000	0	.0000	6	6667.0000	0	.0000	6	6667.0000
20080508	非金電期貨          	XIF    	C         	2	2200.0000	56	61708.0000	-54	-59508.0000	0	.0000	1361	1511427.0000	-1361	-1511427.0000
20080509	電子期貨            	EXF    	A         	496	665906.0000	519	696315.0000	-23	-30409.0000	2862	3815187.0000	563	747563.0000	2299	3067624.0000
20080509	電子期貨            	EXF    	B         	73	97812.0000	50	66833.0000	23	30979.0000	320	426614.0000	415	553278.0000	-95	-126664.0000
20080509	電子期貨            	EXF    	C         	186	249923.0000	403	540599.0000	-217	-290676.0000	2667	3555156.0000	7578	10102990.0000	-4911	-6547834.0000
20080509	金融期貨            	FXF    	A         	715	829829.0000	753	873378.0000	-38	-43548.0000	1873	2156852.0000	324	372424.0000	1549	1784428.0000
20080509	金融期貨            	FXF    	B         	0	.0000	15	17422.0000	-15	-17422.0000	652	750843.0000	30	34548.0000	622	716295.0000
20080509	金融期貨            	FXF    	C         	1048	1216512.0000	1206	1399291.0000	-158	-182778.0000	2098	2416056.0000	10931	12588140.0000	-8833	-10172084.0000
20080509	櫃買期貨            	GTF    	A         	275	174166.0000	239	151331.0000	36	22835.0000	74	46539.0000	5	3153.0000	69	43386.0000
20080509	櫃買期貨            	GTF    	B         	2	1280.0000	3	1916.0000	-1	-636.0000	0	.0000	48	30184.0000	-48	-30184.0000
20080509	櫃買期貨            	GTF    	C         	0	.0000	0	.0000	0	.0000	0	.0000	0	.0000	0	.0000
20080509	摩臺期              	MSF    	A         	3	3142.0000	3	3139.0000	0	4.0000	6	6274.0000	5	5229.0000	1	1045.0000
20080509	摩臺期              	MSF    	B         	0	.0000	0	.0000	0	.0000	0	.0000	0	.0000	0	.0000
20080509	摩臺期              	MSF    	C         	0	.0000	0	.0000	0	.0000	0	.0000	0	.0000	0	.0000
20080509	小型臺指            	MXF    	A         	2912	1284012.0000	5430	2392200.0000	-2518	-1108189.0000	1449	634913.0000	2913	1273155.0000	-1464	-638242.0000
20080509	小型臺指            	MXF    	B         	3	1324.0000	0	.0000	3	1324.0000	0	.0000	9	3947.0000	-9	-3947.0000
20080509	小型臺指            	MXF    	C         	85	37345.0000	468	206352.0000	-383	-169007.0000	0	.0000	248	108785.0000	-248	-108785.0000
20080509	臺灣50期貨          	T5F    	A         	0	.0000	0	.0000	0	.0000	0	.0000	0	.0000	0	.0000
20080509	臺灣50期貨          	T5F    	B         	0	.0000	0	.0000	0	.0000	0	.0000	0	.0000	0	.0000
20080509	臺灣50期貨          	T5F    	C         	0	.0000	0	.0000	0	.0000	0	.0000	0	.0000	0	.0000
20080509	臺股期貨            	TXF    	A         	8733	15406774.0000	11882	20945468.0000	-3149	-5538693.0000	2237	3890506.0000	5103	8946963.0000	-2866	-5056457.0000
20080509	臺股期貨            	TXF    	B         	204	359960.0000	316	556911.0000	-112	-196951.0000	910	1596633.0000	5458	9576039.0000	-4548	-7979406.0000
20080509	臺股期貨            	TXF    	C         	5596	9862005.0000	5088	8966429.0000	508	895576.0000	27369	48015151.0000	38235	66982093.0000	-10866	-18966942.0000
20080509	非金電期貨          	XIF    	A         	400	438488.0000	396	434186.0000	4	4303.0000	1390	1532192.0000	118	129981.0000	1272	1402211.0000
20080509	非金電期貨          	XIF    	B         	0	.0000	0	.0000	0	.0000	6	6614.0000	0	.0000	6	6614.0000
20080509	非金電期貨          	XIF    	C         	0	.0000	0	.0000	0	.0000	0	.0000	1361	1500318.0000	-1361	-1500318.0000
20080512	電子期貨            	EXF    	A         	706	947851.0000	535	717595.0000	171	230256.0000	3046	4118346.0000	576	775384.0000	2470	3342962.0000
20080512	電子期貨            	EXF    	B         	85	114853.0000	25	33797.0000	60	81056.0000	313	423222.0000	348	470566.0000	-35	-47344.0000
20080512	電子期貨            	EXF    	C         	173	232116.0000	176	236570.0000	-3	-4454.0000	2743	3708255.0000	7657	10353795.0000	-4914	-6645540.0000
20080512	金融期貨            	FXF    	A         	737	842051.0000	696	795645.0000	41	46406.0000	1986	2286609.0000	396	455481.0000	1590	1831128.0000
20080512	金融期貨            	FXF    	B         	0	.0000	160	181881.0000	-160	-181881.0000	492	566489.0000	30	34542.0000	462	531947.0000
20080512	金融期貨            	FXF    	C         	694	793241.0000	877	1000980.0000	-183	-207739.0000	2147	2472056.0000	11163	12853103.0000	-9016	-10381047.0000
20080512	櫃買期貨            	GTF    	A         	279	173779.0000	272	169417.0000	7	4362.0000	85	53310.0000	9	5650.0000	76	47660.0000
20080512	櫃買期貨            	GTF    	B         	0	.0000	0	.0000	0	.0000	0	.0000	48	30099.0000	-48	-30099.0000
20080512	櫃買期貨            	GTF    	C         	0	.0000	0	.0000	0	.0000	0	.0000	0	.0000	0	.0000
20080512	摩臺期              	MSF    	A         	3	3112.0000	4	4145.0000	-1	-1033.0000	5	5216.0000	5	5216.0000	0	.0000
20080512	摩臺期              	MSF    	B         	0	.0000	0	.0000	0	.0000	0	.0000	0	.0000	0	.0000
20080512	摩臺期              	MSF    	C         	0	.0000	0	.0000	0	.0000	0	.0000	0	.0000	0	.0000
20080512	小型臺指            	MXF    	A         	3632	1599531.0000	2200	968691.0000	1432	630839.0000	1905	842766.0000	2557	1128146.0000	-652	-285380.0000
20080512	小型臺指            	MXF    	B         	0	.0000	0	.0000	0	.0000	0	.0000	9	3986.0000	-9	-3986.0000
20080512	小型臺指            	MXF    	C         	561	247142.0000	0	.0000	561	247142.0000	401	177643.0000	88	38984.0000	313	138659.0000
20080512	臺灣50期貨          	T5F    	A         	0	.0000	0	.0000	0	.0000	0	.0000	0	.0000	0	.0000
20080512	臺灣50期貨          	T5F    	B         	0	.0000	0	.0000	0	.0000	0	.0000	0	.0000	0	.0000
20080512	臺灣50期貨          	T5F    	C         	0	.0000	0	.0000	0	.0000	0	.0000	0	.0000	0	.0000
20080512	臺股期貨            	TXF    	A         	10396	18321685.0000	8299	14618188.0000	2097	3703497.0000	3707	6532480.0000	4321	7650346.0000	-614	-1117866.0000
20080512	臺股期貨            	TXF    	B         	328	579463.0000	609	1071542.0000	-281	-492079.0000	891	1578799.0000	5720	10135233.0000	-4829	-8556434.0000
20080512	臺股期貨            	TXF    	C         	3311	5837409.0000	2089	3680033.0000	1222	2157375.0000	27499	48721458.0000	37143	65711402.0000	-9644	-16989944.0000
20080512	非金電期貨          	XIF    	A         	553	609739.0000	535	589711.0000	18	20028.0000	1379	1534541.0000	89	98938.0000	1290	1435603.0000
20080512	非金電期貨          	XIF    	B         	0	.0000	0	.0000	0	.0000	6	6679.0000	0	.0000	6	6679.0000
20080512	非金電期貨          	XIF    	C         	0	.0000	0	.0000	0	.0000	0	.0000	1361	1514593.0000	-1361	-1514593.0000
20080513	電子期貨            	EXF    	A         	1358	1853455.0000	648	884923.0000	710	968532.0000	3716	5106071.0000	536	733120.0000	3180	4372951.0000
20080513	電子期貨            	EXF    	B         	120	163040.0000	0	.0000	120	163040.0000	313	430110.0000	228	313318.0000	85	116792.0000
20080513	電子期貨            	EXF    	C         	303	414907.0000	137	187027.0000	166	227880.0000	2764	3797557.0000	7512	10322990.0000	-4748	-6525433.0000
20080513	金融期貨            	FXF    	A         	1487	1739619.0000	1028	1204363.0000	459	535256.0000	2373	2813793.0000	324	383384.0000	2049	2430409.0000
20080513	金融期貨            	FXF    	B         	85	99966.0000	0	.0000	85	99966.0000	577	684207.0000	30	35574.0000	547	648633.0000
20080513	金融期貨            	FXF    	C         	607	714050.0000	191	224711.0000	416	489339.0000	2515	2982287.0000	11115	13180122.0000	-8600	-10197835.0000
20080513	櫃買期貨            	GTF    	A         	79	49100.0000	103	64359.0000	-24	-15259.0000	65	41367.0000	13	8291.0000	52	33076.0000
20080513	櫃買期貨            	GTF    	B         	2	1273.0000	2	1269.0000	0	4.0000	0	.0000	48	30528.0000	-48	-30528.0000
20080513	櫃買期貨            	GTF    	C         	0	.0000	0	.0000	0	.0000	0	.0000	0	.0000	0	.0000
20080513	摩臺期              	MSF    	A         	5	5299.0000	8	8471.0000	-3	-3172.0000	3	3205.0000	6	6409.0000	-3	-3204.0000
20080513	摩臺期              	MSF    	B         	0	.0000	0	.0000	0	.0000	0	.0000	0	.0000	0	.0000
20080513	摩臺期              	MSF    	C         	0	.0000	0	.0000	0	.0000	0	.0000	0	.0000	0	.0000
20080513	小型臺指            	MXF    	A         	4885	2184631.0000	2314	1037621.0000	2571	1147011.0000	3437	1549627.0000	2414	1085623.0000	1023	464004.0000
20080513	小型臺指            	MXF    	B         	0	.0000	0	.0000	0	.0000	0	.0000	9	4062.0000	-9	-4062.0000
20080513	小型臺指            	MXF    	C         	544	243433.0000	208	93879.0000	336	149554.0000	649	293024.0000	0	.0000	649	293024.0000
20080513	臺灣50期貨          	T5F    	A         	0	.0000	0	.0000	0	.0000	0	.0000	0	.0000	0	.0000
20080513	臺灣50期貨          	T5F    	B         	0	.0000	0	.0000	0	.0000	0	.0000	0	.0000	0	.0000
20080513	臺灣50期貨          	T5F    	C         	0	.0000	0	.0000	0	.0000	0	.0000	0	.0000	0	.0000
20080513	臺股期貨            	TXF    	A         	15342	27476265.0000	12661	22701821.0000	2681	4774445.0000	6610	11899006.0000	4319	7793251.0000	2291	4105755.0000
20080513	臺股期貨            	TXF    	B         	1497	2679592.0000	202	361297.0000	1295	2318295.0000	926	1672303.0000	4460	8054082.0000	-3534	-6381779.0000
20080513	臺股期貨            	TXF    	C         	6676	11960115.0000	4911	8815501.0000	1765	3144614.0000	28163	50854014.0000	36042	64984242.0000	-7879	-14130228.0000
20080513	非金電期貨          	XIF    	A         	269	302391.0000	252	283147.0000	17	19243.0000	1413	1600936.0000	106	119963.0000	1307	1480973.0000
20080513	非金電期貨          	XIF    	B         	0	.0000	0	.0000	0	.0000	6	6800.0000	0	.0000	6	6800.0000
20080513	非金電期貨          	XIF    	C         	56	62723.0000	0	.0000	56	62723.0000	0	.0000	1305	1478643.0000	-1305	-1478643.0000
20080514	電子期貨            	EXF    	A         	591	817500.0000	1040	1439167.0000	-449	-621667.0000	3289	4549636.0000	558	768950.0000	2731	3780686.0000
20080514	電子期貨            	EXF    	B         	6	8317.0000	0	.0000	6	8317.0000	313	432994.0000	222	307115.0000	91	125879.0000
20080514	電子期貨            	EXF    	C         	1230	1702572.0000	406	561282.0000	824	1141290.0000	2863	3960186.0000	6787	9389082.0000	-3924	-5428896.0000
20080514	金融期貨            	FXF    	A         	548	649748.0000	943	1118197.0000	-395	-468449.0000	2038	2415749.0000	384	454470.0000	1654	1961279.0000
20080514	金融期貨            	FXF    	B         	550	652691.0000	235	277669.0000	315	375022.0000	892	1057377.0000	30	35562.0000	862	1021815.0000
20080514	金融期貨            	FXF    	C         	248	293702.0000	141	166903.0000	107	126799.0000	2519	2986023.0000	11012	13053607.0000	-8493	-10067584.0000
20080514	櫃買期貨            	GTF    	A         	108	67316.0000	114	71162.0000	-6	-3846.0000	57	36518.0000	11	7055.0000	46	29463.0000
20080514	櫃買期貨            	GTF    	B         	0	.0000	0	.0000	0	.0000	0	.0000	48	30744.0000	-48	-30744.0000
20080514	櫃買期貨            	GTF    	C         	0	.0000	0	.0000	0	.0000	0	.0000	0	.0000	0	.0000
20080514	摩臺期              	MSF    	A         	1	1080.0000	1	1080.0000	0	.0000	2	2157.0000	5	5393.0000	-3	-3236.0000
20080514	摩臺期              	MSF    	B         	0	.0000	0	.0000	0	.0000	0	.0000	0	.0000	0	.0000
20080514	摩臺期              	MSF    	C         	0	.0000	0	.0000	0	.0000	0	.0000	0	.0000	0	.0000
20080514	小型臺指            	MXF    	A         	2552	1152739.0000	2646	1195190.0000	-94	-42451.0000	3025	1367537.0000	2540	1146236.0000	485	221301.0000
20080514	小型臺指            	MXF    	B         	0	.0000	0	.0000	0	.0000	0	.0000	9	4076.0000	-9	-4076.0000
20080514	小型臺指            	MXF    	C         	3	1353.0000	286	129040.0000	-283	-127687.0000	566	256370.0000	200	90590.0000	366	165780.0000
20080514	臺灣50期貨          	T5F    	A         	0	.0000	0	.0000	0	.0000	0	.0000	0	.0000	0	.0000
20080514	臺灣50期貨          	T5F    	B         	0	.0000	0	.0000	0	.0000	0	.0000	0	.0000	0	.0000
20080514	臺灣50期貨          	T5F    	C         	0	.0000	0	.0000	0	.0000	0	.0000	0	.0000	0	.0000
20080514	臺股期貨            	TXF    	A         	9972	18041339.0000	9538	17237061.0000	434	804279.0000	7297	13195115.0000	4461	8075342.0000	2836	5119773.0000
20080514	臺股期貨            	TXF    	B         	741	1341163.0000	183	330694.0000	558	1010469.0000	1026	1858871.0000	4002	7250161.0000	-2976	-5391290.0000
20080514	臺股期貨            	TXF    	C         	4137	7468272.0000	4370	7903107.0000	-233	-434835.0000	28138	50965127.0000	36250	65582593.0000	-8112	-14617466.0000
20080514	非金電期貨          	XIF    	A         	449	498611.0000	501	557270.0000	-52	-58659.0000	1365	1547328.0000	110	124607.0000	1255	1422721.0000
20080514	非金電期貨          	XIF    	B         	0	.0000	0	.0000	0	.0000	6	6802.0000	0	.0000	6	6802.0000
20080514	非金電期貨          	XIF    	C         	0	.0000	0	.0000	0	.0000	0	.0000	1305	1479371.0000	-1305	-1479371.0000
20080515	電子期貨            	EXF    	A         	517	720649.0000	775	1080195.0000	-258	-359547.0000	3195	4460458.0000	722	1004979.0000	2473	3455479.0000
20080515	電子期貨            	EXF    	B         	4	5558.0000	42	58715.0000	-38	-53157.0000	313	437003.0000	260	363012.0000	53	73991.0000
20080515	電子期貨            	EXF    	C         	1507	2100936.0000	558	778984.0000	949	1321952.0000	2948	4115535.0000	5923	8269625.0000	-2975	-4154090.0000
20080515	金融期貨            	FXF    	A         	773	928962.0000	769	925843.0000	4	3118.0000	2020	2447311.0000	362	437933.0000	1658	2009378.0000
20080515	金融期貨            	FXF    	B         	12	14435.0000	16	19256.0000	-4	-4821.0000	888	1075906.0000	30	36348.0000	858	1039558.0000
20080515	金融期貨            	FXF    	C         	1084	1307437.0000	293	353417.0000	791	954021.0000	3285	3980126.0000	10987	13311857.0000	-7702	-9331731.0000
20080515	櫃買期貨            	GTF    	A         	188	119597.0000	196	124860.0000	-8	-5263.0000	65	41999.0000	27	17470.0000	38	24529.0000
20080515	櫃買期貨            	GTF    	B         	2	1293.0000	4	2579.0000	-2	-1286.0000	0	.0000	50	32312.0000	-50	-32312.0000
20080515	櫃買期貨            	GTF    	C         	0	.0000	0	.0000	0	.0000	0	.0000	0	.0000	0	.0000
20080515	摩臺期              	MSF    	A         	3	3272.0000	2	2183.0000	1	1089.0000	4	4357.0000	6	6536.0000	-2	-2179.0000
20080515	摩臺期              	MSF    	B         	0	.0000	0	.0000	0	.0000	0	.0000	0	.0000	0	.0000
20080515	摩臺期              	MSF    	C         	0	.0000	0	.0000	0	.0000	0	.0000	0	.0000	0	.0000
20080515	小型臺指            	MXF    	A         	3205	1464934.0000	2505	1146915.0000	700	318018.0000	3495	1601516.0000	2522	1154017.0000	973	447499.0000
20080515	小型臺指            	MXF    	B         	0	.0000	0	.0000	0	.0000	0	.0000	9	4131.0000	-9	-4131.0000
20080515	小型臺指            	MXF    	C         	336	153651.0000	203	93309.0000	133	60342.0000	499	229091.0000	0	.0000	499	229091.0000
20080515	臺灣50期貨          	T5F    	A         	0	.0000	0	.0000	0	.0000	0	.0000	0	.0000	0	.0000
20080515	臺灣50期貨          	T5F    	B         	0	.0000	0	.0000	0	.0000	0	.0000	0	.0000	0	.0000
20080515	臺灣50期貨          	T5F    	C         	0	.0000	0	.0000	0	.0000	0	.0000	0	.0000	0	.0000
20080515	臺股期貨            	TXF    	A         	11231	20548567.0000	9227	16893208.0000	2004	3655359.0000	9402	17240609.0000	4509	8273770.0000	4893	8966839.0000
20080515	臺股期貨            	TXF    	B         	761	1391229.0000	656	1197009.0000	105	194220.0000	977	1794139.0000	3848	7065043.0000	-2871	-5270904.0000
20080515	臺股期貨            	TXF    	C         	9015	16495680.0000	8453	15476254.0000	562	1019426.0000	31287	57439285.0000	38837	71228338.0000	-7550	-13789053.0000
20080515	非金電期貨          	XIF    	A         	220	252456.0000	217	249024.0000	3	3432.0000	1370	1580005.0000	112	129074.0000	1258	1450931.0000
20080515	非金電期貨          	XIF    	B         	0	.0000	0	.0000	0	.0000	6	6921.0000	0	.0000	6	6921.0000
20080515	非金電期貨          	XIF    	C         	0	.0000	16	18259.0000	-16	-18259.0000	0	.0000	1321	1523502.0000	-1321	-1523502.0000
20080516	電子期貨            	EXF    	A         	742	1045686.0000	912	1285428.0000	-170	-239741.0000	3132	4413134.0000	829	1164728.0000	2303	3248406.0000
20080516	電子期貨            	EXF    	B         	140	197527.0000	0	.0000	140	197527.0000	330	464983.0000	137	193060.0000	193	271923.0000
20080516	電子期貨            	EXF    	C         	844	1191179.0000	975	1375081.0000	-131	-183902.0000	3005	4234046.0000	6111	8611463.0000	-3106	-4377417.0000
20080516	金融期貨            	FXF    	A         	500	606998.0000	620	752850.0000	-120	-145853.0000	1915	2329643.0000	377	457934.0000	1538	1871709.0000
20080516	金融期貨            	FXF    	B         	30	36302.0000	5	6073.0000	25	30229.0000	883	1074260.0000	0	.0000	883	1074260.0000
20080516	金融期貨            	FXF    	C         	478	580526.0000	409	496605.0000	69	83921.0000	3307	4023307.0000	10940	13309667.0000	-7633	-9286360.0000
20080516	櫃買期貨            	GTF    	A         	117	76023.0000	138	89817.0000	-21	-13794.0000	46	30163.0000	29	19055.0000	17	11108.0000
20080516	櫃買期貨            	GTF    	B         	7	4597.0000	9	5877.0000	-2	-1280.0000	0	.0000	52	34086.0000	-52	-34086.0000
20080516	櫃買期貨            	GTF    	C         	0	.0000	0	.0000	0	.0000	0	.0000	0	.0000	0	.0000
20080516	摩臺期              	MSF    	A         	4	4373.0000	3	3292.0000	1	1081.0000	4	4394.0000	5	5493.0000	-1	-1099.0000
20080516	摩臺期              	MSF    	B         	0	.0000	0	.0000	0	.0000	0	.0000	0	.0000	0	.0000
20080516	摩臺期              	MSF    	C         	0	.0000	0	.0000	0	.0000	0	.0000	0	.0000	0	.0000
20080516	小型臺指            	MXF    	A         	2643	1220668.0000	3541	1635131.0000	-898	-414463.0000	4058	1872808.0000	2935	1352233.0000	1123	520575.0000
20080516	小型臺指            	MXF    	B         	0	.0000	0	.0000	0	.0000	0	.0000	9	4160.0000	-9	-4160.0000
20080516	小型臺指            	MXF    	C         	67	30989.0000	17	7847.0000	50	23141.0000	552	255190.0000	3	1387.0000	549	253803.0000
20080516	臺灣50期貨          	T5F    	A         	0	.0000	0	.0000	0	.0000	0	.0000	0	.0000	0	.0000
20080516	臺灣50期貨          	T5F    	B         	0	.0000	0	.0000	0	.0000	0	.0000	0	.0000	0	.0000
20080516	臺灣50期貨          	T5F    	C         	0	.0000	0	.0000	0	.0000	0	.0000	0	.0000	0	.0000
20080516	臺股期貨            	TXF    	A         	11371	21014423.0000	11613	21461146.0000	-242	-446724.0000	8968	16555409.0000	4579	8459703.0000	4389	8095706.0000
20080516	臺股期貨            	TXF    	B         	941	1737983.0000	248	457016.0000	693	1280967.0000	1268	2343948.0000	3567	6593504.0000	-2299	-4249556.0000
20080516	臺股期貨            	TXF    	C         	6562	12123057.0000	7672	14169971.0000	-1110	-2046914.0000	31883	58937157.0000	40543	74866159.0000	-8660	-15929002.0000
20080516	非金電期貨          	XIF    	A         	307	350955.0000	277	316208.0000	30	34747.0000	1418	1638672.0000	130	150108.0000	1288	1488564.0000
20080516	非金電期貨          	XIF    	B         	0	.0000	0	.0000	0	.0000	6	6935.0000	0	.0000	6	6935.0000
20080516	非金電期貨          	XIF    	C         	2	2304.0000	16	18500.0000	-14	-16196.0000	0	.0000	1335	1542777.0000	-1335	-1542777.0000
20080519	電子期貨            	EXF    	A         	1296	1824028.0000	853	1201046.0000	443	622982.0000	3507	4962576.0000	761	1073645.0000	2746	3888931.0000
20080519	電子期貨            	EXF    	B         	35	49153.0000	34	47818.0000	1	1335.0000	331	468360.0000	137	193913.0000	194	274447.0000
20080519	電子期貨            	EXF    	C         	1981	2786753.0000	3134	4406833.0000	-1153	-1620081.0000	3173	4488819.0000	7432	10514551.0000	-4259	-6025732.0000
20080519	金融期貨            	FXF    	A         	972	1186227.0000	650	793654.0000	322	392573.0000	2211	2723333.0000	351	431248.0000	1860	2292085.0000
20080519	金融期貨            	FXF    	B         	41	49998.0000	461	561905.0000	-420	-511907.0000	463	570342.0000	0	.0000	463	570342.0000
20080519	金融期貨            	FXF    	C         	5347	6515621.0000	5988	7293320.0000	-641	-777699.0000	3445	4242396.0000	11719	14432786.0000	-8274	-10190390.0000
20080519	櫃買期貨            	GTF    	A         	88	57193.0000	85	55229.0000	3	1964.0000	46	30302.0000	26	17146.0000	20	13156.0000
20080519	櫃買期貨            	GTF    	B         	2	1316.0000	4	2631.0000	-2	-1315.0000	0	.0000	54	35573.0000	-54	-35573.0000
20080519	櫃買期貨            	GTF    	C         	0	.0000	0	.0000	0	.0000	0	.0000	0	.0000	0	.0000
20080519	摩臺期              	MSF    	A         	4	4368.0000	4	4368.0000	0	.0000	2	2197.0000	3	3295.0000	-1	-1098.0000
20080519	摩臺期              	MSF    	B         	0	.0000	0	.0000	0	.0000	0	.0000	0	.0000	0	.0000
20080519	摩臺期              	MSF    	C         	0	.0000	0	.0000	0	.0000	0	.0000	0	.0000	0	.0000
20080519	小型臺指            	MXF    	A         	2471	1147232.0000	4191	1946765.0000	-1720	-799532.0000	2955	1382024.0000	2876	1343408.0000	79	38616.0000
20080519	小型臺指            	MXF    	B         	0	.0000	0	.0000	0	.0000	0	.0000	9	4217.0000	-9	-4217.0000
20080519	小型臺指            	MXF    	C         	0	.0000	527	244769.0000	-527	-244769.0000	25	11716.0000	3	1406.0000	22	10310.0000
20080519	臺灣50期貨          	T5F    	A         	0	.0000	0	.0000	0	.0000	0	.0000	0	.0000	0	.0000
20080519	臺灣50期貨          	T5F    	B         	0	.0000	0	.0000	0	.0000	0	.0000	0	.0000	0	.0000
20080519	臺灣50期貨          	T5F    	C         	0	.0000	0	.0000	0	.0000	0	.0000	0	.0000	0	.0000
20080519	臺股期貨            	TXF    	A         	10610	19714631.0000	9369	17413424.0000	1241	2301207.0000	10532	19717359.0000	5071	9497305.0000	5461	10220054.0000
20080519	臺股期貨            	TXF    	B         	823	1527978.0000	1069	1982939.0000	-246	-454960.0000	1257	2355555.0000	3800	7120278.0000	-2543	-4764723.0000
20080519	臺股期貨            	TXF    	C         	21044	39048831.0000	24921	46265229.0000	-3877	-7216397.0000	30367	56895409.0000	42904	80317345.0000	-12537	-23421936.0000
20080519	非金電期貨          	XIF    	A         	486	569466.0000	482	565217.0000	4	4249.0000	1412	1674405.0000	120	142216.0000	1292	1532189.0000
20080519	非金電期貨          	XIF    	B         	6	6977.0000	8	9336.0000	-2	-2359.0000	4	4738.0000	0	.0000	4	4738.0000
20080519	非金電期貨          	XIF    	C         	184	216363.0000	242	283769.0000	-58	-67406.0000	0	.0000	1393	1651790.0000	-1393	-1651790.0000
20080520	電子期貨            	EXF    	A         	3226	4507758.0000	3641	5093986.0000	-415	-586227.0000	3511	4845414.0000	1180	1626319.0000	2331	3219095.0000
20080520	電子期貨            	EXF    	B         	65	91383.0000	137	192660.0000	-72	-101277.0000	314	433575.0000	192	265053.0000	122	168522.0000
20080520	電子期貨            	EXF    	C         	7056	9884845.0000	6968	9750963.0000	88	133882.0000	4618	6375501.0000	8789	12131882.0000	-4171	-5756381.0000
20080520	金融期貨            	FXF    	A         	2305	2751168.0000	2258	2700791.0000	47	50377.0000	2202	2579879.0000	295	345001.0000	1907	2234878.0000
20080520	金融期貨            	FXF    	B         	81	95493.0000	334	403697.0000	-253	-308204.0000	210	246052.0000	0	.0000	210	246052.0000
20080520	金融期貨            	FXF    	C         	6394	7649756.0000	6920	8280428.0000	-526	-630672.0000	3801	4453614.0000	12601	14764405.0000	-8800	-10310791.0000
20080520	櫃買期貨            	GTF    	A         	76	49132.0000	71	45844.0000	5	3288.0000	54	34930.0000	29	18771.0000	25	16159.0000
20080520	櫃買期貨            	GTF    	B         	12	7879.0000	12	7840.0000	0	39.0000	0	.0000	54	34906.0000	-54	-34906.0000
20080520	櫃買期貨            	GTF    	C         	0	.0000	0	.0000	0	.0000	0	.0000	0	.0000	0	.0000
20080520	摩臺期              	MSF    	A         	10	10750.0000	8	8555.0000	2	2196.0000	7	7427.0000	6	6366.0000	1	1061.0000
20080520	摩臺期              	MSF    	B         	0	.0000	0	.0000	0	.0000	0	.0000	0	.0000	0	.0000
20080520	摩臺期              	MSF    	C         	0	.0000	0	.0000	0	.0000	0	.0000	0	.0000	0	.0000
20080520	小型臺指            	MXF    	A         	9205	4233701.0000	13075	6022373.0000	-3870	-1788673.0000	4590	2079517.0000	7329	3318989.0000	-2739	-1239472.0000
20080520	小型臺指            	MXF    	B         	7	3256.0000	6	2789.0000	1	467.0000	0	.0000	8	3628.0000	-8	-3628.0000
20080520	小型臺指            	MXF    	C         	1	465.0000	374	173200.0000	-373	-172735.0000	0	.0000	351	159231.0000	-351	-159231.0000
20080520	臺灣50期貨          	T5F    	A         	0	.0000	0	.0000	0	.0000	0	.0000	0	.0000	0	.0000
20080520	臺灣50期貨          	T5F    	B         	0	.0000	0	.0000	0	.0000	0	.0000	0	.0000	0	.0000
20080520	臺灣50期貨          	T5F    	C         	0	.0000	0	.0000	0	.0000	0	.0000	0	.0000	0	.0000
20080520	臺股期貨            	TXF    	A         	23672	43575267.0000	29216	53765189.0000	-5544	-10189922.0000	5114	9257220.0000	5460	9895296.0000	-346	-638076.0000
20080520	臺股期貨            	TXF    	B         	1519	2811371.0000	2178	4017122.0000	-659	-1205751.0000	1351	2451027.0000	4550	8251048.0000	-3199	-5800021.0000
20080520	臺股期貨            	TXF    	C         	35925	66287673.0000	40400	74576190.0000	-4475	-8288518.0000	34277	62171768.0000	51290	92965592.0000	-17013	-30793824.0000
20080520	非金電期貨          	XIF    	A         	1708	1991573.0000	1694	1978179.0000	14	13394.0000	1842	2112105.0000	536	616167.0000	1306	1495938.0000
20080520	非金電期貨          	XIF    	B         	0	.0000	0	.0000	0	.0000	4	4586.0000	0	.0000	4	4586.0000
20080520	非金電期貨          	XIF    	C         	1484	1732996.0000	1487	1733655.0000	-3	-659.0000	664	763534.0000	2060	2362630.0000	-1396	-1599096.0000
20080521	電子期貨            	EXF    	A         	1284	1761936.0000	1123	1541284.0000	161	220652.0000	3593	4918420.0000	1101	1504518.0000	2492	3413902.0000
20080521	電子期貨            	EXF    	B         	268	367604.0000	651	891702.0000	-383	-524098.0000	314	429866.0000	575	787159.0000	-261	-357293.0000
20080521	電子期貨            	EXF    	C         	3506	4811555.0000	3622	4970582.0000	-116	-159027.0000	4616	6318848.0000	8903	12187770.0000	-4287	-5868922.0000
20080521	金融期貨            	FXF    	A         	1077	1254661.0000	1196	1394829.0000	-119	-140168.0000	2060	2395170.0000	272	315564.0000	1788	2079606.0000
20080521	金融期貨            	FXF    	B         	29	33713.0000	59	68724.0000	-30	-35011.0000	180	209300.0000	0	.0000	180	209300.0000
20080521	金融期貨            	FXF    	C         	2419	2819013.0000	2160	2515894.0000	259	303120.0000	3810	4429866.0000	12351	14361005.0000	-8541	-9931139.0000
20080521	櫃買期貨            	GTF    	A         	150	95158.0000	146	92573.0000	4	2585.0000	56	36062.0000	27	17365.0000	29	18697.0000
20080521	櫃買期貨            	GTF    	B         	0	.0000	0	.0000	0	.0000	0	.0000	54	34776.0000	-54	-34776.0000
20080521	櫃買期貨            	GTF    	C         	0	.0000	0	.0000	0	.0000	0	.0000	0	.0000	0	.0000
20080521	摩臺期              	MSF    	A         	16	16894.0000	19	20069.0000	-3	-3175.0000	5	5276.0000	7	7387.0000	-2	-2111.0000
20080521	摩臺期              	MSF    	B         	0	.0000	0	.0000	0	.0000	0	.0000	0	.0000	0	.0000
20080521	摩臺期              	MSF    	C         	0	.0000	0	.0000	0	.0000	0	.0000	0	.0000	0	.0000
20080521	小型臺指            	MXF    	A         	4836	2180888.0000	5263	2371289.0000	-427	-190401.0000	4546	2042886.0000	8508	3819321.0000	-3962	-1776435.0000
20080521	小型臺指            	MXF    	B         	0	.0000	0	.0000	0	.0000	0	.0000	8	3596.0000	-8	-3596.0000
20080521	小型臺指            	MXF    	C         	347	157366.0000	132	59300.0000	215	98066.0000	12	5394.0000	148	66539.0000	-136	-61145.0000
20080521	臺灣50期貨          	T5F    	A         	0	.0000	0	.0000	0	.0000	0	.0000	0	.0000	0	.0000
20080521	臺灣50期貨          	T5F    	B         	0	.0000	0	.0000	0	.0000	0	.0000	0	.0000	0	.0000
20080521	臺灣50期貨          	T5F    	C         	0	.0000	0	.0000	0	.0000	0	.0000	0	.0000	0	.0000
20080521	臺股期貨            	TXF    	A         	14552	26259272.0000	15400	27775817.0000	-848	-1516545.0000	4856	8717492.0000	5851	10511022.0000	-995	-1793530.0000
20080521	臺股期貨            	TXF    	B         	1368	2466033.0000	1959	3531068.0000	-591	-1065035.0000	746	1341308.0000	4536	8152544.0000	-3790	-6811236.0000
20080521	臺股期貨            	TXF    	C         	13381	24144571.0000	13596	24524209.0000	-215	-379637.0000	32623	58664982.0000	49851	89584329.0000	-17228	-30919347.0000
20080521	非金電期貨          	XIF    	A         	696	792127.0000	702	799744.0000	-6	-7617.0000	1894	2147627.0000	594	678402.0000	1300	1469225.0000
20080521	非金電期貨          	XIF    	B         	5	5687.0000	0	.0000	5	5687.0000	9	10204.0000	0	.0000	9	10204.0000
20080521	非金電期貨          	XIF    	C         	152	174092.0000	156	177750.0000	-4	-3657.0000	663	757478.0000	2063	2339377.0000	-1400	-1581899.0000
20080522	電子期貨            	EXF    	A         	733	994312.0000	635	861184.0000	98	133128.0000	3401	4657207.0000	427	580978.0000	2974	4076229.0000
20080522	電子期貨            	EXF    	B         	0	.0000	0	.0000	0	.0000	314	430054.0000	495	677952.0000	-181	-247898.0000
20080522	電子期貨            	EXF    	C         	680	923189.0000	635	861290.0000	45	61899.0000	2315	3170624.0000	6654	9113060.0000	-4339	-5942436.0000
20080522	金融期貨            	FXF    	A         	602	692117.0000	608	700709.0000	-6	-8591.0000	1865	2192970.0000	168	196382.0000	1697	1996588.0000
20080522	金融期貨            	FXF    	B         	58	67804.0000	0	.0000	58	67804.0000	218	256368.0000	0	.0000	218	256368.0000
20080522	金融期貨            	FXF    	C         	809	929359.0000	1420	1631710.0000	-611	-702351.0000	1612	1895304.0000	9237	10862248.0000	-7625	-8966944.0000
20080522	櫃買期貨            	GTF    	A         	107	67694.0000	104	65789.0000	3	1905.0000	56	36053.0000	13	8336.0000	43	27717.0000
20080522	櫃買期貨            	GTF    	B         	0	.0000	0	.0000	0	.0000	0	.0000	54	34765.0000	-54	-34765.0000
20080522	櫃買期貨            	GTF    	C         	0	.0000	0	.0000	0	.0000	0	.0000	0	.0000	0	.0000
20080522	摩臺期              	MSF    	A         	4	4142.0000	5	5178.0000	-1	-1036.0000	5	5245.0000	7	7343.0000	-2	-2098.0000
20080522	摩臺期              	MSF    	B         	0	.0000	0	.0000	0	.0000	0	.0000	0	.0000	0	.0000
20080522	摩臺期              	MSF    	C         	0	.0000	0	.0000	0	.0000	0	.0000	0	.0000	0	.0000
20080522	小型臺指            	MXF    	A         	3236	1444645.0000	3111	1386239.0000	125	58406.0000	615	274328.0000	8487	3818791.0000	-7872	-3544463.0000
20080522	小型臺指            	MXF    	B         	0	.0000	0	.0000	0	.0000	0	.0000	7	3155.0000	-7	-3155.0000
20080522	小型臺指            	MXF    	C         	154	68979.0000	38	16918.0000	116	52061.0000	158	71219.0000	149	67162.0000	9	4057.0000
20080522	臺灣50期貨          	T5F    	A         	0	.0000	0	.0000	0	.0000	0	.0000	0	.0000	0	.0000
20080522	臺灣50期貨          	T5F    	B         	0	.0000	0	.0000	0	.0000	0	.0000	0	.0000	0	.0000
20080522	臺灣50期貨          	T5F    	C         	0	.0000	0	.0000	0	.0000	0	.0000	0	.0000	0	.0000
20080522	臺股期貨            	TXF    	A         	10071	17980091.0000	8596	15341088.0000	1475	2639002.0000	3234	5804801.0000	5414	9748443.0000	-2180	-3943642.0000
20080522	臺股期貨            	TXF    	B         	1087	1942086.0000	1079	1922517.0000	8	19568.0000	714	1287342.0000	4185	7541372.0000	-3471	-6254030.0000
20080522	臺股期貨            	TXF    	C         	4021	7173073.0000	7523	13412708.0000	-3502	-6239635.0000	23909	43098641.0000	37654	67792981.0000	-13745	-24694340.0000
20080522	非金電期貨          	XIF    	A         	503	564035.0000	479	537084.0000	24	26951.0000	1919	2183673.0000	53	60077.0000	1866	2123596.0000
20080522	非金電期貨          	XIF    	B         	0	.0000	0	.0000	0	.0000	9	10242.0000	0	.0000	9	10242.0000
20080522	非金電期貨          	XIF    	C         	4	4475.0000	44	49446.0000	-40	-44971.0000	4	4552.0000	2067	2352246.0000	-2063	-2347694.0000
20080523	電子期貨            	EXF    	A         	741	997146.0000	963	1297489.0000	-222	-300343.0000	3357	4441351.0000	605	797117.0000	2752	3644234.0000
20080523	電子期貨            	EXF    	B         	211	287543.0000	100	133472.0000	111	154071.0000	327	432686.0000	397	525310.0000	-70	-92624.0000
20080523	電子期貨            	EXF    	C         	484	646632.0000	432	581070.0000	52	65562.0000	2492	3297414.0000	6779	8969531.0000	-4287	-5672117.0000
20080523	金融期貨            	FXF    	A         	726	842326.0000	586	680073.0000	140	162253.0000	2055	2357247.0000	218	249099.0000	1837	2108148.0000
20080523	金融期貨            	FXF    	B         	0	.0000	1	1147.0000	-1	-1147.0000	217	248942.0000	0	.0000	217	248942.0000
20080523	金融期貨            	FXF    	C         	156	180807.0000	798	924889.0000	-642	-744082.0000	1488	1706626.0000	9755	11189736.0000	-8267	-9483110.0000
20080523	櫃買期貨            	GTF    	A         	106	66758.0000	84	52867.0000	22	13892.0000	71	44361.0000	6	3704.0000	65	40657.0000
20080523	櫃買期貨            	GTF    	B         	0	.0000	0	.0000	0	.0000	0	.0000	54	33739.0000	-54	-33739.0000
20080523	櫃買期貨            	GTF    	C         	0	.0000	0	.0000	0	.0000	0	.0000	0	.0000	0	.0000
20080523	摩臺期              	MSF    	A         	5	5164.0000	3	3107.0000	2	2057.0000	7	7171.0000	7	7171.0000	0	.0000
20080523	摩臺期              	MSF    	B         	0	.0000	0	.0000	0	.0000	0	.0000	0	.0000	0	.0000
20080523	摩臺期              	MSF    	C         	0	.0000	0	.0000	0	.0000	0	.0000	0	.0000	0	.0000
20080523	小型臺指            	MXF    	A         	4084	1816384.0000	5242	2329824.0000	-1158	-513440.0000	648	281865.0000	9418	4128613.0000	-8770	-3846748.0000
20080523	小型臺指            	MXF    	B         	0	.0000	0	.0000	0	.0000	0	.0000	7	3074.0000	-7	-3074.0000
20080523	小型臺指            	MXF    	C         	41	18108.0000	556	249006.0000	-515	-230898.0000	0	.0000	506	222235.0000	-506	-222235.0000
20080523	臺灣50期貨          	T5F    	A         	0	.0000	0	.0000	0	.0000	0	.0000	0	.0000	0	.0000
20080523	臺灣50期貨          	T5F    	B         	0	.0000	0	.0000	0	.0000	0	.0000	0	.0000	0	.0000
20080523	臺灣50期貨          	T5F    	C         	0	.0000	0	.0000	0	.0000	0	.0000	0	.0000	0	.0000
20080523	臺股期貨            	TXF    	A         	11867	21127793.0000	14246	25366535.0000	-2379	-4238741.0000	2924	5111373.0000	7548	13247371.0000	-4624	-8135998.0000
20080523	臺股期貨            	TXF    	B         	754	1353326.0000	1032	1836555.0000	-278	-483229.0000	793	1393142.0000	4542	7975169.0000	-3749	-6582027.0000
20080523	臺股期貨            	TXF    	C         	4812	8553840.0000	6004	10668431.0000	-1192	-2114591.0000	22548	39603734.0000	37485	65747645.0000	-14937	-26143911.0000
20080523	非金電期貨          	XIF    	A         	316	354827.0000	326	366338.0000	-10	-11511.0000	1913	2137813.0000	57	63303.0000	1856	2074510.0000
20080523	非金電期貨          	XIF    	B         	0	.0000	0	.0000	0	.0000	9	10059.0000	0	.0000	9	10059.0000
20080523	非金電期貨          	XIF    	C         	31	35184.0000	0	.0000	31	35184.0000	35	39120.0000	2067	2310286.0000	-2032	-2271166.0000
20080526	電子期貨            	EXF    	A         	919	1206102.0000	569	746883.0000	350	459219.0000	3550	4640241.0000	448	580404.0000	3102	4059837.0000
20080526	電子期貨            	EXF    	B         	99	129913.0000	33	43233.0000	66	86680.0000	314	410524.0000	318	415753.0000	-4	-5229.0000
20080526	電子期貨            	EXF    	C         	323	423921.0000	846	1109572.0000	-523	-685651.0000	2500	3268500.0000	7310	9556528.0000	-4810	-6288028.0000
20080526	金融期貨            	FXF    	A         	462	529795.0000	551	631186.0000	-89	-101391.0000	1989	2264721.0000	241	273444.0000	1748	1991277.0000
20080526	金融期貨            	FXF    	B         	0	.0000	0	.0000	0	.0000	217	247120.0000	0	.0000	217	247120.0000
20080526	金融期貨            	FXF    	C         	277	317700.0000	581	665769.0000	-304	-348069.0000	1557	1772612.0000	10127	11530217.0000	-8570	-9757605.0000
20080526	櫃買期貨            	GTF    	A         	79	47008.0000	83	49487.0000	-4	-2478.0000	69	41423.0000	8	4756.0000	61	36667.0000
20080526	櫃買期貨            	GTF    	B         	1	606.0000	1	603.0000	0	3.0000	0	.0000	54	32417.0000	-54	-32417.0000
20080526	櫃買期貨            	GTF    	C         	0	.0000	0	.0000	0	.0000	0	.0000	0	.0000	0	.0000
20080526	摩臺期              	MSF    	A         	1	1023.0000	1	1023.0000	0	.0000	8	8181.0000	8	8181.0000	0	.0000
20080526	摩臺期              	MSF    	B         	0	.0000	0	.0000	0	.0000	0	.0000	0	.0000	0	.0000
20080526	摩臺期              	MSF    	C         	0	.0000	0	.0000	0	.0000	0	.0000	0	.0000	0	.0000
20080526	小型臺指            	MXF    	A         	3588	1566828.0000	3975	1734717.0000	-387	-167889.0000	920	397124.0000	9893	4293428.0000	-8973	-3896304.0000
20080526	小型臺指            	MXF    	B         	1	437.0000	6	2611.0000	-5	-2174.0000	0	.0000	12	5218.0000	-12	-5218.0000
20080526	小型臺指            	MXF    	C         	394	172248.0000	169	73525.0000	225	98722.0000	0	.0000	281	122179.0000	-281	-122179.0000
20080526	臺灣50期貨          	T5F    	A         	0	.0000	0	.0000	0	.0000	0	.0000	0	.0000	0	.0000
20080526	臺灣50期貨          	T5F    	B         	0	.0000	0	.0000	0	.0000	0	.0000	0	.0000	0	.0000
20080526	臺灣50期貨          	T5F    	C         	0	.0000	0	.0000	0	.0000	0	.0000	0	.0000	0	.0000
20080526	臺股期貨            	TXF    	A         	11279	19716299.0000	11863	20729689.0000	-584	-1013390.0000	3068	5309250.0000	8322	14460797.0000	-5254	-9151547.0000
20080526	臺股期貨            	TXF    	B         	512	895417.0000	503	876301.0000	9	19116.0000	801	1393099.0000	4541	7891557.0000	-3740	-6498458.0000
20080526	臺股期貨            	TXF    	C         	5499	9606125.0000	6189	10808896.0000	-690	-1202771.0000	21473	37336603.0000	37100	64412671.0000	-15627	-27076068.0000
20080526	非金電期貨          	XIF    	A         	192	214712.0000	235	262884.0000	-43	-48172.0000	1871	2081012.0000	58	64168.0000	1813	2016844.0000
20080526	非金電期貨          	XIF    	B         	0	.0000	0	.0000	0	.0000	9	10012.0000	0	.0000	9	10012.0000
20080526	非金電期貨          	XIF    	C         	7	7848.0000	0	.0000	7	7848.0000	42	46721.0000	2067	2299331.0000	-2025	-2252610.0000
20080527	電子期貨            	EXF    	A         	324	425577.0000	336	442141.0000	-12	-16564.0000	3558	4704873.0000	468	614956.0000	3090	4089917.0000
20080527	電子期貨            	EXF    	B         	0	.0000	0	.0000	0	.0000	314	415296.0000	318	420587.0000	-4	-5291.0000
20080527	電子期貨            	EXF    	C         	145	191067.0000	106	138976.0000	39	52091.0000	2567	3395114.0000	7338	9704155.0000	-4771	-6309041.0000
20080527	金融期貨            	FXF    	A         	341	390719.0000	306	350244.0000	35	40475.0000	1975	2263475.0000	192	219053.0000	1783	2044422.0000
20080527	金融期貨            	FXF    	B         	0	.0000	0	.0000	0	.0000	217	248725.0000	0	.0000	217	248725.0000
20080527	金融期貨            	FXF    	C         	181	207381.0000	44	50037.0000	137	157344.0000	1557	1784302.0000	9990	11448091.0000	-8433	-9663789.0000
20080527	櫃買期貨            	GTF    	A         	98	57623.0000	93	54642.0000	5	2981.0000	81	48503.0000	15	8888.0000	66	39615.0000
20080527	櫃買期貨            	GTF    	B         	0	.0000	0	.0000	0	.0000	0	.0000	54	32341.0000	-54	-32341.0000
20080527	櫃買期貨            	GTF    	C         	0	.0000	0	.0000	0	.0000	0	.0000	0	.0000	0	.0000
20080527	摩臺期              	MSF    	A         	3	3071.0000	3	3071.0000	0	.0000	9	9224.0000	9	9224.0000	0	.0000
20080527	摩臺期              	MSF    	B         	0	.0000	0	.0000	0	.0000	0	.0000	0	.0000	0	.0000
20080527	摩臺期              	MSF    	C         	0	.0000	0	.0000	0	.0000	0	.0000	0	.0000	0	.0000
20080527	小型臺指            	MXF    	A         	2474	1081554.0000	2125	927758.0000	349	153796.0000	1038	452186.0000	9358	4096339.0000	-8320	-3644153.0000
20080527	小型臺指            	MXF    	B         	5	2184.0000	0	.0000	5	2184.0000	0	.0000	7	3070.0000	-7	-3070.0000
20080527	小型臺指            	MXF    	C         	277	121248.0000	117	51252.0000	160	69995.0000	0	.0000	121	53071.0000	-121	-53071.0000
20080527	臺灣50期貨          	T5F    	A         	0	.0000	0	.0000	0	.0000	0	.0000	0	.0000	0	.0000
20080527	臺灣50期貨          	T5F    	B         	0	.0000	0	.0000	0	.0000	0	.0000	0	.0000	0	.0000
20080527	臺灣50期貨          	T5F    	C         	0	.0000	0	.0000	0	.0000	0	.0000	0	.0000	0	.0000
20080527	臺股期貨            	TXF    	A         	7332	12824922.0000	6653	11633837.0000	679	1191085.0000	4028	7036034.0000	8679	15212852.0000	-4651	-8176818.0000
20080527	臺股期貨            	TXF    	B         	904	1582480.0000	410	716920.0000	494	865560.0000	897	1573697.0000	4150	7274310.0000	-3253	-5700613.0000
20080527	臺股期貨            	TXF    	C         	3495	6114979.0000	3779	6601944.0000	-284	-486965.0000	21297	37352919.0000	37208	65152881.0000	-15911	-27799962.0000
20080527	非金電期貨          	XIF    	A         	199	221635.0000	188	209344.0000	11	12291.0000	1889	2116908.0000	65	72248.0000	1824	2044660.0000
20080527	非金電期貨          	XIF    	B         	0	.0000	0	.0000	0	.0000	9	10088.0000	0	.0000	9	10088.0000
20080527	非金電期貨          	XIF    	C         	0	.0000	0	.0000	0	.0000	42	47078.0000	2067	2316900.0000	-2025	-2269822.0000
20080528	電子期貨            	EXF    	A         	579	761329.0000	570	749036.0000	9	12293.0000	3528	4600445.0000	429	556213.0000	3099	4044232.0000
20080528	電子期貨            	EXF    	B         	13	16927.0000	0	.0000	13	16927.0000	327	426473.0000	318	414736.0000	9	11737.0000
20080528	電子期貨            	EXF    	C         	927	1218439.0000	1130	1484531.0000	-203	-266092.0000	3088	4027370.0000	8062	10513338.0000	-4974	-6485968.0000
20080528	金融期貨            	FXF    	A         	492	562786.0000	481	549220.0000	11	13566.0000	1993	2264981.0000	199	225050.0000	1794	2039931.0000
20080528	金融期貨            	FXF    	B         	105	119874.0000	0	.0000	105	119874.0000	322	365985.0000	0	.0000	322	365985.0000
20080528	金融期貨            	FXF    	C         	500	571020.0000	412	469638.0000	88	101382.0000	1741	1978511.0000	10086	11461150.0000	-8345	-9482639.0000
20080528	櫃買期貨            	GTF    	A         	76	44759.0000	74	43564.0000	2	1195.0000	87	50996.0000	19	11039.0000	68	39957.0000
20080528	櫃買期貨            	GTF    	B         	0	.0000	0	.0000	0	.0000	0	.0000	54	31659.0000	-54	-31659.0000
20080528	櫃買期貨            	GTF    	C         	0	.0000	0	.0000	0	.0000	0	.0000	0	.0000	0	.0000
20080528	摩臺期              	MSF    	A         	6	6124.0000	5	5113.0000	1	1011.0000	14	14239.0000	13	13222.0000	1	1017.0000
20080528	摩臺期              	MSF    	B         	0	.0000	0	.0000	0	.0000	0	.0000	0	.0000	0	.0000
20080528	摩臺期              	MSF    	C         	0	.0000	0	.0000	0	.0000	0	.0000	0	.0000	0	.0000
20080528	小型臺指            	MXF    	A         	4026	1753342.0000	3375	1467466.0000	651	285876.0000	1260	541667.0000	9561	4123193.0000	-8301	-3581526.0000
20080528	小型臺指            	MXF    	B         	0	.0000	0	.0000	0	.0000	0	.0000	7	3025.0000	-7	-3025.0000
20080528	小型臺指            	MXF    	C         	0	.0000	574	250625.0000	-574	-250625.0000	0	.0000	695	300379.0000	-695	-300379.0000
20080528	臺灣50期貨          	T5F    	A         	0	.0000	0	.0000	0	.0000	0	.0000	0	.0000	0	.0000
20080528	臺灣50期貨          	T5F    	B         	0	.0000	0	.0000	0	.0000	0	.0000	0	.0000	0	.0000
20080528	臺灣50期貨          	T5F    	C         	0	.0000	0	.0000	0	.0000	0	.0000	0	.0000	0	.0000
20080528	臺股期貨            	TXF    	A         	10247	17852604.0000	11673	20320403.0000	-1426	-2467799.0000	3454	5942487.0000	9373	16190351.0000	-5919	-10247864.0000
20080528	臺股期貨            	TXF    	B         	245	427092.0000	1512	2637679.0000	-1267	-2210587.0000	981	1695953.0000	5501	9502476.0000	-4520	-7806523.0000
20080528	臺股期貨            	TXF    	C         	8191	14265785.0000	5499	9583942.0000	2692	4681843.0000	20450	35343734.0000	33669	58082369.0000	-13219	-22738635.0000
20080528	非金電期貨          	XIF    	A         	97	107213.0000	123	136069.0000	-26	-28856.0000	1864	2043621.0000	66	71805.0000	1798	1971816.0000
20080528	非金電期貨          	XIF    	B         	0	.0000	0	.0000	0	.0000	9	9869.0000	0	.0000	9	9869.0000
20080528	非金電期貨          	XIF    	C         	28	31022.0000	0	.0000	28	31022.0000	70	76762.0000	2067	2266672.0000	-1997	-2189910.0000
20080529	電子期貨            	EXF    	A         	607	798720.0000	451	592961.0000	156	205758.0000	3537	4653783.0000	282	366890.0000	3255	4286893.0000
20080529	電子期貨            	EXF    	B         	0	.0000	26	34142.0000	-26	-34142.0000	314	413224.0000	331	435596.0000	-17	-22372.0000
20080529	電子期貨            	EXF    	C         	473	621797.0000	633	831718.0000	-160	-209921.0000	2694	3545304.0000	7828	10300364.0000	-5134	-6755060.0000
20080529	金融期貨            	FXF    	A         	463	532606.0000	924	1062733.0000	-461	-530127.0000	1739	2002416.0000	406	466288.0000	1333	1536128.0000
20080529	金融期貨            	FXF    	B         	11	12651.0000	0	.0000	11	12651.0000	333	383483.0000	0	.0000	333	383483.0000
20080529	金融期貨            	FXF    	C         	784	901835.0000	348	399360.0000	436	502475.0000	1751	2016106.0000	9660	11121557.0000	-7909	-9105451.0000
20080529	櫃買期貨            	GTF    	A         	52	30664.0000	63	37142.0000	-11	-6478.0000	78	45830.0000	21	12210.0000	57	33620.0000
20080529	櫃買期貨            	GTF    	B         	0	.0000	0	.0000	0	.0000	0	.0000	54	31744.0000	-54	-31744.0000
20080529	櫃買期貨            	GTF    	C         	0	.0000	0	.0000	0	.0000	0	.0000	0	.0000	0	.0000
20080529	摩臺期              	MSF    	A         	2	2044.0000	2	2045.0000	0	-1.0000	13	13272.0000	12	12251.0000	1	1021.0000
20080529	摩臺期              	MSF    	B         	0	.0000	0	.0000	0	.0000	0	.0000	0	.0000	0	.0000
20080529	摩臺期              	MSF    	C         	0	.0000	0	.0000	0	.0000	0	.0000	0	.0000	0	.0000
20080529	小型臺指            	MXF    	A         	4235	1844495.0000	3769	1638440.0000	466	206055.0000	1656	718907.0000	10259	4461403.0000	-8603	-3742496.0000
20080529	小型臺指            	MXF    	B         	0	.0000	2	875.0000	-2	-875.0000	0	.0000	9	3923.0000	-9	-3923.0000
20080529	小型臺指            	MXF    	C         	122	53361.0000	238	103363.0000	-116	-50002.0000	0	.0000	811	353474.0000	-811	-353474.0000
20080529	臺灣50期貨          	T5F    	A         	0	.0000	0	.0000	0	.0000	0	.0000	0	.0000	0	.0000
20080529	臺灣50期貨          	T5F    	B         	0	.0000	0	.0000	0	.0000	0	.0000	0	.0000	0	.0000
20080529	臺灣50期貨          	T5F    	C         	0	.0000	0	.0000	0	.0000	0	.0000	0	.0000	0	.0000
20080529	臺股期貨            	TXF    	A         	12628	21997323.0000	11685	20340148.0000	943	1657176.0000	3955	6866867.0000	8739	15220367.0000	-4784	-8353500.0000
20080529	臺股期貨            	TXF    	B         	233	405968.0000	353	614313.0000	-120	-208346.0000	970	1691098.0000	5610	9772642.0000	-4640	-8081544.0000
20080529	臺股期貨            	TXF    	C         	5404	9417459.0000	4866	8476250.0000	538	941209.0000	20333	35437278.0000	33014	57429984.0000	-12681	-21992706.0000
20080529	非金電期貨          	XIF    	A         	216	238183.0000	191	210596.0000	25	27587.0000	1894	2086163.0000	71	77590.0000	1823	2008573.0000
20080529	非金電期貨          	XIF    	B         	0	.0000	0	.0000	0	.0000	9	9915.0000	0	.0000	9	9915.0000
20080529	非金電期貨          	XIF    	C         	1	1101.0000	0	.0000	1	1101.0000	71	78221.0000	2067	2277214.0000	-1996	-2198993.0000
20080530	電子期貨            	EXF    	A         	950	1241332.0000	783	1023118.0000	167	218214.0000	3736	4908221.0000	314	408284.0000	3422	4499937.0000
20080530	電子期貨            	EXF    	B         	102	133452.0000	43	55794.0000	59	77658.0000	314	412596.0000	272	357408.0000	42	55188.0000
20080530	電子期貨            	EXF    	C         	1183	1545937.0000	440	574553.0000	743	971383.0000	3049	4006386.0000	7440	9774775.0000	-4391	-5768389.0000
20080530	金融期貨            	FXF    	A         	656	752922.0000	739	846770.0000	-83	-93848.0000	1714	1965100.0000	464	530855.0000	1250	1434245.0000
20080530	金融期貨            	FXF    	B         	160	183567.0000	34	38935.0000	126	144632.0000	459	526289.0000	0	.0000	459	526289.0000
20080530	金融期貨            	FXF    	C         	483	554931.0000	579	663734.0000	-96	-108804.0000	1801	2064789.0000	9806	11241566.0000	-8005	-9176777.0000
20080530	櫃買期貨            	GTF    	A         	106	60881.0000	104	59713.0000	2	1167.0000	82	47630.0000	23	13270.0000	59	34360.0000
20080530	櫃買期貨            	GTF    	B         	0	.0000	0	.0000	0	.0000	0	.0000	54	31380.0000	-54	-31380.0000
20080530	櫃買期貨            	GTF    	C         	0	.0000	0	.0000	0	.0000	0	.0000	0	.0000	0	.0000
20080530	摩臺期              	MSF    	A         	8	8077.0000	12	12124.0000	-4	-4047.0000	10	10104.0000	13	13136.0000	-3	-3032.0000
20080530	摩臺期              	MSF    	B         	0	.0000	0	.0000	0	.0000	0	.0000	0	.0000	0	.0000
20080530	摩臺期              	MSF    	C         	0	.0000	0	.0000	0	.0000	0	.0000	0	.0000	0	.0000
20080530	小型臺指            	MXF    	A         	5811	2504802.0000	6110	2633094.0000	-299	-128293.0000	1920	827411.0000	11294	4872787.0000	-9374	-4045376.0000
20080530	小型臺指            	MXF    	B         	0	.0000	0	.0000	0	.0000	0	.0000	9	3892.0000	-9	-3892.0000
20080530	小型臺指            	MXF    	C         	159	68703.0000	440	190528.0000	-281	-121825.0000	0	.0000	1092	472235.0000	-1092	-472235.0000
20080530	臺灣50期貨          	T5F    	A         	0	.0000	0	.0000	0	.0000	0	.0000	0	.0000	0	.0000
20080530	臺灣50期貨          	T5F    	B         	0	.0000	0	.0000	0	.0000	0	.0000	0	.0000	0	.0000
20080530	臺灣50期貨          	T5F    	C         	0	.0000	0	.0000	0	.0000	0	.0000	0	.0000	0	.0000
20080530	臺股期貨            	TXF    	A         	17361	29980643.0000	18572	32047871.0000	-1211	-2067228.0000	4168	7183492.0000	10045	17361311.0000	-5877	-10177819.0000
20080530	臺股期貨            	TXF    	B         	191	329389.0000	1038	1788788.0000	-847	-1459398.0000	976	1688285.0000	6461	11167264.0000	-5485	-9478979.0000
20080530	臺股期貨            	TXF    	C         	7069	12184133.0000	5157	8909590.0000	1912	3274542.0000	22148	38300255.0000	32917	56810728.0000	-10769	-18510473.0000
20080530	非金電期貨          	XIF    	A         	147	159848.0000	113	122808.0000	34	37041.0000	1922	2081048.0000	65	69752.0000	1857	2011296.0000
20080530	非金電期貨          	XIF    	B         	0	.0000	0	.0000	0	.0000	9	9747.0000	0	.0000	9	9747.0000
20080530	非金電期貨          	XIF    	C         	0	.0000	14	15245.0000	-14	-15245.0000	71	76893.0000	2081	2253723.0000	-2010	-2176830.0000
