20090901	電子期貨            	EXF    	A         	830	942407.0000	585	666500.0000	245	275907.0000	550	637478.0000	266	308058.0000	284	329420.0000
20090901	電子期貨            	EXF    	B         	0	.0000	0	.0000	0	.0000	295	342082.0000	32	37107.0000	263	304975.0000
20090901	電子期貨            	EXF    	C         	532	604924.0000	667	763613.0000	-135	-158689.0000	3327	3857935.0000	3433	3980907.0000	-106	-122972.0000
20090901	金融期貨            	FXF    	A         	883	672609.0000	742	567423.0000	141	105187.0000	460	356550.0000	378	292541.0000	82	64009.0000
20090901	金融期貨            	FXF    	B         	0	.0000	0	.0000	0	.0000	144	111658.0000	0	.0000	144	111658.0000
20090901	金融期貨            	FXF    	C         	811	621137.0000	785	602214.0000	26	18924.0000	2377	1843126.0000	4354	3376092.0000	-1977	-1532966.0000
20090901	櫃買期貨            	GTF    	A         	35	15764.0000	47	21069.0000	-12	-5305.0000	16	7292.0000	40	18247.0000	-24	-10955.0000
20090901	櫃買期貨            	GTF    	B         	0	.0000	0	.0000	0	.0000	0	.0000	0	.0000	0	.0000
20090901	櫃買期貨            	GTF    	C         	0	.0000	1	453.0000	-1	-453.0000	0	.0000	0	.0000	0	.0000
20090901	摩臺期              	MSF    	A         	0	.0000	0	.0000	0	.0000	0	.0000	3	2524.0000	-3	-2524.0000
20090901	摩臺期              	MSF    	B         	0	.0000	0	.0000	0	.0000	0	.0000	0	.0000	0	.0000
20090901	摩臺期              	MSF    	C         	0	.0000	0	.0000	0	.0000	0	.0000	0	.0000	0	.0000
20090901	小型臺指            	MXF    	A         	16047	5509582.0000	12702	4377771.0000	3345	1131810.0000	3177	1111894.0000	2639	925390.0000	538	186504.0000
20090901	小型臺指            	MXF    	B         	15	5197.0000	5	1716.0000	10	3482.0000	0	.0000	0	.0000	0	.0000
20090901	小型臺指            	MXF    	C         	1785	611972.0000	781	268825.0000	1004	343147.0000	146	51275.0000	217	76210.0000	-71	-24935.0000
20090901	臺灣50期貨          	T5F    	A         	0	.0000	0	.0000	0	.0000	0	.0000	0	.0000	0	.0000
20090901	臺灣50期貨          	T5F    	B         	0	.0000	0	.0000	0	.0000	0	.0000	0	.0000	0	.0000
20090901	臺灣50期貨          	T5F    	C         	0	.0000	0	.0000	0	.0000	0	.0000	0	.0000	0	.0000
20090901	臺股期貨            	TXF    	A         	24078	33204096.0000	20996	29033210.0000	3082	4170886.0000	4839	6781938.0000	4485	6296240.0000	354	485698.0000
20090901	臺股期貨            	TXF    	B         	814	1127225.0000	131	181358.0000	683	945868.0000	2623	3684790.0000	2409	3384163.0000	214	300627.0000
20090901	臺股期貨            	TXF    	C         	9953	13710430.0000	8654	11976780.0000	1299	1733650.0000	33455	46977822.0000	14696	20623383.0000	18759	26354439.0000
20090901	非金電期貨          	XIF    	A         	286	232928.0000	301	245076.0000	-15	-12148.0000	174	143685.0000	224	185100.0000	-50	-41415.0000
20090901	非金電期貨          	XIF    	B         	0	.0000	0	.0000	0	.0000	28	23156.0000	0	.0000	28	23156.0000
20090901	非金電期貨          	XIF    	C         	68	55261.0000	30	24535.0000	38	30726.0000	85	70261.0000	20	16540.0000	65	53721.0000
20090902	電子期貨            	EXF    	A         	556	642716.0000	704	813292.0000	-148	-170576.0000	454	524789.0000	318	367330.0000	136	157459.0000
20090902	電子期貨            	EXF    	B         	16	18508.0000	0	.0000	16	18508.0000	295	341197.0000	16	18506.0000	279	322691.0000
20090902	電子期貨            	EXF    	C         	530	612585.0000	418	483087.0000	112	129498.0000	3497	4044562.0000	3491	4037691.0000	6	6871.0000
20090902	金融期貨            	FXF    	A         	908	704016.0000	752	584418.0000	156	119598.0000	615	484858.0000	377	296695.0000	238	188163.0000
20090902	金融期貨            	FXF    	B         	0	.0000	20	15586.0000	-20	-15586.0000	124	97786.0000	0	.0000	124	97786.0000
20090902	金融期貨            	FXF    	C         	1174	914228.0000	1064	822447.0000	110	91781.0000	2565	2022759.0000	4432	3495075.0000	-1867	-1472316.0000
20090902	櫃買期貨            	GTF    	A         	39	17904.0000	45	20738.0000	-6	-2834.0000	20	9238.0000	50	23112.0000	-30	-13874.0000
20090902	櫃買期貨            	GTF    	B         	0	.0000	0	.0000	0	.0000	0	.0000	0	.0000	0	.0000
20090902	櫃買期貨            	GTF    	C         	0	.0000	0	.0000	0	.0000	0	.0000	0	.0000	0	.0000
20090902	摩臺期              	MSF    	A         	0	.0000	0	.0000	0	.0000	0	.0000	3	2522.0000	-3	-2522.0000
20090902	摩臺期              	MSF    	B         	0	.0000	0	.0000	0	.0000	0	.0000	0	.0000	0	.0000
20090902	摩臺期              	MSF    	C         	0	.0000	0	.0000	0	.0000	0	.0000	0	.0000	0	.0000
20090902	小型臺指            	MXF    	A         	13051	4567597.0000	13906	4865870.0000	-855	-298273.0000	2423	847115.0000	712	249196.0000	1711	597919.0000
20090902	小型臺指            	MXF    	B         	23	8049.0000	34	11880.0000	-11	-3832.0000	0	.0000	11	3864.0000	-11	-3864.0000
20090902	小型臺指            	MXF    	C         	689	241209.0000	1021	357540.0000	-332	-116330.0000	206	72358.0000	425	149281.0000	-219	-76923.0000
20090902	臺灣50期貨          	T5F    	A         	0	.0000	0	.0000	0	.0000	0	.0000	0	.0000	0	.0000
20090902	臺灣50期貨          	T5F    	B         	0	.0000	0	.0000	0	.0000	0	.0000	0	.0000	0	.0000
20090902	臺灣50期貨          	T5F    	C         	0	.0000	0	.0000	0	.0000	0	.0000	0	.0000	0	.0000
20090902	臺股期貨            	TXF    	A         	18870	26420763.0000	18211	25498537.0000	659	922226.0000	3927	5502541.0000	3421	4801902.0000	506	700639.0000
20090902	臺股期貨            	TXF    	B         	382	534815.0000	435	610061.0000	-53	-75246.0000	2611	3668455.0000	2450	3442250.0000	161	226205.0000
20090902	臺股期貨            	TXF    	C         	5639	7897424.0000	8849	12381509.0000	-3210	-4484085.0000	31002	43538069.0000	15499	21755435.0000	15503	21782634.0000
20090902	非金電期貨          	XIF    	A         	280	230891.0000	283	233377.0000	-3	-2486.0000	168	138801.0000	221	182717.0000	-53	-43916.0000
20090902	非金電期貨          	XIF    	B         	0	.0000	0	.0000	0	.0000	28	23167.0000	0	.0000	28	23167.0000
20090902	非金電期貨          	XIF    	C         	89	73407.0000	93	76735.0000	-4	-3329.0000	134	110846.0000	73	60400.0000	61	50446.0000
20090903	電子期貨            	EXF    	A         	583	678031.0000	739	858570.0000	-156	-180539.0000	416	484415.0000	436	507558.0000	-20	-23143.0000
20090903	電子期貨            	EXF    	B         	5	5786.0000	0	.0000	5	5786.0000	295	343734.0000	11	12817.0000	284	330917.0000
20090903	電子期貨            	EXF    	C         	791	919092.0000	571	663494.0000	220	255598.0000	3686	4294795.0000	3460	4031592.0000	226	263203.0000
20090903	金融期貨            	FXF    	A         	1085	855404.0000	933	734706.0000	152	120698.0000	800	633950.0000	410	324388.0000	390	309562.0000
20090903	金融期貨            	FXF    	B         	0	.0000	0	.0000	0	.0000	124	98282.0000	0	.0000	124	98282.0000
20090903	金融期貨            	FXF    	C         	216	170425.0000	749	591142.0000	-533	-420717.0000	2372	1880042.0000	4772	3782287.0000	-2400	-1902245.0000
20090903	櫃買期貨            	GTF    	A         	29	13537.0000	23	10749.0000	6	2788.0000	23	10738.0000	47	21984.0000	-24	-11246.0000
20090903	櫃買期貨            	GTF    	B         	0	.0000	0	.0000	0	.0000	0	.0000	0	.0000	0	.0000
20090903	櫃買期貨            	GTF    	C         	0	.0000	0	.0000	0	.0000	0	.0000	0	.0000	0	.0000
20090903	摩臺期              	MSF    	A         	0	.0000	0	.0000	0	.0000	0	.0000	3	2540.0000	-3	-2540.0000
20090903	摩臺期              	MSF    	B         	0	.0000	0	.0000	0	.0000	0	.0000	0	.0000	0	.0000
20090903	摩臺期              	MSF    	C         	0	.0000	0	.0000	0	.0000	0	.0000	0	.0000	0	.0000
20090903	小型臺指            	MXF    	A         	14147	4986847.0000	14053	4954273.0000	94	32574.0000	1757	619133.0000	692	244584.0000	1065	374549.0000
20090903	小型臺指            	MXF    	B         	0	.0000	0	.0000	0	.0000	0	.0000	11	3900.0000	-11	-3900.0000
20090903	小型臺指            	MXF    	C         	938	331577.0000	1158	407721.0000	-220	-76144.0000	191	67719.0000	410	145366.0000	-219	-77647.0000
20090903	臺灣50期貨          	T5F    	A         	0	.0000	0	.0000	0	.0000	0	.0000	0	.0000	0	.0000
20090903	臺灣50期貨          	T5F    	B         	0	.0000	0	.0000	0	.0000	0	.0000	0	.0000	0	.0000
20090903	臺灣50期貨          	T5F    	C         	0	.0000	0	.0000	0	.0000	0	.0000	0	.0000	0	.0000
20090903	臺股期貨            	TXF    	A         	20105	28382643.0000	20231	28557077.0000	-126	-174435.0000	4123	5831754.0000	3558	5040915.0000	565	790839.0000
20090903	臺股期貨            	TXF    	B         	314	443303.0000	264	372162.0000	50	71141.0000	2602	3690156.0000	2392	3392334.0000	210	297822.0000
20090903	臺股期貨            	TXF    	C         	7692	10856311.0000	7154	10090768.0000	538	765542.0000	32157	45583945.0000	16170	22911023.0000	15987	22672922.0000
20090903	非金電期貨          	XIF    	A         	364	303157.0000	408	339284.0000	-44	-36127.0000	134	112049.0000	231	193375.0000	-97	-81326.0000
20090903	非金電期貨          	XIF    	B         	0	.0000	0	.0000	0	.0000	28	23456.0000	0	.0000	28	23456.0000
20090903	非金電期貨          	XIF    	C         	130	107962.0000	106	87756.0000	24	20207.0000	153	128130.0000	68	56964.0000	85	71166.0000
20090904	電子期貨            	EXF    	A         	759	889708.0000	652	764827.0000	107	124881.0000	477	562255.0000	390	459490.0000	87	102765.0000
20090904	電子期貨            	EXF    	B         	2	2345.0000	0	.0000	2	2345.0000	295	347923.0000	9	10615.0000	286	337308.0000
20090904	電子期貨            	EXF    	C         	929	1089318.0000	341	399824.0000	588	689494.0000	4181	4930907.0000	3367	3971040.0000	814	959867.0000
20090904	金融期貨            	FXF    	A         	815	651932.0000	669	535138.0000	146	116794.0000	949	761498.0000	413	330949.0000	536	430549.0000
20090904	金融期貨            	FXF    	B         	0	.0000	0	.0000	0	.0000	124	99522.0000	0	.0000	124	99522.0000
20090904	金融期貨            	FXF    	C         	559	447179.0000	231	184764.0000	328	262415.0000	2494	2001677.0000	4566	3664672.0000	-2072	-1662995.0000
20090904	櫃買期貨            	GTF    	A         	33	15507.0000	32	15042.0000	1	464.0000	25	11719.0000	48	22523.0000	-23	-10804.0000
20090904	櫃買期貨            	GTF    	B         	0	.0000	0	.0000	0	.0000	0	.0000	0	.0000	0	.0000
20090904	櫃買期貨            	GTF    	C         	0	.0000	0	.0000	0	.0000	0	.0000	0	.0000	0	.0000
20090904	摩臺期              	MSF    	A         	0	.0000	0	.0000	0	.0000	0	.0000	3	2565.0000	-3	-2565.0000
20090904	摩臺期              	MSF    	B         	0	.0000	0	.0000	0	.0000	0	.0000	0	.0000	0	.0000
20090904	摩臺期              	MSF    	C         	0	.0000	0	.0000	0	.0000	0	.0000	0	.0000	0	.0000
20090904	小型臺指            	MXF    	A         	14969	5328794.0000	13833	4924611.0000	1136	404182.0000	2741	976174.0000	856	305441.0000	1885	670733.0000
20090904	小型臺指            	MXF    	B         	7	2495.0000	0	.0000	7	2495.0000	0	.0000	4	1430.0000	-4	-1430.0000
20090904	小型臺指            	MXF    	C         	754	268418.0000	869	309444.0000	-115	-41026.0000	317	113359.0000	563	201329.0000	-246	-87970.0000
20090904	臺灣50期貨          	T5F    	A         	0	.0000	0	.0000	0	.0000	0	.0000	0	.0000	0	.0000
20090904	臺灣50期貨          	T5F    	B         	0	.0000	0	.0000	0	.0000	0	.0000	0	.0000	0	.0000
20090904	臺灣50期貨          	T5F    	C         	0	.0000	0	.0000	0	.0000	0	.0000	0	.0000	0	.0000
20090904	臺股期貨            	TXF    	A         	15564	22168159.0000	16555	23578045.0000	-991	-1409886.0000	4195	5984562.0000	4542	6491000.0000	-347	-506438.0000
20090904	臺股期貨            	TXF    	B         	750	1071369.0000	261	371826.0000	489	699543.0000	2888	4130995.0000	2189	3131146.0000	699	999849.0000
20090904	臺股期貨            	TXF    	C         	5900	8403467.0000	5168	7363984.0000	732	1039483.0000	33614	48058795.0000	16917	24176946.0000	16697	23881849.0000
20090904	非金電期貨          	XIF    	A         	300	251035.0000	245	204921.0000	55	46114.0000	199	166556.0000	241	201819.0000	-42	-35263.0000
20090904	非金電期貨          	XIF    	B         	0	.0000	0	.0000	0	.0000	28	23464.0000	0	.0000	28	23464.0000
20090904	非金電期貨          	XIF    	C         	74	62221.0000	80	66979.0000	-6	-4758.0000	198	165889.0000	119	99722.0000	79	66167.0000
20090907	電子期貨            	EXF    	A         	630	744979.0000	467	552205.0000	163	192774.0000	585	695619.0000	335	398105.0000	250	297514.0000
20090907	電子期貨            	EXF    	B         	2	2362.0000	0	.0000	2	2362.0000	295	350932.0000	7	8327.0000	288	342605.0000
20090907	電子期貨            	EXF    	C         	316	373723.0000	247	292348.0000	69	81376.0000	4200	4996214.0000	3317	3945903.0000	883	1050311.0000
20090907	金融期貨            	FXF    	A         	928	758880.0000	699	571103.0000	229	187777.0000	1058	867860.0000	293	239997.0000	765	627863.0000
20090907	金融期貨            	FXF    	B         	0	.0000	0	.0000	0	.0000	124	101730.0000	0	.0000	124	101730.0000
20090907	金融期貨            	FXF    	C         	189	154513.0000	469	383258.0000	-280	-228745.0000	2445	2005871.0000	4797	3935459.0000	-2352	-1929588.0000
20090907	櫃買期貨            	GTF    	A         	51	24063.0000	49	23151.0000	2	911.0000	27	12791.0000	48	22764.0000	-21	-9973.0000
20090907	櫃買期貨            	GTF    	B         	0	.0000	0	.0000	0	.0000	0	.0000	0	.0000	0	.0000
20090907	櫃買期貨            	GTF    	C         	0	.0000	0	.0000	0	.0000	0	.0000	0	.0000	0	.0000
20090907	摩臺期              	MSF    	A         	0	.0000	0	.0000	0	.0000	0	.0000	3	2595.0000	-3	-2595.0000
20090907	摩臺期              	MSF    	B         	0	.0000	0	.0000	0	.0000	0	.0000	0	.0000	0	.0000
20090907	摩臺期              	MSF    	C         	0	.0000	0	.0000	0	.0000	0	.0000	0	.0000	0	.0000
20090907	小型臺指            	MXF    	A         	10377	3725852.0000	10066	3614546.0000	311	111306.0000	2861	1028979.0000	853	307199.0000	2008	721780.0000
20090907	小型臺指            	MXF    	B         	0	.0000	0	.0000	0	.0000	0	.0000	4	1444.0000	-4	-1444.0000
20090907	小型臺指            	MXF    	C         	568	204059.0000	1029	369430.0000	-461	-165371.0000	566	204298.0000	1273	459489.0000	-707	-255191.0000
20090907	臺灣50期貨          	T5F    	A         	0	.0000	0	.0000	0	.0000	0	.0000	0	.0000	0	.0000
20090907	臺灣50期貨          	T5F    	B         	0	.0000	0	.0000	0	.0000	0	.0000	0	.0000	0	.0000
20090907	臺灣50期貨          	T5F    	C         	0	.0000	0	.0000	0	.0000	0	.0000	0	.0000	0	.0000
20090907	臺股期貨            	TXF    	A         	14848	21336960.0000	14126	20303186.0000	722	1033774.0000	5155	7427170.0000	4733	6827653.0000	422	599517.0000
20090907	臺股期貨            	TXF    	B         	202	290582.0000	165	236540.0000	37	54041.0000	2890	4172582.0000	2154	3109945.0000	736	1062637.0000
20090907	臺股期貨            	TXF    	C         	5969	8582053.0000	7006	10064637.0000	-1037	-1482584.0000	33672	48593726.0000	18012	25985943.0000	15660	22607783.0000
20090907	非金電期貨          	XIF    	A         	307	258042.0000	237	199128.0000	70	58913.0000	265	223553.0000	237	199983.0000	28	23570.0000
20090907	非金電期貨          	XIF    	B         	0	.0000	0	.0000	0	.0000	28	23643.0000	0	.0000	28	23643.0000
20090907	非金電期貨          	XIF    	C         	30	25207.0000	38	31985.0000	-8	-6778.0000	190	160394.0000	119	100484.0000	71	59910.0000
20090908	電子期貨            	EXF    	A         	1097	1315631.0000	997	1194350.0000	100	121280.0000	675	809708.0000	325	389632.0000	350	420076.0000
20090908	電子期貨            	EXF    	B         	0	.0000	0	.0000	0	.0000	295	354000.0000	7	8400.0000	288	345600.0000
20090908	電子期貨            	EXF    	C         	517	620881.0000	870	1047046.0000	-353	-426165.0000	3791	4549146.0000	3261	3913200.0000	530	635946.0000
20090908	金融期貨            	FXF    	A         	1109	916990.0000	860	710139.0000	249	206852.0000	1350	1120375.0000	336	278471.0000	1014	841904.0000
20090908	金融期貨            	FXF    	B         	0	.0000	0	.0000	0	.0000	124	102920.0000	0	.0000	124	102920.0000
20090908	金融期貨            	FXF    	C         	531	439605.0000	823	680135.0000	-292	-240530.0000	2410	2000294.0000	5054	4194820.0000	-2644	-2194526.0000
20090908	櫃買期貨            	GTF    	A         	343	162334.0000	338	159975.0000	5	2360.0000	33	15602.0000	49	23224.0000	-16	-7622.0000
20090908	櫃買期貨            	GTF    	B         	0	.0000	0	.0000	0	.0000	0	.0000	0	.0000	0	.0000
20090908	櫃買期貨            	GTF    	C         	0	.0000	0	.0000	0	.0000	0	.0000	0	.0000	0	.0000
20090908	摩臺期              	MSF    	A         	2	1762.0000	1	879.0000	1	883.0000	0	.0000	2	1752.0000	-2	-1752.0000
20090908	摩臺期              	MSF    	B         	0	.0000	0	.0000	0	.0000	0	.0000	0	.0000	0	.0000
20090908	摩臺期              	MSF    	C         	0	.0000	0	.0000	0	.0000	0	.0000	0	.0000	0	.0000
20090908	小型臺指            	MXF    	A         	15850	5773129.0000	17410	6346061.0000	-1560	-572932.0000	2480	903676.0000	1948	712085.0000	532	191591.0000
20090908	小型臺指            	MXF    	B         	10	3668.0000	6	2198.0000	4	1470.0000	0	.0000	0	.0000	0	.0000
20090908	小型臺指            	MXF    	C         	708	258305.0000	643	233304.0000	65	25001.0000	631	230806.0000	1273	465663.0000	-642	-234857.0000
20090908	臺灣50期貨          	T5F    	A         	0	.0000	0	.0000	0	.0000	0	.0000	0	.0000	0	.0000
20090908	臺灣50期貨          	T5F    	B         	0	.0000	0	.0000	0	.0000	0	.0000	0	.0000	0	.0000
20090908	臺灣50期貨          	T5F    	C         	0	.0000	0	.0000	0	.0000	0	.0000	0	.0000	0	.0000
20090908	臺股期貨            	TXF    	A         	25490	37183963.0000	25020	36502675.0000	470	681289.0000	5721	8355508.0000	4850	7090666.0000	871	1264842.0000
20090908	臺股期貨            	TXF    	B         	464	677580.0000	407	594025.0000	57	83555.0000	2880	4214016.0000	2086	3052203.0000	794	1161813.0000
20090908	臺股期貨            	TXF    	C         	10502	15331691.0000	12067	17620086.0000	-1565	-2288395.0000	30381	44430307.0000	16286	23807721.0000	14095	20622586.0000
20090908	非金電期貨          	XIF    	A         	320	274932.0000	353	303094.0000	-33	-28162.0000	307	264245.0000	312	268615.0000	-5	-4370.0000
20090908	非金電期貨          	XIF    	B         	0	.0000	0	.0000	0	.0000	28	24119.0000	0	.0000	28	24119.0000
20090908	非金電期貨          	XIF    	C         	107	91852.0000	158	135615.0000	-51	-43763.0000	233	200659.0000	213	183478.0000	20	17181.0000
20090909	電子期貨            	EXF    	A         	749	894546.0000	673	803458.0000	76	91087.0000	788	932831.0000	362	428234.0000	426	504597.0000
20090909	電子期貨            	EXF    	B         	1	1196.0000	4	4735.0000	-3	-3539.0000	295	349339.0000	10	11842.0000	285	337497.0000
20090909	電子期貨            	EXF    	C         	439	523709.0000	613	730774.0000	-174	-207065.0000	3778	4473698.0000	3422	4052152.0000	356	421546.0000
20090909	金融期貨            	FXF    	A         	817	681815.0000	718	598862.0000	99	82953.0000	1471	1214031.0000	358	295127.0000	1113	918904.0000
20090909	金融期貨            	FXF    	B         	0	.0000	0	.0000	0	.0000	124	102350.0000	0	.0000	124	102350.0000
20090909	金融期貨            	FXF    	C         	413	344841.0000	402	335143.0000	11	9698.0000	2323	1917401.0000	4956	4090680.0000	-2633	-2173279.0000
20090909	櫃買期貨            	GTF    	A         	38	17862.0000	27	12726.0000	11	5137.0000	33	15386.0000	38	17735.0000	-5	-2349.0000
20090909	櫃買期貨            	GTF    	B         	0	.0000	0	.0000	0	.0000	0	.0000	0	.0000	0	.0000
20090909	櫃買期貨            	GTF    	C         	0	.0000	0	.0000	0	.0000	0	.0000	0	.0000	0	.0000
20090909	摩臺期              	MSF    	A         	0	.0000	0	.0000	0	.0000	0	.0000	2	1722.0000	-2	-1722.0000
20090909	摩臺期              	MSF    	B         	0	.0000	0	.0000	0	.0000	0	.0000	0	.0000	0	.0000
20090909	摩臺期              	MSF    	C         	0	.0000	0	.0000	0	.0000	0	.0000	0	.0000	0	.0000
20090909	小型臺指            	MXF    	A         	11878	4334465.0000	13735	5010546.0000	-1857	-676080.0000	2423	875592.0000	2932	1062967.0000	-509	-187375.0000
20090909	小型臺指            	MXF    	B         	0	.0000	0	.0000	0	.0000	0	.0000	0	.0000	0	.0000
20090909	小型臺指            	MXF    	C         	658	240429.0000	308	112313.0000	350	128116.0000	731	265194.0000	1023	371144.0000	-292	-105950.0000
20090909	臺灣50期貨          	T5F    	A         	0	.0000	0	.0000	0	.0000	0	.0000	0	.0000	0	.0000
20090909	臺灣50期貨          	T5F    	B         	0	.0000	0	.0000	0	.0000	0	.0000	0	.0000	0	.0000
20090909	臺灣50期貨          	T5F    	C         	0	.0000	0	.0000	0	.0000	0	.0000	0	.0000	0	.0000
20090909	臺股期貨            	TXF    	A         	14717	21480346.0000	15831	23100969.0000	-1114	-1620623.0000	4840	7008319.0000	5287	7668034.0000	-447	-659715.0000
20090909	臺股期貨            	TXF    	B         	228	332575.0000	1119	1629752.0000	-891	-1297177.0000	2634	3822461.0000	2731	3963227.0000	-97	-140766.0000
20090909	臺股期貨            	TXF    	C         	5682	8298549.0000	5357	7816951.0000	325	481599.0000	30535	44289027.0000	16115	23360571.0000	14420	20928456.0000
20090909	非金電期貨          	XIF    	A         	299	257501.0000	268	230737.0000	31	26765.0000	352	302499.0000	326	280200.0000	26	22299.0000
20090909	非金電期貨          	XIF    	B         	0	.0000	0	.0000	0	.0000	28	24080.0000	0	.0000	28	24080.0000
20090909	非金電期貨          	XIF    	C         	25	21564.0000	49	42245.0000	-24	-20681.0000	209	179679.0000	213	183180.0000	-4	-3501.0000
20090910	電子期貨            	EXF    	A         	1168	1405080.0000	1138	1370624.0000	30	34456.0000	1045	1246347.0000	589	702172.0000	456	544175.0000
20090910	電子期貨            	EXF    	B         	4	4991.0000	2	2417.0000	2	2573.0000	293	349549.0000	6	7158.0000	287	342391.0000
20090910	電子期貨            	EXF    	C         	540	647987.0000	930	1117961.0000	-390	-469975.0000	3496	4170415.0000	3530	4211152.0000	-34	-40737.0000
20090910	金融期貨            	FXF    	A         	1181	1023497.0000	1153	998795.0000	28	24702.0000	1587	1361062.0000	446	382010.0000	1141	979052.0000
20090910	金融期貨            	FXF    	B         	65	55690.0000	7	6055.0000	58	49635.0000	189	162068.0000	7	6005.0000	182	156063.0000
20090910	金融期貨            	FXF    	C         	898	776938.0000	903	778904.0000	-5	-1966.0000	2586	2218265.0000	5224	4480988.0000	-2638	-2262723.0000
20090910	櫃買期貨            	GTF    	A         	10	4692.0000	17	8090.0000	-7	-3397.0000	35	16255.0000	47	21879.0000	-12	-5624.0000
20090910	櫃買期貨            	GTF    	B         	0	.0000	0	.0000	0	.0000	0	.0000	0	.0000	0	.0000
20090910	櫃買期貨            	GTF    	C         	0	.0000	0	.0000	0	.0000	0	.0000	0	.0000	0	.0000
20090910	摩臺期              	MSF    	A         	1	883.0000	1	883.0000	0	.0000	1	883.0000	3	2628.0000	-2	-1745.0000
20090910	摩臺期              	MSF    	B         	0	.0000	0	.0000	0	.0000	0	.0000	0	.0000	0	.0000
20090910	摩臺期              	MSF    	C         	0	.0000	0	.0000	0	.0000	0	.0000	0	.0000	0	.0000
20090910	小型臺指            	MXF    	A         	37970	14116290.0000	42909	15978761.0000	-4939	-1862470.0000	2910	1066690.0000	3622	1331433.0000	-712	-264743.0000
20090910	小型臺指            	MXF    	B         	0	.0000	0	.0000	0	.0000	0	.0000	0	.0000	0	.0000
20090910	小型臺指            	MXF    	C         	813	302468.0000	584	216787.0000	229	85681.0000	688	253119.0000	751	276406.0000	-63	-23287.0000
20090910	臺灣50期貨          	T5F    	A         	0	.0000	0	.0000	0	.0000	0	.0000	0	.0000	0	.0000
20090910	臺灣50期貨          	T5F    	B         	0	.0000	0	.0000	0	.0000	0	.0000	0	.0000	0	.0000
20090910	臺灣50期貨          	T5F    	C         	0	.0000	0	.0000	0	.0000	0	.0000	0	.0000	0	.0000
20090910	臺股期貨            	TXF    	A         	39519	58766591.0000	37133	55214120.0000	2386	3552471.0000	5889	8651584.0000	5134	7555020.0000	755	1096564.0000
20090910	臺股期貨            	TXF    	B         	992	1478539.0000	267	393700.0000	725	1084839.0000	2548	3751166.0000	1920	2826514.0000	628	924652.0000
20090910	臺股期貨            	TXF    	C         	11268	16762708.0000	21819	32483706.0000	-10551	-15720998.0000	28268	41594434.0000	24399	35895204.0000	3869	5699230.0000
20090910	非金電期貨          	XIF    	A         	221	193782.0000	170	148802.0000	51	44980.0000	447	390571.0000	370	323313.0000	77	67258.0000
20090910	非金電期貨          	XIF    	B         	0	.0000	0	.0000	0	.0000	28	24478.0000	0	.0000	28	24478.0000
20090910	非金電期貨          	XIF    	C         	42	36805.0000	49	43161.0000	-7	-6357.0000	202	176543.0000	213	186205.0000	-11	-9662.0000
20090911	電子期貨            	EXF    	A         	464	549913.0000	515	610418.0000	-51	-60505.0000	1072	1271178.0000	667	790763.0000	405	480415.0000
20090911	電子期貨            	EXF    	B         	0	.0000	0	.0000	0	.0000	293	347557.0000	6	7117.0000	287	340440.0000
20090911	電子期貨            	EXF    	C         	436	516178.0000	457	541953.0000	-21	-25775.0000	3265	3871812.0000	3320	3938010.0000	-55	-66198.0000
20090911	金融期貨            	FXF    	A         	645	555121.0000	764	657461.0000	-119	-102340.0000	1476	1274082.0000	454	391330.0000	1022	882752.0000
20090911	金融期貨            	FXF    	B         	0	.0000	0	.0000	0	.0000	189	163115.0000	7	6044.0000	182	157071.0000
20090911	金融期貨            	FXF    	C         	565	486205.0000	688	591652.0000	-123	-105447.0000	2659	2295774.0000	5420	4679227.0000	-2761	-2383453.0000
20090911	櫃買期貨            	GTF    	A         	413	190716.0000	425	196322.0000	-12	-5606.0000	26	12155.0000	50	23388.0000	-24	-11233.0000
20090911	櫃買期貨            	GTF    	B         	0	.0000	0	.0000	0	.0000	0	.0000	0	.0000	0	.0000
20090911	櫃買期貨            	GTF    	C         	0	.0000	0	.0000	0	.0000	0	.0000	0	.0000	0	.0000
20090911	摩臺期              	MSF    	A         	0	.0000	0	.0000	0	.0000	1	881.0000	3	2624.0000	-2	-1743.0000
20090911	摩臺期              	MSF    	B         	0	.0000	0	.0000	0	.0000	0	.0000	0	.0000	0	.0000
20090911	摩臺期              	MSF    	C         	0	.0000	0	.0000	0	.0000	0	.0000	0	.0000	0	.0000
20090911	小型臺指            	MXF    	A         	9033	3314226.0000	9397	3447789.0000	-364	-133563.0000	2773	1015081.0000	3785	1389881.0000	-1012	-374800.0000
20090911	小型臺指            	MXF    	B         	0	.0000	0	.0000	0	.0000	0	.0000	0	.0000	0	.0000
20090911	小型臺指            	MXF    	C         	683	250830.0000	536	196760.0000	147	54069.0000	422	155027.0000	974	358091.0000	-552	-203064.0000
20090911	臺灣50期貨          	T5F    	A         	0	.0000	0	.0000	0	.0000	0	.0000	0	.0000	0	.0000
20090911	臺灣50期貨          	T5F    	B         	0	.0000	0	.0000	0	.0000	0	.0000	0	.0000	0	.0000
20090911	臺灣50期貨          	T5F    	C         	0	.0000	0	.0000	0	.0000	0	.0000	0	.0000	0	.0000
20090911	臺股期貨            	TXF    	A         	12315	18078704.0000	12234	17960603.0000	81	118100.0000	6149	9021383.0000	5329	7833698.0000	820	1187685.0000
20090911	臺股期貨            	TXF    	B         	283	416338.0000	86	126354.0000	197	289983.0000	2527	3716206.0000	1702	2502807.0000	825	1213399.0000
20090911	臺股期貨            	TXF    	C         	5423	7960424.0000	6306	9255119.0000	-883	-1294695.0000	27731	40756469.0000	24586	36125425.0000	3145	4631044.0000
20090911	非金電期貨          	XIF    	A         	189	165776.0000	181	158739.0000	8	7037.0000	465	407748.0000	380	333249.0000	85	74499.0000
20090911	非金電期貨          	XIF    	B         	0	.0000	0	.0000	0	.0000	28	24564.0000	0	.0000	28	24564.0000
20090911	非金電期貨          	XIF    	C         	4	3515.0000	63	55271.0000	-59	-51757.0000	143	125427.0000	213	186865.0000	-70	-61438.0000
20090914	電子期貨            	EXF    	A         	1023	1200943.0000	1044	1225278.0000	-21	-24334.0000	917	1074922.0000	533	624729.0000	384	450193.0000
20090914	電子期貨            	EXF    	B         	75	87835.0000	75	88168.0000	0	-332.0000	293	343493.0000	6	7039.0000	287	336454.0000
20090914	電子期貨            	EXF    	C         	2173	2546396.0000	2230	2611842.0000	-57	-65445.0000	3377	3958231.0000	3489	4089827.0000	-112	-131596.0000
20090914	金融期貨            	FXF    	A         	1181	1005435.0000	1329	1130152.0000	-148	-124717.0000	1420	1197019.0000	546	459817.0000	874	737202.0000
20090914	金融期貨            	FXF    	B         	8	6933.0000	8	6950.0000	0	-18.0000	189	159314.0000	7	5902.0000	182	153412.0000
20090914	金融期貨            	FXF    	C         	3023	2567845.0000	3091	2626464.0000	-68	-58619.0000	2903	2445981.0000	5732	4830279.0000	-2829	-2384298.0000
20090914	櫃買期貨            	GTF    	A         	264	121795.0000	255	117640.0000	9	4155.0000	30	13944.0000	45	20958.0000	-15	-7014.0000
20090914	櫃買期貨            	GTF    	B         	0	.0000	0	.0000	0	.0000	0	.0000	0	.0000	0	.0000
20090914	櫃買期貨            	GTF    	C         	0	.0000	0	.0000	0	.0000	0	.0000	0	.0000	0	.0000
20090914	摩臺期              	MSF    	A         	0	.0000	0	.0000	0	.0000	1	867.0000	3	2581.0000	-2	-1714.0000
20090914	摩臺期              	MSF    	B         	0	.0000	0	.0000	0	.0000	0	.0000	0	.0000	0	.0000
20090914	摩臺期              	MSF    	C         	0	.0000	0	.0000	0	.0000	0	.0000	0	.0000	0	.0000
20090914	小型臺指            	MXF    	A         	18800	6830991.0000	19605	7121087.0000	-805	-290095.0000	2111	762475.0000	3084	1117303.0000	-973	-354828.0000
20090914	小型臺指            	MXF    	B         	0	.0000	0	.0000	0	.0000	0	.0000	0	.0000	0	.0000
20090914	小型臺指            	MXF    	C         	545	198151.0000	587	213118.0000	-42	-14967.0000	369	133671.0000	987	357985.0000	-618	-224314.0000
20090914	臺灣50期貨          	T5F    	A         	0	.0000	0	.0000	0	.0000	0	.0000	0	.0000	0	.0000
20090914	臺灣50期貨          	T5F    	B         	0	.0000	0	.0000	0	.0000	0	.0000	0	.0000	0	.0000
20090914	臺灣50期貨          	T5F    	C         	0	.0000	0	.0000	0	.0000	0	.0000	0	.0000	0	.0000
20090914	臺股期貨            	TXF    	A         	20942	30434411.0000	21509	31246819.0000	-567	-812407.0000	5725	8285701.0000	5683	8238371.0000	42	47330.0000
20090914	臺股期貨            	TXF    	B         	1308	1899010.0000	1509	2190158.0000	-201	-291148.0000	2327	3372976.0000	1698	2461492.0000	629	911484.0000
20090914	臺股期貨            	TXF    	C         	22361	32497388.0000	21308	30965846.0000	1053	1531543.0000	32199	46657435.0000	27995	40555557.0000	4204	6101878.0000
20090914	非金電期貨          	XIF    	A         	411	356822.0000	421	365321.0000	-10	-8499.0000	349	301995.0000	274	237089.0000	75	64906.0000
20090914	非金電期貨          	XIF    	B         	3	2594.0000	3	2600.0000	0	-6.0000	28	24236.0000	0	.0000	28	24236.0000
20090914	非金電期貨          	XIF    	C         	115	99677.0000	111	96304.0000	4	3373.0000	147	127149.0000	213	184319.0000	-66	-57170.0000
20090915	電子期貨            	EXF    	A         	1075	1273446.0000	1049	1245295.0000	26	28151.0000	1143	1361143.0000	733	874553.0000	410	486590.0000
20090915	電子期貨            	EXF    	B         	79	93309.0000	90	106653.0000	-11	-13344.0000	288	343182.0000	12	14282.0000	276	328900.0000
20090915	電子期貨            	EXF    	C         	4040	4784572.0000	4030	4769840.0000	10	14732.0000	3793	4517678.0000	3895	4636214.0000	-102	-118536.0000
20090915	金融期貨            	FXF    	A         	1403	1187624.0000	1419	1202657.0000	-16	-15033.0000	1421	1210487.0000	563	479543.0000	858	730944.0000
20090915	金融期貨            	FXF    	B         	14	11698.0000	7	5854.0000	7	5844.0000	189	161116.0000	0	.0000	189	161116.0000
20090915	金融期貨            	FXF    	C         	2386	2021705.0000	1811	1532802.0000	575	488903.0000	3063	2609912.0000	5317	4529398.0000	-2254	-1919486.0000
20090915	櫃買期貨            	GTF    	A         	236	110485.0000	255	119404.0000	-19	-8918.0000	22	10435.0000	56	26558.0000	-34	-16123.0000
20090915	櫃買期貨            	GTF    	B         	0	.0000	0	.0000	0	.0000	0	.0000	0	.0000	0	.0000
20090915	櫃買期貨            	GTF    	C         	0	.0000	5	2366.0000	-5	-2366.0000	0	.0000	5	2375.0000	-5	-2375.0000
20090915	摩臺期              	MSF    	A         	1	876.0000	1	876.0000	0	.0000	2	1753.0000	4	3486.0000	-2	-1733.0000
20090915	摩臺期              	MSF    	B         	0	.0000	0	.0000	0	.0000	0	.0000	0	.0000	0	.0000
20090915	摩臺期              	MSF    	C         	0	.0000	0	.0000	0	.0000	0	.0000	0	.0000	0	.0000
20090915	小型臺指            	MXF    	A         	12484	4565011.0000	12083	4419590.0000	401	145420.0000	2615	958718.0000	2967	1090158.0000	-352	-131440.0000
20090915	小型臺指            	MXF    	B         	0	.0000	0	.0000	0	.0000	0	.0000	0	.0000	0	.0000
20090915	小型臺指            	MXF    	C         	816	298586.0000	442	161582.0000	374	137004.0000	415	152488.0000	747	274677.0000	-332	-122189.0000
20090915	臺灣50期貨          	T5F    	A         	0	.0000	0	.0000	0	.0000	0	.0000	0	.0000	0	.0000
20090915	臺灣50期貨          	T5F    	B         	0	.0000	0	.0000	0	.0000	0	.0000	0	.0000	0	.0000
20090915	臺灣50期貨          	T5F    	C         	0	.0000	0	.0000	0	.0000	0	.0000	0	.0000	0	.0000
20090915	臺股期貨            	TXF    	A         	21565	31567212.0000	21057	30820339.0000	508	746873.0000	7111	10437334.0000	6616	9717856.0000	495	719478.0000
20090915	臺股期貨            	TXF    	B         	1695	2478113.0000	1168	1707650.0000	527	770463.0000	2339	3436401.0000	1183	1738158.0000	1156	1698243.0000
20090915	臺股期貨            	TXF    	C         	18826	27475016.0000	19564	28576735.0000	-738	-1101719.0000	36188	53168523.0000	32700	48040014.0000	3488	5128509.0000
20090915	非金電期貨          	XIF    	A         	441	384282.0000	453	394579.0000	-12	-10297.0000	407	355903.0000	344	300858.0000	63	55045.0000
20090915	非金電期貨          	XIF    	B         	19	16513.0000	19	16539.0000	0	-26.0000	28	24474.0000	0	.0000	28	24474.0000
20090915	非金電期貨          	XIF    	C         	144	125244.0000	107	93175.0000	37	32070.0000	194	169631.0000	223	194967.0000	-29	-25336.0000
20090916	電子期貨            	EXF    	A         	862	1037628.0000	718	863875.0000	144	173754.0000	929	1119385.0000	214	257615.0000	715	861770.0000
20090916	電子期貨            	EXF    	B         	140	168287.0000	143	172177.0000	-3	-3889.0000	288	347098.0000	15	18078.0000	273	329020.0000
20090916	電子期貨            	EXF    	C         	848	1019757.0000	784	942186.0000	64	77572.0000	2732	3292606.0000	3428	4131426.0000	-696	-838820.0000
20090916	金融期貨            	FXF    	A         	958	823841.0000	811	697678.0000	147	126164.0000	957	829395.0000	148	127966.0000	809	701429.0000
20090916	金融期貨            	FXF    	B         	109	93594.0000	154	132460.0000	-45	-38866.0000	144	124819.0000	0	.0000	144	124819.0000
20090916	金融期貨            	FXF    	C         	2068	1778760.0000	2373	2040053.0000	-305	-261293.0000	1824	1581043.0000	4278	3708170.0000	-2454	-2127127.0000
20090916	櫃買期貨            	GTF    	A         	37	17770.0000	42	20180.0000	-5	-2411.0000	4	1927.0000	19	9182.0000	-15	-7255.0000
20090916	櫃買期貨            	GTF    	B         	0	.0000	0	.0000	0	.0000	0	.0000	0	.0000	0	.0000
20090916	櫃買期貨            	GTF    	C         	0	.0000	0	.0000	0	.0000	0	.0000	0	.0000	0	.0000
20090916	摩臺期              	MSF    	A         	0	.0000	0	.0000	0	.0000	0	.0000	2	1756.0000	-2	-1756.0000
20090916	摩臺期              	MSF    	B         	0	.0000	0	.0000	0	.0000	0	.0000	0	.0000	0	.0000
20090916	摩臺期              	MSF    	C         	0	.0000	0	.0000	0	.0000	0	.0000	0	.0000	0	.0000
20090916	小型臺指            	MXF    	A         	13562	5027906.0000	13221	4901525.0000	341	126381.0000	1316	487948.0000	608	226124.0000	708	261824.0000
20090916	小型臺指            	MXF    	B         	0	.0000	0	.0000	0	.0000	0	.0000	0	.0000	0	.0000
20090916	小型臺指            	MXF    	C         	962	356764.0000	812	300973.0000	150	55791.0000	598	222755.0000	187	69658.0000	411	153097.0000
20090916	臺灣50期貨          	T5F    	A         	0	.0000	0	.0000	0	.0000	0	.0000	0	.0000	0	.0000
20090916	臺灣50期貨          	T5F    	B         	0	.0000	0	.0000	0	.0000	0	.0000	0	.0000	0	.0000
20090916	臺灣50期貨          	T5F    	C         	0	.0000	0	.0000	0	.0000	0	.0000	0	.0000	0	.0000
20090916	臺股期貨            	TXF    	A         	28343	42062305.0000	24068	35714836.0000	4275	6347468.0000	5410	8047621.0000	3981	5926913.0000	1429	2120708.0000
20090916	臺股期貨            	TXF    	B         	1854	2752331.0000	1493	2214566.0000	361	537765.0000	2580	3844200.0000	1083	1613670.0000	1497	2230530.0000
20090916	臺股期貨            	TXF    	C         	13185	19568136.0000	14420	21401920.0000	-1235	-1833784.0000	21407	31886286.0000	18612	27721303.0000	2795	4164983.0000
20090916	非金電期貨          	XIF    	A         	294	259671.0000	324	286184.0000	-30	-26513.0000	101	89693.0000	68	60389.0000	33	29304.0000
20090916	非金電期貨          	XIF    	B         	4	3534.0000	6	5306.0000	-2	-1772.0000	26	23127.0000	0	.0000	26	23127.0000
20090916	非金電期貨          	XIF    	C         	87	76813.0000	47	41484.0000	40	35329.0000	144	128088.0000	170	151215.0000	-26	-23127.0000
20090917	電子期貨            	EXF    	A         	464	560896.0000	485	585804.0000	-21	-24909.0000	977	1176413.0000	283	340494.0000	694	835919.0000
20090917	電子期貨            	EXF    	B         	0	.0000	0	.0000	0	.0000	288	346867.0000	15	18066.0000	273	328801.0000
20090917	電子期貨            	EXF    	C         	549	663434.0000	465	562085.0000	84	101349.0000	2992	3603565.0000	3604	4340658.0000	-612	-737093.0000
20090917	金融期貨            	FXF    	A         	1186	1037412.0000	619	541255.0000	567	496157.0000	1507	1315228.0000	131	114153.0000	1376	1201075.0000
20090917	金融期貨            	FXF    	B         	2	1752.0000	0	.0000	2	1752.0000	146	127429.0000	0	.0000	146	127429.0000
20090917	金融期貨            	FXF    	C         	319	278974.0000	1108	968577.0000	-789	-689603.0000	1732	1511690.0000	4975	4342180.0000	-3243	-2830490.0000
20090917	櫃買期貨            	GTF    	A         	218	104737.0000	214	102794.0000	4	1943.0000	4	1927.0000	15	7220.0000	-11	-5293.0000
20090917	櫃買期貨            	GTF    	B         	0	.0000	0	.0000	0	.0000	0	.0000	0	.0000	0	.0000
20090917	櫃買期貨            	GTF    	C         	0	.0000	0	.0000	0	.0000	0	.0000	0	.0000	0	.0000
20090917	摩臺期              	MSF    	A         	0	.0000	0	.0000	0	.0000	0	.0000	2	1755.0000	-2	-1755.0000
20090917	摩臺期              	MSF    	B         	0	.0000	0	.0000	0	.0000	0	.0000	0	.0000	0	.0000
20090917	摩臺期              	MSF    	C         	0	.0000	0	.0000	0	.0000	0	.0000	0	.0000	0	.0000
20090917	小型臺指            	MXF    	A         	10376	3880841.0000	12181	4556102.0000	-1805	-675261.0000	1563	581669.0000	1204	449068.0000	359	132601.0000
20090917	小型臺指            	MXF    	B         	0	.0000	0	.0000	0	.0000	0	.0000	0	.0000	0	.0000
20090917	小型臺指            	MXF    	C         	539	201535.0000	707	264340.0000	-168	-62805.0000	346	129179.0000	103	38455.0000	243	90724.0000
20090917	臺灣50期貨          	T5F    	A         	0	.0000	0	.0000	0	.0000	0	.0000	0	.0000	0	.0000
20090917	臺灣50期貨          	T5F    	B         	0	.0000	0	.0000	0	.0000	0	.0000	0	.0000	0	.0000
20090917	臺灣50期貨          	T5F    	C         	0	.0000	0	.0000	0	.0000	0	.0000	0	.0000	0	.0000
20090917	臺股期貨            	TXF    	A         	16584	24810082.0000	14766	22084306.0000	1818	2725776.0000	7184	10717341.0000	4301	6418643.0000	2883	4298698.0000
20090917	臺股期貨            	TXF    	B         	39	58278.0000	198	296287.0000	-159	-238009.0000	2552	3811157.0000	1214	1812988.0000	1338	1998169.0000
20090917	臺股期貨            	TXF    	C         	6176	9233516.0000	9756	14588519.0000	-3580	-5355003.0000	20958	31289952.0000	21743	32461398.0000	-785	-1171446.0000
20090917	非金電期貨          	XIF    	A         	226	201708.0000	210	187469.0000	16	14239.0000	122	108799.0000	73	65088.0000	49	43711.0000
20090917	非金電期貨          	XIF    	B         	0	.0000	0	.0000	0	.0000	26	23221.0000	0	.0000	26	23221.0000
20090917	非金電期貨          	XIF    	C         	39	34856.0000	61	54443.0000	-22	-19587.0000	142	126820.0000	190	169689.0000	-48	-42869.0000
20090918	電子期貨            	EXF    	A         	485	586058.0000	367	443176.0000	118	142882.0000	1033	1248447.0000	221	266838.0000	812	981609.0000
20090918	電子期貨            	EXF    	B         	8	9685.0000	2	2426.0000	6	7259.0000	294	355387.0000	15	18132.0000	279	337255.0000
20090918	電子期貨            	EXF    	C         	269	324654.0000	256	309546.0000	13	15108.0000	3072	3713434.0000	3671	4437505.0000	-599	-724071.0000
20090918	金融期貨            	FXF    	A         	747	650314.0000	634	552413.0000	113	97901.0000	1590	1393987.0000	101	88303.0000	1489	1305684.0000
20090918	金融期貨            	FXF    	B         	0	.0000	0	.0000	0	.0000	146	128013.0000	0	.0000	146	128013.0000
20090918	金融期貨            	FXF    	C         	235	204498.0000	465	404579.0000	-230	-200081.0000	1645	1442336.0000	5118	4487462.0000	-3473	-3045126.0000
20090918	櫃買期貨            	GTF    	A         	251	122598.0000	263	128460.0000	-12	-5863.0000	7	3457.0000	30	14787.0000	-23	-11330.0000
20090918	櫃買期貨            	GTF    	B         	0	.0000	0	.0000	0	.0000	0	.0000	0	.0000	0	.0000
20090918	櫃買期貨            	GTF    	C         	0	.0000	0	.0000	0	.0000	0	.0000	0	.0000	0	.0000
20090918	摩臺期              	MSF    	A         	0	.0000	0	.0000	0	.0000	0	.0000	2	1751.0000	-2	-1751.0000
20090918	摩臺期              	MSF    	B         	0	.0000	0	.0000	0	.0000	0	.0000	0	.0000	0	.0000
20090918	摩臺期              	MSF    	C         	0	.0000	0	.0000	0	.0000	0	.0000	0	.0000	0	.0000
20090918	小型臺指            	MXF    	A         	7156	2666279.0000	6839	2550238.0000	317	116041.0000	1587	591047.0000	855	318852.0000	732	272195.0000
20090918	小型臺指            	MXF    	B         	0	.0000	2	745.0000	-2	-745.0000	0	.0000	2	747.0000	-2	-747.0000
20090918	小型臺指            	MXF    	C         	932	347552.0000	339	126535.0000	593	221016.0000	919	343109.0000	83	30988.0000	836	312121.0000
20090918	臺灣50期貨          	T5F    	A         	0	.0000	0	.0000	0	.0000	0	.0000	0	.0000	0	.0000
20090918	臺灣50期貨          	T5F    	B         	0	.0000	0	.0000	0	.0000	0	.0000	0	.0000	0	.0000
20090918	臺灣50期貨          	T5F    	C         	0	.0000	0	.0000	0	.0000	0	.0000	0	.0000	0	.0000
20090918	臺股期貨            	TXF    	A         	11353	16935923.0000	11433	17053862.0000	-80	-117939.0000	6877	10261810.0000	4088	6101496.0000	2789	4160314.0000
20090918	臺股期貨            	TXF    	B         	266	397199.0000	73	108706.0000	193	288493.0000	2666	3981404.0000	1135	1695009.0000	1531	2286395.0000
20090918	臺股期貨            	TXF    	C         	5335	7950081.0000	3761	5615890.0000	1574	2334191.0000	21519	32129284.0000	20730	30949591.0000	789	1179693.0000
20090918	非金電期貨          	XIF    	A         	394	348632.0000	390	345032.0000	4	3600.0000	134	118732.0000	81	71774.0000	53	46958.0000
20090918	非金電期貨          	XIF    	B         	0	.0000	0	.0000	0	.0000	26	23057.0000	0	.0000	26	23057.0000
20090918	非金電期貨          	XIF    	C         	33	29242.0000	18	16005.0000	15	13237.0000	142	125926.0000	175	155190.0000	-33	-29264.0000
20090921	電子期貨            	EXF    	A         	417	504284.0000	458	553605.0000	-41	-49321.0000	986	1193931.0000	215	260096.0000	771	933835.0000
20090921	電子期貨            	EXF    	B         	4	4842.0000	0	.0000	4	4842.0000	294	356093.0000	11	13323.0000	283	342770.0000
20090921	電子期貨            	EXF    	C         	731	884149.0000	533	643451.0000	198	240698.0000	3162	3829814.0000	3563	4315506.0000	-401	-485692.0000
20090921	金融期貨            	FXF    	A         	546	477351.0000	597	522119.0000	-51	-44768.0000	1524	1323692.0000	86	74542.0000	1438	1249150.0000
20090921	金融期貨            	FXF    	B         	0	.0000	20	17411.0000	-20	-17411.0000	126	109444.0000	0	.0000	126	109444.0000
20090921	金融期貨            	FXF    	C         	288	252255.0000	549	479706.0000	-261	-227450.0000	1701	1477489.0000	5435	4720841.0000	-3734	-3243352.0000
20090921	櫃買期貨            	GTF    	A         	459	226597.0000	466	230093.0000	-7	-3496.0000	11	5508.0000	41	20525.0000	-30	-15017.0000
20090921	櫃買期貨            	GTF    	B         	0	.0000	0	.0000	0	.0000	0	.0000	0	.0000	0	.0000
20090921	櫃買期貨            	GTF    	C         	0	.0000	0	.0000	0	.0000	0	.0000	0	.0000	0	.0000
20090921	摩臺期              	MSF    	A         	0	.0000	0	.0000	0	.0000	0	.0000	2	1750.0000	-2	-1750.0000
20090921	摩臺期              	MSF    	B         	0	.0000	0	.0000	0	.0000	0	.0000	0	.0000	0	.0000
20090921	摩臺期              	MSF    	C         	0	.0000	0	.0000	0	.0000	0	.0000	0	.0000	0	.0000
20090921	小型臺指            	MXF    	A         	17266	6445809.0000	17011	6346850.0000	255	98958.0000	1756	653874.0000	845	315018.0000	911	338856.0000
20090921	小型臺指            	MXF    	B         	3	1125.0000	3	1120.0000	0	5.0000	0	.0000	2	746.0000	-2	-746.0000
20090921	小型臺指            	MXF    	C         	519	193678.0000	968	361181.0000	-449	-167503.0000	456	170179.0000	77	28736.0000	379	141443.0000
20090921	臺灣50期貨          	T5F    	A         	0	.0000	0	.0000	0	.0000	0	.0000	0	.0000	0	.0000
20090921	臺灣50期貨          	T5F    	B         	0	.0000	0	.0000	0	.0000	0	.0000	0	.0000	0	.0000
20090921	臺灣50期貨          	T5F    	C         	0	.0000	0	.0000	0	.0000	0	.0000	0	.0000	0	.0000
20090921	臺股期貨            	TXF    	A         	17170	25640340.0000	17036	25429201.0000	134	211139.0000	6871	10248200.0000	3929	5861161.0000	2942	4387039.0000
20090921	臺股期貨            	TXF    	B         	126	188537.0000	341	507449.0000	-215	-318912.0000	2591	3867845.0000	1275	1903320.0000	1316	1964525.0000
20090921	臺股期貨            	TXF    	C         	7312	10922439.0000	6924	10330115.0000	388	592324.0000	22034	32885343.0000	20830	31087028.0000	1204	1798315.0000
20090921	非金電期貨          	XIF    	A         	249	220489.0000	227	201055.0000	22	19434.0000	150	133083.0000	75	66534.0000	75	66549.0000
20090921	非金電期貨          	XIF    	B         	0	.0000	0	.0000	0	.0000	26	23096.0000	0	.0000	26	23096.0000
20090921	非金電期貨          	XIF    	C         	36	31932.0000	45	39879.0000	-9	-7947.0000	133	118144.0000	175	155453.0000	-42	-37309.0000
20090922	電子期貨            	EXF    	A         	432	523713.0000	480	581634.0000	-48	-57921.0000	948	1146472.0000	225	271950.0000	723	874522.0000
20090922	電子期貨            	EXF    	B         	9	10932.0000	0	.0000	9	10932.0000	298	360461.0000	6	7258.0000	292	353203.0000
20090922	電子期貨            	EXF    	C         	63	76386.0000	46	55795.0000	17	20591.0000	3167	3830803.0000	3551	4295290.0000	-384	-464487.0000
20090922	金融期貨            	FXF    	A         	614	538159.0000	653	571850.0000	-39	-33691.0000	1540	1345574.0000	141	122998.0000	1399	1222576.0000
20090922	金融期貨            	FXF    	B         	0	.0000	0	.0000	0	.0000	126	110099.0000	0	.0000	126	110099.0000
20090922	金融期貨            	FXF    	C         	352	308811.0000	68	59531.0000	284	249279.0000	1864	1628763.0000	5314	4643371.0000	-3450	-3014608.0000
20090922	櫃買期貨            	GTF    	A         	150	75241.0000	143	71705.0000	7	3536.0000	16	8035.0000	39	19558.0000	-23	-11523.0000
20090922	櫃買期貨            	GTF    	B         	0	.0000	0	.0000	0	.0000	0	.0000	0	.0000	0	.0000
20090922	櫃買期貨            	GTF    	C         	0	.0000	0	.0000	0	.0000	0	.0000	0	.0000	0	.0000
20090922	摩臺期              	MSF    	A         	0	.0000	0	.0000	0	.0000	0	.0000	2	1748.0000	-2	-1748.0000
20090922	摩臺期              	MSF    	B         	0	.0000	0	.0000	0	.0000	0	.0000	0	.0000	0	.0000
20090922	摩臺期              	MSF    	C         	0	.0000	0	.0000	0	.0000	0	.0000	0	.0000	0	.0000
20090922	小型臺指            	MXF    	A         	7859	2935221.0000	8380	3129056.0000	-521	-193834.0000	1755	652733.0000	1421	529352.0000	334	123381.0000
20090922	小型臺指            	MXF    	B         	1	374.0000	1	372.0000	0	2.0000	0	.0000	2	746.0000	-2	-746.0000
20090922	小型臺指            	MXF    	C         	316	118077.0000	348	129950.0000	-32	-11874.0000	464	172979.0000	117	43618.0000	347	129361.0000
20090922	臺灣50期貨          	T5F    	A         	0	.0000	0	.0000	0	.0000	0	.0000	0	.0000	0	.0000
20090922	臺灣50期貨          	T5F    	B         	0	.0000	0	.0000	0	.0000	0	.0000	0	.0000	0	.0000
20090922	臺灣50期貨          	T5F    	C         	0	.0000	0	.0000	0	.0000	0	.0000	0	.0000	0	.0000
20090922	臺股期貨            	TXF    	A         	10608	15850630.0000	10717	16007512.0000	-109	-156882.0000	6691	9968653.0000	3844	5728368.0000	2847	4240285.0000
20090922	臺股期貨            	TXF    	B         	93	138988.0000	209	311404.0000	-116	-172416.0000	2498	3725018.0000	1298	1935578.0000	1200	1789440.0000
20090922	臺股期貨            	TXF    	C         	2693	4025300.0000	2725	4070735.0000	-32	-45435.0000	21947	32719892.0000	20795	31000199.0000	1152	1719693.0000
20090922	非金電期貨          	XIF    	A         	224	197721.0000	225	198618.0000	-1	-897.0000	141	124290.0000	67	59063.0000	74	65227.0000
20090922	非金電期貨          	XIF    	B         	0	.0000	0	.0000	0	.0000	26	22937.0000	0	.0000	26	22937.0000
20090922	非金電期貨          	XIF    	C         	5	4420.0000	12	10615.0000	-7	-6195.0000	124	109393.0000	173	152621.0000	-49	-43228.0000
20090923	電子期貨            	EXF    	A         	773	932170.0000	881	1060976.0000	-108	-128806.0000	803	960929.0000	188	224776.0000	615	736153.0000
20090923	電子期貨            	EXF    	B         	1	1194.0000	0	.0000	1	1194.0000	298	356706.0000	5	5985.0000	293	350721.0000
20090923	電子期貨            	EXF    	C         	346	417431.0000	368	444060.0000	-22	-26629.0000	3186	3813642.0000	3592	4299624.0000	-406	-485982.0000
20090923	金融期貨            	FXF    	A         	1010	866626.0000	1096	942504.0000	-86	-75878.0000	1458	1240069.0000	145	123066.0000	1313	1117003.0000
20090923	金融期貨            	FXF    	B         	0	.0000	0	.0000	0	.0000	126	107176.0000	0	.0000	126	107176.0000
20090923	金融期貨            	FXF    	C         	492	423610.0000	424	366203.0000	68	57407.0000	1893	1610186.0000	5275	4486905.0000	-3382	-2876719.0000
20090923	櫃買期貨            	GTF    	A         	69	34229.0000	43	21390.0000	26	12839.0000	36	17583.0000	33	16097.0000	3	1486.0000
20090923	櫃買期貨            	GTF    	B         	0	.0000	0	.0000	0	.0000	0	.0000	0	.0000	0	.0000
20090923	櫃買期貨            	GTF    	C         	0	.0000	0	.0000	0	.0000	0	.0000	0	.0000	0	.0000
20090923	摩臺期              	MSF    	A         	2	1745.0000	0	.0000	2	1745.0000	2	1746.0000	2	1730.0000	0	16.0000
20090923	摩臺期              	MSF    	B         	0	.0000	0	.0000	0	.0000	0	.0000	0	.0000	0	.0000
20090923	摩臺期              	MSF    	C         	0	.0000	0	.0000	0	.0000	0	.0000	0	.0000	0	.0000
20090923	小型臺指            	MXF    	A         	20891	7738674.0000	22898	8483074.0000	-2007	-744399.0000	2086	765350.0000	1975	725421.0000	111	39929.0000
20090923	小型臺指            	MXF    	B         	1	375.0000	2	746.0000	-1	-370.0000	0	.0000	3	1103.0000	-3	-1103.0000
20090923	小型臺指            	MXF    	C         	664	246472.0000	1159	428680.0000	-495	-182208.0000	207	76083.0000	355	130480.0000	-148	-54397.0000
20090923	臺灣50期貨          	T5F    	A         	0	.0000	0	.0000	0	.0000	0	.0000	0	.0000	0	.0000
20090923	臺灣50期貨          	T5F    	B         	0	.0000	0	.0000	0	.0000	0	.0000	0	.0000	0	.0000
20090923	臺灣50期貨          	T5F    	C         	0	.0000	0	.0000	0	.0000	0	.0000	0	.0000	0	.0000
20090923	臺股期貨            	TXF    	A         	27448	40657136.0000	27049	40052957.0000	399	604179.0000	7287	10704173.0000	4487	6592045.0000	2800	4112128.0000
20090923	臺股期貨            	TXF    	B         	302	448304.0000	431	637213.0000	-129	-188908.0000	2526	3713725.0000	1455	2139141.0000	1071	1574584.0000
20090923	臺股期貨            	TXF    	C         	6024	8920495.0000	6814	10090086.0000	-790	-1169591.0000	21673	31856775.0000	21311	31323108.0000	362	533667.0000
20090923	非金電期貨          	XIF    	A         	244	212994.0000	257	224162.0000	-13	-11168.0000	121	104992.0000	60	52055.0000	61	52937.0000
20090923	非金電期貨          	XIF    	B         	0	.0000	0	.0000	0	.0000	26	22602.0000	0	.0000	26	22602.0000
20090923	非金電期貨          	XIF    	C         	60	52379.0000	27	23639.0000	33	28740.0000	156	135611.0000	172	149520.0000	-16	-13909.0000
20090924	電子期貨            	EXF    	A         	557	664139.0000	683	814246.0000	-126	-150107.0000	715	849988.0000	226	268449.0000	489	581539.0000
20090924	電子期貨            	EXF    	B         	1	1188.0000	0	.0000	1	1188.0000	298	354382.0000	4	4757.0000	294	349625.0000
20090924	電子期貨            	EXF    	C         	253	301322.0000	355	422496.0000	-102	-121174.0000	3085	3668682.0000	3593	4272796.0000	-508	-604114.0000
20090924	金融期貨            	FXF    	A         	646	546638.0000	740	626303.0000	-94	-79664.0000	1450	1227420.0000	231	195217.0000	1219	1032203.0000
20090924	金融期貨            	FXF    	B         	0	.0000	0	.0000	0	.0000	126	106672.0000	0	.0000	126	106672.0000
20090924	金融期貨            	FXF    	C         	332	281177.0000	291	246261.0000	41	34916.0000	1890	1600074.0000	5231	4428513.0000	-3341	-2828439.0000
20090924	櫃買期貨            	GTF    	A         	362	177030.0000	375	183434.0000	-13	-6404.0000	34	16799.0000	44	21693.0000	-10	-4894.0000
20090924	櫃買期貨            	GTF    	B         	0	.0000	0	.0000	0	.0000	0	.0000	0	.0000	0	.0000
20090924	櫃買期貨            	GTF    	C         	0	.0000	0	.0000	0	.0000	0	.0000	0	.0000	0	.0000
20090924	摩臺期              	MSF    	A         	8	6910.0000	7	6047.0000	1	862.0000	3	2582.0000	2	1710.0000	1	872.0000
20090924	摩臺期              	MSF    	B         	0	.0000	0	.0000	0	.0000	0	.0000	0	.0000	0	.0000
20090924	摩臺期              	MSF    	C         	0	.0000	0	.0000	0	.0000	0	.0000	0	.0000	0	.0000
20090924	小型臺指            	MXF    	A         	15089	5512651.0000	16690	6096386.0000	-1601	-583735.0000	2591	943884.0000	2045	745760.0000	546	198124.0000
20090924	小型臺指            	MXF    	B         	0	.0000	0	.0000	0	.0000	0	.0000	3	1095.0000	-3	-1095.0000
20090924	小型臺指            	MXF    	C         	768	281250.0000	842	306888.0000	-74	-25638.0000	185	67507.0000	219	79890.0000	-34	-12383.0000
20090924	臺灣50期貨          	T5F    	A         	0	.0000	0	.0000	0	.0000	0	.0000	0	.0000	0	.0000
20090924	臺灣50期貨          	T5F    	B         	0	.0000	0	.0000	0	.0000	0	.0000	0	.0000	0	.0000
20090924	臺灣50期貨          	T5F    	C         	0	.0000	0	.0000	0	.0000	0	.0000	0	.0000	0	.0000
20090924	臺股期貨            	TXF    	A         	18798	27457823.0000	19341	28261896.0000	-543	-804073.0000	6247	9108324.0000	4499	6561493.0000	1748	2546831.0000
20090924	臺股期貨            	TXF    	B         	386	565120.0000	443	646537.0000	-57	-81417.0000	2507	3659217.0000	1494	2180642.0000	1013	1478575.0000
20090924	臺股期貨            	TXF    	C         	5852	8557363.0000	5038	7355055.0000	814	1202308.0000	22059	32189840.0000	20930	30539985.0000	1129	1649855.0000
20090924	非金電期貨          	XIF    	A         	169	145861.0000	178	153758.0000	-9	-7897.0000	114	98083.0000	62	53350.0000	52	44733.0000
20090924	非金電期貨          	XIF    	B         	0	.0000	0	.0000	0	.0000	26	22415.0000	0	.0000	26	22415.0000
20090924	非金電期貨          	XIF    	C         	22	19023.0000	22	19011.0000	0	13.0000	156	134488.0000	172	148281.0000	-16	-13793.0000
20090925	電子期貨            	EXF    	A         	616	731708.0000	563	668334.0000	53	63374.0000	777	925922.0000	235	279845.0000	542	646077.0000
20090925	電子期貨            	EXF    	B         	0	.0000	0	.0000	0	.0000	298	355216.0000	4	4768.0000	294	350448.0000
20090925	電子期貨            	EXF    	C         	377	447383.0000	162	192264.0000	215	255118.0000	3292	3924064.0000	3585	4273320.0000	-293	-349256.0000
20090925	金融期貨            	FXF    	A         	882	756022.0000	568	486238.0000	314	269783.0000	1683	1456627.0000	150	129509.0000	1533	1327118.0000
20090925	金融期貨            	FXF    	B         	0	.0000	0	.0000	0	.0000	126	109066.0000	0	.0000	126	109066.0000
20090925	金融期貨            	FXF    	C         	275	235276.0000	467	396612.0000	-192	-161336.0000	1940	1679264.0000	5473	4737369.0000	-3533	-3058105.0000
20090925	櫃買期貨            	GTF    	A         	423	208226.0000	427	210205.0000	-4	-1979.0000	28	13930.0000	42	20849.0000	-14	-6919.0000
20090925	櫃買期貨            	GTF    	B         	0	.0000	0	.0000	0	.0000	0	.0000	0	.0000	0	.0000
20090925	櫃買期貨            	GTF    	C         	0	.0000	0	.0000	0	.0000	0	.0000	0	.0000	0	.0000
20090925	摩臺期              	MSF    	A         	0	.0000	0	.0000	0	.0000	3	2607.0000	2	1727.0000	1	880.0000
20090925	摩臺期              	MSF    	B         	0	.0000	0	.0000	0	.0000	0	.0000	0	.0000	0	.0000
20090925	摩臺期              	MSF    	C         	0	.0000	0	.0000	0	.0000	0	.0000	0	.0000	0	.0000
20090925	小型臺指            	MXF    	A         	10515	3836833.0000	9721	3544153.0000	794	292680.0000	2105	770193.0000	1985	727581.0000	120	42612.0000
20090925	小型臺指            	MXF    	B         	0	.0000	0	.0000	0	.0000	0	.0000	3	1100.0000	-3	-1100.0000
20090925	小型臺指            	MXF    	C         	787	287552.0000	408	148825.0000	379	138728.0000	399	146333.0000	54	19780.0000	345	126553.0000
20090925	臺灣50期貨          	T5F    	A         	0	.0000	0	.0000	0	.0000	0	.0000	0	.0000	0	.0000
20090925	臺灣50期貨          	T5F    	B         	0	.0000	0	.0000	0	.0000	0	.0000	0	.0000	0	.0000
20090925	臺灣50期貨          	T5F    	C         	0	.0000	0	.0000	0	.0000	0	.0000	0	.0000	0	.0000
20090925	臺股期貨            	TXF    	A         	13868	20240401.0000	13849	20215947.0000	19	24454.0000	6223	9117887.0000	4151	6084268.0000	2072	3033619.0000
20090925	臺股期貨            	TXF    	B         	161	234889.0000	1003	1466906.0000	-842	-1232016.0000	2335	3425445.0000	2164	3174588.0000	171	250857.0000
20090925	臺股期貨            	TXF    	C         	5459	7972399.0000	3700	5391722.0000	1759	2580677.0000	23236	34079273.0000	20348	29839534.0000	2888	4239739.0000
20090925	非金電期貨          	XIF    	A         	380	326285.0000	332	285112.0000	48	41172.0000	172	148154.0000	72	62012.0000	100	86142.0000
20090925	非金電期貨          	XIF    	B         	0	.0000	0	.0000	0	.0000	26	22412.0000	0	.0000	26	22412.0000
20090925	非金電期貨          	XIF    	C         	21	18044.0000	34	29239.0000	-13	-11196.0000	149	128438.0000	178	153436.0000	-29	-24998.0000
20090928	電子期貨            	EXF    	A         	412	486121.0000	453	533977.0000	-41	-47856.0000	739	870719.0000	238	280215.0000	501	590504.0000
20090928	電子期貨            	EXF    	B         	1	1178.0000	0	.0000	1	1178.0000	298	351223.0000	3	3536.0000	295	347687.0000
20090928	電子期貨            	EXF    	C         	521	613812.0000	484	569841.0000	37	43971.0000	3426	4037880.0000	3682	4339605.0000	-256	-301725.0000
20090928	金融期貨            	FXF    	A         	652	559120.0000	862	738704.0000	-210	-179584.0000	1515	1299725.0000	192	164428.0000	1323	1135297.0000
20090928	金融期貨            	FXF    	B         	0	.0000	0	.0000	0	.0000	126	108108.0000	0	.0000	126	108108.0000
20090928	金融期貨            	FXF    	C         	174	149220.0000	336	288212.0000	-162	-138991.0000	1954	1676532.0000	5649	4846790.0000	-3695	-3170258.0000
20090928	櫃買期貨            	GTF    	A         	263	129082.0000	250	122709.0000	13	6373.0000	46	22551.0000	47	22999.0000	-1	-448.0000
20090928	櫃買期貨            	GTF    	B         	0	.0000	0	.0000	0	.0000	0	.0000	0	.0000	0	.0000
20090928	櫃買期貨            	GTF    	C         	0	.0000	0	.0000	0	.0000	0	.0000	0	.0000	0	.0000
20090928	摩臺期              	MSF    	A         	0	.0000	0	.0000	0	.0000	3	2585.0000	2	1712.0000	1	873.0000
20090928	摩臺期              	MSF    	B         	0	.0000	0	.0000	0	.0000	0	.0000	0	.0000	0	.0000
20090928	摩臺期              	MSF    	C         	0	.0000	0	.0000	0	.0000	0	.0000	0	.0000	0	.0000
20090928	小型臺指            	MXF    	A         	10321	3749622.0000	10844	3938154.0000	-523	-188532.0000	2480	901008.0000	1983	721435.0000	497	179573.0000
20090928	小型臺指            	MXF    	B         	0	.0000	0	.0000	0	.0000	0	.0000	3	1092.0000	-3	-1092.0000
20090928	小型臺指            	MXF    	C         	775	281889.0000	1135	411922.0000	-360	-130033.0000	258	93925.0000	97	35289.0000	161	58636.0000
20090928	臺灣50期貨          	T5F    	A         	0	.0000	0	.0000	0	.0000	0	.0000	0	.0000	0	.0000
20090928	臺灣50期貨          	T5F    	B         	0	.0000	0	.0000	0	.0000	0	.0000	0	.0000	0	.0000
20090928	臺灣50期貨          	T5F    	C         	0	.0000	0	.0000	0	.0000	0	.0000	0	.0000	0	.0000
20090928	臺股期貨            	TXF    	A         	14517	21095376.0000	15901	23101279.0000	-1384	-2005903.0000	5143	7478283.0000	4680	6809634.0000	463	668649.0000
20090928	臺股期貨            	TXF    	B         	97	141184.0000	386	560062.0000	-289	-418878.0000	2339	3406052.0000	2457	3577883.0000	-118	-171831.0000
20090928	臺股期貨            	TXF    	C         	4521	6572252.0000	4812	6985472.0000	-291	-413220.0000	22771	33151337.0000	20218	29430600.0000	2553	3720737.0000
20090928	非金電期貨          	XIF    	A         	118	101145.0000	104	89167.0000	14	11978.0000	172	148298.0000	58	50029.0000	114	98269.0000
20090928	非金電期貨          	XIF    	B         	0	.0000	0	.0000	0	.0000	26	22448.0000	0	.0000	26	22448.0000
20090928	非金電期貨          	XIF    	C         	48	41152.0000	69	59140.0000	-21	-17987.0000	92	79433.0000	142	122603.0000	-50	-43170.0000
20090929	電子期貨            	EXF    	A         	632	759052.0000	577	693010.0000	55	66042.0000	803	966840.0000	247	297161.0000	556	669679.0000
20090929	電子期貨            	EXF    	B         	0	.0000	0	.0000	0	.0000	298	358911.0000	3	3613.0000	295	355298.0000
20090929	電子期貨            	EXF    	C         	423	507484.0000	213	255946.0000	210	251538.0000	3612	4350287.0000	3658	4405695.0000	-46	-55408.0000
20090929	金融期貨            	FXF    	A         	912	793013.0000	760	660722.0000	152	132290.0000	1672	1456535.0000	197	171391.0000	1475	1285144.0000
20090929	金融期貨            	FXF    	B         	0	.0000	0	.0000	0	.0000	126	109771.0000	0	.0000	126	109771.0000
20090929	金融期貨            	FXF    	C         	270	234945.0000	409	355805.0000	-139	-120859.0000	2014	1754597.0000	5848	5094762.0000	-3834	-3340165.0000
20090929	櫃買期貨            	GTF    	A         	639	313466.0000	633	310497.0000	6	2970.0000	52	25596.0000	47	23091.0000	5	2505.0000
20090929	櫃買期貨            	GTF    	B         	0	.0000	0	.0000	0	.0000	0	.0000	0	.0000	0	.0000
20090929	櫃買期貨            	GTF    	C         	0	.0000	0	.0000	0	.0000	0	.0000	0	.0000	0	.0000
20090929	摩臺期              	MSF    	A         	0	.0000	1	879.0000	-1	-879.0000	2	1758.0000	2	1747.0000	0	11.0000
20090929	摩臺期              	MSF    	B         	0	.0000	0	.0000	0	.0000	0	.0000	0	.0000	0	.0000
20090929	摩臺期              	MSF    	C         	0	.0000	0	.0000	0	.0000	0	.0000	0	.0000	0	.0000
20090929	小型臺指            	MXF    	A         	11541	4265000.0000	9596	3548375.0000	1945	716625.0000	3241	1197548.0000	2511	929061.0000	730	268487.0000
20090929	小型臺指            	MXF    	B         	0	.0000	0	.0000	0	.0000	0	.0000	3	1110.0000	-3	-1110.0000
20090929	小型臺指            	MXF    	C         	946	350261.0000	726	268489.0000	220	81772.0000	662	245039.0000	281	103986.0000	381	141053.0000
20090929	臺灣50期貨          	T5F    	A         	0	.0000	0	.0000	0	.0000	0	.0000	0	.0000	0	.0000
20090929	臺灣50期貨          	T5F    	B         	0	.0000	0	.0000	0	.0000	0	.0000	0	.0000	0	.0000
20090929	臺灣50期貨          	T5F    	C         	0	.0000	0	.0000	0	.0000	0	.0000	0	.0000	0	.0000
20090929	臺股期貨            	TXF    	A         	19449	28764265.0000	16702	24700959.0000	2747	4063306.0000	8026	11870697.0000	4388	6491815.0000	3638	5378882.0000
20090929	臺股期貨            	TXF    	B         	418	618361.0000	426	630400.0000	-8	-12040.0000	2340	3464604.0000	2466	3651160.0000	-126	-186556.0000
20090929	臺股期貨            	TXF    	C         	4902	7249239.0000	5931	8777771.0000	-1029	-1528531.0000	21784	32245307.0000	20260	29986178.0000	1524	2259129.0000
20090929	非金電期貨          	XIF    	A         	159	138923.0000	133	116220.0000	26	22703.0000	192	167278.0000	52	45283.0000	140	121995.0000
20090929	非金電期貨          	XIF    	B         	0	.0000	0	.0000	0	.0000	26	22669.0000	0	.0000	26	22669.0000
20090929	非金電期貨          	XIF    	C         	61	53302.0000	63	55012.0000	-2	-1709.0000	121	105500.0000	173	150839.0000	-52	-45339.0000
20090930	電子期貨            	EXF    	A         	848	1032008.0000	795	967292.0000	53	64715.0000	829	1010987.0000	220	268116.0000	609	742871.0000
20090930	電子期貨            	EXF    	B         	1	1218.0000	0	.0000	1	1218.0000	298	363500.0000	2	2440.0000	296	361060.0000
20090930	電子期貨            	EXF    	C         	254	309294.0000	266	323472.0000	-12	-14178.0000	3642	4442505.0000	3700	4513260.0000	-58	-70755.0000
20090930	金融期貨            	FXF    	A         	657	575556.0000	629	550865.0000	28	24691.0000	1699	1489880.0000	196	171562.0000	1503	1318318.0000
20090930	金融期貨            	FXF    	B         	0	.0000	0	.0000	0	.0000	126	110502.0000	0	.0000	126	110502.0000
20090930	金融期貨            	FXF    	C         	157	137590.0000	315	275770.0000	-158	-138181.0000	2018	1769786.0000	6010	5270736.0000	-3992	-3500950.0000
20090930	櫃買期貨            	GTF    	A         	65	32336.0000	86	42838.0000	-21	-10502.0000	35	17466.0000	51	25435.0000	-16	-7969.0000
20090930	櫃買期貨            	GTF    	B         	0	.0000	0	.0000	0	.0000	0	.0000	0	.0000	0	.0000
20090930	櫃買期貨            	GTF    	C         	0	.0000	0	.0000	0	.0000	0	.0000	0	.0000	0	.0000
20090930	摩臺期              	MSF    	A         	3	2636.0000	0	.0000	3	2636.0000	5	4405.0000	2	1751.0000	3	2654.0000
20090930	摩臺期              	MSF    	B         	0	.0000	0	.0000	0	.0000	0	.0000	0	.0000	0	.0000
20090930	摩臺期              	MSF    	C         	0	.0000	0	.0000	0	.0000	0	.0000	0	.0000	0	.0000
20090930	小型臺指            	MXF    	A         	11071	4136946.0000	9179	3431291.0000	1892	705655.0000	3711	1387165.0000	2197	822215.0000	1514	564950.0000
20090930	小型臺指            	MXF    	B         	0	.0000	0	.0000	0	.0000	0	.0000	3	1123.0000	-3	-1123.0000
20090930	小型臺指            	MXF    	C         	1138	425806.0000	721	269568.0000	417	156237.0000	1138	426124.0000	340	127285.0000	798	298839.0000
20090930	臺灣50期貨          	T5F    	A         	0	.0000	0	.0000	0	.0000	0	.0000	0	.0000	0	.0000
20090930	臺灣50期貨          	T5F    	B         	0	.0000	0	.0000	0	.0000	0	.0000	0	.0000	0	.0000
20090930	臺灣50期貨          	T5F    	C         	0	.0000	0	.0000	0	.0000	0	.0000	0	.0000	0	.0000
20090930	臺股期貨            	TXF    	A         	16964	25366674.0000	15271	22842214.0000	1693	2524460.0000	9897	14809531.0000	4289	6418823.0000	5608	8390708.0000
20090930	臺股期貨            	TXF    	B         	176	263503.0000	197	293856.0000	-21	-30353.0000	2312	3462914.0000	2459	3683090.0000	-147	-220176.0000
20090930	臺股期貨            	TXF    	C         	5412	8094315.0000	5994	8960077.0000	-582	-865762.0000	21602	32346963.0000	20660	30932450.0000	942	1414513.0000
20090930	非金電期貨          	XIF    	A         	56	49299.0000	74	65165.0000	-18	-15866.0000	186	164020.0000	64	56422.0000	122	107598.0000
20090930	非金電期貨          	XIF    	B         	0	.0000	0	.0000	0	.0000	26	22942.0000	0	.0000	26	22942.0000
20090930	非金電期貨          	XIF    	C         	33	29072.0000	12	10569.0000	21	18504.0000	132	116477.0000	163	143831.0000	-31	-27354.0000
