20120102	電子期貨            	EXF    	A         	591	610403.0000	613	633109.0000	-22	-22706.0000	747	767699.0000	409	420322.0000	338	347377.0000
20120102	電子期貨            	EXF    	B         	0	.0000	0	.0000	0	.0000	81	83252.0000	35	35973.0000	46	47279.0000
20120102	電子期貨            	EXF    	C         	836	863004.0000	986	1018603.0000	-150	-155599.0000	1327	1363891.0000	2723	2798699.0000	-1396	-1434808.0000
20120102	金融期貨            	FXF    	A         	878	674062.0000	855	659624.0000	23	14438.0000	506	384751.0000	84	63828.0000	422	320923.0000
20120102	金融期貨            	FXF    	B         	0	.0000	29	22159.0000	-29	-22159.0000	66	50186.0000	0	.0000	66	50186.0000
20120102	金融期貨            	FXF    	C         	2151	1653534.0000	1435	1104043.0000	716	549490.0000	584	444074.0000	3503	2663680.0000	-2919	-2219606.0000
20120102	櫃買期貨            	GTF    	A         	26	9548.0000	8	2934.0000	18	6614.0000	7	2566.0000	41	15026.0000	-34	-12460.0000
20120102	櫃買期貨            	GTF    	B         	0	.0000	0	.0000	0	.0000	84	30811.0000	0	.0000	84	30811.0000
20120102	櫃買期貨            	GTF    	C         	0	.0000	0	.0000	0	.0000	0	.0000	0	.0000	0	.0000
20120102	小型臺指            	MXF    	A         	8283	2889595.0000	9965	3478957.0000	-1682	-589362.0000	1718	591096.0000	5031	1727858.0000	-3313	-1136762.0000
20120102	小型臺指            	MXF    	B         	0	.0000	0	.0000	0	.0000	6	2084.0000	163	56602.0000	-157	-54518.0000
20120102	小型臺指            	MXF    	C         	10365	3619484.0000	10481	3661365.0000	-116	-41882.0000	5633	1954923.0000	3160	1094470.0000	2473	860453.0000
20120102	股票期貨            	STF    	A         	16364	1076324.0000	16017	1023099.0000	347	53225.0000	14743	1226161.0000	15745	986108.0000	-1002	240053.0000
20120102	股票期貨            	STF    	B         	0	.0000	0	.0000	0	.0000	11132	1589577.0000	0	.0000	11132	1589577.0000
20120102	股票期貨            	STF    	C         	359	22525.0000	577	54454.0000	-218	-31929.0000	2521	257968.0000	18918	2213257.0000	-16397	-1955289.0000
20120102	臺灣50期貨          	T5F    	A         	0	.0000	0	.0000	0	.0000	0	.0000	0	.0000	0	.0000
20120102	臺灣50期貨          	T5F    	B         	0	.0000	0	.0000	0	.0000	0	.0000	0	.0000	0	.0000
20120102	臺灣50期貨          	T5F    	C         	0	.0000	0	.0000	0	.0000	0	.0000	0	.0000	0	.0000
20120102	臺股期貨            	TXF    	A         	16108	22466670.0000	15782	22023774.0000	326	442896.0000	7091	9842128.0000	5430	7431184.0000	1661	2410944.0000
20120102	臺股期貨            	TXF    	B         	5	6942.0000	402	560688.0000	-397	-553746.0000	1175	1632075.0000	1617	2245917.0000	-442	-613842.0000
20120102	臺股期貨            	TXF    	C         	11619	16232795.0000	11634	16250023.0000	-15	-17228.0000	24067	33357596.0000	36378	50525853.0000	-12311	-17168257.0000
20120102	非金電期貨          	XIF    	A         	195	190466.0000	246	240406.0000	-51	-49940.0000	249	242129.0000	141	136835.0000	108	105294.0000
20120102	非金電期貨          	XIF    	B         	0	.0000	0	.0000	0	.0000	8	7780.0000	0	.0000	8	7780.0000
20120102	非金電期貨          	XIF    	C         	169	165274.0000	161	157294.0000	8	7981.0000	12	11670.0000	123	119618.0000	-111	-107948.0000
20120103	電子期貨            	EXF    	A         	764	795443.0000	602	626703.0000	162	168740.0000	856	891880.0000	356	370901.0000	500	520979.0000
20120103	電子期貨            	EXF    	B         	35	36442.0000	0	.0000	35	36442.0000	81	84402.0000	0	.0000	81	84402.0000
20120103	電子期貨            	EXF    	C         	993	1033917.0000	749	780374.0000	244	253543.0000	1400	1458800.0000	2552	2659184.0000	-1152	-1200384.0000
20120103	金融期貨            	FXF    	A         	828	645204.0000	761	593141.0000	67	52063.0000	528	411727.0000	39	30388.0000	489	381339.0000
20120103	金融期貨            	FXF    	B         	0	.0000	0	.0000	0	.0000	66	51467.0000	0	.0000	66	51467.0000
20120103	金融期貨            	FXF    	C         	1167	908579.0000	1215	945468.0000	-48	-36890.0000	578	450724.0000	3545	2764390.0000	-2967	-2313666.0000
20120103	櫃買期貨            	GTF    	A         	33	12315.0000	37	13814.0000	-4	-1499.0000	3	1121.0000	41	15311.0000	-38	-14190.0000
20120103	櫃買期貨            	GTF    	B         	0	.0000	0	.0000	0	.0000	84	31382.0000	0	.0000	84	31382.0000
20120103	櫃買期貨            	GTF    	C         	0	.0000	0	.0000	0	.0000	0	.0000	0	.0000	0	.0000
20120103	小型臺指            	MXF    	A         	7610	2680115.0000	6122	2157860.0000	1488	522254.0000	2247	786134.0000	4224	1470112.0000	-1977	-683978.0000
20120103	小型臺指            	MXF    	B         	0	.0000	0	.0000	0	.0000	6	2114.0000	163	57433.0000	-157	-55319.0000
20120103	小型臺指            	MXF    	C         	10012	3524978.0000	6953	2450020.0000	3059	1074958.0000	5170	1820382.0000	1270	444808.0000	3900	1375574.0000
20120103	股票期貨            	STF    	A         	12674	549147.0000	12211	535648.0000	463	13498.0000	15333	1273029.0000	15872	1018187.0000	-539	254842.0000
20120103	股票期貨            	STF    	B         	0	.0000	0	.0000	0	.0000	11132	1606904.0000	0	.0000	11132	1606904.0000
20120103	股票期貨            	STF    	C         	261	20806.0000	170	13678.0000	91	7129.0000	2671	270788.0000	18977	2242881.0000	-16306	-1972093.0000
20120103	臺灣50期貨          	T5F    	A         	0	.0000	0	.0000	0	.0000	0	.0000	0	.0000	0	.0000
20120103	臺灣50期貨          	T5F    	B         	0	.0000	0	.0000	0	.0000	0	.0000	0	.0000	0	.0000
20120103	臺灣50期貨          	T5F    	C         	0	.0000	0	.0000	0	.0000	0	.0000	0	.0000	0	.0000
20120103	臺股期貨            	TXF    	A         	15292	21560591.0000	15564	21946715.0000	-272	-386125.0000	6418	9038018.0000	4991	6926832.0000	1427	2111186.0000
20120103	臺股期貨            	TXF    	B         	28	39435.0000	42	59220.0000	-14	-19785.0000	1182	1665911.0000	1638	2308499.0000	-456	-642588.0000
20120103	臺股期貨            	TXF    	C         	13256	18680944.0000	9796	13818217.0000	3460	4862726.0000	25990	36558232.0000	34433	48526313.0000	-8443	-11968081.0000
20120103	非金電期貨          	XIF    	A         	133	131208.0000	160	157760.0000	-27	-26552.0000	224	220704.0000	143	140623.0000	81	80081.0000
20120103	非金電期貨          	XIF    	B         	0	.0000	0	.0000	0	.0000	8	7883.0000	0	.0000	8	7883.0000
20120103	非金電期貨          	XIF    	C         	200	197277.0000	159	156718.0000	41	40559.0000	59	58139.0000	129	127117.0000	-70	-68978.0000
20120104	電子期貨            	EXF    	A         	734	771037.0000	679	712642.0000	55	58395.0000	843	885411.0000	288	302457.0000	555	582954.0000
20120104	電子期貨            	EXF    	B         	0	.0000	0	.0000	0	.0000	81	85082.0000	0	.0000	81	85082.0000
20120104	電子期貨            	EXF    	C         	1456	1528472.0000	1373	1441579.0000	83	86893.0000	1525	1601860.0000	2594	2724738.0000	-1069	-1122878.0000
20120104	金融期貨            	FXF    	A         	737	578338.0000	715	560263.0000	22	18074.0000	588	460252.0000	77	60246.0000	511	400006.0000
20120104	金融期貨            	FXF    	B         	0	.0000	6	4691.0000	-6	-4691.0000	60	46968.0000	0	.0000	60	46968.0000
20120104	金融期貨            	FXF    	C         	2157	1690236.0000	1634	1281565.0000	523	408671.0000	515	403142.0000	2959	2316302.0000	-2444	-1913160.0000
20120104	櫃買期貨            	GTF    	A         	19	7148.0000	16	6024.0000	3	1123.0000	11	4129.0000	46	17256.0000	-35	-13127.0000
20120104	櫃買期貨            	GTF    	B         	0	.0000	0	.0000	0	.0000	84	31534.0000	0	.0000	84	31534.0000
20120104	櫃買期貨            	GTF    	C         	0	.0000	0	.0000	0	.0000	0	.0000	0	.0000	0	.0000
20120104	小型臺指            	MXF    	A         	5514	1949698.0000	4530	1601245.0000	984	348453.0000	3353	1179923.0000	4262	1488196.0000	-909	-308273.0000
20120104	小型臺指            	MXF    	B         	0	.0000	0	.0000	0	.0000	6	2122.0000	163	57637.0000	-157	-55515.0000
20120104	小型臺指            	MXF    	C         	9910	3504251.0000	9415	3329600.0000	495	174651.0000	6101	2155920.0000	1802	634503.0000	4299	1521417.0000
20120104	股票期貨            	STF    	A         	10176	600909.0000	9889	495359.0000	287	105549.0000	15677	1381190.0000	15929	1020873.0000	-252	360317.0000
20120104	股票期貨            	STF    	B         	0	.0000	0	.0000	0	.0000	11132	1609374.0000	0	.0000	11132	1609374.0000
20120104	股票期貨            	STF    	C         	111	12505.0000	294	80604.0000	-183	-68099.0000	2669	270466.0000	19158	2315558.0000	-16489	-2045092.0000
20120104	臺灣50期貨          	T5F    	A         	0	.0000	0	.0000	0	.0000	0	.0000	0	.0000	0	.0000
20120104	臺灣50期貨          	T5F    	B         	0	.0000	0	.0000	0	.0000	0	.0000	0	.0000	0	.0000
20120104	臺灣50期貨          	T5F    	C         	0	.0000	0	.0000	0	.0000	0	.0000	0	.0000	0	.0000
20120104	臺股期貨            	TXF    	A         	12118	17144930.0000	11663	16492218.0000	455	652711.0000	7079	10005436.0000	5218	7268833.0000	1861	2736603.0000
20120104	臺股期貨            	TXF    	B         	51	72126.0000	3	4243.0000	48	67883.0000	1179	1667578.0000	1587	2244554.0000	-408	-576976.0000
20120104	臺股期貨            	TXF    	C         	16987	24024341.0000	13908	19673591.0000	3079	4350750.0000	27250	38465487.0000	32591	46092940.0000	-5341	-7627453.0000
20120104	非金電期貨          	XIF    	A         	191	187423.0000	202	198137.0000	-11	-10715.0000	231	226976.0000	161	157894.0000	70	69082.0000
20120104	非金電期貨          	XIF    	B         	0	.0000	0	.0000	0	.0000	8	7865.0000	0	.0000	8	7865.0000
20120104	非金電期貨          	XIF    	C         	349	342563.0000	340	333752.0000	9	8811.0000	152	149431.0000	213	209400.0000	-61	-59969.0000
20120105	電子期貨            	EXF    	A         	603	634549.0000	607	638272.0000	-4	-3723.0000	828	874617.0000	277	292567.0000	551	582050.0000
20120105	電子期貨            	EXF    	B         	0	.0000	6	6309.0000	-6	-6309.0000	81	85568.0000	6	6338.0000	75	79230.0000
20120105	電子期貨            	EXF    	C         	1555	1635091.0000	1352	1421925.0000	203	213167.0000	1665	1758906.0000	2531	2673748.0000	-866	-914842.0000
20120105	金融期貨            	FXF    	A         	652	510726.0000	630	493025.0000	22	17701.0000	681	536142.0000	148	116426.0000	533	419716.0000
20120105	金融期貨            	FXF    	B         	0	.0000	0	.0000	0	.0000	60	47244.0000	0	.0000	60	47244.0000
20120105	金融期貨            	FXF    	C         	1317	1031044.0000	1294	1013479.0000	23	17565.0000	558	439369.0000	2979	2345662.0000	-2421	-1906293.0000
20120105	櫃買期貨            	GTF    	A         	26	9773.0000	27	10149.0000	-1	-377.0000	3	1132.0000	39	14696.0000	-36	-13564.0000
20120105	櫃買期貨            	GTF    	B         	0	.0000	0	.0000	0	.0000	84	31702.0000	0	.0000	84	31702.0000
20120105	櫃買期貨            	GTF    	C         	0	.0000	0	.0000	0	.0000	0	.0000	0	.0000	0	.0000
20120105	小型臺指            	MXF    	A         	5041	1787964.0000	3964	1405277.0000	1077	382687.0000	4424	1569175.0000	4060	1426509.0000	364	142666.0000
20120105	小型臺指            	MXF    	B         	0	.0000	0	.0000	0	.0000	6	2136.0000	163	58020.0000	-157	-55884.0000
20120105	小型臺指            	MXF    	C         	10415	3691764.0000	9302	3296370.0000	1113	395393.0000	6036	2146957.0000	1544	547000.0000	4492	1599957.0000
20120105	股票期貨            	STF    	A         	8995	403805.0000	8902	421859.0000	93	-18054.0000	15759	1388836.0000	15918	1045759.0000	-159	343077.0000
20120105	股票期貨            	STF    	B         	0	.0000	0	.0000	0	.0000	11132	1617578.0000	0	.0000	11132	1617578.0000
20120105	股票期貨            	STF    	C         	228	19498.0000	319	18656.0000	-91	841.0000	2794	281440.0000	19374	2332407.0000	-16580	-2050967.0000
20120105	臺灣50期貨          	T5F    	A         	0	.0000	0	.0000	0	.0000	0	.0000	0	.0000	0	.0000
20120105	臺灣50期貨          	T5F    	B         	0	.0000	0	.0000	0	.0000	0	.0000	0	.0000	0	.0000
20120105	臺灣50期貨          	T5F    	C         	0	.0000	0	.0000	0	.0000	0	.0000	0	.0000	0	.0000
20120105	臺股期貨            	TXF    	A         	10137	14387214.0000	9819	13935094.0000	318	452121.0000	7575	10779061.0000	5445	7641682.0000	2130	3137379.0000
20120105	臺股期貨            	TXF    	B         	271	384491.0000	117	165876.0000	154	218615.0000	1170	1665846.0000	1424	2027376.0000	-254	-361530.0000
20120105	臺股期貨            	TXF    	C         	16779	23784306.0000	15154	21482466.0000	1625	2301840.0000	28606	40649994.0000	32092	45688079.0000	-3486	-5038085.0000
20120105	非金電期貨          	XIF    	A         	100	98640.0000	137	135195.0000	-37	-36556.0000	218	215915.0000	185	182947.0000	33	32968.0000
20120105	非金電期貨          	XIF    	B         	0	.0000	0	.0000	0	.0000	8	7928.0000	0	.0000	8	7928.0000
20120105	非金電期貨          	XIF    	C         	172	169720.0000	226	223107.0000	-54	-53387.0000	144	142704.0000	259	256669.0000	-115	-113965.0000
20120106	電子期貨            	EXF    	A         	706	744895.0000	695	732667.0000	11	12227.0000	818	860601.0000	256	269305.0000	562	591296.0000
20120106	電子期貨            	EXF    	B         	0	.0000	0	.0000	0	.0000	81	85228.0000	6	6313.0000	75	78915.0000
20120106	電子期貨            	EXF    	C         	1316	1387555.0000	1527	1610684.0000	-211	-223129.0000	1340	1409948.0000	2417	2543167.0000	-1077	-1133219.0000
20120106	金融期貨            	FXF    	A         	723	560926.0000	994	772478.0000	-271	-211552.0000	528	408234.0000	266	205625.0000	262	202609.0000
20120106	金融期貨            	FXF    	B         	0	.0000	16	12351.0000	-16	-12351.0000	60	46392.0000	16	12371.0000	44	34021.0000
20120106	金融期貨            	FXF    	C         	2230	1730813.0000	2282	1772030.0000	-52	-41218.0000	518	400518.0000	2992	2313412.0000	-2474	-1912894.0000
20120106	櫃買期貨            	GTF    	A         	85	32085.0000	79	29825.0000	6	2260.0000	6	2251.0000	36	13508.0000	-30	-11257.0000
20120106	櫃買期貨            	GTF    	B         	0	.0000	0	.0000	0	.0000	84	31517.0000	0	.0000	84	31517.0000
20120106	櫃買期貨            	GTF    	C         	0	.0000	0	.0000	0	.0000	0	.0000	0	.0000	0	.0000
20120106	小型臺指            	MXF    	A         	4866	1724805.0000	5386	1907670.0000	-520	-182864.0000	3258	1148551.0000	4362	1526716.0000	-1104	-378165.0000
20120106	小型臺指            	MXF    	B         	34	12027.0000	1	354.0000	33	11673.0000	5	1771.0000	129	45692.0000	-124	-43921.0000
20120106	小型臺指            	MXF    	C         	10447	3703481.0000	11158	3955277.0000	-711	-251796.0000	6305	2231729.0000	2108	744103.0000	4197	1487626.0000
20120106	股票期貨            	STF    	A         	11868	542947.0000	12044	558625.0000	-176	-15677.0000	15599	1358902.0000	15934	1033898.0000	-335	325004.0000
20120106	股票期貨            	STF    	B         	0	.0000	0	.0000	0	.0000	11132	1619381.0000	0	.0000	11132	1619381.0000
20120106	股票期貨            	STF    	C         	177	16027.0000	415	23601.0000	-238	-7574.0000	2798	284091.0000	19616	2341196.0000	-16818	-2057105.0000
20120106	臺灣50期貨          	T5F    	A         	0	.0000	0	.0000	0	.0000	0	.0000	0	.0000	0	.0000
20120106	臺灣50期貨          	T5F    	B         	0	.0000	0	.0000	0	.0000	0	.0000	0	.0000	0	.0000
20120106	臺灣50期貨          	T5F    	C         	0	.0000	0	.0000	0	.0000	0	.0000	0	.0000	0	.0000
20120106	臺股期貨            	TXF    	A         	12214	17318689.0000	12731	18044490.0000	-517	-725800.0000	6820	9656636.0000	4970	6932892.0000	1850	2723744.0000
20120106	臺股期貨            	TXF    	B         	84	119094.0000	144	204224.0000	-60	-85130.0000	1156	1637821.0000	1470	2082584.0000	-314	-444763.0000
20120106	臺股期貨            	TXF    	C         	19008	26948443.0000	18222	25837965.0000	786	1110477.0000	27159	38401666.0000	29963	42446923.0000	-2804	-4045257.0000
20120106	非金電期貨          	XIF    	A         	283	279140.0000	279	275205.0000	4	3934.0000	223	220345.0000	186	183516.0000	37	36829.0000
20120106	非金電期貨          	XIF    	B         	0	.0000	0	.0000	0	.0000	8	7906.0000	0	.0000	8	7906.0000
20120106	非金電期貨          	XIF    	C         	293	289039.0000	287	283159.0000	6	5880.0000	187	184793.0000	296	292507.0000	-109	-107714.0000
20120109	電子期貨            	EXF    	A         	550	575918.0000	763	798696.0000	-213	-222778.0000	668	699027.0000	319	333780.0000	349	365247.0000
20120109	電子期貨            	EXF    	B         	0	.0000	0	.0000	0	.0000	81	84775.0000	6	6280.0000	75	78495.0000
20120109	電子期貨            	EXF    	C         	970	1015230.0000	840	879535.0000	130	135695.0000	1399	1464193.0000	2347	2456370.0000	-948	-992177.0000
20120109	金融期貨            	FXF    	A         	551	421760.0000	652	498737.0000	-101	-76977.0000	513	392298.0000	352	269147.0000	161	123151.0000
20120109	金融期貨            	FXF    	B         	0	.0000	44	33549.0000	-44	-33549.0000	60	45888.0000	60	45853.0000	0	35.0000
20120109	金融期貨            	FXF    	C         	1307	1000625.0000	1179	902985.0000	128	97641.0000	612	468058.0000	2959	2263038.0000	-2347	-1794980.0000
20120109	櫃買期貨            	GTF    	A         	85	31825.0000	82	30712.0000	3	1113.0000	9	3353.0000	36	13400.0000	-27	-10047.0000
20120109	櫃買期貨            	GTF    	B         	0	.0000	0	.0000	0	.0000	84	31298.0000	0	.0000	84	31298.0000
20120109	櫃買期貨            	GTF    	C         	0	.0000	0	.0000	0	.0000	0	.0000	0	.0000	0	.0000
20120109	小型臺指            	MXF    	A         	4095	1445299.0000	5290	1864850.0000	-1195	-419551.0000	2604	913376.0000	4883	1704307.0000	-2279	-790931.0000
20120109	小型臺指            	MXF    	B         	35	12346.0000	0	.0000	35	12346.0000	5	1764.0000	94	33168.0000	-89	-31404.0000
20120109	小型臺指            	MXF    	C         	8811	3108902.0000	9761	3443093.0000	-950	-334191.0000	6174	2176836.0000	2463	866411.0000	3711	1310425.0000
20120109	股票期貨            	STF    	A         	8521	607328.0000	8296	553909.0000	225	53419.0000	15824	1416877.0000	15934	1041738.0000	-110	375139.0000
20120109	股票期貨            	STF    	B         	0	.0000	0	.0000	0	.0000	11132	1616784.0000	0	.0000	11132	1616784.0000
20120109	股票期貨            	STF    	C         	38	1976.0000	266	70510.0000	-228	-68534.0000	2808	282767.0000	19854	2395166.0000	-17046	-2112399.0000
20120109	臺灣50期貨          	T5F    	A         	0	.0000	0	.0000	0	.0000	0	.0000	0	.0000	0	.0000
20120109	臺灣50期貨          	T5F    	B         	0	.0000	0	.0000	0	.0000	0	.0000	0	.0000	0	.0000
20120109	臺灣50期貨          	T5F    	C         	0	.0000	0	.0000	0	.0000	0	.0000	0	.0000	0	.0000
20120109	臺股期貨            	TXF    	A         	10688	15080969.0000	11445	16144182.0000	-757	-1063213.0000	5894	8311938.0000	4806	6672974.0000	1088	1638964.0000
20120109	臺股期貨            	TXF    	B         	32	45134.0000	68	95860.0000	-36	-50725.0000	1166	1645692.0000	1516	2139546.0000	-350	-493854.0000
20120109	臺股期貨            	TXF    	C         	15502	21878032.0000	15152	21384318.0000	350	493713.0000	27159	38254112.0000	29736	41963973.0000	-2577	-3709861.0000
20120109	非金電期貨          	XIF    	A         	225	222163.0000	223	220340.0000	2	1823.0000	219	216743.0000	180	178053.0000	39	38690.0000
20120109	非金電期貨          	XIF    	B         	0	.0000	0	.0000	0	.0000	8	7919.0000	0	.0000	8	7919.0000
20120109	非金電期貨          	XIF    	C         	173	171120.0000	158	156298.0000	15	14822.0000	178	176202.0000	274	271233.0000	-96	-95031.0000
20120110	電子期貨            	EXF    	A         	586	621128.0000	550	582618.0000	36	38511.0000	639	677233.0000	254	269166.0000	385	408067.0000
20120110	電子期貨            	EXF    	B         	6	6348.0000	0	.0000	6	6348.0000	81	85860.0000	0	.0000	81	85860.0000
20120110	電子期貨            	EXF    	C         	1319	1397460.0000	1031	1092669.0000	288	304791.0000	1547	1639820.0000	2207	2339420.0000	-660	-699600.0000
20120110	金融期貨            	FXF    	A         	831	646808.0000	746	580722.0000	85	66086.0000	547	425256.0000	301	233964.0000	246	191292.0000
20120110	金融期貨            	FXF    	B         	0	.0000	0	.0000	0	.0000	60	46656.0000	60	46594.0000	0	62.0000
20120110	金融期貨            	FXF    	C         	1445	1124481.0000	1059	823764.0000	386	300717.0000	959	745718.0000	2920	2270584.0000	-1961	-1524866.0000
20120110	櫃買期貨            	GTF    	A         	62	23287.0000	64	24040.0000	-2	-752.0000	6	2249.0000	35	13120.0000	-29	-10871.0000
20120110	櫃買期貨            	GTF    	B         	0	.0000	0	.0000	0	.0000	84	31483.0000	0	.0000	84	31483.0000
20120110	櫃買期貨            	GTF    	C         	0	.0000	0	.0000	0	.0000	0	.0000	0	.0000	0	.0000
20120110	小型臺指            	MXF    	A         	6847	2447718.0000	4934	1766460.0000	1913	681258.0000	3258	1161394.0000	4268	1509808.0000	-1010	-348414.0000
20120110	小型臺指            	MXF    	B         	50	17927.0000	39	13952.0000	11	3974.0000	5	1792.0000	83	29718.0000	-78	-27926.0000
20120110	小型臺指            	MXF    	C         	10573	3780914.0000	7682	2748788.0000	2891	1032125.0000	6061	2169167.0000	1815	647516.0000	4246	1521651.0000
20120110	股票期貨            	STF    	A         	8288	478993.0000	8087	460306.0000	201	18687.0000	16175	1466430.0000	16084	1068996.0000	91	397434.0000
20120110	股票期貨            	STF    	B         	0	.0000	0	.0000	0	.0000	11132	1639867.0000	0	.0000	11132	1639867.0000
20120110	股票期貨            	STF    	C         	186	23296.0000	212	33710.0000	-26	-10414.0000	2837	289710.0000	19909	2437576.0000	-17072	-2147866.0000
20120110	臺灣50期貨          	T5F    	A         	0	.0000	0	.0000	0	.0000	0	.0000	0	.0000	0	.0000
20120110	臺灣50期貨          	T5F    	B         	0	.0000	0	.0000	0	.0000	0	.0000	0	.0000	0	.0000
20120110	臺灣50期貨          	T5F    	C         	0	.0000	0	.0000	0	.0000	0	.0000	0	.0000	0	.0000
20120110	臺股期貨            	TXF    	A         	14328	20506200.0000	14743	21106695.0000	-415	-600495.0000	6057	8672659.0000	5223	7370905.0000	834	1301754.0000
20120110	臺股期貨            	TXF    	B         	645	923927.0000	51	73064.0000	594	850863.0000	1310	1877577.0000	1066	1527715.0000	244	349862.0000
20120110	臺股期貨            	TXF    	C         	20164	28866608.0000	15920	22794779.0000	4244	6071829.0000	31081	44462392.0000	28825	41307001.0000	2256	3155391.0000
20120110	非金電期貨          	XIF    	A         	174	174927.0000	153	153915.0000	21	21012.0000	225	226566.0000	165	166144.0000	60	60422.0000
20120110	非金電期貨          	XIF    	B         	0	.0000	0	.0000	0	.0000	8	8058.0000	0	.0000	8	8058.0000
20120110	非金電期貨          	XIF    	C         	285	286679.0000	246	247378.0000	39	39301.0000	124	124893.0000	181	182303.0000	-57	-57410.0000
20120111	電子期貨            	EXF    	A         	388	412738.0000	281	298881.0000	107	113857.0000	716	761516.0000	224	238210.0000	492	523306.0000
20120111	電子期貨            	EXF    	B         	0	.0000	0	.0000	0	.0000	81	86168.0000	0	.0000	81	86168.0000
20120111	電子期貨            	EXF    	C         	845	898445.0000	844	897481.0000	1	965.0000	1643	1747791.0000	2302	2448868.0000	-659	-701077.0000
20120111	金融期貨            	FXF    	A         	552	429696.0000	497	386607.0000	55	43089.0000	646	501952.0000	345	268017.0000	301	233935.0000
20120111	金融期貨            	FXF    	B         	0	.0000	2	1554.0000	-2	-1554.0000	58	45078.0000	60	46570.0000	-2	-1492.0000
20120111	金融期貨            	FXF    	C         	1006	783130.0000	1023	796467.0000	-17	-13337.0000	960	746112.0000	2938	2283404.0000	-1978	-1537292.0000
20120111	櫃買期貨            	GTF    	A         	76	28703.0000	66	24934.0000	10	3769.0000	7	2632.0000	26	9790.0000	-19	-7158.0000
20120111	櫃買期貨            	GTF    	B         	0	.0000	0	.0000	0	.0000	84	31584.0000	0	.0000	84	31584.0000
20120111	櫃買期貨            	GTF    	C         	0	.0000	0	.0000	0	.0000	0	.0000	0	.0000	0	.0000
20120111	小型臺指            	MXF    	A         	2013	722769.0000	2086	748594.0000	-73	-25825.0000	3824	1366412.0000	4747	1683699.0000	-923	-317287.0000
20120111	小型臺指            	MXF    	B         	0	.0000	0	.0000	0	.0000	5	1795.0000	83	29768.0000	-78	-27973.0000
20120111	小型臺指            	MXF    	C         	5517	1980656.0000	5800	2082377.0000	-283	-101721.0000	6064	2173478.0000	2265	810040.0000	3799	1363438.0000
20120111	股票期貨            	STF    	A         	7356	408569.0000	7322	368193.0000	34	40376.0000	16186	1482629.0000	16061	1046575.0000	125	436054.0000
20120111	股票期貨            	STF    	B         	0	.0000	0	.0000	0	.0000	11132	1636177.0000	0	.0000	11132	1636177.0000
20120111	股票期貨            	STF    	C         	7465	754258.0000	7769	793588.0000	-304	-39330.0000	2901	307838.0000	20277	2491349.0000	-17376	-2183511.0000
20120111	臺灣50期貨          	T5F    	A         	0	.0000	0	.0000	0	.0000	0	.0000	0	.0000	0	.0000
20120111	臺灣50期貨          	T5F    	B         	0	.0000	0	.0000	0	.0000	0	.0000	0	.0000	0	.0000
20120111	臺灣50期貨          	T5F    	C         	0	.0000	0	.0000	0	.0000	0	.0000	0	.0000	0	.0000
20120111	臺股期貨            	TXF    	A         	7119	10225241.0000	6577	9444111.0000	542	781130.0000	6899	9896084.0000	5563	7868399.0000	1336	2027685.0000
20120111	臺股期貨            	TXF    	B         	33	47415.0000	0	.0000	33	47415.0000	1310	1880721.0000	1033	1482890.0000	277	397831.0000
20120111	臺股期貨            	TXF    	C         	15694	22532047.0000	17061	24495544.0000	-1367	-1963497.0000	30723	44013846.0000	29793	42762346.0000	930	1251500.0000
20120111	非金電期貨          	XIF    	A         	198	199679.0000	180	181535.0000	18	18144.0000	232	233895.0000	154	155247.0000	78	78648.0000
20120111	非金電期貨          	XIF    	B         	0	.0000	0	.0000	0	.0000	8	8068.0000	0	.0000	8	8068.0000
20120111	非金電期貨          	XIF    	C         	107	107922.0000	126	127047.0000	-19	-19125.0000	95	95808.0000	171	172454.0000	-76	-76646.0000
20120112	電子期貨            	EXF    	A         	482	513002.0000	404	429851.0000	78	83151.0000	762	811980.0000	192	204557.0000	570	607423.0000
20120112	電子期貨            	EXF    	B         	0	.0000	0	.0000	0	.0000	81	86330.0000	0	.0000	81	86330.0000
20120112	電子期貨            	EXF    	C         	706	751192.0000	626	666245.0000	80	84946.0000	1662	1771336.0000	2241	2388458.0000	-579	-617122.0000
20120112	金融期貨            	FXF    	A         	745	577614.0000	815	632984.0000	-70	-55370.0000	641	497774.0000	410	318532.0000	231	179242.0000
20120112	金融期貨            	FXF    	B         	0	.0000	0	.0000	0	.0000	58	45089.0000	60	46538.0000	-2	-1449.0000
20120112	金融期貨            	FXF    	C         	972	755344.0000	901	700186.0000	71	55159.0000	962	747835.0000	2869	2230344.0000	-1907	-1482509.0000
20120112	櫃買期貨            	GTF    	A         	46	17351.0000	51	19238.0000	-5	-1887.0000	6	2261.0000	30	11320.0000	-24	-9059.0000
20120112	櫃買期貨            	GTF    	B         	0	.0000	0	.0000	0	.0000	84	31651.0000	0	.0000	84	31651.0000
20120112	櫃買期貨            	GTF    	C         	0	.0000	0	.0000	0	.0000	0	.0000	0	.0000	0	.0000
20120112	小型臺指            	MXF    	A         	2612	937698.0000	2417	866591.0000	195	71107.0000	4163	1489486.0000	5003	1776979.0000	-840	-287493.0000
20120112	小型臺指            	MXF    	B         	0	.0000	0	.0000	0	.0000	5	1796.0000	83	29792.0000	-78	-27996.0000
20120112	小型臺指            	MXF    	C         	5352	1920690.0000	4933	1770180.0000	419	150509.0000	6444	2311484.0000	2530	905884.0000	3914	1405600.0000
20120112	股票期貨            	STF    	A         	5332	310668.0000	5568	306703.0000	-236	3965.0000	16569	1514432.0000	16680	1077636.0000	-111	436796.0000
20120112	股票期貨            	STF    	B         	0	.0000	0	.0000	0	.0000	11132	1647011.0000	0	.0000	11132	1647011.0000
20120112	股票期貨            	STF    	C         	2801	175584.0000	3003	186783.0000	-202	-11198.0000	3578	359933.0000	21156	2558865.0000	-17578	-2198932.0000
20120112	臺灣50期貨          	T5F    	A         	0	.0000	0	.0000	0	.0000	0	.0000	0	.0000	0	.0000
20120112	臺灣50期貨          	T5F    	B         	0	.0000	0	.0000	0	.0000	0	.0000	0	.0000	0	.0000
20120112	臺灣50期貨          	T5F    	C         	0	.0000	0	.0000	0	.0000	0	.0000	0	.0000	0	.0000
20120112	臺股期貨            	TXF    	A         	6849	9833447.0000	6116	8778170.0000	733	1055278.0000	7630	10954603.0000	5533	7831981.0000	2097	3122622.0000
20120112	臺股期貨            	TXF    	B         	81	116087.0000	99	142172.0000	-18	-26085.0000	1333	1915170.0000	1074	1543077.0000	259	372093.0000
20120112	臺股期貨            	TXF    	C         	14938	21443009.0000	13642	19582845.0000	1296	1860164.0000	31927	45774646.0000	29621	42548074.0000	2306	3226572.0000
20120112	非金電期貨          	XIF    	A         	169	170116.0000	149	149968.0000	20	20147.0000	255	256965.0000	157	158205.0000	98	98760.0000
20120112	非金電期貨          	XIF    	B         	0	.0000	0	.0000	0	.0000	8	8064.0000	0	.0000	8	8064.0000
20120112	非金電期貨          	XIF    	C         	170	171116.0000	198	199299.0000	-28	-28183.0000	125	126000.0000	229	230819.0000	-104	-104819.0000
20120113	電子期貨            	EXF    	A         	705	753910.0000	681	728283.0000	24	25627.0000	763	810416.0000	169	179285.0000	594	631131.0000
20120113	電子期貨            	EXF    	B         	0	.0000	0	.0000	0	.0000	81	86054.0000	0	.0000	81	86054.0000
20120113	電子期貨            	EXF    	C         	1276	1364791.0000	1369	1464176.0000	-93	-99385.0000	1586	1684736.0000	2258	2398759.0000	-672	-714023.0000
20120113	金融期貨            	FXF    	A         	1157	903543.0000	1074	838050.0000	83	65494.0000	640	496413.0000	326	252520.0000	314	243893.0000
20120113	金融期貨            	FXF    	B         	62	48366.0000	6	4678.0000	56	43688.0000	98	76048.0000	44	34047.0000	54	42001.0000
20120113	金融期貨            	FXF    	C         	2132	1666004.0000	1853	1448292.0000	279	217712.0000	1305	1012656.0000	2933	2275861.0000	-1628	-1263205.0000
20120113	櫃買期貨            	GTF    	A         	57	21393.0000	61	22882.0000	-4	-1489.0000	9	3362.0000	37	13811.0000	-28	-10449.0000
20120113	櫃買期貨            	GTF    	B         	0	.0000	0	.0000	0	.0000	84	31382.0000	0	.0000	84	31382.0000
20120113	櫃買期貨            	GTF    	C         	0	.0000	0	.0000	0	.0000	0	.0000	0	.0000	0	.0000
20120113	小型臺指            	MXF    	A         	5301	1907840.0000	6506	2343123.0000	-1205	-435283.0000	3201	1140270.0000	5238	1853171.0000	-2037	-712901.0000
20120113	小型臺指            	MXF    	B         	0	.0000	0	.0000	0	.0000	5	1790.0000	83	29681.0000	-78	-27891.0000
20120113	小型臺指            	MXF    	C         	8598	3099507.0000	10090	3638507.0000	-1492	-539000.0000	6523	2329877.0000	3629	1295771.0000	2894	1034106.0000
20120113	股票期貨            	STF    	A         	7025	417537.0000	6986	395968.0000	39	21569.0000	16785	1564177.0000	16857	1095134.0000	-72	469043.0000
20120113	股票期貨            	STF    	B         	0	.0000	0	.0000	0	.0000	11132	1653315.0000	0	.0000	11132	1653315.0000
20120113	股票期貨            	STF    	C         	162	17570.0000	243	42719.0000	-81	-25149.0000	3739	378499.0000	21398	2618901.0000	-17659	-2240402.0000
20120113	臺灣50期貨          	T5F    	A         	0	.0000	0	.0000	0	.0000	0	.0000	0	.0000	0	.0000
20120113	臺灣50期貨          	T5F    	B         	0	.0000	0	.0000	0	.0000	0	.0000	0	.0000	0	.0000
20120113	臺灣50期貨          	T5F    	C         	0	.0000	0	.0000	0	.0000	0	.0000	0	.0000	0	.0000
20120113	臺股期貨            	TXF    	A         	19501	28092912.0000	18740	26993832.0000	761	1099079.0000	9284	13283568.0000	6428	9069360.0000	2856	4214208.0000
20120113	臺股期貨            	TXF    	B         	211	304125.0000	438	630937.0000	-227	-326812.0000	1355	1939951.0000	1323	1893663.0000	32	46288.0000
20120113	臺股期貨            	TXF    	C         	23044	33199153.0000	25813	37209355.0000	-2769	-4010202.0000	31999	45692485.0000	32580	46626205.0000	-581	-933720.0000
20120113	非金電期貨          	XIF    	A         	176	177734.0000	176	177733.0000	0	2.0000	281	281439.0000	183	183243.0000	98	98196.0000
20120113	非金電期貨          	XIF    	B         	0	.0000	0	.0000	0	.0000	8	8019.0000	0	.0000	8	8019.0000
20120113	非金電期貨          	XIF    	C         	201	203438.0000	127	128440.0000	74	74998.0000	192	192461.0000	222	222494.0000	-30	-30033.0000
20120116	電子期貨            	EXF    	A         	996	1048769.0000	1269	1337872.0000	-273	-289103.0000	671	704572.0000	350	368065.0000	321	336507.0000
20120116	電子期貨            	EXF    	B         	4	4196.0000	4	4208.0000	0	-11.0000	81	85185.0000	0	.0000	81	85185.0000
20120116	電子期貨            	EXF    	C         	4093	4313624.0000	3871	4075985.0000	222	237639.0000	1917	2014271.0000	2367	2486273.0000	-450	-472002.0000
20120116	金融期貨            	FXF    	A         	1493	1148198.0000	1511	1163017.0000	-18	-14819.0000	823	623348.0000	527	398812.0000	296	224536.0000
20120116	金融期貨            	FXF    	B         	4	3035.0000	30	22757.0000	-26	-19722.0000	72	54556.0000	44	33282.0000	28	21274.0000
20120116	金融期貨            	FXF    	C         	4680	3604592.0000	4812	3704657.0000	-132	-100064.0000	961	728104.0000	2721	2061067.0000	-1760	-1332963.0000
20120116	櫃買期貨            	GTF    	A         	86	32251.0000	83	31177.0000	3	1074.0000	7	2622.0000	32	12017.0000	-25	-9395.0000
20120116	櫃買期貨            	GTF    	B         	44	16545.0000	44	16477.0000	0	68.0000	84	31546.0000	0	.0000	84	31546.0000
20120116	櫃買期貨            	GTF    	C         	0	.0000	0	.0000	0	.0000	0	.0000	0	.0000	0	.0000
20120116	小型臺指            	MXF    	A         	11908	4252406.0000	11603	4138114.0000	305	114293.0000	2611	920805.0000	4067	1419439.0000	-1456	-498634.0000
20120116	小型臺指            	MXF    	B         	44	15903.0000	54	19132.0000	-10	-3229.0000	5	1773.0000	93	32894.0000	-88	-31121.0000
20120116	小型臺指            	MXF    	C         	14264	5092994.0000	13901	4960703.0000	363	132291.0000	6914	2445240.0000	3493	1234995.0000	3421	1210245.0000
20120116	股票期貨            	STF    	A         	7209	404792.0000	7413	411514.0000	-204	-6723.0000	16832	1566182.0000	17108	1105000.0000	-276	461182.0000
20120116	股票期貨            	STF    	B         	0	.0000	0	.0000	0	.0000	11132	1626744.0000	0	.0000	11132	1626744.0000
20120116	股票期貨            	STF    	C         	13	867.0000	169	14870.0000	-156	-14003.0000	3722	370023.0000	21537	2602144.0000	-17815	-2232121.0000
20120116	臺灣50期貨          	T5F    	A         	0	.0000	0	.0000	0	.0000	0	.0000	0	.0000	0	.0000
20120116	臺灣50期貨          	T5F    	B         	0	.0000	0	.0000	0	.0000	0	.0000	0	.0000	0	.0000
20120116	臺灣50期貨          	T5F    	C         	0	.0000	0	.0000	0	.0000	0	.0000	0	.0000	0	.0000
20120116	臺股期貨            	TXF    	A         	28701	40948334.0000	28229	40275558.0000	472	672776.0000	9050	12819628.0000	5791	8077454.0000	3259	4742174.0000
20120116	臺股期貨            	TXF    	B         	529	754620.0000	533	756928.0000	-4	-2308.0000	1239	1755702.0000	1211	1716505.0000	28	39197.0000
20120116	臺股期貨            	TXF    	C         	38522	54958518.0000	39710	56627326.0000	-1188	-1668808.0000	32252	45588009.0000	34076	48272294.0000	-1824	-2684285.0000
20120116	非金電期貨          	XIF    	A         	169	169403.0000	177	177576.0000	-8	-8173.0000	282	281138.0000	192	191425.0000	90	89713.0000
20120116	非金電期貨          	XIF    	B         	3	2989.0000	3	2992.0000	0	-4.0000	8	7976.0000	0	.0000	8	7976.0000
20120116	非金電期貨          	XIF    	C         	252	252967.0000	338	339170.0000	-86	-86203.0000	119	118679.0000	235	234329.0000	-116	-115650.0000
20120117	電子期貨            	EXF    	A         	925	984709.0000	787	838992.0000	138	145717.0000	732	783806.0000	273	292854.0000	459	490952.0000
20120117	電子期貨            	EXF    	B         	74	78650.0000	74	78887.0000	0	-237.0000	81	86663.0000	0	.0000	81	86663.0000
20120117	電子期貨            	EXF    	C         	2450	2603537.0000	2660	2826042.0000	-210	-222506.0000	2142	2293966.0000	2802	2999810.0000	-660	-705844.0000
20120117	金融期貨            	FXF    	A         	892	685799.0000	858	660279.0000	34	25520.0000	611	473044.0000	281	217716.0000	330	255328.0000
20120117	金融期貨            	FXF    	B         	43	32916.0000	43	32990.0000	0	-74.0000	72	55735.0000	44	34021.0000	28	21714.0000
20120117	金融期貨            	FXF    	C         	3089	2373820.0000	2706	2079656.0000	383	294164.0000	1106	856662.0000	2483	1921598.0000	-1377	-1064936.0000
20120117	櫃買期貨            	GTF    	A         	79	30369.0000	82	31609.0000	-3	-1240.0000	12	4668.0000	40	15652.0000	-28	-10984.0000
20120117	櫃買期貨            	GTF    	B         	40	15482.0000	40	15388.0000	0	94.0000	84	32928.0000	0	.0000	84	32928.0000
20120117	櫃買期貨            	GTF    	C         	0	.0000	0	.0000	0	.0000	0	.0000	0	.0000	0	.0000
20120117	小型臺指            	MXF    	A         	8169	2928362.0000	5481	1968509.0000	2688	959853.0000	5486	1976452.0000	3662	1301096.0000	1824	675356.0000
20120117	小型臺指            	MXF    	B         	0	.0000	0	.0000	0	.0000	5	1806.0000	93	33522.0000	-88	-31716.0000
20120117	小型臺指            	MXF    	C         	11528	4129549.0000	8431	3020687.0000	3097	1108862.0000	7874	2838040.0000	2312	831631.0000	5562	2006409.0000
20120117	股票期貨            	STF    	A         	10868	610206.0000	11099	633376.0000	-231	-23170.0000	16373	1569322.0000	16880	1119815.0000	-507	449507.0000
20120117	股票期貨            	STF    	B         	0	.0000	0	.0000	0	.0000	11132	1631838.0000	0	.0000	11132	1631838.0000
20120117	股票期貨            	STF    	C         	427	38650.0000	407	33297.0000	20	5353.0000	3358	359595.0000	21153	2608034.0000	-17795	-2248439.0000
20120117	臺灣50期貨          	T5F    	A         	0	.0000	0	.0000	0	.0000	0	.0000	0	.0000	0	.0000
20120117	臺灣50期貨          	T5F    	B         	0	.0000	0	.0000	0	.0000	0	.0000	0	.0000	0	.0000
20120117	臺灣50期貨          	T5F    	C         	0	.0000	0	.0000	0	.0000	0	.0000	0	.0000	0	.0000
20120117	臺股期貨            	TXF    	A         	19429	27878567.0000	16643	23901874.0000	2786	3976693.0000	10838	15645758.0000	4941	7004581.0000	5897	8641177.0000
20120117	臺股期貨            	TXF    	B         	1686	2417514.0000	1428	2046876.0000	258	370638.0000	1282	1848602.0000	988	1425450.0000	294	423152.0000
20120117	臺股期貨            	TXF    	C         	42407	60768868.0000	39138	56091541.0000	3269	4677326.0000	32711	47093857.0000	31027	44769652.0000	1684	2324205.0000
20120117	非金電期貨          	XIF    	A         	223	224806.0000	207	208548.0000	16	16258.0000	295	298979.0000	189	191607.0000	106	107372.0000
20120117	非金電期貨          	XIF    	B         	5	5021.0000	5	5031.0000	0	-10.0000	8	8102.0000	0	.0000	8	8102.0000
20120117	非金電期貨          	XIF    	C         	184	185573.0000	160	161406.0000	24	24168.0000	117	118673.0000	209	211879.0000	-92	-93206.0000
20120118	電子期貨            	EXF    	A         	753	810382.0000	867	932976.0000	-114	-122594.0000	438	470931.0000	78	83834.0000	360	387097.0000
20120118	電子期貨            	EXF    	B         	3	3219.0000	3	3226.0000	0	-7.0000	81	87107.0000	0	.0000	81	87107.0000
20120118	電子期貨            	EXF    	C         	1516	1629204.0000	1693	1820731.0000	-177	-191527.0000	1636	1759354.0000	2358	2535793.0000	-722	-776439.0000
20120118	金融期貨            	FXF    	A         	1201	915584.0000	1204	919521.0000	-3	-3936.0000	416	315314.0000	138	104580.0000	278	210734.0000
20120118	金融期貨            	FXF    	B         	34	25965.0000	60	45652.0000	-26	-19686.0000	67	50786.0000	65	49270.0000	2	1516.0000
20120118	金融期貨            	FXF    	C         	1686	1284312.0000	1657	1264475.0000	29	19837.0000	621	470718.0000	2203	1669874.0000	-1582	-1199156.0000
20120118	櫃買期貨            	GTF    	A         	16	6309.0000	29	11438.0000	-13	-5129.0000	0	.0000	51	20139.0000	-51	-20139.0000
20120118	櫃買期貨            	GTF    	B         	0	.0000	0	.0000	0	.0000	84	33214.0000	0	.0000	84	33214.0000
20120118	櫃買期貨            	GTF    	C         	0	.0000	0	.0000	0	.0000	0	.0000	0	.0000	0	.0000
20120118	小型臺指            	MXF    	A         	5428	1957933.0000	6044	2178208.0000	-616	-220276.0000	707	249721.0000	3266	1156190.0000	-2559	-906469.0000
20120118	小型臺指            	MXF    	B         	5	1798.0000	5	1802.0000	0	-4.0000	5	1801.0000	93	33489.0000	-88	-31688.0000
20120118	小型臺指            	MXF    	C         	7440	2683910.0000	8495	3063251.0000	-1055	-379341.0000	4109	1476528.0000	2629	944190.0000	1480	532338.0000
20120118	股票期貨            	STF    	A         	12915	794123.0000	14034	842067.0000	-1119	-47945.0000	10605	1187828.0000	10794	721860.0000	-189	465968.0000
20120118	股票期貨            	STF    	B         	0	.0000	0	.0000	0	.0000	11132	1639486.0000	0	.0000	11132	1639486.0000
20120118	股票期貨            	STF    	C         	415	33763.0000	577	42461.0000	-162	-8699.0000	1824	251899.0000	19993	2535263.0000	-18169	-2283364.0000
20120118	臺灣50期貨          	T5F    	A         	0	.0000	0	.0000	0	.0000	0	.0000	0	.0000	0	.0000
20120118	臺灣50期貨          	T5F    	B         	0	.0000	0	.0000	0	.0000	0	.0000	0	.0000	0	.0000
20120118	臺灣50期貨          	T5F    	C         	0	.0000	0	.0000	0	.0000	0	.0000	0	.0000	0	.0000
20120118	臺股期貨            	TXF    	A         	16619	23981585.0000	17664	25477981.0000	-1045	-1496396.0000	5329	7671092.0000	4484	6332290.0000	845	1338802.0000
20120118	臺股期貨            	TXF    	B         	306	441482.0000	309	445594.0000	-3	-4112.0000	1291	1859556.0000	840	1209926.0000	451	649630.0000
20120118	臺股期貨            	TXF    	C         	22354	32239265.0000	22919	33051067.0000	-565	-811802.0000	25660	36865230.0000	21626	31145439.0000	4034	5719791.0000
20120118	非金電期貨          	XIF    	A         	319	322761.0000	336	339966.0000	-17	-17205.0000	150	151432.0000	72	72690.0000	78	78742.0000
20120118	非金電期貨          	XIF    	B         	0	.0000	0	.0000	0	.0000	8	8077.0000	0	.0000	8	8077.0000
20120118	非金電期貨          	XIF    	C         	172	173924.0000	247	249892.0000	-75	-75968.0000	0	.0000	99	99950.0000	-99	-99950.0000
20120130	電子期貨            	EXF    	A         	667	741217.0000	770	855576.0000	-103	-114360.0000	437	485511.0000	180	199966.0000	257	285545.0000
20120130	電子期貨            	EXF    	B         	0	.0000	0	.0000	0	.0000	81	90007.0000	0	.0000	81	90007.0000
20120130	電子期貨            	EXF    	C         	2426	2696242.0000	2086	2318857.0000	340	377384.0000	1964	2182397.0000	2346	2606875.0000	-382	-424478.0000
20120130	金融期貨            	FXF    	A         	833	650157.0000	802	625179.0000	31	24978.0000	496	385968.0000	187	145507.0000	309	240461.0000
20120130	金融期貨            	FXF    	B         	30	23497.0000	0	.0000	30	23497.0000	67	52139.0000	35	27237.0000	32	24902.0000
20120130	金融期貨            	FXF    	C         	2294	1788750.0000	2224	1735241.0000	70	53509.0000	829	645128.0000	2341	1821766.0000	-1512	-1176638.0000
20120130	櫃買期貨            	GTF    	A         	16	6498.0000	19	7710.0000	-3	-1213.0000	0	.0000	54	21901.0000	-54	-21901.0000
20120130	櫃買期貨            	GTF    	B         	0	.0000	0	.0000	0	.0000	84	34087.0000	0	.0000	84	34087.0000
20120130	櫃買期貨            	GTF    	C         	0	.0000	0	.0000	0	.0000	0	.0000	0	.0000	0	.0000
20120130	小型臺指            	MXF    	A         	7408	2740589.0000	5731	2120771.0000	1677	619818.0000	1901	696442.0000	2507	906381.0000	-606	-209939.0000
20120130	小型臺指            	MXF    	B         	0	.0000	0	.0000	0	.0000	5	1848.0000	93	34373.0000	-88	-32525.0000
20120130	小型臺指            	MXF    	C         	11721	4339123.0000	8742	3238045.0000	2979	1101077.0000	4454	1642668.0000	1987	731906.0000	2467	910762.0000
20120130	股票期貨            	STF    	A         	5753	404590.0000	6371	412566.0000	-618	-7976.0000	11275	1283979.0000	12082	810178.0000	-807	473801.0000
20120130	股票期貨            	STF    	B         	0	.0000	0	.0000	0	.0000	11132	1671885.0000	0	.0000	11132	1671885.0000
20120130	股票期貨            	STF    	C         	683	65700.0000	648	33636.0000	35	32064.0000	2387	314579.0000	20521	2616219.0000	-18134	-2301640.0000
20120130	臺灣50期貨          	T5F    	A         	0	.0000	0	.0000	0	.0000	0	.0000	0	.0000	0	.0000
20120130	臺灣50期貨          	T5F    	B         	0	.0000	0	.0000	0	.0000	0	.0000	0	.0000	0	.0000
20120130	臺灣50期貨          	T5F    	C         	0	.0000	0	.0000	0	.0000	0	.0000	0	.0000	0	.0000
20120130	臺股期貨            	TXF    	A         	17230	25519642.0000	17182	25457315.0000	48	62327.0000	5828	8609206.0000	5004	7269148.0000	824	1340058.0000
20120130	臺股期貨            	TXF    	B         	175	258819.0000	140	207622.0000	35	51196.0000	1285	1899744.0000	799	1181234.0000	486	718510.0000
20120130	臺股期貨            	TXF    	C         	22967	34042174.0000	22198	32900746.0000	769	1141428.0000	26378	38897247.0000	21077	31153990.0000	5301	7743257.0000
20120130	非金電期貨          	XIF    	A         	251	259369.0000	221	228387.0000	30	30982.0000	171	175593.0000	63	64697.0000	108	110896.0000
20120130	非金電期貨          	XIF    	B         	0	.0000	0	.0000	0	.0000	8	8215.0000	0	.0000	8	8215.0000
20120130	非金電期貨          	XIF    	C         	312	321917.0000	294	303432.0000	18	18485.0000	28	28753.0000	109	111932.0000	-81	-83179.0000
20120131	電子期貨            	EXF    	A         	1032	1154113.0000	1017	1137077.0000	15	17036.0000	468	521896.0000	196	218568.0000	272	303328.0000
20120131	電子期貨            	EXF    	B         	0	.0000	0	.0000	0	.0000	81	90331.0000	0	.0000	81	90331.0000
20120131	電子期貨            	EXF    	C         	2155	2410331.0000	1855	2073775.0000	300	336556.0000	2104	2346381.0000	2186	2437845.0000	-82	-91464.0000
20120131	金融期貨            	FXF    	A         	1170	935844.0000	1373	1098540.0000	-203	-162696.0000	408	329717.0000	302	244042.0000	106	85675.0000
20120131	金融期貨            	FXF    	B         	95	75981.0000	0	.0000	95	75981.0000	147	118805.0000	20	16164.0000	127	102641.0000
20120131	金融期貨            	FXF    	C         	3341	2675466.0000	2905	2324714.0000	436	350752.0000	1325	1070865.0000	2401	1940488.0000	-1076	-869623.0000
20120131	櫃買期貨            	GTF    	A         	9	3723.0000	12	4971.0000	-3	-1249.0000	0	.0000	57	23669.0000	-57	-23669.0000
20120131	櫃買期貨            	GTF    	B         	0	.0000	0	.0000	0	.0000	84	34927.0000	0	.0000	84	34927.0000
20120131	櫃買期貨            	GTF    	C         	0	.0000	0	.0000	0	.0000	0	.0000	0	.0000	0	.0000
20120131	小型臺指            	MXF    	A         	7565	2823414.0000	7901	2946451.0000	-336	-123037.0000	985	361141.0000	2815	1031551.0000	-1830	-670410.0000
20120131	小型臺指            	MXF    	B         	0	.0000	0	.0000	0	.0000	5	1867.0000	93	34726.0000	-88	-32859.0000
20120131	小型臺指            	MXF    	C         	10495	3913766.0000	9663	3603738.0000	832	310028.0000	4926	1836108.0000	2931	1092212.0000	1995	743896.0000
20120131	股票期貨            	STF    	A         	13713	709574.0000	14041	738299.0000	-328	-28725.0000	12335	1348516.0000	13470	901019.0000	-1135	447497.0000
20120131	股票期貨            	STF    	B         	0	.0000	0	.0000	0	.0000	11132	1671823.0000	0	.0000	11132	1671823.0000
20120131	股票期貨            	STF    	C         	734	48757.0000	1268	63913.0000	-534	-15156.0000	3036	358019.0000	21704	2686546.0000	-18668	-2328527.0000
20120131	臺灣50期貨          	T5F    	A         	0	.0000	0	.0000	0	.0000	0	.0000	0	.0000	0	.0000
20120131	臺灣50期貨          	T5F    	B         	0	.0000	0	.0000	0	.0000	0	.0000	0	.0000	0	.0000
20120131	臺灣50期貨          	T5F    	C         	0	.0000	0	.0000	0	.0000	0	.0000	0	.0000	0	.0000
20120131	臺股期貨            	TXF    	A         	19570	29211057.0000	19387	28926404.0000	183	284653.0000	6226	9292509.0000	4997	7331780.0000	1229	1960729.0000
20120131	臺股期貨            	TXF    	B         	182	271985.0000	157	234824.0000	25	37160.0000	1220	1822192.0000	709	1058954.0000	511	763238.0000
20120131	臺股期貨            	TXF    	C         	22390	33395783.0000	21881	32648808.0000	509	746975.0000	28974	43162485.0000	22838	34097286.0000	6136	9065199.0000
20120131	非金電期貨          	XIF    	A         	156	161228.0000	224	231502.0000	-68	-70275.0000	132	136890.0000	92	95406.0000	40	41484.0000
20120131	非金電期貨          	XIF    	B         	0	.0000	0	.0000	0	.0000	8	8298.0000	0	.0000	8	8298.0000
20120131	非金電期貨          	XIF    	C         	277	286331.0000	198	204691.0000	79	81640.0000	74	76753.0000	76	78827.0000	-2	-2074.0000
