20081201	電子期貨            	EXF    	A         	538	362777.0000	874	592993.0000	-336	-230215.0000	923	621083.0000	521	349730.0000	402	271353.0000
20081201	電子期貨            	EXF    	B         	962	657150.0000	11	7521.0000	951	649629.0000	407	274237.0000	2202	1483708.0000	-1795	-1209471.0000
20081201	電子期貨            	EXF    	C         	534	360498.0000	813	551059.0000	-279	-190560.0000	4701	3166270.0000	2300	1549740.0000	2401	1616530.0000
20081201	金融期貨            	FXF    	A         	529	294539.0000	720	401539.0000	-191	-107000.0000	278	154353.0000	798	443511.0000	-520	-289158.0000
20081201	金融期貨            	FXF    	B         	382	211553.0000	0	.0000	382	211553.0000	490	272538.0000	333	185215.0000	157	87323.0000
20081201	金融期貨            	FXF    	C         	477	265727.0000	845	469292.0000	-368	-203565.0000	1433	796927.0000	1122	624056.0000	311	172871.0000
20081201	櫃買期貨            	GTF    	A         	366	90368.0000	368	90884.0000	-2	-516.0000	42	10437.0000	70	17401.0000	-28	-6964.0000
20081201	櫃買期貨            	GTF    	B         	0	.0000	0	.0000	0	.0000	2	496.0000	12	2992.0000	-10	-2496.0000
20081201	櫃買期貨            	GTF    	C         	0	.0000	0	.0000	0	.0000	0	.0000	0	.0000	0	.0000
20081201	摩臺期              	MSF    	A         	2	1143.0000	2	1143.0000	0	.0000	2	1124.0000	12	6769.0000	-10	-5645.0000
20081201	摩臺期              	MSF    	B         	0	.0000	0	.0000	0	.0000	0	.0000	0	.0000	0	.0000
20081201	摩臺期              	MSF    	C         	0	.0000	0	.0000	0	.0000	0	.0000	0	.0000	0	.0000
20081201	小型臺指            	MXF    	A         	6696	1507800.0000	5909	1329347.0000	787	178453.0000	2458	550297.0000	1403	313564.0000	1055	236733.0000
20081201	小型臺指            	MXF    	B         	0	.0000	92	20938.0000	-92	-20938.0000	0	.0000	92	20705.0000	-92	-20705.0000
20081201	小型臺指            	MXF    	C         	820	185205.0000	583	130225.0000	237	54979.0000	10	2218.0000	77	17329.0000	-67	-15111.0000
20081201	臺灣50期貨          	T5F    	A         	0	.0000	0	.0000	0	.0000	0	.0000	0	.0000	0	.0000
20081201	臺灣50期貨          	T5F    	B         	0	.0000	0	.0000	0	.0000	0	.0000	0	.0000	0	.0000
20081201	臺灣50期貨          	T5F    	C         	0	.0000	0	.0000	0	.0000	0	.0000	0	.0000	0	.0000
20081201	臺股期貨            	TXF    	A         	15827	14244127.0000	17741	15982198.0000	-1914	-1738070.0000	2915	2608768.0000	8903	7954150.0000	-5988	-5345382.0000
20081201	臺股期貨            	TXF    	B         	13948	12595585.0000	387	349167.0000	13561	12246418.0000	1489	1339686.0000	12652	11373338.0000	-11163	-10033652.0000
20081201	臺股期貨            	TXF    	C         	6637	5985769.0000	13372	12078754.0000	-6735	-6092985.0000	49705	44622758.0000	15236	13658708.0000	34469	30964050.0000
20081201	非金電期貨          	XIF    	A         	312	184661.0000	429	253680.0000	-117	-69020.0000	104	61828.0000	176	104477.0000	-72	-42649.0000
20081201	非金電期貨          	XIF    	B         	0	.0000	7	4165.0000	-7	-4165.0000	32	19043.0000	0	.0000	32	19043.0000
20081201	非金電期貨          	XIF    	C         	177	104769.0000	99	58703.0000	78	46065.0000	147	87295.0000	38	22614.0000	109	64681.0000
20081202	電子期貨            	EXF    	A         	862	544583.0000	530	334331.0000	332	210252.0000	1105	691831.0000	371	231376.0000	734	460455.0000
20081202	電子期貨            	EXF    	B         	15	9412.0000	526	333184.0000	-511	-323772.0000	387	242572.0000	2693	1687917.0000	-2306	-1445345.0000
20081202	電子期貨            	EXF    	C         	384	243231.0000	332	210381.0000	52	32850.0000	4737	2967965.0000	2284	1431611.0000	2453	1536354.0000
20081202	金融期貨            	FXF    	A         	603	317928.0000	660	348663.0000	-57	-30734.0000	306	160874.0000	883	464651.0000	-577	-303777.0000
20081202	金融期貨            	FXF    	B         	61	32428.0000	50	26380.0000	11	6048.0000	503	264880.0000	333	175358.0000	170	89522.0000
20081202	金融期貨            	FXF    	C         	320	168959.0000	287	151318.0000	33	17641.0000	1439	757637.0000	1095	576627.0000	344	181010.0000
20081202	櫃買期貨            	GTF    	A         	216	51049.0000	163	38506.0000	53	12543.0000	73	16905.0000	48	11098.0000	25	5807.0000
20081202	櫃買期貨            	GTF    	B         	0	.0000	0	.0000	0	.0000	2	462.0000	12	2784.0000	-10	-2322.0000
20081202	櫃買期貨            	GTF    	C         	0	.0000	0	.0000	0	.0000	0	.0000	0	.0000	0	.0000
20081202	摩臺期              	MSF    	A         	3	1593.0000	3	1596.0000	0	-2.0000	4	2122.0000	14	7438.0000	-10	-5316.0000
20081202	摩臺期              	MSF    	B         	0	.0000	0	.0000	0	.0000	0	.0000	0	.0000	0	.0000
20081202	摩臺期              	MSF    	C         	0	.0000	0	.0000	0	.0000	0	.0000	0	.0000	0	.0000
20081202	小型臺指            	MXF    	A         	6257	1333084.0000	7868	1679285.0000	-1611	-346201.0000	1796	377246.0000	1364	285961.0000	432	91285.0000
20081202	小型臺指            	MXF    	B         	0	.0000	0	.0000	0	.0000	0	.0000	92	19458.0000	-92	-19458.0000
20081202	小型臺指            	MXF    	C         	28	5937.0000	1014	217694.0000	-986	-211758.0000	10	2078.0000	1063	224825.0000	-1053	-222747.0000
20081202	臺灣50期貨          	T5F    	A         	0	.0000	0	.0000	0	.0000	0	.0000	0	.0000	0	.0000
20081202	臺灣50期貨          	T5F    	B         	0	.0000	0	.0000	0	.0000	0	.0000	0	.0000	0	.0000
20081202	臺灣50期貨          	T5F    	C         	0	.0000	0	.0000	0	.0000	0	.0000	0	.0000	0	.0000
20081202	臺股期貨            	TXF    	A         	17002	14519329.0000	14343	12242927.0000	2659	2276402.0000	3786	3187573.0000	7362	6168233.0000	-3576	-2980660.0000
20081202	臺股期貨            	TXF    	B         	364	311789.0000	10512	8995352.0000	-10148	-8683562.0000	1395	1179458.0000	22696	19185336.0000	-21301	-18005878.0000
20081202	臺股期貨            	TXF    	C         	10950	9357211.0000	9021	7716214.0000	1929	1640997.0000	51258	43248834.0000	14860	12519138.0000	36398	30729696.0000
20081202	非金電期貨          	XIF    	A         	510	292768.0000	517	296207.0000	-7	-3440.0000	130	74996.0000	209	120312.0000	-79	-45316.0000
20081202	非金電期貨          	XIF    	B         	0	.0000	0	.0000	0	.0000	32	18477.0000	0	.0000	32	18477.0000
20081202	非金電期貨          	XIF    	C         	105	60380.0000	147	84932.0000	-42	-24552.0000	121	69606.0000	54	31180.0000	67	38426.0000
20081203	電子期貨            	EXF    	A         	1063	654979.0000	654	403533.0000	409	251446.0000	1432	863608.0000	289	173192.0000	1143	690416.0000
20081203	電子期貨            	EXF    	B         	87	53455.0000	682	418976.0000	-595	-365521.0000	377	227557.0000	3276	1977348.0000	-2899	-1749791.0000
20081203	電子期貨            	EXF    	C         	1182	730951.0000	730	452997.0000	452	277954.0000	5237	3160012.0000	2332	1407595.0000	2905	1752417.0000
20081203	金融期貨            	FXF    	A         	934	502856.0000	580	313129.0000	354	189727.0000	415	217687.0000	638	334780.0000	-223	-117093.0000
20081203	金融期貨            	FXF    	B         	108	58475.0000	0	.0000	108	58475.0000	611	320897.0000	333	174892.0000	278	146005.0000
20081203	金融期貨            	FXF    	C         	198	106979.0000	277	149584.0000	-79	-42605.0000	1388	728868.0000	1123	589800.0000	265	139068.0000
20081203	櫃買期貨            	GTF    	A         	421	97476.0000	422	97667.0000	-1	-191.0000	80	18137.0000	56	12668.0000	24	5469.0000
20081203	櫃買期貨            	GTF    	B         	0	.0000	0	.0000	0	.0000	2	454.0000	12	2726.0000	-10	-2272.0000
20081203	櫃買期貨            	GTF    	C         	0	.0000	0	.0000	0	.0000	0	.0000	0	.0000	0	.0000
20081203	摩臺期              	MSF    	A         	3	1602.0000	5	2679.0000	-2	-1077.0000	7	3675.0000	19	9981.0000	-12	-6306.0000
20081203	摩臺期              	MSF    	B         	0	.0000	0	.0000	0	.0000	0	.0000	0	.0000	0	.0000
20081203	摩臺期              	MSF    	C         	0	.0000	0	.0000	0	.0000	0	.0000	0	.0000	0	.0000
20081203	小型臺指            	MXF    	A         	7269	1545035.0000	6293	1337486.0000	976	207548.0000	1902	396177.0000	1146	237970.0000	756	158207.0000
20081203	小型臺指            	MXF    	B         	0	.0000	0	.0000	0	.0000	0	.0000	92	19269.0000	-92	-19269.0000
20081203	小型臺指            	MXF    	C         	150	32144.0000	369	78250.0000	-219	-46106.0000	10	2064.0000	1282	268515.0000	-1272	-266451.0000
20081203	臺灣50期貨          	T5F    	A         	0	.0000	0	.0000	0	.0000	0	.0000	0	.0000	0	.0000
20081203	臺灣50期貨          	T5F    	B         	0	.0000	0	.0000	0	.0000	0	.0000	0	.0000	0	.0000
20081203	臺灣50期貨          	T5F    	C         	0	.0000	0	.0000	0	.0000	0	.0000	0	.0000	0	.0000
20081203	臺股期貨            	TXF    	A         	16969	14439999.0000	17273	14695345.0000	-304	-255346.0000	4275	3568752.0000	7992	6642494.0000	-3717	-3073742.0000
20081203	臺股期貨            	TXF    	B         	332	282958.0000	3314	2815154.0000	-2982	-2532196.0000	1236	1035040.0000	25519	21364873.0000	-24283	-20329833.0000
20081203	臺股期貨            	TXF    	C         	9066	7708698.0000	6265	5325686.0000	2801	2383012.0000	53314	44557252.0000	14115	11775255.0000	39199	32781997.0000
20081203	非金電期貨          	XIF    	A         	433	250897.0000	355	205642.0000	78	45254.0000	161	93202.0000	162	93672.0000	-1	-470.0000
20081203	非金電期貨          	XIF    	B         	0	.0000	0	.0000	0	.0000	32	18531.0000	0	.0000	32	18531.0000
20081203	非金電期貨          	XIF    	C         	57	33088.0000	102	59207.0000	-45	-26119.0000	129	74604.0000	107	61964.0000	22	12640.0000
20081204	電子期貨            	EXF    	A         	706	435064.0000	790	484920.0000	-84	-49856.0000	1580	960512.0000	521	315607.0000	1059	644905.0000
20081204	電子期貨            	EXF    	B         	209	130046.0000	1173	723136.0000	-964	-593090.0000	377	229367.0000	4240	2579362.0000	-3863	-2349995.0000
20081204	電子期貨            	EXF    	C         	779	476276.0000	216	131867.0000	563	344409.0000	5546	3372932.0000	2078	1264255.0000	3468	2108677.0000
20081204	金融期貨            	FXF    	A         	934	483988.0000	619	321771.0000	315	162217.0000	480	242997.0000	388	196275.0000	92	46722.0000
20081204	金融期貨            	FXF    	B         	45	23274.0000	184	93681.0000	-139	-70408.0000	511	258975.0000	372	188530.0000	139	70445.0000
20081204	金融期貨            	FXF    	C         	441	226727.0000	163	84216.0000	278	142511.0000	1572	796572.0000	1029	521497.0000	543	275075.0000
20081204	櫃買期貨            	GTF    	A         	321	73631.0000	319	73179.0000	2	452.0000	89	20111.0000	63	14208.0000	26	5903.0000
20081204	櫃買期貨            	GTF    	B         	0	.0000	0	.0000	0	.0000	2	452.0000	12	2716.0000	-10	-2264.0000
20081204	櫃買期貨            	GTF    	C         	0	.0000	0	.0000	0	.0000	0	.0000	0	.0000	0	.0000
20081204	摩臺期              	MSF    	A         	2	1038.0000	6	3140.0000	-4	-2101.0000	7	3640.0000	23	11969.0000	-16	-8329.0000
20081204	摩臺期              	MSF    	B         	0	.0000	0	.0000	0	.0000	0	.0000	0	.0000	0	.0000
20081204	摩臺期              	MSF    	C         	0	.0000	0	.0000	0	.0000	0	.0000	0	.0000	0	.0000
20081204	小型臺指            	MXF    	A         	8287	1732203.0000	7923	1660353.0000	364	71851.0000	1893	389829.0000	1297	266095.0000	596	123734.0000
20081204	小型臺指            	MXF    	B         	1	207.0000	0	.0000	1	207.0000	1	207.0000	92	19053.0000	-91	-18846.0000
20081204	小型臺指            	MXF    	C         	431	90148.0000	351	73526.0000	80	16622.0000	10	2039.0000	1202	248934.0000	-1192	-246895.0000
20081204	臺灣50期貨          	T5F    	A         	0	.0000	0	.0000	0	.0000	0	.0000	0	.0000	0	.0000
20081204	臺灣50期貨          	T5F    	B         	0	.0000	0	.0000	0	.0000	0	.0000	0	.0000	0	.0000
20081204	臺灣50期貨          	T5F    	C         	0	.0000	0	.0000	0	.0000	0	.0000	0	.0000	0	.0000
20081204	臺股期貨            	TXF    	A         	19847	16621957.0000	19355	16224372.0000	492	397585.0000	4870	4020458.0000	7964	6541101.0000	-3094	-2520643.0000
20081204	臺股期貨            	TXF    	B         	821	685435.0000	1633	1375167.0000	-812	-689732.0000	1152	954285.0000	26247	21726436.0000	-25095	-20772151.0000
20081204	臺股期貨            	TXF    	C         	10903	9120869.0000	9608	8070670.0000	1295	1050199.0000	54655	45161010.0000	14167	11684422.0000	40488	33476588.0000
20081204	非金電期貨          	XIF    	A         	554	314498.0000	579	328430.0000	-25	-13932.0000	143	80629.0000	169	95211.0000	-26	-14582.0000
20081204	非金電期貨          	XIF    	B         	0	.0000	0	.0000	0	.0000	32	18045.0000	0	.0000	32	18045.0000
20081204	非金電期貨          	XIF    	C         	173	97984.0000	55	31276.0000	118	66708.0000	178	100318.0000	38	21428.0000	140	78890.0000
20081205	電子期貨            	EXF    	A         	485	297382.0000	1045	640900.0000	-560	-343518.0000	1258	774672.0000	759	466314.0000	499	308358.0000
20081205	電子期貨            	EXF    	B         	30	18328.0000	331	202829.0000	-301	-184502.0000	377	232383.0000	4541	2798539.0000	-4164	-2566156.0000
20081205	電子期貨            	EXF    	C         	901	552812.0000	194	119173.0000	707	433639.0000	5914	3643545.0000	1739	1071920.0000	4175	2571625.0000
20081205	金融期貨            	FXF    	A         	482	246437.0000	385	197123.0000	97	49314.0000	484	250158.0000	295	152297.0000	189	97861.0000
20081205	金融期貨            	FXF    	B         	130	67397.0000	229	116504.0000	-99	-49108.0000	581	300609.0000	541	279913.0000	40	20696.0000
20081205	金融期貨            	FXF    	C         	131	66897.0000	81	41569.0000	50	25328.0000	1592	823611.0000	999	516883.0000	593	306728.0000
20081205	櫃買期貨            	GTF    	A         	723	164389.0000	722	164174.0000	1	215.0000	93	20858.0000	66	14772.0000	27	6086.0000
20081205	櫃買期貨            	GTF    	B         	0	.0000	0	.0000	0	.0000	2	448.0000	12	2696.0000	-10	-2248.0000
20081205	櫃買期貨            	GTF    	C         	0	.0000	0	.0000	0	.0000	0	.0000	0	.0000	0	.0000
20081205	摩臺期              	MSF    	A         	1	515.0000	3	1557.0000	-2	-1042.0000	6	3110.0000	24	12455.0000	-18	-9345.0000
20081205	摩臺期              	MSF    	B         	0	.0000	0	.0000	0	.0000	0	.0000	0	.0000	0	.0000
20081205	摩臺期              	MSF    	C         	0	.0000	0	.0000	0	.0000	0	.0000	0	.0000	0	.0000
20081205	小型臺指            	MXF    	A         	7957	1652972.0000	7064	1466209.0000	893	186763.0000	2203	457707.0000	1286	265305.0000	917	192402.0000
20081205	小型臺指            	MXF    	B         	0	.0000	0	.0000	0	.0000	1	209.0000	92	19223.0000	-91	-19014.0000
20081205	小型臺指            	MXF    	C         	204	42607.0000	172	35591.0000	32	7017.0000	10	2050.0000	1170	244472.0000	-1160	-242422.0000
20081205	臺灣50期貨          	T5F    	A         	0	.0000	0	.0000	0	.0000	0	.0000	0	.0000	0	.0000
20081205	臺灣50期貨          	T5F    	B         	0	.0000	0	.0000	0	.0000	0	.0000	0	.0000	0	.0000
20081205	臺灣50期貨          	T5F    	C         	0	.0000	0	.0000	0	.0000	0	.0000	0	.0000	0	.0000
20081205	臺股期貨            	TXF    	A         	17354	14424663.0000	17655	14674879.0000	-301	-250216.0000	4590	3819000.0000	7842	6485236.0000	-3252	-2666236.0000
20081205	臺股期貨            	TXF    	B         	957	796732.0000	753	623441.0000	204	173291.0000	1154	964466.0000	26045	21747414.0000	-24891	-20782948.0000
20081205	臺股期貨            	TXF    	C         	6944	5772325.0000	6192	5147098.0000	752	625227.0000	55307	46089481.0000	14067	11698294.0000	41240	34391187.0000
20081205	非金電期貨          	XIF    	A         	659	368938.0000	695	389283.0000	-36	-20346.0000	157	88287.0000	219	122830.0000	-62	-34543.0000
20081205	非金電期貨          	XIF    	B         	0	.0000	0	.0000	0	.0000	32	18003.0000	0	.0000	32	18003.0000
20081205	非金電期貨          	XIF    	C         	55	30852.0000	132	74082.0000	-77	-43230.0000	152	85194.0000	89	50071.0000	63	35123.0000
20081208	電子期貨            	EXF    	A         	595	385821.0000	639	414460.0000	-44	-28639.0000	1036	682326.0000	581	381484.0000	455	300842.0000
20081208	電子期貨            	EXF    	B         	300	196743.0000	11	7212.0000	289	189531.0000	366	241340.0000	4241	2795945.0000	-3875	-2554605.0000
20081208	電子期貨            	EXF    	C         	606	394398.0000	715	468574.0000	-109	-74177.0000	5432	3579889.0000	1366	900740.0000	4066	2679149.0000
20081208	金融期貨            	FXF    	A         	225	122969.0000	487	264982.0000	-262	-142013.0000	414	228866.0000	487	269260.0000	-73	-40394.0000
20081208	金融期貨            	FXF    	B         	15	8242.0000	0	.0000	15	8242.0000	581	321642.0000	526	291194.0000	55	30448.0000
20081208	金融期貨            	FXF    	C         	110	59741.0000	98	53958.0000	12	5783.0000	1593	881789.0000	988	546957.0000	605	334832.0000
20081208	櫃買期貨            	GTF    	A         	61	14584.0000	97	23153.0000	-36	-8569.0000	79	18944.0000	88	21077.0000	-9	-2133.0000
20081208	櫃買期貨            	GTF    	B         	0	.0000	0	.0000	0	.0000	2	480.0000	12	2884.0000	-10	-2404.0000
20081208	櫃買期貨            	GTF    	C         	0	.0000	0	.0000	0	.0000	0	.0000	0	.0000	0	.0000
20081208	摩臺期              	MSF    	A         	1	548.0000	0	.0000	1	548.0000	6	3333.0000	23	12791.0000	-17	-9458.0000
20081208	摩臺期              	MSF    	B         	0	.0000	0	.0000	0	.0000	0	.0000	0	.0000	0	.0000
20081208	摩臺期              	MSF    	C         	0	.0000	0	.0000	0	.0000	0	.0000	0	.0000	0	.0000
20081208	小型臺指            	MXF    	A         	8794	1925579.0000	6574	1442155.0000	2220	483424.0000	4103	913273.0000	1262	278373.0000	2841	634900.0000
20081208	小型臺指            	MXF    	B         	0	.0000	1	217.0000	-1	-217.0000	0	.0000	92	20567.0000	-92	-20567.0000
20081208	小型臺指            	MXF    	C         	646	139863.0000	20	4471.0000	626	135392.0000	10	2194.0000	544	121611.0000	-534	-119417.0000
20081208	臺灣50期貨          	T5F    	A         	0	.0000	0	.0000	0	.0000	0	.0000	0	.0000	0	.0000
20081208	臺灣50期貨          	T5F    	B         	0	.0000	0	.0000	0	.0000	0	.0000	0	.0000	0	.0000
20081208	臺灣50期貨          	T5F    	C         	0	.0000	0	.0000	0	.0000	0	.0000	0	.0000	0	.0000
20081208	臺股期貨            	TXF    	A         	19818	17369188.0000	18179	15947871.0000	1639	1421317.0000	5262	4683530.0000	6801	6009715.0000	-1539	-1326185.0000
20081208	臺股期貨            	TXF    	B         	2613	2307403.0000	1140	994246.0000	1473	1313157.0000	1199	1072096.0000	24617	21980403.0000	-23418	-20908307.0000
20081208	臺股期貨            	TXF    	C         	8932	7820199.0000	10477	9186829.0000	-1545	-1366630.0000	54533	48610918.0000	14838	13205737.0000	39695	35405181.0000
20081208	非金電期貨          	XIF    	A         	444	259075.0000	362	210890.0000	82	48186.0000	164	97130.0000	144	84918.0000	20	12212.0000
20081208	非金電期貨          	XIF    	B         	0	.0000	7	4076.0000	-7	-4076.0000	25	14808.0000	0	.0000	25	14808.0000
20081208	非金電期貨          	XIF    	C         	0	.0000	48	28314.0000	-48	-28314.0000	143	84344.0000	128	75814.0000	15	8530.0000
20081209	電子期貨            	EXF    	A         	999	665291.0000	937	624274.0000	62	41017.0000	1155	764819.0000	638	421494.0000	517	343325.0000
20081209	電子期貨            	EXF    	B         	389	259983.0000	112	74197.0000	277	185787.0000	380	251940.0000	3978	2636669.0000	-3598	-2384729.0000
20081209	電子期貨            	EXF    	C         	387	257314.0000	972	647567.0000	-585	-390252.0000	5085	3369797.0000	1588	1052844.0000	3497	2316953.0000
20081209	金融期貨            	FXF    	A         	784	450254.0000	859	492491.0000	-75	-42237.0000	308	175291.0000	456	259552.0000	-148	-84261.0000
20081209	金融期貨            	FXF    	B         	261	149642.0000	0	.0000	261	149642.0000	676	385320.0000	360	205200.0000	316	180120.0000
20081209	金融期貨            	FXF    	C         	207	119530.0000	464	266751.0000	-257	-147221.0000	1345	766542.0000	997	568290.0000	348	198252.0000
20081209	櫃買期貨            	GTF    	A         	235	57996.0000	227	56061.0000	8	1935.0000	80	19066.0000	81	19271.0000	-1	-205.0000
20081209	櫃買期貨            	GTF    	B         	0	.0000	0	.0000	0	.0000	2	476.0000	12	2864.0000	-10	-2388.0000
20081209	櫃買期貨            	GTF    	C         	0	.0000	0	.0000	0	.0000	0	.0000	0	.0000	0	.0000
20081209	摩臺期              	MSF    	A         	1	564.0000	3	1688.0000	-2	-1123.0000	6	3381.0000	25	14103.0000	-19	-10722.0000
20081209	摩臺期              	MSF    	B         	0	.0000	0	.0000	0	.0000	0	.0000	0	.0000	0	.0000
20081209	摩臺期              	MSF    	C         	0	.0000	0	.0000	0	.0000	0	.0000	0	.0000	0	.0000
20081209	小型臺指            	MXF    	A         	8345	1867813.0000	8582	1922076.0000	-237	-54263.0000	3540	786799.0000	1496	330539.0000	2044	456260.0000
20081209	小型臺指            	MXF    	B         	92	20556.0000	0	.0000	92	20556.0000	0	.0000	0	.0000	0	.0000
20081209	小型臺指            	MXF    	C         	76	17142.0000	901	201672.0000	-825	-184530.0000	10	2195.0000	1369	305355.0000	-1359	-303160.0000
20081209	臺灣50期貨          	T5F    	A         	0	.0000	0	.0000	0	.0000	0	.0000	0	.0000	0	.0000
20081209	臺灣50期貨          	T5F    	B         	0	.0000	0	.0000	0	.0000	0	.0000	0	.0000	0	.0000
20081209	臺灣50期貨          	T5F    	C         	0	.0000	0	.0000	0	.0000	0	.0000	0	.0000	0	.0000
20081209	臺股期貨            	TXF    	A         	19739	17686426.0000	21491	19251318.0000	-1752	-1564893.0000	4780	4247659.0000	7931	7020711.0000	-3151	-2773052.0000
20081209	臺股期貨            	TXF    	B         	5836	5229148.0000	1463	1297394.0000	4373	3931754.0000	1127	1005475.0000	20172	17963507.0000	-19045	-16958032.0000
20081209	臺股期貨            	TXF    	C         	9531	8520825.0000	15483	13873031.0000	-5952	-5352206.0000	50193	44653575.0000	16450	14624098.0000	33743	30029477.0000
20081209	非金電期貨          	XIF    	A         	537	315198.0000	487	285816.0000	50	29383.0000	215	126068.0000	145	84937.0000	70	41131.0000
20081209	非金電期貨          	XIF    	B         	0	.0000	0	.0000	0	.0000	25	14660.0000	0	.0000	25	14660.0000
20081209	非金電期貨          	XIF    	C         	0	.0000	5	2972.0000	-5	-2972.0000	138	80863.0000	128	75059.0000	10	5804.0000
20081210	電子期貨            	EXF    	A         	858	593881.0000	1159	807184.0000	-301	-213302.0000	927	656534.0000	711	502809.0000	216	153725.0000
20081210	電子期貨            	EXF    	B         	855	595434.0000	89	61687.0000	766	533747.0000	348	246871.0000	3180	2254821.0000	-2832	-2007950.0000
20081210	電子期貨            	EXF    	C         	652	452619.0000	1094	756457.0000	-442	-303838.0000	4385	3109034.0000	1330	943502.0000	3055	2165532.0000
20081210	金融期貨            	FXF    	A         	617	359916.0000	643	379030.0000	-26	-19114.0000	256	154661.0000	430	259876.0000	-174	-105215.0000
20081210	金融期貨            	FXF    	B         	0	.0000	0	.0000	0	.0000	676	409115.0000	360	217872.0000	316	191243.0000
20081210	金融期貨            	FXF    	C         	434	255129.0000	605	355757.0000	-171	-100628.0000	1005	608054.0000	828	501106.0000	177	106948.0000
20081210	櫃買期貨            	GTF    	A         	176	43869.0000	180	44900.0000	-4	-1031.0000	64	16234.0000	69	17469.0000	-5	-1235.0000
20081210	櫃買期貨            	GTF    	B         	0	.0000	0	.0000	0	.0000	2	507.0000	12	3049.0000	-10	-2542.0000
20081210	櫃買期貨            	GTF    	C         	0	.0000	0	.0000	0	.0000	0	.0000	0	.0000	0	.0000
20081210	摩臺期              	MSF    	A         	3	1758.0000	1	583.0000	2	1175.0000	7	4155.0000	24	14275.0000	-17	-10120.0000
20081210	摩臺期              	MSF    	B         	0	.0000	0	.0000	0	.0000	0	.0000	0	.0000	0	.0000
20081210	摩臺期              	MSF    	C         	0	.0000	0	.0000	0	.0000	0	.0000	0	.0000	0	.0000
20081210	小型臺指            	MXF    	A         	9556	2192266.0000	9057	2086483.0000	499	105782.0000	3103	724046.0000	1724	400658.0000	1379	323388.0000
20081210	小型臺指            	MXF    	B         	0	.0000	0	.0000	0	.0000	0	.0000	0	.0000	0	.0000
20081210	小型臺指            	MXF    	C         	592	135032.0000	51	11969.0000	541	123063.0000	10	2308.0000	828	194125.0000	-818	-191817.0000
20081210	臺灣50期貨          	T5F    	A         	0	.0000	0	.0000	0	.0000	0	.0000	0	.0000	0	.0000
20081210	臺灣50期貨          	T5F    	B         	0	.0000	0	.0000	0	.0000	0	.0000	0	.0000	0	.0000
20081210	臺灣50期貨          	T5F    	C         	0	.0000	0	.0000	0	.0000	0	.0000	0	.0000	0	.0000
20081210	臺股期貨            	TXF    	A         	21775	20022303.0000	23489	21633374.0000	-1714	-1611071.0000	4268	3984495.0000	8842	8232796.0000	-4574	-4248301.0000
20081210	臺股期貨            	TXF    	B         	5569	5123901.0000	2139	1944040.0000	3430	3179860.0000	1064	997784.0000	16676	15590854.0000	-15612	-14593070.0000
20081210	臺股期貨            	TXF    	C         	12318	11300034.0000	14759	13590582.0000	-2441	-2290548.0000	49305	46086245.0000	18001	16826828.0000	31304	29259417.0000
20081210	非金電期貨          	XIF    	A         	807	476846.0000	779	459745.0000	28	17101.0000	231	138287.0000	133	79664.0000	98	58623.0000
20081210	非金電期貨          	XIF    	B         	0	.0000	6	3524.0000	-6	-3524.0000	19	11373.0000	0	.0000	19	11373.0000
20081210	非金電期貨          	XIF    	C         	0	.0000	0	.0000	0	.0000	138	82707.0000	128	76621.0000	10	6086.0000
20081211	電子期貨            	EXF    	A         	889	631272.0000	857	608723.0000	32	22549.0000	936	665161.0000	688	488560.0000	248	176601.0000
20081211	電子期貨            	EXF    	B         	1157	822218.0000	232	164993.0000	925	657225.0000	348	247776.0000	2255	1605255.0000	-1907	-1357479.0000
20081211	電子期貨            	EXF    	C         	228	162138.0000	1568	1114159.0000	-1340	-952021.0000	3214	2287498.0000	1499	1066958.0000	1715	1220540.0000
20081211	金融期貨            	FXF    	A         	453	268175.0000	760	449649.0000	-307	-181474.0000	259	153510.0000	740	439168.0000	-481	-285658.0000
20081211	金融期貨            	FXF    	B         	393	233536.0000	0	.0000	393	233536.0000	731	434058.0000	27	16033.0000	704	418025.0000
20081211	金融期貨            	FXF    	C         	241	142202.0000	143	84849.0000	98	57353.0000	1070	635286.0000	795	472071.0000	275	163215.0000
20081211	櫃買期貨            	GTF    	A         	223	56742.0000	228	58015.0000	-5	-1273.0000	63	16033.0000	73	18550.0000	-10	-2517.0000
20081211	櫃買期貨            	GTF    	B         	0	.0000	0	.0000	0	.0000	2	509.0000	12	3059.0000	-10	-2550.0000
20081211	櫃買期貨            	GTF    	C         	0	.0000	0	.0000	0	.0000	0	.0000	0	.0000	0	.0000
20081211	摩臺期              	MSF    	A         	3	1769.0000	2	1179.0000	1	590.0000	9	5300.0000	25	14743.0000	-16	-9443.0000
20081211	摩臺期              	MSF    	B         	0	.0000	0	.0000	0	.0000	0	.0000	0	.0000	0	.0000
20081211	摩臺期              	MSF    	C         	0	.0000	0	.0000	0	.0000	0	.0000	0	.0000	0	.0000
20081211	小型臺指            	MXF    	A         	6861	1598167.0000	6903	1608358.0000	-42	-10191.0000	2908	676203.0000	1723	399427.0000	1185	276776.0000
20081211	小型臺指            	MXF    	B         	0	.0000	0	.0000	0	.0000	0	.0000	0	.0000	0	.0000
20081211	小型臺指            	MXF    	C         	0	.0000	975	227105.0000	-975	-227105.0000	10	2303.0000	1803	420910.0000	-1793	-418607.0000
20081211	臺灣50期貨          	T5F    	A         	0	.0000	0	.0000	0	.0000	0	.0000	0	.0000	0	.0000
20081211	臺灣50期貨          	T5F    	B         	0	.0000	0	.0000	0	.0000	0	.0000	0	.0000	0	.0000
20081211	臺灣50期貨          	T5F    	C         	0	.0000	0	.0000	0	.0000	0	.0000	0	.0000	0	.0000
20081211	臺股期貨            	TXF    	A         	18750	17483162.0000	18002	16783634.0000	748	699528.0000	5002	4655072.0000	8790	8154415.0000	-3788	-3499343.0000
20081211	臺股期貨            	TXF    	B         	2969	2767666.0000	1383	1286459.0000	1586	1481207.0000	869	811447.0000	14895	13868876.0000	-14026	-13057429.0000
20081211	臺股期貨            	TXF    	C         	8968	8361593.0000	13869	12932636.0000	-4901	-4571042.0000	44009	40960413.0000	17606	16389978.0000	26403	24570435.0000
20081211	非金電期貨          	XIF    	A         	553	327386.0000	611	361649.0000	-58	-34264.0000	206	122263.0000	166	98368.0000	40	23895.0000
20081211	非金電期貨          	XIF    	B         	0	.0000	0	.0000	0	.0000	19	11290.0000	0	.0000	19	11290.0000
20081211	非金電期貨          	XIF    	C         	0	.0000	0	.0000	0	.0000	138	81819.0000	128	76058.0000	10	5761.0000
20081212	電子期貨            	EXF    	A         	1667	1133593.0000	1145	783953.0000	522	349640.0000	1049	695791.0000	279	184171.0000	770	511620.0000
20081212	電子期貨            	EXF    	B         	408	280321.0000	362	242072.0000	46	38249.0000	244	161967.0000	2107	1398000.0000	-1863	-1236033.0000
20081212	電子期貨            	EXF    	C         	609	417787.0000	759	515274.0000	-150	-97487.0000	3145	2086744.0000	1580	1048448.0000	1565	1038296.0000
20081212	金融期貨            	FXF    	A         	958	542560.0000	941	539093.0000	17	3467.0000	192	106057.0000	656	363027.0000	-464	-256970.0000
20081212	金融期貨            	FXF    	B         	49	29001.0000	23	13470.0000	26	15530.0000	757	419213.0000	27	14953.0000	730	404260.0000
20081212	金融期貨            	FXF    	C         	254	147548.0000	397	230427.0000	-143	-82879.0000	952	527106.0000	820	454116.0000	132	72990.0000
20081212	櫃買期貨            	GTF    	A         	77	18842.0000	59	14388.0000	18	4454.0000	86	20541.0000	78	18587.0000	8	1954.0000
20081212	櫃買期貨            	GTF    	B         	0	.0000	0	.0000	0	.0000	2	475.0000	12	2869.0000	-10	-2394.0000
20081212	櫃買期貨            	GTF    	C         	0	.0000	0	.0000	0	.0000	0	.0000	0	.0000	0	.0000
20081212	摩臺期              	MSF    	A         	12	6740.0000	10	5570.0000	2	1170.0000	13	7202.0000	27	14971.0000	-14	-7769.0000
20081212	摩臺期              	MSF    	B         	0	.0000	0	.0000	0	.0000	0	.0000	0	.0000	0	.0000
20081212	摩臺期              	MSF    	C         	0	.0000	0	.0000	0	.0000	0	.0000	0	.0000	0	.0000
20081212	小型臺指            	MXF    	A         	12459	2787831.0000	12099	2717338.0000	360	70493.0000	3269	720493.0000	2216	486048.0000	1053	234445.0000
20081212	小型臺指            	MXF    	B         	1	217.0000	0	.0000	1	217.0000	1	221.0000	0	.0000	1	221.0000
20081212	小型臺指            	MXF    	C         	429	98617.0000	176	39069.0000	253	59548.0000	10	2188.0000	1550	342783.0000	-1540	-340595.0000
20081212	臺灣50期貨          	T5F    	A         	0	.0000	0	.0000	0	.0000	0	.0000	0	.0000	0	.0000
20081212	臺灣50期貨          	T5F    	B         	0	.0000	0	.0000	0	.0000	0	.0000	0	.0000	0	.0000
20081212	臺灣50期貨          	T5F    	C         	0	.0000	0	.0000	0	.0000	0	.0000	0	.0000	0	.0000
20081212	臺股期貨            	TXF    	A         	29589	26520117.0000	31067	27859023.0000	-1478	-1338906.0000	4534	3997003.0000	9677	8504419.0000	-5143	-4507416.0000
20081212	臺股期貨            	TXF    	B         	6339	5621974.0000	2935	2610627.0000	3404	3011347.0000	742	656339.0000	11376	10021860.0000	-10634	-9365521.0000
20081212	臺股期貨            	TXF    	C         	13902	12474737.0000	14478	13031193.0000	-576	-556456.0000	43606	38428505.0000	17779	15673430.0000	25827	22755075.0000
20081212	非金電期貨          	XIF    	A         	603	346500.0000	743	429701.0000	-140	-83200.0000	74	42804.0000	174	100606.0000	-100	-57802.0000
20081212	非金電期貨          	XIF    	B         	0	.0000	0	.0000	0	.0000	19	11003.0000	0	.0000	19	11003.0000
20081212	非金電期貨          	XIF    	C         	120	70619.0000	0	.0000	120	70619.0000	168	97148.0000	38	22006.0000	130	75142.0000
20081215	電子期貨            	EXF    	A         	829	583547.0000	1003	706911.0000	-174	-123364.0000	947	665485.0000	351	246354.0000	596	419131.0000
20081215	電子期貨            	EXF    	B         	477	337044.0000	321	225585.0000	156	111460.0000	348	244674.0000	2054	1444126.0000	-1706	-1199452.0000
20081215	電子期貨            	EXF    	C         	1262	886777.0000	1358	954342.0000	-96	-67566.0000	3057	2149170.0000	1588	1116486.0000	1469	1032684.0000
20081215	金融期貨            	FXF    	A         	880	509578.0000	1048	604906.0000	-168	-95328.0000	258	148187.0000	890	511713.0000	-632	-363526.0000
20081215	金融期貨            	FXF    	B         	541	310754.0000	227	130878.0000	314	179875.0000	1103	634227.0000	59	33924.0000	1044	600303.0000
20081215	金融期貨            	FXF    	C         	644	369356.0000	565	325429.0000	79	43928.0000	1049	603370.0000	838	481942.0000	211	121428.0000
20081215	櫃買期貨            	GTF    	A         	844	211510.0000	858	215065.0000	-14	-3556.0000	75	18966.0000	81	20444.0000	-6	-1478.0000
20081215	櫃買期貨            	GTF    	B         	0	.0000	0	.0000	0	.0000	2	505.0000	12	3039.0000	-10	-2534.0000
20081215	櫃買期貨            	GTF    	C         	0	.0000	0	.0000	0	.0000	0	.0000	0	.0000	0	.0000
20081215	摩臺期              	MSF    	A         	5	2915.0000	4	2324.0000	1	591.0000	12	6935.0000	25	14447.0000	-13	-7512.0000
20081215	摩臺期              	MSF    	B         	0	.0000	0	.0000	0	.0000	0	.0000	0	.0000	0	.0000
20081215	摩臺期              	MSF    	C         	0	.0000	0	.0000	0	.0000	0	.0000	0	.0000	0	.0000
20081215	小型臺指            	MXF    	A         	14677	3390283.0000	13620	3146980.0000	1057	243303.0000	3067	705000.0000	2085	477691.0000	982	227309.0000
20081215	小型臺指            	MXF    	B         	0	.0000	0	.0000	0	.0000	1	230.0000	0	.0000	1	230.0000
20081215	小型臺指            	MXF    	C         	279	64623.0000	420	96411.0000	-141	-31788.0000	10	2282.0000	1691	389522.0000	-1681	-387240.0000
20081215	臺灣50期貨          	T5F    	A         	0	.0000	0	.0000	0	.0000	0	.0000	0	.0000	0	.0000
20081215	臺灣50期貨          	T5F    	B         	0	.0000	0	.0000	0	.0000	0	.0000	0	.0000	0	.0000
20081215	臺灣50期貨          	T5F    	C         	0	.0000	0	.0000	0	.0000	0	.0000	0	.0000	0	.0000
20081215	臺股期貨            	TXF    	A         	24816	22970716.0000	25886	23961871.0000	-1070	-991155.0000	4591	4216823.0000	10522	9646196.0000	-5931	-5429373.0000
20081215	臺股期貨            	TXF    	B         	4345	4027591.0000	2627	2420850.0000	1718	1606741.0000	829	762324.0000	9747	8944973.0000	-8918	-8182649.0000
20081215	臺股期貨            	TXF    	C         	23408	21624940.0000	27081	25065105.0000	-3673	-3440166.0000	41587	38170158.0000	19433	17837170.0000	22154	20332988.0000
20081215	非金電期貨          	XIF    	A         	995	587511.0000	948	559598.0000	47	27913.0000	145	85120.0000	198	116323.0000	-53	-31203.0000
20081215	非金電期貨          	XIF    	B         	19	11144.0000	19	11209.0000	0	-64.0000	19	11077.0000	0	.0000	19	11077.0000
20081215	非金電期貨          	XIF    	C         	166	98150.0000	173	102010.0000	-7	-3860.0000	186	109447.0000	63	36911.0000	123	72536.0000
20081216	電子期貨            	EXF    	A         	619	430000.0000	732	508753.0000	-113	-78753.0000	967	678042.0000	484	339172.0000	483	338870.0000
20081216	電子期貨            	EXF    	B         	481	334605.0000	294	203200.0000	187	131405.0000	403	282714.0000	1922	1348370.0000	-1519	-1065656.0000
20081216	電子期貨            	EXF    	C         	1918	1332835.0000	2139	1485457.0000	-221	-152622.0000	3097	2172572.0000	1849	1297101.0000	1248	875471.0000
20081216	金融期貨            	FXF    	A         	965	559187.0000	1252	726207.0000	-287	-167020.0000	265	155775.0000	1184	697895.0000	-919	-542120.0000
20081216	金融期貨            	FXF    	B         	359	207664.0000	257	148863.0000	102	58801.0000	1205	710181.0000	59	34798.0000	1146	675383.0000
20081216	金融期貨            	FXF    	C         	556	321949.0000	991	573136.0000	-435	-251187.0000	894	526230.0000	1118	658140.0000	-224	-131910.0000
20081216	櫃買期貨            	GTF    	A         	308	76596.0000	312	77606.0000	-4	-1009.0000	73	18367.0000	83	20861.0000	-10	-2494.0000
20081216	櫃買期貨            	GTF    	B         	0	.0000	0	.0000	0	.0000	2	504.0000	12	3024.0000	-10	-2520.0000
20081216	櫃買期貨            	GTF    	C         	0	.0000	0	.0000	0	.0000	0	.0000	0	.0000	0	.0000
20081216	摩臺期              	MSF    	A         	3	1710.0000	2	1139.0000	1	571.0000	14	8283.0000	26	15387.0000	-12	-7104.0000
20081216	摩臺期              	MSF    	B         	0	.0000	0	.0000	0	.0000	0	.0000	0	.0000	0	.0000
20081216	摩臺期              	MSF    	C         	0	.0000	0	.0000	0	.0000	0	.0000	0	.0000	0	.0000
20081216	小型臺指            	MXF    	A         	9815	2235641.0000	9550	2176196.0000	265	59444.0000	2791	638828.0000	2372	541088.0000	419	97740.0000
20081216	小型臺指            	MXF    	B         	0	.0000	1	228.0000	-1	-228.0000	0	.0000	0	.0000	0	.0000
20081216	小型臺指            	MXF    	C         	303	69213.0000	38	8689.0000	265	60525.0000	10	2265.0000	1426	327194.0000	-1416	-324929.0000
20081216	臺灣50期貨          	T5F    	A         	0	.0000	0	.0000	0	.0000	0	.0000	0	.0000	0	.0000
20081216	臺灣50期貨          	T5F    	B         	0	.0000	0	.0000	0	.0000	0	.0000	0	.0000	0	.0000
20081216	臺灣50期貨          	T5F    	C         	0	.0000	0	.0000	0	.0000	0	.0000	0	.0000	0	.0000
20081216	臺股期貨            	TXF    	A         	16947	15458373.0000	16474	15032604.0000	473	425769.0000	5333	4877446.0000	10584	9666131.0000	-5251	-4788685.0000
20081216	臺股期貨            	TXF    	B         	2348	2141898.0000	2018	1830664.0000	330	311234.0000	792	724196.0000	9367	8553340.0000	-8575	-7829144.0000
20081216	臺股期貨            	TXF    	C         	27097	24657894.0000	29584	26943781.0000	-2487	-2285888.0000	41611	37998526.0000	21957	20049318.0000	19654	17949208.0000
20081216	非金電期貨          	XIF    	A         	610	352133.0000	613	353924.0000	-3	-1791.0000	260	149550.0000	316	182050.0000	-56	-32500.0000
20081216	非金電期貨          	XIF    	B         	0	.0000	0	.0000	0	.0000	19	10838.0000	0	.0000	19	10838.0000
20081216	非金電期貨          	XIF    	C         	42	24426.0000	61	35175.0000	-19	-10749.0000	207	119776.0000	103	59018.0000	104	60758.0000
20081217	電子期貨            	EXF    	A         	1188	846862.0000	969	692519.0000	219	154343.0000	352	248053.0000	100	70312.0000	252	177741.0000
20081217	電子期貨            	EXF    	B         	709	505856.0000	998	708142.0000	-289	-202286.0000	438	308965.0000	1274	898680.0000	-836	-589715.0000
20081217	電子期貨            	EXF    	C         	690	491979.0000	882	632183.0000	-192	-140204.0000	1672	1179429.0000	1090	768886.0000	582	410543.0000
20081217	金融期貨            	FXF    	A         	858	512606.0000	650	387935.0000	208	124671.0000	85	50169.0000	914	541128.0000	-829	-490959.0000
20081217	金融期貨            	FXF    	B         	258	154118.0000	227	135180.0000	31	18937.0000	1116	660895.0000	59	34940.0000	1057	625955.0000
20081217	金融期貨            	FXF    	C         	450	268906.0000	803	482107.0000	-353	-213201.0000	542	320972.0000	835	494487.0000	-293	-173515.0000
20081217	櫃買期貨            	GTF    	A         	218	55428.0000	212	53893.0000	6	1535.0000	21	5274.0000	49	12303.0000	-28	-7029.0000
20081217	櫃買期貨            	GTF    	B         	0	.0000	0	.0000	0	.0000	2	504.0000	2	504.0000	0	.0000
20081217	櫃買期貨            	GTF    	C         	0	.0000	0	.0000	0	.0000	0	.0000	0	.0000	0	.0000
20081217	摩臺期              	MSF    	A         	10	5788.0000	8	4622.0000	2	1166.0000	3	1753.0000	3	1753.0000	0	.0000
20081217	摩臺期              	MSF    	B         	0	.0000	0	.0000	0	.0000	0	.0000	0	.0000	0	.0000
20081217	摩臺期              	MSF    	C         	0	.0000	0	.0000	0	.0000	0	.0000	0	.0000	0	.0000
20081217	小型臺指            	MXF    	A         	13323	3102137.0000	10422	2429658.0000	2901	672479.0000	2062	475727.0000	1522	351395.0000	540	124332.0000
20081217	小型臺指            	MXF    	B         	0	.0000	0	.0000	0	.0000	0	.0000	0	.0000	0	.0000
20081217	小型臺指            	MXF    	C         	160	37276.0000	1309	303780.0000	-1149	-266504.0000	10	2299.0000	1151	266169.0000	-1141	-263870.0000
20081217	臺灣50期貨          	T5F    	A         	0	.0000	0	.0000	0	.0000	0	.0000	0	.0000	0	.0000
20081217	臺灣50期貨          	T5F    	B         	0	.0000	0	.0000	0	.0000	0	.0000	0	.0000	0	.0000
20081217	臺灣50期貨          	T5F    	C         	0	.0000	0	.0000	0	.0000	0	.0000	0	.0000	0	.0000
20081217	臺股期貨            	TXF    	A         	25097	23392162.0000	23459	21881015.0000	1638	1511147.0000	4318	3985176.0000	4411	4047194.0000	-93	-62018.0000
20081217	臺股期貨            	TXF    	B         	2066	1932064.0000	2596	2407039.0000	-530	-474976.0000	986	912050.0000	8771	8098918.0000	-7785	-7186868.0000
20081217	臺股期貨            	TXF    	C         	21888	20425384.0000	23258	21722354.0000	-1370	-1296970.0000	29830	27507167.0000	17332	15988001.0000	12498	11519166.0000
20081217	非金電期貨          	XIF    	A         	743	435830.0000	809	473964.0000	-66	-38134.0000	64	37413.0000	117	68439.0000	-53	-31026.0000
20081217	非金電期貨          	XIF    	B         	0	.0000	0	.0000	0	.0000	19	11123.0000	0	.0000	19	11123.0000
20081217	非金電期貨          	XIF    	C         	153	89902.0000	53	31224.0000	100	58679.0000	9	5269.0000	33	19318.0000	-24	-14049.0000
20081218	電子期貨            	EXF    	A         	595	419831.0000	491	345879.0000	104	73952.0000	435	309820.0000	79	56078.0000	356	253742.0000
20081218	電子期貨            	EXF    	B         	10	7019.0000	251	176370.0000	-241	-169351.0000	448	319334.0000	1524	1086307.0000	-1076	-766973.0000
20081218	電子期貨            	EXF    	C         	560	393356.0000	144	101241.0000	416	292115.0000	1817	1295158.0000	819	583783.0000	998	711375.0000
20081218	金融期貨            	FXF    	A         	513	301991.0000	359	211634.0000	154	90357.0000	122	72303.0000	797	473423.0000	-675	-401120.0000
20081218	金融期貨            	FXF    	B         	0	.0000	185	108265.0000	-185	-108265.0000	931	553200.0000	59	35058.0000	872	518142.0000
20081218	金融期貨            	FXF    	C         	128	75439.0000	392	231948.0000	-264	-156508.0000	519	308390.0000	1076	639359.0000	-557	-330969.0000
20081218	櫃買期貨            	GTF    	A         	233	58108.0000	237	59119.0000	-4	-1011.0000	20	5090.0000	52	13231.0000	-32	-8141.0000
20081218	櫃買期貨            	GTF    	B         	0	.0000	0	.0000	0	.0000	2	511.0000	2	511.0000	0	.0000
20081218	櫃買期貨            	GTF    	C         	0	.0000	0	.0000	0	.0000	0	.0000	0	.0000	0	.0000
20081218	摩臺期              	MSF    	A         	1	574.0000	1	574.0000	0	.0000	4	2295.0000	4	2295.0000	0	.0000
20081218	摩臺期              	MSF    	B         	0	.0000	0	.0000	0	.0000	0	.0000	0	.0000	0	.0000
20081218	摩臺期              	MSF    	C         	0	.0000	0	.0000	0	.0000	0	.0000	0	.0000	0	.0000
20081218	小型臺指            	MXF    	A         	6529	1515043.0000	6020	1396549.0000	509	118494.0000	2247	526032.0000	1198	280447.0000	1049	245585.0000
20081218	小型臺指            	MXF    	B         	0	.0000	0	.0000	0	.0000	0	.0000	0	.0000	0	.0000
20081218	小型臺指            	MXF    	C         	187	43521.0000	200	46163.0000	-13	-2642.0000	10	2329.0000	1164	273365.0000	-1154	-271036.0000
20081218	臺灣50期貨          	T5F    	A         	0	.0000	0	.0000	0	.0000	0	.0000	0	.0000	0	.0000
20081218	臺灣50期貨          	T5F    	B         	0	.0000	0	.0000	0	.0000	0	.0000	0	.0000	0	.0000
20081218	臺灣50期貨          	T5F    	C         	0	.0000	0	.0000	0	.0000	0	.0000	0	.0000	0	.0000
20081218	臺股期貨            	TXF    	A         	15151	14060544.0000	15799	14658909.0000	-648	-598365.0000	3949	3697061.0000	4690	4361667.0000	-741	-664606.0000
20081218	臺股期貨            	TXF    	B         	1430	1326921.0000	1276	1185595.0000	154	141327.0000	1059	994825.0000	8690	8148448.0000	-7631	-7153623.0000
20081218	臺股期貨            	TXF    	C         	6980	6474783.0000	7451	6925914.0000	-471	-451131.0000	30351	28412251.0000	18324	17165401.0000	12027	11246850.0000
20081218	非金電期貨          	XIF    	A         	544	323121.0000	533	316439.0000	11	6682.0000	92	55276.0000	134	80560.0000	-42	-25284.0000
20081218	非金電期貨          	XIF    	B         	0	.0000	0	.0000	0	.0000	19	11432.0000	0	.0000	19	11432.0000
20081218	非金電期貨          	XIF    	C         	66	39255.0000	73	43412.0000	-7	-4157.0000	9	5415.0000	40	24068.0000	-31	-18653.0000
20081219	電子期貨            	EXF    	A         	405	287880.0000	333	236655.0000	72	51225.0000	488	347773.0000	60	42511.0000	428	305262.0000
20081219	電子期貨            	EXF    	B         	30	21452.0000	85	60218.0000	-55	-38766.0000	448	319514.0000	1579	1126143.0000	-1131	-806629.0000
20081219	電子期貨            	EXF    	C         	237	168928.0000	517	366614.0000	-280	-197686.0000	1887	1345808.0000	1169	833731.0000	718	512077.0000
20081219	金融期貨            	FXF    	A         	462	270455.0000	429	252129.0000	33	18327.0000	141	83122.0000	783	462454.0000	-642	-379332.0000
20081219	金融期貨            	FXF    	B         	0	.0000	0	.0000	0	.0000	931	550035.0000	59	34857.0000	872	515178.0000
20081219	金融期貨            	FXF    	C         	535	313225.0000	344	203108.0000	191	110117.0000	585	345618.0000	951	561851.0000	-366	-216233.0000
20081219	櫃買期貨            	GTF    	A         	126	32128.0000	127	32399.0000	-1	-272.0000	17	4351.0000	50	12804.0000	-33	-8453.0000
20081219	櫃買期貨            	GTF    	B         	0	.0000	0	.0000	0	.0000	2	514.0000	2	514.0000	0	.0000
20081219	櫃買期貨            	GTF    	C         	0	.0000	0	.0000	0	.0000	0	.0000	0	.0000	0	.0000
20081219	摩臺期              	MSF    	A         	1	564.0000	1	564.0000	0	.0000	5	2867.0000	5	2867.0000	0	.0000
20081219	摩臺期              	MSF    	B         	0	.0000	0	.0000	0	.0000	0	.0000	0	.0000	0	.0000
20081219	摩臺期              	MSF    	C         	0	.0000	0	.0000	0	.0000	0	.0000	0	.0000	0	.0000
20081219	小型臺指            	MXF    	A         	9199	2141144.0000	8394	1954231.0000	805	186913.0000	2188	510880.0000	1150	268219.0000	1038	242661.0000
20081219	小型臺指            	MXF    	B         	0	.0000	0	.0000	0	.0000	0	.0000	0	.0000	0	.0000
20081219	小型臺指            	MXF    	C         	865	202358.0000	465	107229.0000	400	95129.0000	10	2322.0000	764	178776.0000	-754	-176454.0000
20081219	臺灣50期貨          	T5F    	A         	0	.0000	0	.0000	0	.0000	0	.0000	0	.0000	0	.0000
20081219	臺灣50期貨          	T5F    	B         	0	.0000	0	.0000	0	.0000	0	.0000	0	.0000	0	.0000
20081219	臺灣50期貨          	T5F    	C         	0	.0000	0	.0000	0	.0000	0	.0000	0	.0000	0	.0000
20081219	臺股期貨            	TXF    	A         	18461	17200439.0000	18791	17499756.0000	-330	-299317.0000	3890	3631627.0000	4757	4418465.0000	-867	-786838.0000
20081219	臺股期貨            	TXF    	B         	1019	950443.0000	825	771825.0000	194	178618.0000	1221	1142856.0000	8658	8088224.0000	-7437	-6945368.0000
20081219	臺股期貨            	TXF    	C         	10112	9410376.0000	9000	8387482.0000	1112	1022894.0000	30796	28735221.0000	17657	16480137.0000	13139	12255084.0000
20081219	非金電期貨          	XIF    	A         	322	190088.0000	326	192329.0000	-4	-2241.0000	114	67892.0000	160	95308.0000	-46	-27416.0000
20081219	非金電期貨          	XIF    	B         	0	.0000	0	.0000	0	.0000	19	11324.0000	0	.0000	19	11324.0000
20081219	非金電期貨          	XIF    	C         	60	35680.0000	37	21878.0000	23	13803.0000	13	7748.0000	21	12516.0000	-8	-4768.0000
20081222	電子期貨            	EXF    	A         	545	383274.0000	638	446321.0000	-93	-63047.0000	473	327317.0000	138	95283.0000	335	232034.0000
20081222	電子期貨            	EXF    	B         	77	53251.0000	478	335380.0000	-401	-282128.0000	383	265266.0000	1915	1326329.0000	-1532	-1061063.0000
20081222	電子期貨            	EXF    	C         	600	421404.0000	264	186779.0000	336	234625.0000	2130	1475114.0000	1076	745238.0000	1054	729876.0000
20081222	金融期貨            	FXF    	A         	375	219437.0000	291	168388.0000	84	51049.0000	167	94834.0000	725	412356.0000	-558	-317522.0000
20081222	金融期貨            	FXF    	B         	16	9106.0000	200	117178.0000	-184	-108072.0000	931	529739.0000	243	138267.0000	688	391472.0000
20081222	金融期貨            	FXF    	C         	147	85551.0000	184	107813.0000	-37	-22262.0000	476	270828.0000	879	500151.0000	-403	-229323.0000
20081222	櫃買期貨            	GTF    	A         	346	88014.0000	326	82917.0000	20	5098.0000	25	6254.0000	38	9465.0000	-13	-3211.0000
20081222	櫃買期貨            	GTF    	B         	0	.0000	0	.0000	0	.0000	2	502.0000	2	502.0000	0	.0000
20081222	櫃買期貨            	GTF    	C         	0	.0000	0	.0000	0	.0000	0	.0000	0	.0000	0	.0000
20081222	摩臺期              	MSF    	A         	1	577.0000	2	1155.0000	-1	-578.0000	5	2787.0000	6	3345.0000	-1	-558.0000
20081222	摩臺期              	MSF    	B         	0	.0000	0	.0000	0	.0000	0	.0000	0	.0000	0	.0000
20081222	摩臺期              	MSF    	C         	0	.0000	0	.0000	0	.0000	0	.0000	0	.0000	0	.0000
20081222	小型臺指            	MXF    	A         	9236	2137182.0000	10344	2395698.0000	-1108	-258516.0000	2131	480925.0000	2793	631070.0000	-662	-150145.0000
20081222	小型臺指            	MXF    	B         	0	.0000	92	20782.0000	-92	-20782.0000	0	.0000	92	20824.0000	-92	-20824.0000
20081222	小型臺指            	MXF    	C         	107	24152.0000	1065	248123.0000	-958	-223970.0000	10	2247.0000	1722	389775.0000	-1712	-387528.0000
20081222	臺灣50期貨          	T5F    	A         	0	.0000	0	.0000	0	.0000	0	.0000	0	.0000	0	.0000
20081222	臺灣50期貨          	T5F    	B         	0	.0000	0	.0000	0	.0000	0	.0000	0	.0000	0	.0000
20081222	臺灣50期貨          	T5F    	C         	0	.0000	0	.0000	0	.0000	0	.0000	0	.0000	0	.0000
20081222	臺股期貨            	TXF    	A         	15001	13864501.0000	15060	13926383.0000	-59	-61882.0000	3967	3580985.0000	4745	4257232.0000	-778	-676247.0000
20081222	臺股期貨            	TXF    	B         	488	457972.0000	2221	2049442.0000	-1733	-1591471.0000	821	743333.0000	9986	9025678.0000	-9165	-8282345.0000
20081222	臺股期貨            	TXF    	C         	8185	7555841.0000	9026	8351639.0000	-841	-795798.0000	29786	26873467.0000	17488	15786162.0000	12298	11087305.0000
20081222	非金電期貨          	XIF    	A         	794	466880.0000	749	439597.0000	45	27283.0000	78	44827.0000	79	45366.0000	-1	-539.0000
20081222	非金電期貨          	XIF    	B         	0	.0000	0	.0000	0	.0000	19	10935.0000	0	.0000	19	10935.0000
20081222	非金電期貨          	XIF    	C         	43	25201.0000	64	37988.0000	-21	-12787.0000	25	14312.0000	54	31077.0000	-29	-16765.0000
20081223	電子期貨            	EXF    	A         	586	386448.0000	546	361505.0000	40	24943.0000	599	394437.0000	224	147222.0000	375	247215.0000
20081223	電子期貨            	EXF    	B         	174	115083.0000	439	289665.0000	-265	-174582.0000	383	252474.0000	2180	1437056.0000	-1797	-1184582.0000
20081223	電子期貨            	EXF    	C         	555	368423.0000	501	330062.0000	54	38361.0000	2353	1550993.0000	1245	820704.0000	1108	730289.0000
20081223	金融期貨            	FXF    	A         	848	466201.0000	507	280116.0000	341	186085.0000	178	98492.0000	395	218791.0000	-217	-120299.0000
20081223	金融期貨            	FXF    	B         	16	8758.0000	12	6551.0000	4	2207.0000	919	509494.0000	227	125849.0000	692	383645.0000
20081223	金融期貨            	FXF    	C         	218	120150.0000	122	68099.0000	96	52051.0000	495	274397.0000	802	444629.0000	-307	-170232.0000
20081223	櫃買期貨            	GTF    	A         	553	130934.0000	532	125941.0000	21	4993.0000	41	9752.0000	33	7803.0000	8	1949.0000
20081223	櫃買期貨            	GTF    	B         	0	.0000	0	.0000	0	.0000	2	478.0000	2	478.0000	0	.0000
20081223	櫃買期貨            	GTF    	C         	0	.0000	0	.0000	0	.0000	0	.0000	0	.0000	0	.0000
20081223	摩臺期              	MSF    	A         	16	8759.0000	16	8759.0000	0	.0000	5	2712.0000	6	3254.0000	-1	-542.0000
20081223	摩臺期              	MSF    	B         	0	.0000	0	.0000	0	.0000	0	.0000	0	.0000	0	.0000
20081223	摩臺期              	MSF    	C         	0	.0000	0	.0000	0	.0000	0	.0000	0	.0000	0	.0000
20081223	小型臺指            	MXF    	A         	9184	2005718.0000	9968	2183095.0000	-784	-177377.0000	2147	465735.0000	3681	799283.0000	-1534	-333548.0000
20081223	小型臺指            	MXF    	B         	0	.0000	0	.0000	0	.0000	0	.0000	92	20010.0000	-92	-20010.0000
20081223	小型臺指            	MXF    	C         	596	131408.0000	267	58273.0000	329	73134.0000	10	2158.0000	1393	302978.0000	-1383	-300820.0000
20081223	臺灣50期貨          	T5F    	A         	0	.0000	0	.0000	0	.0000	0	.0000	0	.0000	0	.0000
20081223	臺灣50期貨          	T5F    	B         	0	.0000	0	.0000	0	.0000	0	.0000	0	.0000	0	.0000
20081223	臺灣50期貨          	T5F    	C         	0	.0000	0	.0000	0	.0000	0	.0000	0	.0000	0	.0000
20081223	臺股期貨            	TXF    	A         	20760	18143583.0000	20238	17711064.0000	522	432519.0000	4483	3890232.0000	4717	4067957.0000	-234	-177725.0000
20081223	臺股期貨            	TXF    	B         	1042	914603.0000	3014	2642995.0000	-1972	-1728393.0000	1036	901320.0000	12177	10577611.0000	-11141	-9676291.0000
20081223	臺股期貨            	TXF    	C         	8720	7622642.0000	8893	7774004.0000	-173	-151362.0000	29278	25381185.0000	17153	14877043.0000	12125	10504142.0000
20081223	非金電期貨          	XIF    	A         	549	307196.0000	579	323958.0000	-30	-16762.0000	99	55285.0000	130	72594.0000	-31	-17309.0000
20081223	非金電期貨          	XIF    	B         	0	.0000	0	.0000	0	.0000	19	10621.0000	0	.0000	19	10621.0000
20081223	非金電期貨          	XIF    	C         	51	28553.0000	15	8461.0000	36	20092.0000	34	18966.0000	27	15093.0000	7	3873.0000
20081224	電子期貨            	EXF    	A         	582	383510.0000	453	298670.0000	129	84840.0000	730	481100.0000	226	148325.0000	504	332775.0000
20081224	電子期貨            	EXF    	B         	33	21812.0000	262	173065.0000	-229	-151253.0000	383	252780.0000	2409	1589940.0000	-2026	-1337160.0000
20081224	電子期貨            	EXF    	C         	316	208584.0000	217	141271.0000	99	67313.0000	2405	1587096.0000	1198	790680.0000	1207	796416.0000
20081224	金融期貨            	FXF    	A         	397	220573.0000	240	133279.0000	157	87294.0000	210	118955.0000	270	152951.0000	-60	-33996.0000
20081224	金融期貨            	FXF    	B         	0	.0000	152	83898.0000	-152	-83898.0000	767	435196.0000	227	128800.0000	540	306396.0000
20081224	金融期貨            	FXF    	C         	206	113701.0000	340	188953.0000	-134	-75252.0000	642	364221.0000	1083	614494.0000	-441	-250273.0000
20081224	櫃買期貨            	GTF    	A         	115	27592.0000	118	28322.0000	-3	-730.0000	37	8908.0000	32	7663.0000	5	1245.0000
20081224	櫃買期貨            	GTF    	B         	0	.0000	0	.0000	0	.0000	2	484.0000	2	484.0000	0	.0000
20081224	櫃買期貨            	GTF    	C         	0	.0000	0	.0000	0	.0000	0	.0000	0	.0000	0	.0000
20081224	摩臺期              	MSF    	A         	0	.0000	0	.0000	0	.0000	5	2732.0000	6	3278.0000	-1	-546.0000
20081224	摩臺期              	MSF    	B         	0	.0000	0	.0000	0	.0000	0	.0000	0	.0000	0	.0000
20081224	摩臺期              	MSF    	C         	0	.0000	0	.0000	0	.0000	0	.0000	0	.0000	0	.0000
20081224	小型臺指            	MXF    	A         	9858	2138643.0000	8612	1868048.0000	1246	270595.0000	2320	506217.0000	2740	598004.0000	-420	-91787.0000
20081224	小型臺指            	MXF    	B         	0	.0000	0	.0000	0	.0000	0	.0000	92	20134.0000	-92	-20134.0000
20081224	小型臺指            	MXF    	C         	460	99533.0000	0	.0000	460	99533.0000	10	2167.0000	933	204187.0000	-923	-202020.0000
20081224	臺灣50期貨          	T5F    	A         	0	.0000	0	.0000	0	.0000	0	.0000	0	.0000	0	.0000
20081224	臺灣50期貨          	T5F    	B         	0	.0000	0	.0000	0	.0000	0	.0000	0	.0000	0	.0000
20081224	臺灣50期貨          	T5F    	C         	0	.0000	0	.0000	0	.0000	0	.0000	0	.0000	0	.0000
20081224	臺股期貨            	TXF    	A         	18752	16277659.0000	19601	17011140.0000	-849	-733481.0000	4279	3734044.0000	5329	4623443.0000	-1050	-889399.0000
20081224	臺股期貨            	TXF    	B         	2169	1884130.0000	1383	1195132.0000	786	688998.0000	1232	1078493.0000	11587	10126608.0000	-10355	-9048115.0000
20081224	臺股期貨            	TXF    	C         	7733	6707476.0000	6019	5228986.0000	1714	1478490.0000	30633	26719027.0000	16794	14653498.0000	13839	12065529.0000
20081224	非金電期貨          	XIF    	A         	592	328035.0000	613	339701.0000	-21	-11666.0000	186	104103.0000	238	133190.0000	-52	-29087.0000
20081224	非金電期貨          	XIF    	B         	0	.0000	0	.0000	0	.0000	19	10640.0000	0	.0000	19	10640.0000
20081224	非金電期貨          	XIF    	C         	67	37230.0000	22	12075.0000	45	25156.0000	74	41388.0000	22	12320.0000	52	29068.0000
20081225	電子期貨            	EXF    	A         	278	183551.0000	343	225739.0000	-65	-42188.0000	706	468536.0000	267	176498.0000	439	292038.0000
20081225	電子期貨            	EXF    	B         	267	176409.0000	1	660.0000	266	175749.0000	383	254542.0000	2143	1424238.0000	-1760	-1169696.0000
20081225	電子期貨            	EXF    	C         	166	109011.0000	163	107211.0000	3	1799.0000	2478	1646501.0000	1268	842713.0000	1210	803788.0000
20081225	金融期貨            	FXF    	A         	150	84153.0000	228	127801.0000	-78	-43648.0000	236	132685.0000	374	210383.0000	-138	-77698.0000
20081225	金融期貨            	FXF    	B         	0	.0000	0	.0000	0	.0000	767	431974.0000	227	127846.0000	540	304128.0000
20081225	金融期貨            	FXF    	C         	26	14571.0000	104	58403.0000	-78	-43832.0000	642	361528.0000	1161	653875.0000	-519	-292347.0000
20081225	櫃買期貨            	GTF    	A         	106	25637.0000	105	25399.0000	1	238.0000	39	9482.0000	33	7984.0000	6	1498.0000
20081225	櫃買期貨            	GTF    	B         	0	.0000	0	.0000	0	.0000	2	489.0000	2	489.0000	0	.0000
20081225	櫃買期貨            	GTF    	C         	0	.0000	0	.0000	0	.0000	0	.0000	0	.0000	0	.0000
20081225	摩臺期              	MSF    	A         	0	.0000	1	542.0000	-1	-542.0000	5	2708.0000	7	3791.0000	-2	-1083.0000
20081225	摩臺期              	MSF    	B         	0	.0000	0	.0000	0	.0000	0	.0000	0	.0000	0	.0000
20081225	摩臺期              	MSF    	C         	0	.0000	0	.0000	0	.0000	0	.0000	0	.0000	0	.0000
20081225	小型臺指            	MXF    	A         	4488	978763.0000	3473	757495.0000	1015	221268.0000	2412	528183.0000	1945	425441.0000	467	102742.0000
20081225	小型臺指            	MXF    	B         	0	.0000	0	.0000	0	.0000	0	.0000	92	20222.0000	-92	-20222.0000
20081225	小型臺指            	MXF    	C         	114	24939.0000	176	38310.0000	-62	-13371.0000	10	2165.0000	995	218701.0000	-985	-216536.0000
20081225	臺灣50期貨          	T5F    	A         	0	.0000	0	.0000	0	.0000	0	.0000	0	.0000	0	.0000
20081225	臺灣50期貨          	T5F    	B         	0	.0000	0	.0000	0	.0000	0	.0000	0	.0000	0	.0000
20081225	臺灣50期貨          	T5F    	C         	0	.0000	0	.0000	0	.0000	0	.0000	0	.0000	0	.0000
20081225	臺股期貨            	TXF    	A         	6761	5898969.0000	6665	5815551.0000	96	83418.0000	4134	3620010.0000	5056	4397138.0000	-922	-777128.0000
20081225	臺股期貨            	TXF    	B         	198	173590.0000	189	164905.0000	9	8684.0000	1252	1100758.0000	11598	10179684.0000	-10346	-9078926.0000
20081225	臺股期貨            	TXF    	C         	3251	2836481.0000	3422	2985164.0000	-171	-148683.0000	30532	26737731.0000	16864	14775951.0000	13668	11961780.0000
20081225	非金電期貨          	XIF    	A         	247	137914.0000	291	162514.0000	-44	-24601.0000	160	89790.0000	256	143606.0000	-96	-53816.0000
20081225	非金電期貨          	XIF    	B         	0	.0000	0	.0000	0	.0000	19	10670.0000	0	.0000	19	10670.0000
20081225	非金電期貨          	XIF    	C         	0	.0000	0	.0000	0	.0000	74	41437.0000	22	12355.0000	52	29082.0000
20081226	電子期貨            	EXF    	A         	296	197071.0000	357	237003.0000	-61	-39932.0000	679	449106.0000	301	198574.0000	378	250532.0000
20081226	電子期貨            	EXF    	B         	40	26560.0000	15	9953.0000	25	16607.0000	383	253699.0000	2118	1402963.0000	-1735	-1149264.0000
20081226	電子期貨            	EXF    	C         	100	66567.0000	177	117646.0000	-77	-51079.0000	2454	1625315.0000	1321	875030.0000	1133	750285.0000
20081226	金融期貨            	FXF    	A         	355	199493.0000	290	162539.0000	65	36954.0000	190	106186.0000	263	147070.0000	-73	-40884.0000
20081226	金融期貨            	FXF    	B         	0	.0000	20	11205.0000	-20	-11205.0000	747	418320.0000	227	127120.0000	520	291200.0000
20081226	金融期貨            	FXF    	C         	85	47595.0000	63	35422.0000	22	12172.0000	644	360596.0000	1141	638960.0000	-497	-278364.0000
20081226	櫃買期貨            	GTF    	A         	339	83046.0000	340	83306.0000	-1	-260.0000	42	10158.0000	37	8916.0000	5	1242.0000
20081226	櫃買期貨            	GTF    	B         	0	.0000	0	.0000	0	.0000	2	485.0000	2	485.0000	0	.0000
20081226	櫃買期貨            	GTF    	C         	0	.0000	0	.0000	0	.0000	0	.0000	0	.0000	0	.0000
20081226	摩臺期              	MSF    	A         	1	550.0000	3	1652.0000	-2	-1102.0000	4	2179.0000	8	4359.0000	-4	-2180.0000
20081226	摩臺期              	MSF    	B         	0	.0000	0	.0000	0	.0000	0	.0000	0	.0000	0	.0000
20081226	摩臺期              	MSF    	C         	0	.0000	0	.0000	0	.0000	0	.0000	0	.0000	0	.0000
20081226	小型臺指            	MXF    	A         	5898	1296128.0000	5517	1210418.0000	381	85711.0000	2506	546929.0000	1974	430239.0000	532	116690.0000
20081226	小型臺指            	MXF    	B         	0	.0000	0	.0000	0	.0000	0	.0000	92	20134.0000	-92	-20134.0000
20081226	小型臺指            	MXF    	C         	38	8341.0000	647	142162.0000	-609	-133821.0000	10	2163.0000	1604	351035.0000	-1594	-348872.0000
20081226	臺灣50期貨          	T5F    	A         	0	.0000	0	.0000	0	.0000	0	.0000	0	.0000	0	.0000
20081226	臺灣50期貨          	T5F    	B         	0	.0000	0	.0000	0	.0000	0	.0000	0	.0000	0	.0000
20081226	臺灣50期貨          	T5F    	C         	0	.0000	0	.0000	0	.0000	0	.0000	0	.0000	0	.0000
20081226	臺股期貨            	TXF    	A         	10225	8982338.0000	9862	8661813.0000	363	320524.0000	4273	3729151.0000	4753	4121061.0000	-480	-391910.0000
20081226	臺股期貨            	TXF    	B         	1272	1118297.0000	981	862098.0000	291	256198.0000	2020	1768308.0000	12075	10553866.0000	-10055	-8785558.0000
20081226	臺股期貨            	TXF    	C         	4480	3934114.0000	4706	4136953.0000	-226	-202838.0000	30524	26625719.0000	17082	14905933.0000	13442	11719786.0000
20081226	非金電期貨          	XIF    	A         	578	325061.0000	586	329565.0000	-8	-4504.0000	139	77836.0000	243	136062.0000	-104	-58226.0000
20081226	非金電期貨          	XIF    	B         	0	.0000	0	.0000	0	.0000	19	10648.0000	0	.0000	19	10648.0000
20081226	非金電期貨          	XIF    	C         	4	2238.0000	2	1118.0000	2	1120.0000	74	41371.0000	20	11208.0000	54	30163.0000
20081229	電子期貨            	EXF    	A         	290	190840.0000	128	84149.0000	162	106691.0000	733	485169.0000	193	127112.0000	540	358057.0000
20081229	電子期貨            	EXF    	B         	1	656.0000	1	660.0000	0	-4.0000	383	253852.0000	2118	1403810.0000	-1735	-1149958.0000
20081229	電子期貨            	EXF    	C         	124	81454.0000	407	267126.0000	-283	-185672.0000	2481	1644193.0000	1631	1081027.0000	850	563166.0000
20081229	金融期貨            	FXF    	A         	190	106550.0000	287	160293.0000	-97	-53744.0000	223	125781.0000	393	221850.0000	-170	-96069.0000
20081229	金融期貨            	FXF    	B         	0	.0000	5	2825.0000	-5	-2825.0000	742	419230.0000	227	128255.0000	515	290975.0000
20081229	金融期貨            	FXF    	C         	187	104316.0000	82	46016.0000	105	58300.0000	766	432754.0000	1158	654270.0000	-392	-221516.0000
20081229	櫃買期貨            	GTF    	A         	305	73629.0000	314	75819.0000	-9	-2189.0000	36	8702.0000	40	9636.0000	-4	-934.0000
20081229	櫃買期貨            	GTF    	B         	0	.0000	0	.0000	0	.0000	2	485.0000	2	485.0000	0	.0000
20081229	櫃買期貨            	GTF    	C         	0	.0000	0	.0000	0	.0000	0	.0000	0	.0000	0	.0000
20081229	摩臺期              	MSF    	A         	0	.0000	1	539.0000	-1	-539.0000	4	2187.0000	9	4920.0000	-5	-2733.0000
20081229	摩臺期              	MSF    	B         	0	.0000	0	.0000	0	.0000	0	.0000	0	.0000	0	.0000
20081229	摩臺期              	MSF    	C         	0	.0000	0	.0000	0	.0000	0	.0000	0	.0000	0	.0000
20081229	小型臺指            	MXF    	A         	3251	707246.0000	2937	638051.0000	314	69195.0000	2659	581759.0000	1913	418007.0000	746	163752.0000
20081229	小型臺指            	MXF    	B         	0	.0000	0	.0000	0	.0000	0	.0000	92	20185.0000	-92	-20185.0000
20081229	小型臺指            	MXF    	C         	384	83645.0000	34	7354.0000	350	76291.0000	10	2168.0000	1254	275128.0000	-1244	-272960.0000
20081229	臺灣50期貨          	T5F    	A         	0	.0000	0	.0000	0	.0000	0	.0000	0	.0000	0	.0000
20081229	臺灣50期貨          	T5F    	B         	0	.0000	0	.0000	0	.0000	0	.0000	0	.0000	0	.0000
20081229	臺灣50期貨          	T5F    	C         	0	.0000	0	.0000	0	.0000	0	.0000	0	.0000	0	.0000
20081229	臺股期貨            	TXF    	A         	6863	5970939.0000	7485	6514880.0000	-622	-543941.0000	4240	3708833.0000	5317	4624804.0000	-1077	-915971.0000
20081229	臺股期貨            	TXF    	B         	898	781123.0000	464	403160.0000	434	377963.0000	2016	1769242.0000	11637	10195667.0000	-9621	-8426425.0000
20081229	臺股期貨            	TXF    	C         	4652	4052115.0000	3586	3119330.0000	1066	932786.0000	30502	26668959.0000	15994	13985656.0000	14508	12683303.0000
20081229	非金電期貨          	XIF    	A         	405	225542.0000	403	224447.0000	2	1095.0000	183	102768.0000	285	160038.0000	-102	-57270.0000
20081229	非金電期貨          	XIF    	B         	0	.0000	0	.0000	0	.0000	19	10676.0000	0	.0000	19	10676.0000
20081229	非金電期貨          	XIF    	C         	33	18433.0000	26	14479.0000	7	3954.0000	85	47666.0000	24	13486.0000	61	34180.0000
20081230	電子期貨            	EXF    	A         	180	123670.0000	413	285032.0000	-233	-161362.0000	584	403830.0000	277	190958.0000	307	212872.0000
20081230	電子期貨            	EXF    	B         	45	31176.0000	50	34592.0000	-5	-3416.0000	383	265342.0000	2123	1470814.0000	-1740	-1205472.0000
20081230	電子期貨            	EXF    	C         	300	206148.0000	59	39996.0000	241	166152.0000	2612	1809313.0000	1521	1053749.0000	1091	755564.0000
20081230	金融期貨            	FXF    	A         	259	152517.0000	371	219102.0000	-112	-66585.0000	177	105615.0000	459	274213.0000	-282	-168598.0000
20081230	金融期貨            	FXF    	B         	0	.0000	0	.0000	0	.0000	742	443568.0000	227	135701.0000	515	307867.0000
20081230	金融期貨            	FXF    	C         	116	68198.0000	396	232329.0000	-280	-164131.0000	756	451898.0000	1428	853658.0000	-672	-401760.0000
20081230	櫃買期貨            	GTF    	A         	508	127480.0000	520	130530.0000	-12	-3050.0000	27	6882.0000	43	10943.0000	-16	-4061.0000
20081230	櫃買期貨            	GTF    	B         	0	.0000	0	.0000	0	.0000	2	512.0000	2	512.0000	0	.0000
20081230	櫃買期貨            	GTF    	C         	0	.0000	0	.0000	0	.0000	0	.0000	0	.0000	0	.0000
20081230	摩臺期              	MSF    	A         	2	1136.0000	2	1136.0000	0	.0000	4	2283.0000	9	5138.0000	-5	-2855.0000
20081230	摩臺期              	MSF    	B         	0	.0000	0	.0000	0	.0000	0	.0000	0	.0000	0	.0000
20081230	摩臺期              	MSF    	C         	0	.0000	0	.0000	0	.0000	0	.0000	0	.0000	0	.0000
20081230	小型臺指            	MXF    	A         	5775	1307531.0000	5632	1277289.0000	143	30242.0000	2585	587888.0000	2012	457242.0000	573	130646.0000
20081230	小型臺指            	MXF    	B         	0	.0000	0	.0000	0	.0000	0	.0000	92	20985.0000	-92	-20985.0000
20081230	小型臺指            	MXF    	C         	392	88409.0000	54	12255.0000	338	76153.0000	10	2254.0000	916	208940.0000	-906	-206686.0000
20081230	臺灣50期貨          	T5F    	A         	0	.0000	0	.0000	0	.0000	0	.0000	0	.0000	0	.0000
20081230	臺灣50期貨          	T5F    	B         	0	.0000	0	.0000	0	.0000	0	.0000	0	.0000	0	.0000
20081230	臺灣50期貨          	T5F    	C         	0	.0000	0	.0000	0	.0000	0	.0000	0	.0000	0	.0000
20081230	臺股期貨            	TXF    	A         	12364	11204251.0000	11410	10353764.0000	954	850487.0000	4438	4037285.0000	4482	4048175.0000	-44	-10890.0000
20081230	臺股期貨            	TXF    	B         	796	720907.0000	1131	1018405.0000	-335	-297498.0000	1345	1227178.0000	11303	10295901.0000	-9958	-9068723.0000
20081230	臺股期貨            	TXF    	C         	6779	6155129.0000	9152	8311087.0000	-2373	-2155958.0000	29841	27124927.0000	17706	16101994.0000	12135	11022933.0000
20081230	非金電期貨          	XIF    	A         	386	221133.0000	402	230185.0000	-16	-9052.0000	163	93639.0000	281	161418.0000	-118	-67779.0000
20081230	非金電期貨          	XIF    	B         	0	.0000	0	.0000	0	.0000	19	10921.0000	0	.0000	19	10921.0000
20081230	非金電期貨          	XIF    	C         	44	25194.0000	14	8021.0000	30	17173.0000	121	69461.0000	24	13795.0000	97	55666.0000
20081231	電子期貨            	EXF    	A         	152	105779.0000	314	218038.0000	-162	-112260.0000	465	321349.0000	320	220788.0000	145	100561.0000
20081231	電子期貨            	EXF    	B         	361	251241.0000	294	202207.0000	67	49033.0000	413	286044.0000	2086	1444764.0000	-1673	-1158720.0000
20081231	電子期貨            	EXF    	C         	124	85661.0000	193	133624.0000	-69	-47963.0000	2580	1786692.0000	1558	1079071.0000	1022	707621.0000
20081231	金融期貨            	FXF    	A         	309	183372.0000	220	129919.0000	89	53453.0000	209	124421.0000	402	239492.0000	-193	-115071.0000
20081231	金融期貨            	FXF    	B         	20	11858.0000	0	.0000	20	11858.0000	762	454457.0000	227	135383.0000	535	319074.0000
20081231	金融期貨            	FXF    	C         	181	106820.0000	142	84058.0000	39	22762.0000	744	443674.0000	1377	821243.0000	-633	-377569.0000
20081231	櫃買期貨            	GTF    	A         	123	31433.0000	120	30663.0000	3	771.0000	36	9185.0000	49	12478.0000	-13	-3293.0000
20081231	櫃買期貨            	GTF    	B         	0	.0000	0	.0000	0	.0000	2	512.0000	2	512.0000	0	.0000
20081231	櫃買期貨            	GTF    	C         	0	.0000	0	.0000	0	.0000	0	.0000	0	.0000	0	.0000
20081231	摩臺期              	MSF    	A         	0	.0000	0	.0000	0	.0000	4	2254.0000	9	5072.0000	-5	-2818.0000
20081231	摩臺期              	MSF    	B         	0	.0000	0	.0000	0	.0000	0	.0000	0	.0000	0	.0000
20081231	摩臺期              	MSF    	C         	0	.0000	0	.0000	0	.0000	0	.0000	0	.0000	0	.0000
20081231	小型臺指            	MXF    	A         	4421	1007508.0000	5951	1353376.0000	-1530	-345868.0000	1727	390673.0000	2388	540698.0000	-661	-150025.0000
20081231	小型臺指            	MXF    	B         	92	20952.0000	0	.0000	92	20952.0000	0	.0000	0	.0000	0	.0000
20081231	小型臺指            	MXF    	C         	106	24134.0000	1034	234823.0000	-928	-210689.0000	10	2230.0000	1844	419326.0000	-1834	-417096.0000
20081231	臺灣50期貨          	T5F    	A         	0	.0000	0	.0000	0	.0000	0	.0000	0	.0000	0	.0000
20081231	臺灣50期貨          	T5F    	B         	0	.0000	0	.0000	0	.0000	0	.0000	0	.0000	0	.0000
20081231	臺灣50期貨          	T5F    	C         	0	.0000	0	.0000	0	.0000	0	.0000	0	.0000	0	.0000
20081231	臺股期貨            	TXF    	A         	10217	9302857.0000	9277	8447204.0000	940	855653.0000	4754	4308895.0000	3932	3527711.0000	822	781184.0000
20081231	臺股期貨            	TXF    	B         	787	718156.0000	6829	6175187.0000	-6042	-5457030.0000	923	839561.0000	16923	15375837.0000	-16000	-14536276.0000
20081231	臺股期貨            	TXF    	C         	7359	6709353.0000	6434	5865819.0000	925	843534.0000	28292	25625728.0000	15232	13801101.0000	13060	11824627.0000
20081231	非金電期貨          	XIF    	A         	284	162500.0000	249	142458.0000	35	20043.0000	149	85026.0000	232	132319.0000	-83	-47293.0000
20081231	非金電期貨          	XIF    	B         	0	.0000	0	.0000	0	.0000	19	10849.0000	0	.0000	19	10849.0000
20081231	非金電期貨          	XIF    	C         	15	8541.0000	56	32003.0000	-41	-23462.0000	78	44368.0000	22	12562.0000	56	31806.0000
