20120201	電子期貨            	EXF    	A         	1101	1235045.0000	996	1116888.0000	105	118157.0000	630	708653.0000	253	284569.0000	377	424084.0000
20120201	電子期貨            	EXF    	B         	0	.0000	0	.0000	0	.0000	81	91125.0000	0	.0000	81	91125.0000
20120201	電子期貨            	EXF    	C         	1528	1713222.0000	1438	1613185.0000	90	100038.0000	2184	2457000.0000	2176	2447980.0000	8	9020.0000
20120201	金融期貨            	FXF    	A         	1189	976664.0000	1030	845997.0000	159	130667.0000	431	353884.0000	166	136278.0000	265	217606.0000
20120201	金融期貨            	FXF    	B         	0	.0000	0	.0000	0	.0000	147	120716.0000	20	16424.0000	127	104292.0000
20120201	金融期貨            	FXF    	C         	2514	2066165.0000	2467	2027780.0000	47	38386.0000	1379	1132435.0000	2408	1977450.0000	-1029	-845015.0000
20120201	櫃買期貨            	GTF    	A         	35	14838.0000	40	16965.0000	-5	-2127.0000	9	3823.0000	71	30241.0000	-62	-26418.0000
20120201	櫃買期貨            	GTF    	B         	0	.0000	0	.0000	0	.0000	84	35683.0000	0	.0000	84	35683.0000
20120201	櫃買期貨            	GTF    	C         	0	.0000	0	.0000	0	.0000	0	.0000	0	.0000	0	.0000
20120201	小型臺指            	MXF    	A         	7448	2796285.0000	5352	2010428.0000	2096	785857.0000	2638	987589.0000	2608	961161.0000	30	26428.0000
20120201	小型臺指            	MXF    	B         	0	.0000	0	.0000	0	.0000	5	1881.0000	93	34977.0000	-88	-33096.0000
20120201	小型臺指            	MXF    	C         	13002	4884453.0000	9065	3405849.0000	3937	1478604.0000	5074	1905499.0000	2402	901222.0000	2672	1004277.0000
20120201	股票期貨            	STF    	A         	13692	731239.0000	12958	717702.0000	734	13538.0000	13325	1429786.0000	13726	954131.0000	-401	475655.0000
20120201	股票期貨            	STF    	B         	0	.0000	0	.0000	0	.0000	11132	1651423.0000	0	.0000	11132	1651423.0000
20120201	股票期貨            	STF    	C         	285	26789.0000	1399	66499.0000	-1114	-39711.0000	3130	371836.0000	22912	2745478.0000	-19782	-2373642.0000
20120201	臺灣50期貨          	T5F    	A         	0	.0000	0	.0000	0	.0000	0	.0000	0	.0000	0	.0000
20120201	臺灣50期貨          	T5F    	B         	0	.0000	0	.0000	0	.0000	0	.0000	0	.0000	0	.0000
20120201	臺灣50期貨          	T5F    	C         	0	.0000	0	.0000	0	.0000	0	.0000	0	.0000	0	.0000
20120201	臺股期貨            	TXF    	A         	16576	24907310.0000	15705	23600466.0000	871	1306844.0000	8912	13397649.0000	6753	10025964.0000	2159	3371685.0000
20120201	臺股期貨            	TXF    	B         	74	111295.0000	15	22568.0000	59	88727.0000	1229	1848908.0000	659	991392.0000	570	857516.0000
20120201	臺股期貨            	TXF    	C         	21893	32889911.0000	17369	26100979.0000	4524	6788932.0000	31961	47956585.0000	20486	30795619.0000	11475	17160966.0000
20120201	非金電期貨          	XIF    	A         	184	191499.0000	158	164486.0000	26	27013.0000	173	179941.0000	107	111294.0000	66	68647.0000
20120201	非金電期貨          	XIF    	B         	0	.0000	0	.0000	0	.0000	8	8322.0000	0	.0000	8	8322.0000
20120201	非金電期貨          	XIF    	C         	297	309264.0000	328	341537.0000	-31	-32273.0000	164	170593.0000	197	204919.0000	-33	-34326.0000
20120202	電子期貨            	EXF    	A         	674	767550.0000	708	807036.0000	-34	-39486.0000	611	700366.0000	268	307185.0000	343	393181.0000
20120202	電子期貨            	EXF    	B         	0	.0000	0	.0000	0	.0000	81	92858.0000	0	.0000	81	92858.0000
20120202	電子期貨            	EXF    	C         	1271	1446690.0000	1552	1767645.0000	-281	-320955.0000	2027	2323753.0000	2300	2636706.0000	-273	-312953.0000
20120202	金融期貨            	FXF    	A         	944	784801.0000	947	785932.0000	-3	-1131.0000	560	467080.0000	298	248546.0000	262	218534.0000
20120202	金融期貨            	FXF    	B         	50	41615.0000	15	12508.0000	35	29107.0000	182	151824.0000	20	16684.0000	162	135140.0000
20120202	金融期貨            	FXF    	C         	2849	2365752.0000	2581	2144018.0000	268	221735.0000	1231	1026900.0000	1992	1661726.0000	-761	-634826.0000
20120202	櫃買期貨            	GTF    	A         	29	12657.0000	34	14861.0000	-5	-2205.0000	20	8800.0000	87	38182.0000	-67	-29382.0000
20120202	櫃買期貨            	GTF    	B         	0	.0000	0	.0000	0	.0000	84	36960.0000	0	.0000	84	36960.0000
20120202	櫃買期貨            	GTF    	C         	0	.0000	0	.0000	0	.0000	0	.0000	0	.0000	0	.0000
20120202	小型臺指            	MXF    	A         	5071	1927750.0000	4613	1753394.0000	458	174356.0000	1854	703040.0000	2854	1070692.0000	-1000	-367652.0000
20120202	小型臺指            	MXF    	B         	47	17888.0000	0	.0000	47	17888.0000	5	1910.0000	46	17574.0000	-41	-15664.0000
20120202	小型臺指            	MXF    	C         	10307	3918716.0000	10079	3830771.0000	228	87945.0000	5006	1910304.0000	2770	1055936.0000	2236	854368.0000
20120202	股票期貨            	STF    	A         	17991	793693.0000	17785	812583.0000	206	-18891.0000	14220	1525086.0000	14415	1045949.0000	-195	479137.0000
20120202	股票期貨            	STF    	B         	0	.0000	0	.0000	0	.0000	11132	1654340.0000	0	.0000	11132	1654340.0000
20120202	股票期貨            	STF    	C         	227	14247.0000	2195	107026.0000	-1968	-92780.0000	3253	379212.0000	25003	2877761.0000	-21750	-2498549.0000
20120202	臺灣50期貨          	T5F    	A         	0	.0000	0	.0000	0	.0000	0	.0000	0	.0000	0	.0000
20120202	臺灣50期貨          	T5F    	B         	0	.0000	0	.0000	0	.0000	0	.0000	0	.0000	0	.0000
20120202	臺灣50期貨          	T5F    	C         	0	.0000	0	.0000	0	.0000	0	.0000	0	.0000	0	.0000
20120202	臺股期貨            	TXF    	A         	16984	25842228.0000	15498	23570546.0000	1486	2271682.0000	10468	15987841.0000	6451	9726285.0000	4017	6261556.0000
20120202	臺股期貨            	TXF    	B         	117	177960.0000	16	24390.0000	101	153569.0000	1221	1865932.0000	550	840502.0000	671	1025430.0000
20120202	臺股期貨            	TXF    	C         	18136	27581608.0000	19471	29617724.0000	-1335	-2036116.0000	31830	48513646.0000	21524	32864266.0000	10306	15649380.0000
20120202	非金電期貨          	XIF    	A         	208	218093.0000	219	229651.0000	-11	-11558.0000	167	175796.0000	112	117904.0000	55	57892.0000
20120202	非金電期貨          	XIF    	B         	0	.0000	0	.0000	0	.0000	8	8423.0000	0	.0000	8	8423.0000
20120202	非金電期貨          	XIF    	C         	306	320953.0000	302	316757.0000	4	4196.0000	249	262172.0000	278	292706.0000	-29	-30534.0000
20120203	電子期貨            	EXF    	A         	702	804266.0000	844	966961.0000	-142	-162696.0000	537	616262.0000	336	385604.0000	201	230658.0000
20120203	電子期貨            	EXF    	B         	0	.0000	0	.0000	0	.0000	81	92972.0000	0	.0000	81	92972.0000
20120203	電子期貨            	EXF    	C         	1366	1564823.0000	1160	1328970.0000	206	235853.0000	2248	2580254.0000	2315	2657123.0000	-67	-76869.0000
20120203	金融期貨            	FXF    	A         	611	509453.0000	760	632982.0000	-149	-123529.0000	526	439460.0000	413	345057.0000	113	94403.0000
20120203	金融期貨            	FXF    	B         	0	.0000	130	108299.0000	-130	-108299.0000	52	43451.0000	20	16712.0000	32	26739.0000
20120203	金融期貨            	FXF    	C         	2102	1751861.0000	1855	1545912.0000	247	205949.0000	1747	1459793.0000	2261	1889292.0000	-514	-429499.0000
20120203	櫃買期貨            	GTF    	A         	72	31922.0000	58	25706.0000	14	6216.0000	30	13272.0000	83	36891.0000	-53	-23619.0000
20120203	櫃買期貨            	GTF    	B         	0	.0000	0	.0000	0	.0000	84	37162.0000	0	.0000	84	37162.0000
20120203	櫃買期貨            	GTF    	C         	0	.0000	0	.0000	0	.0000	0	.0000	0	.0000	0	.0000
20120203	小型臺指            	MXF    	A         	3549	1352885.0000	4120	1571601.0000	-571	-218716.0000	1716	649962.0000	3347	1258654.0000	-1631	-608692.0000
20120203	小型臺指            	MXF    	B         	0	.0000	0	.0000	0	.0000	5	1910.0000	46	17572.0000	-41	-15662.0000
20120203	小型臺指            	MXF    	C         	8953	3414720.0000	8933	3406262.0000	20	8458.0000	5272	2011481.0000	3520	1341361.0000	1752	670120.0000
20120203	股票期貨            	STF    	A         	17290	885085.0000	18215	949445.0000	-925	-64360.0000	14924	1611190.0000	16044	1192005.0000	-1120	419185.0000
20120203	股票期貨            	STF    	B         	0	.0000	0	.0000	0	.0000	11132	1648061.0000	0	.0000	11132	1648061.0000
20120203	股票期貨            	STF    	C         	316	18214.0000	3454	156652.0000	-3138	-138438.0000	3371	380322.0000	28259	3021931.0000	-24888	-2641609.0000
20120203	臺灣50期貨          	T5F    	A         	0	.0000	0	.0000	0	.0000	0	.0000	0	.0000	0	.0000
20120203	臺灣50期貨          	T5F    	B         	0	.0000	0	.0000	0	.0000	0	.0000	0	.0000	0	.0000
20120203	臺灣50期貨          	T5F    	C         	0	.0000	0	.0000	0	.0000	0	.0000	0	.0000	0	.0000
20120203	臺股期貨            	TXF    	A         	11738	17916442.0000	10691	16313239.0000	1047	1603203.0000	10748	16413854.0000	5669	8529603.0000	5079	7884251.0000
20120203	臺股期貨            	TXF    	B         	9	13726.0000	70	106517.0000	-61	-92791.0000	1221	1865688.0000	611	933600.0000	610	932088.0000
20120203	臺股期貨            	TXF    	C         	15214	23211875.0000	15330	23387511.0000	-116	-175635.0000	32069	48870712.0000	21753	33206662.0000	10316	15664050.0000
20120203	非金電期貨          	XIF    	A         	224	234821.0000	271	284173.0000	-47	-49351.0000	172	180601.0000	164	172206.0000	8	8395.0000
20120203	非金電期貨          	XIF    	B         	0	.0000	0	.0000	0	.0000	8	8402.0000	0	.0000	8	8402.0000
20120203	非金電期貨          	XIF    	C         	232	243436.0000	207	217162.0000	25	26274.0000	368	386474.0000	372	390674.0000	-4	-4200.0000
20120204	電子期貨            	EXF    	A         	711	822180.0000	845	976794.0000	-134	-154614.0000	465	537251.0000	398	459871.0000	67	77380.0000
20120204	電子期貨            	EXF    	B         	0	.0000	13	15018.0000	-13	-15018.0000	81	93604.0000	13	15023.0000	68	78581.0000
20120204	電子期貨            	EXF    	C         	844	975509.0000	316	365358.0000	528	610152.0000	2596	2999938.0000	2134	2466024.0000	462	533914.0000
20120204	金融期貨            	FXF    	A         	1486	1281353.0000	1405	1210955.0000	81	70398.0000	670	584336.0000	476	415194.0000	194	169142.0000
20120204	金融期貨            	FXF    	B         	0	.0000	0	.0000	0	.0000	52	45365.0000	20	17448.0000	32	27917.0000
20120204	金融期貨            	FXF    	C         	625	538714.0000	954	825113.0000	-329	-286399.0000	1746	1523210.0000	2587	2256899.0000	-841	-733689.0000
20120204	櫃買期貨            	GTF    	A         	39	17489.0000	47	21156.0000	-8	-3666.0000	40	17832.0000	101	45491.0000	-61	-27659.0000
20120204	櫃買期貨            	GTF    	B         	0	.0000	0	.0000	0	.0000	84	37447.0000	0	.0000	84	37447.0000
20120204	櫃買期貨            	GTF    	C         	0	.0000	0	.0000	0	.0000	0	.0000	0	.0000	0	.0000
20120204	小型臺指            	MXF    	A         	7202	2780590.0000	6548	2528039.0000	654	252551.0000	2749	1057043.0000	3706	1413005.0000	-957	-355962.0000
20120204	小型臺指            	MXF    	B         	0	.0000	0	.0000	0	.0000	5	1933.0000	46	17786.0000	-41	-15853.0000
20120204	小型臺指            	MXF    	C         	2029	783741.0000	2066	798079.0000	-37	-14338.0000	5736	2215508.0000	4177	1611550.0000	1559	603958.0000
20120204	股票期貨            	STF    	A         	18343	873911.0000	20293	1022441.0000	-1950	-148529.0000	15145	1684017.0000	18215	1404189.0000	-3070	279828.0000
20120204	股票期貨            	STF    	B         	0	.0000	0	.0000	0	.0000	11132	1663724.0000	0	.0000	11132	1663724.0000
20120204	股票期貨            	STF    	C         	949	98007.0000	1543	128306.0000	-594	-30299.0000	3811	404425.0000	29293	3119813.0000	-25482	-2715388.0000
20120204	臺灣50期貨          	T5F    	A         	0	.0000	0	.0000	0	.0000	0	.0000	0	.0000	0	.0000
20120204	臺灣50期貨          	T5F    	B         	0	.0000	0	.0000	0	.0000	0	.0000	0	.0000	0	.0000
20120204	臺灣50期貨          	T5F    	C         	0	.0000	0	.0000	0	.0000	0	.0000	0	.0000	0	.0000
20120204	臺股期貨            	TXF    	A         	17032	26308365.0000	16033	24772696.0000	999	1535670.0000	11992	18523033.0000	5919	9016981.0000	6073	9506052.0000
20120204	臺股期貨            	TXF    	B         	6	9279.0000	60	92647.0000	-54	-83368.0000	1197	1851280.0000	641	991363.0000	556	859917.0000
20120204	臺股期貨            	TXF    	C         	4553	7030880.0000	3318	5110441.0000	1235	1920440.0000	32739	50496841.0000	21149	32658063.0000	11590	17838778.0000
20120204	非金電期貨          	XIF    	A         	178	188736.0000	200	211977.0000	-22	-23241.0000	189	200034.0000	203	214860.0000	-14	-14826.0000
20120204	非金電期貨          	XIF    	B         	0	.0000	0	.0000	0	.0000	8	8468.0000	0	.0000	8	8468.0000
20120204	非金電期貨          	XIF    	C         	70	74177.0000	56	59415.0000	14	14762.0000	367	388470.0000	357	377885.0000	10	10585.0000
20120206	電子期貨            	EXF    	A         	643	739644.0000	644	740576.0000	-1	-932.0000	425	488002.0000	359	412266.0000	66	75736.0000
20120206	電子期貨            	EXF    	B         	0	.0000	0	.0000	0	.0000	81	93037.0000	13	14932.0000	68	78105.0000
20120206	電子期貨            	EXF    	C         	936	1076371.0000	1049	1206862.0000	-113	-130491.0000	2605	2992103.0000	2256	2591192.0000	349	400911.0000
20120206	金融期貨            	FXF    	A         	1214	1038527.0000	1089	931091.0000	125	107436.0000	700	596291.0000	381	324556.0000	319	271735.0000
20120206	金融期貨            	FXF    	B         	10	8542.0000	0	.0000	10	8542.0000	62	52824.0000	20	17040.0000	42	35784.0000
20120206	金融期貨            	FXF    	C         	1653	1414623.0000	2052	1757021.0000	-399	-342398.0000	1457	1241364.0000	2697	2297844.0000	-1240	-1056480.0000
20120206	櫃買期貨            	GTF    	A         	134	60151.0000	125	56059.0000	9	4092.0000	28	12432.0000	80	35953.0000	-52	-23521.0000
20120206	櫃買期貨            	GTF    	B         	0	.0000	0	.0000	0	.0000	84	37296.0000	0	.0000	84	37296.0000
20120206	櫃買期貨            	GTF    	C         	0	.0000	0	.0000	0	.0000	0	.0000	0	.0000	0	.0000
20120206	小型臺指            	MXF    	A         	4238	1629898.0000	4330	1664334.0000	-92	-34436.0000	2912	1113018.0000	3933	1490817.0000	-1021	-377799.0000
20120206	小型臺指            	MXF    	B         	0	.0000	0	.0000	0	.0000	5	1921.0000	46	17671.0000	-41	-15750.0000
20120206	小型臺指            	MXF    	C         	7248	2787655.0000	8156	3136649.0000	-908	-348994.0000	4719	1810162.0000	4272	1637572.0000	447	172590.0000
20120206	股票期貨            	STF    	A         	14089	685615.0000	14667	711945.0000	-578	-26330.0000	15292	1641685.0000	18940	1402715.0000	-3648	238970.0000
20120206	股票期貨            	STF    	B         	0	.0000	0	.0000	0	.0000	11132	1676924.0000	0	.0000	11132	1676924.0000
20120206	股票期貨            	STF    	C         	640	38813.0000	914	54907.0000	-274	-16094.0000	4112	426388.0000	29868	3138959.0000	-25756	-2712571.0000
20120206	臺灣50期貨          	T5F    	A         	0	.0000	0	.0000	0	.0000	0	.0000	0	.0000	0	.0000
20120206	臺灣50期貨          	T5F    	B         	0	.0000	0	.0000	0	.0000	0	.0000	0	.0000	0	.0000
20120206	臺灣50期貨          	T5F    	C         	0	.0000	0	.0000	0	.0000	0	.0000	0	.0000	0	.0000
20120206	臺股期貨            	TXF    	A         	13570	20881140.0000	14756	22695767.0000	-1186	-1814626.0000	11430	17538387.0000	6550	9927786.0000	4880	7610601.0000
20120206	臺股期貨            	TXF    	B         	9	13827.0000	52	79891.0000	-43	-66064.0000	1206	1853140.0000	693	1064756.0000	513	788384.0000
20120206	臺股期貨            	TXF    	C         	17343	26673209.0000	17002	26150774.0000	341	522435.0000	32216	49361876.0000	20234	31034973.0000	11982	18326903.0000
20120206	非金電期貨          	XIF    	A         	194	205042.0000	207	218762.0000	-13	-13720.0000	187	197671.0000	214	226223.0000	-27	-28552.0000
20120206	非金電期貨          	XIF    	B         	0	.0000	0	.0000	0	.0000	8	8458.0000	0	.0000	8	8458.0000
20120206	非金電期貨          	XIF    	C         	112	118348.0000	143	151149.0000	-31	-32801.0000	407	430280.0000	428	452482.0000	-21	-22202.0000
20120207	電子期貨            	EXF    	A         	784	902692.0000	762	876630.0000	22	26062.0000	448	517739.0000	360	416127.0000	88	101612.0000
20120207	電子期貨            	EXF    	B         	0	.0000	5	5753.0000	-5	-5753.0000	81	93652.0000	18	20812.0000	63	72840.0000
20120207	電子期貨            	EXF    	C         	1610	1852343.0000	1799	2071081.0000	-189	-218738.0000	2465	2850030.0000	2305	2664988.0000	160	185042.0000
20120207	金融期貨            	FXF    	A         	994	850962.0000	1101	942347.0000	-107	-91386.0000	639	546422.0000	427	365123.0000	212	181299.0000
20120207	金融期貨            	FXF    	B         	0	.0000	0	.0000	0	.0000	62	53022.0000	20	17104.0000	42	35918.0000
20120207	金融期貨            	FXF    	C         	2533	2169927.0000	2821	2417152.0000	-288	-247225.0000	1406	1202411.0000	2934	2509134.0000	-1528	-1306723.0000
20120207	櫃買期貨            	GTF    	A         	58	25934.0000	82	36766.0000	-24	-10832.0000	17	7562.0000	93	41887.0000	-76	-34325.0000
20120207	櫃買期貨            	GTF    	B         	0	.0000	0	.0000	0	.0000	84	37363.0000	0	.0000	84	37363.0000
20120207	櫃買期貨            	GTF    	C         	0	.0000	0	.0000	0	.0000	0	.0000	0	.0000	0	.0000
20120207	小型臺指            	MXF    	A         	5036	1941193.0000	4814	1853961.0000	222	87232.0000	3286	1262625.0000	4065	1548977.0000	-779	-286352.0000
20120207	小型臺指            	MXF    	B         	0	.0000	0	.0000	0	.0000	5	1930.0000	46	17756.0000	-41	-15826.0000
20120207	小型臺指            	MXF    	C         	12319	4748345.0000	11810	4551877.0000	509	196468.0000	5137	1980015.0000	4849	1868100.0000	288	111915.0000
20120207	股票期貨            	STF    	A         	10345	580754.0000	11914	623982.0000	-1569	-43229.0000	15393	1651512.0000	20610	1466558.0000	-5217	184954.0000
20120207	股票期貨            	STF    	B         	0	.0000	0	.0000	0	.0000	11132	1674968.0000	0	.0000	11132	1674968.0000
20120207	股票期貨            	STF    	C         	1160	77794.0000	3026	167000.0000	-1866	-89205.0000	4837	464837.0000	32459	3248609.0000	-27622	-2783772.0000
20120207	臺灣50期貨          	T5F    	A         	0	.0000	0	.0000	0	.0000	0	.0000	0	.0000	0	.0000
20120207	臺灣50期貨          	T5F    	B         	0	.0000	0	.0000	0	.0000	0	.0000	0	.0000	0	.0000
20120207	臺灣50期貨          	T5F    	C         	0	.0000	0	.0000	0	.0000	0	.0000	0	.0000	0	.0000
20120207	臺股期貨            	TXF    	A         	18447	28453965.0000	18557	28607996.0000	-110	-154031.0000	11719	18068819.0000	6954	10599187.0000	4765	7469632.0000
20120207	臺股期貨            	TXF    	B         	2	3089.0000	71	109489.0000	-69	-106400.0000	1181	1823464.0000	737	1137812.0000	444	685652.0000
20120207	臺股期貨            	TXF    	C         	21042	32442021.0000	18074	27864654.0000	2968	4577368.0000	34593	53263914.0000	19476	30011520.0000	15117	23252394.0000
20120207	非金電期貨          	XIF    	A         	259	274811.0000	251	266274.0000	8	8537.0000	177	187754.0000	196	207918.0000	-19	-20164.0000
20120207	非金電期貨          	XIF    	B         	0	.0000	0	.0000	0	.0000	8	8487.0000	0	.0000	8	8487.0000
20120207	非金電期貨          	XIF    	C         	227	240900.0000	219	232383.0000	8	8517.0000	440	466796.0000	453	480588.0000	-13	-13792.0000
20120208	電子期貨            	EXF    	A         	943	1105466.0000	943	1106156.0000	0	-691.0000	523	618482.0000	435	514333.0000	88	104149.0000
20120208	電子期貨            	EXF    	B         	0	.0000	4	4672.0000	-4	-4672.0000	81	95807.0000	22	26022.0000	59	69785.0000
20120208	電子期貨            	EXF    	C         	1668	1957011.0000	1489	1747244.0000	179	209767.0000	2482	2935543.0000	2143	2534714.0000	339	400829.0000
20120208	金融期貨            	FXF    	A         	1170	1015234.0000	1301	1128947.0000	-131	-113713.0000	584	510393.0000	503	439554.0000	81	70839.0000
20120208	金融期貨            	FXF    	B         	0	.0000	0	.0000	0	.0000	62	54188.0000	20	17480.0000	42	36708.0000
20120208	金融期貨            	FXF    	C         	2680	2324612.0000	2963	2570901.0000	-283	-246288.0000	1615	1411296.0000	3426	2994137.0000	-1811	-1582841.0000
20120208	櫃買期貨            	GTF    	A         	42	19207.0000	56	25541.0000	-14	-6335.0000	2	920.0000	92	42289.0000	-90	-41369.0000
20120208	櫃買期貨            	GTF    	B         	0	.0000	0	.0000	0	.0000	84	38472.0000	0	.0000	84	38472.0000
20120208	櫃買期貨            	GTF    	C         	0	.0000	0	.0000	0	.0000	0	.0000	0	.0000	0	.0000
20120208	小型臺指            	MXF    	A         	5612	2190646.0000	5709	2238538.0000	-97	-47892.0000	3270	1283405.0000	4110	1601048.0000	-840	-317643.0000
20120208	小型臺指            	MXF    	B         	0	.0000	0	.0000	0	.0000	5	1972.0000	46	18142.0000	-41	-16170.0000
20120208	小型臺指            	MXF    	C         	13222	5167475.0000	11630	4550933.0000	1592	616542.0000	6327	2492291.0000	6363	2505961.0000	-36	-13670.0000
20120208	股票期貨            	STF    	A         	12848	695054.0000	14012	773136.0000	-1164	-78082.0000	15508	1691555.0000	21889	1571915.0000	-6381	119640.0000
20120208	股票期貨            	STF    	B         	0	.0000	0	.0000	0	.0000	11132	1681487.0000	0	.0000	11132	1681487.0000
20120208	股票期貨            	STF    	C         	263	19216.0000	2461	137608.0000	-2198	-118392.0000	4958	478869.0000	34778	3421088.0000	-29820	-2942219.0000
20120208	臺灣50期貨          	T5F    	A         	0	.0000	0	.0000	0	.0000	0	.0000	0	.0000	0	.0000
20120208	臺灣50期貨          	T5F    	B         	0	.0000	0	.0000	0	.0000	0	.0000	0	.0000	0	.0000
20120208	臺灣50期貨          	T5F    	C         	0	.0000	0	.0000	0	.0000	0	.0000	0	.0000	0	.0000
20120208	臺股期貨            	TXF    	A         	25377	39709823.0000	23467	36766625.0000	1910	2943198.0000	13177	20759386.0000	6511	10130913.0000	6666	10628473.0000
20120208	臺股期貨            	TXF    	B         	40	62525.0000	9	14050.0000	31	48475.0000	1186	1871024.0000	711	1121558.0000	475	749466.0000
20120208	臺股期貨            	TXF    	C         	19552	30588048.0000	21647	33896626.0000	-2095	-3308578.0000	34421	54151356.0000	20920	32940091.0000	13501	21211265.0000
20120208	非金電期貨          	XIF    	A         	205	219681.0000	195	209044.0000	10	10637.0000	160	172896.0000	169	182645.0000	-9	-9749.0000
20120208	非金電期貨          	XIF    	B         	0	.0000	0	.0000	0	.0000	8	8646.0000	0	.0000	8	8646.0000
20120208	非金電期貨          	XIF    	C         	220	236041.0000	216	231605.0000	4	4437.0000	454	490683.0000	463	500397.0000	-9	-9714.0000
20120209	電子期貨            	EXF    	A         	672	793793.0000	759	896704.0000	-87	-102910.0000	475	565591.0000	474	564264.0000	1	1327.0000
20120209	電子期貨            	EXF    	B         	3	3570.0000	0	.0000	3	3570.0000	84	100039.0000	22	26202.0000	62	73837.0000
20120209	電子期貨            	EXF    	C         	1356	1601933.0000	1244	1469695.0000	112	132238.0000	2482	2955796.0000	2031	2418859.0000	451	536937.0000
20120209	金融期貨            	FXF    	A         	935	814540.0000	839	730531.0000	96	84009.0000	638	559876.0000	461	404519.0000	177	155357.0000
20120209	金融期貨            	FXF    	B         	0	.0000	0	.0000	0	.0000	62	54411.0000	20	17552.0000	42	36859.0000
20120209	金融期貨            	FXF    	C         	2344	2038976.0000	2125	1849229.0000	219	189747.0000	1698	1489838.0000	3292	2888673.0000	-1594	-1398835.0000
20120209	櫃買期貨            	GTF    	A         	176	80827.0000	85	39017.0000	91	41810.0000	34	15528.0000	33	15064.0000	1	464.0000
20120209	櫃買期貨            	GTF    	B         	0	.0000	0	.0000	0	.0000	84	38388.0000	0	.0000	84	38388.0000
20120209	櫃買期貨            	GTF    	C         	0	.0000	0	.0000	0	.0000	0	.0000	0	.0000	0	.0000
20120209	小型臺指            	MXF    	A         	4420	1738697.0000	4731	1861553.0000	-311	-122856.0000	3840	1514937.0000	4559	1785659.0000	-719	-270722.0000
20120209	小型臺指            	MXF    	B         	0	.0000	0	.0000	0	.0000	5	1980.0000	46	18216.0000	-41	-16236.0000
20120209	小型臺指            	MXF    	C         	12822	5044581.0000	14151	5566321.0000	-1329	-521740.0000	7091	2804268.0000	8388	3318000.0000	-1297	-513732.0000
20120209	股票期貨            	STF    	A         	17346	900040.0000	17322	876054.0000	24	23986.0000	16178	1767996.0000	22535	1623319.0000	-6357	144677.0000
20120209	股票期貨            	STF    	B         	0	.0000	0	.0000	0	.0000	11132	1685367.0000	0	.0000	11132	1685367.0000
20120209	股票期貨            	STF    	C         	201	34699.0000	3876	138823.0000	-3675	-104124.0000	4580	472480.0000	38075	3530402.0000	-33495	-3057922.0000
20120209	臺灣50期貨          	T5F    	A         	0	.0000	0	.0000	0	.0000	0	.0000	0	.0000	0	.0000
20120209	臺灣50期貨          	T5F    	B         	0	.0000	0	.0000	0	.0000	0	.0000	0	.0000	0	.0000
20120209	臺灣50期貨          	T5F    	C         	0	.0000	0	.0000	0	.0000	0	.0000	0	.0000	0	.0000
20120209	臺股期貨            	TXF    	A         	19020	29954554.0000	17034	26829123.0000	1986	3125431.0000	14124	22342963.0000	5580	8698512.0000	8544	13644451.0000
20120209	臺股期貨            	TXF    	B         	52	82250.0000	117	183982.0000	-65	-101733.0000	1147	1816812.0000	737	1167222.0000	410	649590.0000
20120209	臺股期貨            	TXF    	C         	19774	31118167.0000	21974	34574516.0000	-2200	-3456348.0000	33539	52975374.0000	22257	35192109.0000	11282	17783265.0000
20120209	非金電期貨          	XIF    	A         	197	212078.0000	174	187425.0000	23	24652.0000	189	204369.0000	175	189249.0000	14	15120.0000
20120209	非金電期貨          	XIF    	B         	0	.0000	0	.0000	0	.0000	8	8652.0000	0	.0000	8	8652.0000
20120209	非金電期貨          	XIF    	C         	127	136815.0000	182	195900.0000	-55	-59086.0000	451	487757.0000	515	556958.0000	-64	-69201.0000
20120210	電子期貨            	EXF    	A         	830	979989.0000	854	1008375.0000	-24	-28385.0000	442	519844.0000	465	546739.0000	-23	-26895.0000
20120210	電子期貨            	EXF    	B         	0	.0000	3	3530.0000	-3	-3530.0000	81	95284.0000	22	25881.0000	59	69403.0000
20120210	電子期貨            	EXF    	C         	1432	1690158.0000	1626	1919408.0000	-194	-229250.0000	2291	2694900.0000	2034	2392701.0000	257	302199.0000
20120210	金融期貨            	FXF    	A         	1379	1212434.0000	1275	1119361.0000	104	93074.0000	641	560467.0000	360	314726.0000	281	245741.0000
20120210	金融期貨            	FXF    	B         	0	.0000	0	.0000	0	.0000	62	54213.0000	20	17488.0000	42	36725.0000
20120210	金融期貨            	FXF    	C         	3155	2771920.0000	2928	2573603.0000	227	198317.0000	1689	1476644.0000	3056	2671833.0000	-1367	-1195189.0000
20120210	櫃買期貨            	GTF    	A         	92	42300.0000	74	34076.0000	18	8224.0000	44	20154.0000	25	11465.0000	19	8689.0000
20120210	櫃買期貨            	GTF    	B         	0	.0000	0	.0000	0	.0000	84	38606.0000	0	.0000	84	38606.0000
20120210	櫃買期貨            	GTF    	C         	0	.0000	0	.0000	0	.0000	0	.0000	0	.0000	0	.0000
20120210	小型臺指            	MXF    	A         	4188	1649095.0000	5376	2113954.0000	-1188	-464859.0000	3483	1365855.0000	4950	1926643.0000	-1467	-560788.0000
20120210	小型臺指            	MXF    	B         	0	.0000	46	18076.0000	-46	-18076.0000	5	1966.0000	92	36156.0000	-87	-34190.0000
20120210	小型臺指            	MXF    	C         	11844	4665378.0000	14470	5700543.0000	-2626	-1035165.0000	7262	2851751.0000	10633	4177262.0000	-3371	-1325511.0000
20120210	股票期貨            	STF    	A         	12342	640709.0000	12347	654310.0000	-5	-13601.0000	16401	1782761.0000	22763	1653604.0000	-6362	129157.0000
20120210	股票期貨            	STF    	B         	0	.0000	0	.0000	0	.0000	11132	1666533.0000	0	.0000	11132	1666533.0000
20120210	股票期貨            	STF    	C         	190	29931.0000	307	22058.0000	-117	7874.0000	4572	474258.0000	38184	3507576.0000	-33612	-3033318.0000
20120210	臺灣50期貨          	T5F    	A         	0	.0000	0	.0000	0	.0000	0	.0000	0	.0000	0	.0000
20120210	臺灣50期貨          	T5F    	B         	0	.0000	0	.0000	0	.0000	0	.0000	0	.0000	0	.0000
20120210	臺灣50期貨          	T5F    	C         	0	.0000	0	.0000	0	.0000	0	.0000	0	.0000	0	.0000
20120210	臺股期貨            	TXF    	A         	17129	26987897.0000	19386	30530142.0000	-2257	-3542245.0000	13153	20662001.0000	6976	10830125.0000	6177	9831876.0000
20120210	臺股期貨            	TXF    	B         	35	54991.0000	54	84872.0000	-19	-29881.0000	1147	1804195.0000	756	1188954.0000	391	615241.0000
20120210	臺股期貨            	TXF    	C         	18632	29347050.0000	21264	33502099.0000	-2632	-4155049.0000	34027	53367413.0000	25515	40071771.0000	8512	13295642.0000
20120210	非金電期貨          	XIF    	A         	166	179013.0000	194	209247.0000	-28	-30234.0000	155	167288.0000	169	182403.0000	-14	-15115.0000
20120210	非金電期貨          	XIF    	B         	0	.0000	0	.0000	0	.0000	8	8636.0000	0	.0000	8	8636.0000
20120210	非金電期貨          	XIF    	C         	204	220075.0000	177	190999.0000	27	29076.0000	463	499791.0000	500	539731.0000	-37	-39940.0000
20120213	電子期貨            	EXF    	A         	1196	1408681.0000	1065	1253197.0000	131	155484.0000	621	733043.0000	513	605333.0000	108	127710.0000
20120213	電子期貨            	EXF    	B         	0	.0000	10	11679.0000	-10	-11679.0000	81	95626.0000	32	37771.0000	49	57855.0000
20120213	電子期貨            	EXF    	C         	2053	2413968.0000	1939	2281955.0000	114	132013.0000	2229	2631157.0000	1858	2193344.0000	371	437813.0000
20120213	金融期貨            	FXF    	A         	849	746473.0000	1105	971355.0000	-256	-224882.0000	610	536970.0000	585	514889.0000	25	22081.0000
20120213	金融期貨            	FXF    	B         	0	.0000	0	.0000	0	.0000	62	54585.0000	20	17608.0000	42	36977.0000
20120213	金融期貨            	FXF    	C         	3208	2818568.0000	3276	2879163.0000	-68	-60594.0000	1860	1637251.0000	3295	2900450.0000	-1435	-1263199.0000
20120213	櫃買期貨            	GTF    	A         	88	40703.0000	119	55114.0000	-31	-14411.0000	23	10686.0000	35	16310.0000	-12	-5624.0000
20120213	櫃買期貨            	GTF    	B         	44	20439.0000	44	20517.0000	0	-78.0000	84	39098.0000	0	.0000	84	39098.0000
20120213	櫃買期貨            	GTF    	C         	0	.0000	0	.0000	0	.0000	0	.0000	0	.0000	0	.0000
20120213	小型臺指            	MXF    	A         	5842	2305233.0000	6226	2458369.0000	-384	-153137.0000	3735	1473228.0000	5402	2116092.0000	-1667	-642864.0000
20120213	小型臺指            	MXF    	B         	46	18064.0000	97	38228.0000	-51	-20164.0000	5	1976.0000	143	56506.0000	-138	-54530.0000
20120213	小型臺指            	MXF    	C         	13288	5243905.0000	12604	4977522.0000	684	266383.0000	7664	3026931.0000	9599	3790414.0000	-1935	-763483.0000
20120213	股票期貨            	STF    	A         	9194	519887.0000	10757	633233.0000	-1563	-113346.0000	16370	1770281.0000	24295	1752464.0000	-7925	17817.0000
20120213	股票期貨            	STF    	B         	0	.0000	0	.0000	0	.0000	11132	1668350.0000	0	.0000	11132	1668350.0000
20120213	股票期貨            	STF    	C         	956	57293.0000	211	11785.0000	745	45508.0000	4821	493436.0000	37688	3488106.0000	-32867	-2994670.0000
20120213	臺灣50期貨          	T5F    	A         	0	.0000	0	.0000	0	.0000	0	.0000	0	.0000	0	.0000
20120213	臺灣50期貨          	T5F    	B         	0	.0000	0	.0000	0	.0000	0	.0000	0	.0000	0	.0000
20120213	臺灣50期貨          	T5F    	C         	0	.0000	0	.0000	0	.0000	0	.0000	0	.0000	0	.0000
20120213	臺股期貨            	TXF    	A         	19445	30723521.0000	20834	32913282.0000	-1389	-2189762.0000	13192	20832107.0000	8450	13217365.0000	4742	7614742.0000
20120213	臺股期貨            	TXF    	B         	329	520792.0000	390	616532.0000	-61	-95740.0000	1112	1757981.0000	782	1236250.0000	330	521731.0000
20120213	臺股期貨            	TXF    	C         	27731	43752715.0000	26160	41309764.0000	1571	2442951.0000	38588	60860270.0000	28721	45352138.0000	9867	15508132.0000
20120213	非金電期貨          	XIF    	A         	345	374792.0000	395	428897.0000	-50	-54106.0000	183	199108.0000	247	268975.0000	-64	-69867.0000
20120213	非金電期貨          	XIF    	B         	0	.0000	0	.0000	0	.0000	8	8705.0000	0	.0000	8	8705.0000
20120213	非金電期貨          	XIF    	C         	456	495070.0000	364	395406.0000	92	99664.0000	480	522505.0000	425	462443.0000	55	60062.0000
20120214	電子期貨            	EXF    	A         	1021	1204926.0000	1121	1322186.0000	-100	-117261.0000	593	700678.0000	585	691070.0000	8	9608.0000
20120214	電子期貨            	EXF    	B         	75	88464.0000	75	88531.0000	0	-67.0000	81	95679.0000	32	37812.0000	49	57867.0000
20120214	電子期貨            	EXF    	C         	2306	2719820.0000	2517	2969828.0000	-211	-250009.0000	2252	2660874.0000	2092	2471821.0000	160	189053.0000
20120214	金融期貨            	FXF    	A         	1726	1493698.0000	1950	1688351.0000	-224	-194652.0000	422	365125.0000	621	537424.0000	-199	-172299.0000
20120214	金融期貨            	FXF    	B         	47	40512.0000	47	40539.0000	0	-28.0000	62	53636.0000	20	17320.0000	42	36316.0000
20120214	金融期貨            	FXF    	C         	3722	3219040.0000	3704	3204621.0000	18	14419.0000	1839	1591805.0000	3256	2817340.0000	-1417	-1225535.0000
20120214	櫃買期貨            	GTF    	A         	102	47054.0000	71	32831.0000	31	14224.0000	36	16670.0000	17	7850.0000	19	8820.0000
20120214	櫃買期貨            	GTF    	B         	40	18473.0000	40	18507.0000	0	-34.0000	84	38909.0000	0	.0000	84	38909.0000
20120214	櫃買期貨            	GTF    	C         	0	.0000	0	.0000	0	.0000	0	.0000	0	.0000	0	.0000
20120214	小型臺指            	MXF    	A         	9127	3589167.0000	8898	3496843.0000	229	92324.0000	3952	1553071.0000	4794	1868977.0000	-842	-315906.0000
20120214	小型臺指            	MXF    	B         	0	.0000	0	.0000	0	.0000	5	1969.0000	143	56299.0000	-138	-54330.0000
20120214	小型臺指            	MXF    	C         	12958	5096361.0000	14556	5724350.0000	-1598	-627989.0000	7807	3071602.0000	7968	3133766.0000	-161	-62164.0000
20120214	股票期貨            	STF    	A         	14191	878412.0000	13975	848715.0000	216	29697.0000	16455	1774454.0000	24164	1715523.0000	-7709	58931.0000
20120214	股票期貨            	STF    	B         	0	.0000	0	.0000	0	.0000	11132	1685687.0000	0	.0000	11132	1685687.0000
20120214	股票期貨            	STF    	C         	530	74015.0000	863	65470.0000	-333	8545.0000	4877	522262.0000	38077	3519799.0000	-33200	-2997537.0000
20120214	臺灣50期貨          	T5F    	A         	0	.0000	0	.0000	0	.0000	0	.0000	0	.0000	0	.0000
20120214	臺灣50期貨          	T5F    	B         	0	.0000	0	.0000	0	.0000	0	.0000	0	.0000	0	.0000
20120214	臺灣50期貨          	T5F    	C         	0	.0000	0	.0000	0	.0000	0	.0000	0	.0000	0	.0000
20120214	臺股期貨            	TXF    	A         	29353	46165460.0000	25945	40785912.0000	3408	5379548.0000	13630	21446614.0000	5629	8728832.0000	8001	12717782.0000
20120214	臺股期貨            	TXF    	B         	1165	1831361.0000	1268	1993307.0000	-103	-161946.0000	1114	1754327.0000	887	1396848.0000	227	357479.0000
20120214	臺股期貨            	TXF    	C         	34210	53798008.0000	36079	56750213.0000	-1869	-2952205.0000	35854	56340595.0000	28699	45162432.0000	7155	11178163.0000
20120214	非金電期貨          	XIF    	A         	325	351635.0000	327	353867.0000	-2	-2233.0000	186	201116.0000	252	272467.0000	-66	-71351.0000
20120214	非金電期貨          	XIF    	B         	8	8632.0000	8	8632.0000	0	.0000	8	8650.0000	0	.0000	8	8650.0000
20120214	非金電期貨          	XIF    	C         	180	194494.0000	202	218476.0000	-22	-23982.0000	502	542819.0000	469	507164.0000	33	35655.0000
20120215	電子期貨            	EXF    	A         	1245	1487151.0000	1123	1342713.0000	122	144438.0000	373	448367.0000	399	479658.0000	-26	-31291.0000
20120215	電子期貨            	EXF    	B         	35	41874.0000	3	3611.0000	32	38263.0000	81	97378.0000	0	.0000	81	97378.0000
20120215	電子期貨            	EXF    	C         	2464	2941731.0000	2352	2808515.0000	112	133217.0000	1348	1620566.0000	1008	1211803.0000	340	408763.0000
20120215	金融期貨            	FXF    	A         	1248	1085212.0000	1219	1060200.0000	29	25012.0000	313	275610.0000	619	545067.0000	-306	-269457.0000
20120215	金融期貨            	FXF    	B         	15	13110.0000	15	13083.0000	0	27.0000	62	54597.0000	0	.0000	62	54597.0000
20120215	金融期貨            	FXF    	C         	3108	2703797.0000	3480	3027575.0000	-372	-323778.0000	970	854182.0000	3132	2758032.0000	-2162	-1903850.0000
20120215	櫃買期貨            	GTF    	A         	33	15498.0000	51	23912.0000	-18	-8414.0000	10	4726.0000	4	1874.0000	6	2852.0000
20120215	櫃買期貨            	GTF    	B         	0	.0000	0	.0000	0	.0000	84	39698.0000	0	.0000	84	39698.0000
20120215	櫃買期貨            	GTF    	C         	0	.0000	0	.0000	0	.0000	0	.0000	0	.0000	0	.0000
20120215	小型臺指            	MXF    	A         	8078	3208847.0000	6097	2425902.0000	1981	782945.0000	2541	1014124.0000	1567	609993.0000	974	404131.0000
20120215	小型臺指            	MXF    	B         	5	2002.0000	41	16241.0000	-36	-14239.0000	5	2003.0000	179	71707.0000	-174	-69704.0000
20120215	小型臺指            	MXF    	C         	13516	5373778.0000	11068	4402707.0000	2448	971071.0000	7469	2990213.0000	1623	647126.0000	5846	2343087.0000
20120215	股票期貨            	STF    	A         	12514	811627.0000	13269	891947.0000	-755	-80320.0000	10822	1285271.0000	17669	1235018.0000	-6847	50253.0000
20120215	股票期貨            	STF    	B         	0	.0000	0	.0000	0	.0000	11132	1712241.0000	0	.0000	11132	1712241.0000
20120215	股票期貨            	STF    	C         	1107	108919.0000	337	23057.0000	770	85862.0000	3214	450077.0000	36073	3435875.0000	-32859	-2985798.0000
20120215	臺灣50期貨          	T5F    	A         	0	.0000	0	.0000	0	.0000	0	.0000	0	.0000	0	.0000
20120215	臺灣50期貨          	T5F    	B         	0	.0000	0	.0000	0	.0000	0	.0000	0	.0000	0	.0000
20120215	臺灣50期貨          	T5F    	C         	0	.0000	0	.0000	0	.0000	0	.0000	0	.0000	0	.0000
20120215	臺股期貨            	TXF    	A         	26114	41575072.0000	26480	42150633.0000	-366	-575561.0000	5490	8778500.0000	4545	7148998.0000	945	1629502.0000
20120215	臺股期貨            	TXF    	B         	241	383154.0000	206	327673.0000	35	55481.0000	1107	1773857.0000	774	1240258.0000	333	533599.0000
20120215	臺股期貨            	TXF    	C         	33104	52629435.0000	28866	45912428.0000	4238	6717007.0000	25457	40652797.0000	13719	21929999.0000	11738	18722798.0000
20120215	非金電期貨          	XIF    	A         	462	505522.0000	378	412316.0000	84	93206.0000	6	6588.0000	250	274975.0000	-244	-268387.0000
20120215	非金電期貨          	XIF    	B         	0	.0000	0	.0000	0	.0000	8	8799.0000	0	.0000	8	8799.0000
20120215	非金電期貨          	XIF    	C         	289	315574.0000	404	442111.0000	-115	-126537.0000	320	351968.0000	135	148475.0000	185	203493.0000
20120216	電子期貨            	EXF    	A         	1055	1258245.0000	1022	1220043.0000	33	38203.0000	531	629607.0000	524	621338.0000	7	8269.0000
20120216	電子期貨            	EXF    	B         	0	.0000	50	59547.0000	-50	-59547.0000	81	96050.0000	50	59290.0000	31	36760.0000
20120216	電子期貨            	EXF    	C         	1704	2035295.0000	1523	1817106.0000	181	218189.0000	1540	1826132.0000	1019	1208314.0000	521	617818.0000
20120216	金融期貨            	FXF    	A         	978	844059.0000	1125	974122.0000	-147	-130062.0000	284	243937.0000	737	633060.0000	-453	-389123.0000
20120216	金融期貨            	FXF    	B         	0	.0000	0	.0000	0	.0000	62	53258.0000	0	.0000	62	53258.0000
20120216	金融期貨            	FXF    	C         	2513	2173295.0000	2809	2430433.0000	-296	-257138.0000	728	625352.0000	3186	2736766.0000	-2458	-2111414.0000
20120216	櫃買期貨            	GTF    	A         	42	19607.0000	66	30773.0000	-24	-11166.0000	0	.0000	18	8256.0000	-18	-8256.0000
20120216	櫃買期貨            	GTF    	B         	0	.0000	0	.0000	0	.0000	84	38606.0000	0	.0000	84	38606.0000
20120216	櫃買期貨            	GTF    	C         	0	.0000	0	.0000	0	.0000	0	.0000	0	.0000	0	.0000
20120216	小型臺指            	MXF    	A         	3692	1462639.0000	6431	2550588.0000	-2739	-1087949.0000	2539	999447.0000	4048	1581492.0000	-1509	-582045.0000
20120216	小型臺指            	MXF    	B         	2	796.0000	0	.0000	2	796.0000	7	2767.0000	179	70750.0000	-172	-67983.0000
20120216	小型臺指            	MXF    	C         	12030	4775107.0000	15890	6313878.0000	-3860	-1538771.0000	5764	2276543.0000	2170	854472.0000	3594	1422071.0000
20120216	股票期貨            	STF    	A         	11515	763494.0000	12650	819355.0000	-1135	-55861.0000	11671	1310059.0000	19653	1317343.0000	-7982	-7284.0000
20120216	股票期貨            	STF    	B         	0	.0000	0	.0000	0	.0000	11132	1711262.0000	0	.0000	11132	1711262.0000
20120216	股票期貨            	STF    	C         	1782	106511.0000	912	49802.0000	870	56710.0000	3970	494090.0000	35959	3388062.0000	-31989	-2893972.0000
20120216	臺灣50期貨          	T5F    	A         	0	.0000	0	.0000	0	.0000	0	.0000	0	.0000	0	.0000
20120216	臺灣50期貨          	T5F    	B         	0	.0000	0	.0000	0	.0000	0	.0000	0	.0000	0	.0000
20120216	臺灣50期貨          	T5F    	C         	0	.0000	0	.0000	0	.0000	0	.0000	0	.0000	0	.0000
20120216	臺股期貨            	TXF    	A         	17464	27706251.0000	18872	29957083.0000	-1408	-2250832.0000	4897	7719035.0000	5424	8438679.0000	-527	-719644.0000
20120216	臺股期貨            	TXF    	B         	28	44675.0000	325	515120.0000	-297	-470446.0000	1081	1709061.0000	1045	1652145.0000	36	56916.0000
20120216	臺股期貨            	TXF    	C         	18804	29865649.0000	19508	30993811.0000	-704	-1128163.0000	26185	41257435.0000	15553	24530414.0000	10632	16727021.0000
20120216	非金電期貨          	XIF    	A         	97	106042.0000	92	100560.0000	5	5482.0000	14	15267.0000	253	275801.0000	-239	-260534.0000
20120216	非金電期貨          	XIF    	B         	0	.0000	0	.0000	0	.0000	8	8721.0000	0	.0000	8	8721.0000
20120216	非金電期貨          	XIF    	C         	226	247031.0000	186	203321.0000	40	43711.0000	364	396796.0000	139	151513.0000	225	245283.0000
20120217	電子期貨            	EXF    	A         	1274	1520252.0000	1124	1342876.0000	150	177376.0000	716	851272.0000	559	664587.0000	157	186685.0000
20120217	電子期貨            	EXF    	B         	0	.0000	0	.0000	0	.0000	81	96309.0000	50	59450.0000	31	36859.0000
20120217	電子期貨            	EXF    	C         	2229	2662633.0000	2853	3407945.0000	-624	-745312.0000	1197	1423233.0000	1300	1545676.0000	-103	-122443.0000
20120217	金融期貨            	FXF    	A         	1058	912160.0000	1063	916032.0000	-5	-3872.0000	319	273174.0000	777	665392.0000	-458	-392218.0000
20120217	金融期貨            	FXF    	B         	0	.0000	10	8643.0000	-10	-8643.0000	52	44533.0000	0	.0000	52	44533.0000
20120217	金融期貨            	FXF    	C         	3322	2863453.0000	3454	2979425.0000	-132	-115972.0000	717	614039.0000	3307	2832097.0000	-2590	-2218058.0000
20120217	櫃買期貨            	GTF    	A         	50	23111.0000	77	35729.0000	-27	-12618.0000	3	1389.0000	48	22243.0000	-45	-20854.0000
20120217	櫃買期貨            	GTF    	B         	0	.0000	0	.0000	0	.0000	84	38959.0000	0	.0000	84	38959.0000
20120217	櫃買期貨            	GTF    	C         	0	.0000	0	.0000	0	.0000	0	.0000	0	.0000	0	.0000
20120217	小型臺指            	MXF    	A         	7427	2950040.0000	7357	2917435.0000	70	32605.0000	2795	1104438.0000	4618	1811554.0000	-1823	-707116.0000
20120217	小型臺指            	MXF    	B         	0	.0000	12	4780.0000	-12	-4780.0000	7	2775.0000	191	75722.0000	-184	-72947.0000
20120217	小型臺指            	MXF    	C         	19678	7816874.0000	21854	8680752.0000	-2176	-863878.0000	5838	2312810.0000	2944	1164060.0000	2894	1148750.0000
20120217	股票期貨            	STF    	A         	17772	1024175.0000	18866	1090857.0000	-1094	-66681.0000	12254	1397378.0000	21330	1461825.0000	-9076	-64447.0000
20120217	股票期貨            	STF    	B         	0	.0000	0	.0000	0	.0000	11132	1738932.0000	0	.0000	11132	1738932.0000
20120217	股票期貨            	STF    	C         	1464	124778.0000	691	59833.0000	773	64945.0000	5117	601712.0000	36333	3461325.0000	-31216	-2859613.0000
20120217	臺灣50期貨          	T5F    	A         	0	.0000	0	.0000	0	.0000	0	.0000	0	.0000	0	.0000
20120217	臺灣50期貨          	T5F    	B         	0	.0000	0	.0000	0	.0000	0	.0000	0	.0000	0	.0000
20120217	臺灣50期貨          	T5F    	C         	0	.0000	0	.0000	0	.0000	0	.0000	0	.0000	0	.0000
20120217	臺股期貨            	TXF    	A         	23528	37388912.0000	23085	36687077.0000	443	701835.0000	5548	8774773.0000	5536	8644236.0000	12	130537.0000
20120217	臺股期貨            	TXF    	B         	45	71071.0000	68	107446.0000	-23	-36375.0000	1041	1650818.0000	1028	1630202.0000	13	20616.0000
20120217	臺股期貨            	TXF    	C         	21563	34270826.0000	23404	37192036.0000	-1841	-2921210.0000	25983	41063621.0000	17561	27788963.0000	8422	13274658.0000
20120217	非金電期貨          	XIF    	A         	122	133510.0000	127	139019.0000	-5	-5509.0000	25	27405.0000	269	294877.0000	-244	-267472.0000
20120217	非金電期貨          	XIF    	B         	0	.0000	0	.0000	0	.0000	8	8770.0000	0	.0000	8	8770.0000
20120217	非金電期貨          	XIF    	C         	325	355887.0000	371	406254.0000	-46	-50367.0000	354	388055.0000	175	191824.0000	179	196231.0000
20120220	電子期貨            	EXF    	A         	756	898533.0000	686	815363.0000	70	83170.0000	774	920543.0000	547	650569.0000	227	269974.0000
20120220	電子期貨            	EXF    	B         	0	.0000	0	.0000	0	.0000	81	96341.0000	50	59470.0000	31	36871.0000
20120220	電子期貨            	EXF    	C         	1530	1818643.0000	1362	1618040.0000	168	200603.0000	1360	1617584.0000	1295	1540257.0000	65	77327.0000
20120220	金融期貨            	FXF    	A         	676	581913.0000	828	712225.0000	-152	-130312.0000	313	268100.0000	923	790608.0000	-610	-522508.0000
20120220	金融期貨            	FXF    	B         	0	.0000	0	.0000	0	.0000	52	44543.0000	0	.0000	52	44543.0000
20120220	金融期貨            	FXF    	C         	1914	1645713.0000	2121	1824745.0000	-207	-179032.0000	695	595337.0000	3492	2991229.0000	-2797	-2395892.0000
20120220	櫃買期貨            	GTF    	A         	28	13112.0000	58	27188.0000	-30	-14076.0000	5	2354.0000	80	37772.0000	-75	-35418.0000
20120220	櫃買期貨            	GTF    	B         	0	.0000	0	.0000	0	.0000	84	39682.0000	0	.0000	84	39682.0000
20120220	櫃買期貨            	GTF    	C         	0	.0000	1	472.0000	-1	-472.0000	0	.0000	1	472.0000	-1	-472.0000
20120220	小型臺指            	MXF    	A         	4437	1766248.0000	3857	1533525.0000	580	232722.0000	3030	1201912.0000	4329	1702856.0000	-1299	-500944.0000
20120220	小型臺指            	MXF    	B         	3	1195.0000	12	4765.0000	-9	-3570.0000	10	3979.0000	203	80764.0000	-193	-76785.0000
20120220	小型臺指            	MXF    	C         	12477	4964941.0000	12823	5101322.0000	-346	-136381.0000	5918	2352888.0000	2954	1172182.0000	2964	1180706.0000
20120220	股票期貨            	STF    	A         	11005	606808.0000	11299	635106.0000	-294	-28299.0000	12839	1438526.0000	22209	1535353.0000	-9370	-96827.0000
20120220	股票期貨            	STF    	B         	0	.0000	0	.0000	0	.0000	11132	1760435.0000	0	.0000	11132	1760435.0000
20120220	股票期貨            	STF    	C         	231	16870.0000	433	20499.0000	-202	-3629.0000	5250	614799.0000	36668	3505368.0000	-31418	-2890569.0000
20120220	臺灣50期貨          	T5F    	A         	0	.0000	0	.0000	0	.0000	0	.0000	0	.0000	0	.0000
20120220	臺灣50期貨          	T5F    	B         	0	.0000	0	.0000	0	.0000	0	.0000	0	.0000	0	.0000
20120220	臺灣50期貨          	T5F    	C         	0	.0000	0	.0000	0	.0000	0	.0000	0	.0000	0	.0000
20120220	臺股期貨            	TXF    	A         	12761	20316589.0000	11683	18590817.0000	1078	1725772.0000	6566	10426308.0000	5462	8558934.0000	1104	1867374.0000
20120220	臺股期貨            	TXF    	B         	56	89521.0000	67	106592.0000	-11	-17071.0000	1063	1691658.0000	1061	1688475.0000	2	3183.0000
20120220	臺股期貨            	TXF    	C         	15187	24167865.0000	16728	26618402.0000	-1541	-2450537.0000	25022	39683830.0000	18245	28974717.0000	6777	10709113.0000
20120220	非金電期貨          	XIF    	A         	131	145073.0000	125	138428.0000	6	6645.0000	48	53145.0000	286	316658.0000	-238	-263513.0000
20120220	非金電期貨          	XIF    	B         	0	.0000	0	.0000	0	.0000	8	8858.0000	0	.0000	8	8858.0000
20120220	非金電期貨          	XIF    	C         	138	152857.0000	172	190481.0000	-34	-37624.0000	359	397485.0000	214	236929.0000	145	160556.0000
20120221	電子期貨            	EXF    	A         	1059	1254507.0000	1235	1461965.0000	-176	-207458.0000	541	642432.0000	490	581874.0000	51	60558.0000
20120221	電子期貨            	EXF    	B         	0	.0000	0	.0000	0	.0000	81	96196.0000	50	59380.0000	31	36816.0000
20120221	電子期貨            	EXF    	C         	2158	2554933.0000	1947	2305138.0000	211	249795.0000	1740	2066424.0000	1464	1738613.0000	276	327811.0000
20120221	金融期貨            	FXF    	A         	1046	884936.0000	1082	914965.0000	-36	-30029.0000	287	244163.0000	933	793737.0000	-646	-549574.0000
20120221	金融期貨            	FXF    	B         	0	.0000	0	.0000	0	.0000	52	44242.0000	0	.0000	52	44242.0000
20120221	金融期貨            	FXF    	C         	3308	2798414.0000	3292	2783741.0000	16	14673.0000	678	576842.0000	3459	2942882.0000	-2781	-2366040.0000
20120221	櫃買期貨            	GTF    	A         	18	8533.0000	19	9016.0000	-1	-483.0000	9	4264.0000	85	40307.0000	-76	-36043.0000
20120221	櫃買期貨            	GTF    	B         	0	.0000	0	.0000	0	.0000	84	39850.0000	0	.0000	84	39850.0000
20120221	櫃買期貨            	GTF    	C         	0	.0000	0	.0000	0	.0000	0	.0000	1	474.0000	-1	-474.0000
20120221	小型臺指            	MXF    	A         	9661	3820973.0000	7891	3116014.0000	1770	704959.0000	4554	1806211.0000	4151	1629550.0000	403	176661.0000
20120221	小型臺指            	MXF    	B         	0	.0000	0	.0000	0	.0000	10	3974.0000	203	80662.0000	-193	-76688.0000
20120221	小型臺指            	MXF    	C         	18015	7127192.0000	18311	7241794.0000	-296	-114602.0000	6092	2419075.0000	2336	925029.0000	3756	1494046.0000
20120221	股票期貨            	STF    	A         	12968	663459.0000	11942	632316.0000	1026	31143.0000	13840	1494979.0000	22184	1553107.0000	-8344	-58128.0000
20120221	股票期貨            	STF    	B         	0	.0000	0	.0000	0	.0000	11132	1759282.0000	0	.0000	11132	1759282.0000
20120221	股票期貨            	STF    	C         	196	18901.0000	1000	60252.0000	-804	-41350.0000	5054	608889.0000	37276	3533662.0000	-32222	-2924773.0000
20120221	臺灣50期貨          	T5F    	A         	1	547.0000	1	547.0000	0	.0000	1	547.0000	1	536.0000	0	11.0000
20120221	臺灣50期貨          	T5F    	B         	0	.0000	0	.0000	0	.0000	0	.0000	0	.0000	0	.0000
20120221	臺灣50期貨          	T5F    	C         	0	.0000	0	.0000	0	.0000	0	.0000	0	.0000	0	.0000
20120221	臺股期貨            	TXF    	A         	23130	36602508.0000	23125	36579671.0000	5	22838.0000	6827	10825992.0000	5701	8927034.0000	1126	1898958.0000
20120221	臺股期貨            	TXF    	B         	51	80605.0000	114	180654.0000	-63	-100049.0000	1028	1633903.0000	1089	1730857.0000	-61	-96954.0000
20120221	臺股期貨            	TXF    	C         	27263	43138274.0000	26011	41144198.0000	1252	1994075.0000	25992	41172369.0000	18235	28918901.0000	7757	12253468.0000
20120221	非金電期貨          	XIF    	A         	322	354771.0000	283	311749.0000	39	43023.0000	53	58648.0000	252	278862.0000	-199	-220214.0000
20120221	非金電期貨          	XIF    	B         	0	.0000	0	.0000	0	.0000	8	8853.0000	0	.0000	8	8853.0000
20120221	非金電期貨          	XIF    	C         	177	195092.0000	205	226006.0000	-28	-30914.0000	312	345259.0000	195	215776.0000	117	129483.0000
20120222	電子期貨            	EXF    	A         	956	1140574.0000	945	1128127.0000	11	12447.0000	652	781548.0000	590	707248.0000	62	74300.0000
20120222	電子期貨            	EXF    	B         	0	.0000	0	.0000	0	.0000	81	97103.0000	50	59940.0000	31	37163.0000
20120222	電子期貨            	EXF    	C         	1615	1926611.0000	1692	2019243.0000	-77	-92632.0000	1744	2090707.0000	1545	1852113.0000	199	238594.0000
20120222	金融期貨            	FXF    	A         	1229	1049283.0000	1191	1015517.0000	38	33766.0000	356	304651.0000	964	824945.0000	-608	-520294.0000
20120222	金融期貨            	FXF    	B         	60	51512.0000	0	.0000	60	51512.0000	112	95850.0000	0	.0000	112	95850.0000
20120222	金融期貨            	FXF    	C         	3017	2572242.0000	3291	2807121.0000	-274	-234880.0000	771	659822.0000	3826	3274252.0000	-3055	-2614430.0000
20120222	櫃買期貨            	GTF    	A         	23	11032.0000	48	23101.0000	-25	-12070.0000	15	7224.0000	116	56058.0000	-101	-48834.0000
20120222	櫃買期貨            	GTF    	B         	0	.0000	0	.0000	0	.0000	84	40606.0000	0	.0000	84	40606.0000
20120222	櫃買期貨            	GTF    	C         	0	.0000	0	.0000	0	.0000	0	.0000	1	483.0000	-1	-483.0000
20120222	小型臺指            	MXF    	A         	8269	3298225.0000	7125	2844219.0000	1144	454006.0000	5837	2331865.0000	4214	1666627.0000	1623	665238.0000
20120222	小型臺指            	MXF    	B         	0	.0000	0	.0000	0	.0000	10	4003.0000	203	81251.0000	-193	-77248.0000
20120222	小型臺指            	MXF    	C         	16883	6732634.0000	16345	6519849.0000	538	212784.0000	6568	2627196.0000	3294	1315456.0000	3274	1311740.0000
20120222	股票期貨            	STF    	A         	9731	587920.0000	10475	657886.0000	-744	-69967.0000	14060	1534213.0000	23148	1657030.0000	-9088	-122817.0000
20120222	股票期貨            	STF    	B         	0	.0000	0	.0000	0	.0000	11132	1764039.0000	0	.0000	11132	1764039.0000
20120222	股票期貨            	STF    	C         	747	66340.0000	259	13069.0000	488	53270.0000	5293	622980.0000	37027	3527641.0000	-31734	-2904661.0000
20120222	臺灣50期貨          	T5F    	A         	0	.0000	0	.0000	0	.0000	1	549.0000	1	538.0000	0	11.0000
20120222	臺灣50期貨          	T5F    	B         	0	.0000	0	.0000	0	.0000	0	.0000	0	.0000	0	.0000
20120222	臺灣50期貨          	T5F    	C         	0	.0000	0	.0000	0	.0000	0	.0000	0	.0000	0	.0000
20120222	臺股期貨            	TXF    	A         	23146	36961914.0000	22722	36297587.0000	424	664327.0000	7455	11910004.0000	5924	9346514.0000	1531	2563490.0000
20120222	臺股期貨            	TXF    	B         	320	513113.0000	107	169808.0000	213	343305.0000	1093	1749893.0000	941	1506541.0000	152	243352.0000
20120222	臺股期貨            	TXF    	C         	22795	36351115.0000	22392	35733879.0000	403	617236.0000	25837	41223657.0000	17422	27830764.0000	8415	13392893.0000
20120222	非金電期貨          	XIF    	A         	167	185380.0000	126	139927.0000	41	45453.0000	57	63406.0000	215	239094.0000	-158	-175688.0000
20120222	非金電期貨          	XIF    	B         	0	.0000	0	.0000	0	.0000	8	8896.0000	0	.0000	8	8896.0000
20120222	非金電期貨          	XIF    	C         	159	176595.0000	170	188769.0000	-11	-12174.0000	309	343608.0000	203	225725.0000	106	117883.0000
20120223	電子期貨            	EXF    	A         	600	715252.0000	660	786405.0000	-60	-71153.0000	615	732487.0000	613	730140.0000	2	2347.0000
20120223	電子期貨            	EXF    	B         	0	.0000	0	.0000	0	.0000	81	96487.0000	50	59560.0000	31	36927.0000
20120223	電子期貨            	EXF    	C         	1117	1331319.0000	968	1154000.0000	149	177319.0000	1776	2115571.0000	1428	1700988.0000	348	414583.0000
20120223	金融期貨            	FXF    	A         	572	485790.0000	559	474547.0000	13	11243.0000	363	307738.0000	958	812161.0000	-595	-504423.0000
20120223	金融期貨            	FXF    	B         	0	.0000	60	50969.0000	-60	-50969.0000	52	44086.0000	0	.0000	52	44086.0000
20120223	金融期貨            	FXF    	C         	1665	1413522.0000	1523	1293286.0000	142	120236.0000	773	655349.0000	3686	3124973.0000	-2913	-2469624.0000
20120223	櫃買期貨            	GTF    	A         	27	12901.0000	23	11042.0000	4	1859.0000	19	9008.0000	116	55222.0000	-97	-46214.0000
20120223	櫃買期貨            	GTF    	B         	0	.0000	0	.0000	0	.0000	84	40001.0000	0	.0000	84	40001.0000
20120223	櫃買期貨            	GTF    	C         	0	.0000	0	.0000	0	.0000	0	.0000	1	476.0000	-1	-476.0000
20120223	小型臺指            	MXF    	A         	3241	1289793.0000	4500	1789396.0000	-1259	-499603.0000	5554	2207812.0000	4366	1717936.0000	1188	489876.0000
20120223	小型臺指            	MXF    	B         	0	.0000	0	.0000	0	.0000	10	3982.0000	203	80824.0000	-193	-76842.0000
20120223	小型臺指            	MXF    	C         	9410	3746264.0000	11767	4684695.0000	-2357	-938431.0000	5750	2287760.0000	3585	1424364.0000	2165	863396.0000
20120223	股票期貨            	STF    	A         	7429	516078.0000	6971	497153.0000	458	18925.0000	14713	1569031.0000	23343	1670822.0000	-8630	-101791.0000
20120223	股票期貨            	STF    	B         	0	.0000	0	.0000	0	.0000	11132	1739462.0000	0	.0000	11132	1739462.0000
20120223	股票期貨            	STF    	C         	88	9794.0000	649	44347.0000	-561	-34553.0000	5071	597044.0000	37366	3504939.0000	-32295	-2907895.0000
20120223	臺灣50期貨          	T5F    	A         	0	.0000	0	.0000	0	.0000	1	546.0000	1	535.0000	0	11.0000
20120223	臺灣50期貨          	T5F    	B         	0	.0000	0	.0000	0	.0000	0	.0000	0	.0000	0	.0000
20120223	臺灣50期貨          	T5F    	C         	0	.0000	0	.0000	0	.0000	0	.0000	0	.0000	0	.0000
20120223	臺股期貨            	TXF    	A         	10181	16212746.0000	10086	16056211.0000	95	156535.0000	7345	11673632.0000	5925	9297187.0000	1420	2376445.0000
20120223	臺股期貨            	TXF    	B         	0	.0000	80	127327.0000	-80	-127327.0000	1088	1732749.0000	1016	1618082.0000	72	114667.0000
20120223	臺股期貨            	TXF    	C         	14649	23326890.0000	16109	25650298.0000	-1460	-2323408.0000	23623	37479613.0000	16980	26981190.0000	6643	10498423.0000
20120223	非金電期貨          	XIF    	A         	113	125250.0000	94	104205.0000	19	21045.0000	73	80881.0000	212	234877.0000	-139	-153996.0000
20120223	非金電期貨          	XIF    	B         	0	.0000	0	.0000	0	.0000	8	8863.0000	0	.0000	8	8863.0000
20120223	非金電期貨          	XIF    	C         	96	106465.0000	115	127481.0000	-19	-21016.0000	321	355636.0000	234	259237.0000	87	96399.0000
20120224	電子期貨            	EXF    	A         	894	1063154.0000	941	1118620.0000	-47	-55466.0000	529	629009.0000	574	682551.0000	-45	-53542.0000
20120224	電子期貨            	EXF    	B         	0	.0000	0	.0000	0	.0000	81	96325.0000	50	59460.0000	31	36865.0000
20120224	電子期貨            	EXF    	C         	1379	1638861.0000	1511	1796495.0000	-132	-157634.0000	1684	2002613.0000	1468	1745709.0000	216	256904.0000
20120224	金融期貨            	FXF    	A         	778	662619.0000	789	670942.0000	-11	-8323.0000	311	264212.0000	917	779057.0000	-606	-514845.0000
20120224	金融期貨            	FXF    	B         	0	.0000	0	.0000	0	.0000	52	44179.0000	0	.0000	52	44179.0000
20120224	金融期貨            	FXF    	C         	2059	1752121.0000	2118	1802484.0000	-59	-50362.0000	767	651643.0000	3739	3176621.0000	-2972	-2524978.0000
20120224	櫃買期貨            	GTF    	A         	41	19265.0000	30	14039.0000	11	5226.0000	16	7452.0000	102	47617.0000	-86	-40165.0000
20120224	櫃買期貨            	GTF    	B         	0	.0000	0	.0000	0	.0000	84	39228.0000	0	.0000	84	39228.0000
20120224	櫃買期貨            	GTF    	C         	0	.0000	0	.0000	0	.0000	0	.0000	1	467.0000	-1	-467.0000
20120224	小型臺指            	MXF    	A         	6260	2482773.0000	6316	2501854.0000	-56	-19081.0000	6003	2380927.0000	4767	1873202.0000	1236	507725.0000
20120224	小型臺指            	MXF    	B         	0	.0000	0	.0000	0	.0000	10	3972.0000	203	80621.0000	-193	-76649.0000
20120224	小型臺指            	MXF    	C         	14983	5942817.0000	15175	6017450.0000	-192	-74633.0000	5913	2346737.0000	3492	1383841.0000	2421	962896.0000
20120224	股票期貨            	STF    	A         	8036	503605.0000	8151	514017.0000	-115	-10411.0000	14942	1595635.0000	23687	1706618.0000	-8745	-110983.0000
20120224	股票期貨            	STF    	B         	0	.0000	0	.0000	0	.0000	11132	1755774.0000	0	.0000	11132	1755774.0000
20120224	股票期貨            	STF    	C         	229	26883.0000	510	34485.0000	-281	-7602.0000	4986	596936.0000	37562	3526671.0000	-32576	-2929735.0000
20120224	臺灣50期貨          	T5F    	A         	0	.0000	0	.0000	0	.0000	1	547.0000	1	536.0000	0	11.0000
20120224	臺灣50期貨          	T5F    	B         	0	.0000	0	.0000	0	.0000	0	.0000	0	.0000	0	.0000
20120224	臺灣50期貨          	T5F    	C         	0	.0000	0	.0000	0	.0000	0	.0000	0	.0000	0	.0000
20120224	臺股期貨            	TXF    	A         	19069	30251012.0000	19573	31034311.0000	-504	-783299.0000	6851	10860098.0000	5961	9332881.0000	890	1527217.0000
20120224	臺股期貨            	TXF    	B         	105	166714.0000	80	127009.0000	25	39704.0000	1060	1683916.0000	963	1529822.0000	97	154094.0000
20120224	臺股期貨            	TXF    	C         	19764	31358632.0000	19818	31441326.0000	-54	-82693.0000	24526	38822403.0000	18049	28612174.0000	6477	10210229.0000
20120224	非金電期貨          	XIF    	A         	150	165440.0000	126	138828.0000	24	26612.0000	73	80571.0000	188	207510.0000	-115	-126939.0000
20120224	非金電期貨          	XIF    	B         	0	.0000	0	.0000	0	.0000	8	8830.0000	0	.0000	8	8830.0000
20120224	非金電期貨          	XIF    	C         	284	313381.0000	228	251382.0000	56	61999.0000	379	418340.0000	236	260486.0000	143	157854.0000
20120229	電子期貨            	EXF    	A         	1283	1553214.0000	1004	1215368.0000	279	337846.0000	613	744487.0000	379	460292.0000	234	284195.0000
20120229	電子期貨            	EXF    	B         	0	.0000	0	.0000	0	.0000	81	98383.0000	50	60730.0000	31	37653.0000
20120229	電子期貨            	EXF    	C         	1767	2138788.0000	1712	2072360.0000	55	66428.0000	1635	1985871.0000	1364	1656683.0000	271	329188.0000
20120229	金融期貨            	FXF    	A         	1179	1020913.0000	1047	908617.0000	132	112296.0000	396	344345.0000	870	756526.0000	-474	-412181.0000
20120229	金融期貨            	FXF    	B         	111	96714.0000	0	.0000	111	96714.0000	163	141745.0000	0	.0000	163	141745.0000
20120229	金融期貨            	FXF    	C         	2508	2171005.0000	3057	2647965.0000	-549	-476960.0000	651	566110.0000	4172	3627938.0000	-3521	-3061828.0000
20120229	櫃買期貨            	GTF    	A         	10	4710.0000	39	18403.0000	-29	-13694.0000	16	7554.0000	131	62077.0000	-115	-54523.0000
20120229	櫃買期貨            	GTF    	B         	0	.0000	0	.0000	0	.0000	84	39816.0000	0	.0000	84	39816.0000
20120229	櫃買期貨            	GTF    	C         	0	.0000	0	.0000	0	.0000	0	.0000	1	474.0000	-1	-474.0000
20120229	小型臺指            	MXF    	A         	9216	3715924.0000	5366	2168937.0000	3850	1546987.0000	6723	2722816.0000	4705	1889253.0000	2018	833563.0000
20120229	小型臺指            	MXF    	B         	0	.0000	0	.0000	0	.0000	10	4056.0000	203	82327.0000	-193	-78271.0000
20120229	小型臺指            	MXF    	C         	14695	5933794.0000	10692	4322617.0000	4003	1611177.0000	8085	3276904.0000	3689	1493189.0000	4396	1783715.0000
20120229	股票期貨            	STF    	A         	7837	557103.0000	8214	550029.0000	-377	7074.0000	15125	1667619.0000	24247	1766016.0000	-9122	-98397.0000
20120229	股票期貨            	STF    	B         	0	.0000	0	.0000	0	.0000	11132	1779625.0000	0	.0000	11132	1779625.0000
20120229	股票期貨            	STF    	C         	521	33715.0000	161	10207.0000	360	23508.0000	5330	630514.0000	37546	3583043.0000	-32216	-2952529.0000
20120229	臺灣50期貨          	T5F    	A         	0	.0000	0	.0000	0	.0000	1	561.0000	1	550.0000	0	11.0000
20120229	臺灣50期貨          	T5F    	B         	0	.0000	0	.0000	0	.0000	0	.0000	0	.0000	0	.0000
20120229	臺灣50期貨          	T5F    	C         	0	.0000	0	.0000	0	.0000	0	.0000	0	.0000	0	.0000
20120229	臺股期貨            	TXF    	A         	18234	29460272.0000	17966	29060861.0000	268	399411.0000	7579	12271092.0000	5654	9036664.0000	1925	3234428.0000
20120229	臺股期貨            	TXF    	B         	181	292678.0000	71	114646.0000	110	178031.0000	1077	1747109.0000	870	1411314.0000	207	335795.0000
20120229	臺股期貨            	TXF    	C         	28024	45324658.0000	19599	31710684.0000	8425	13613974.0000	31475	50919511.0000	16066	26003134.0000	15409	24916377.0000
20120229	非金電期貨          	XIF    	A         	163	183286.0000	139	156312.0000	24	26974.0000	74	83389.0000	165	185923.0000	-91	-102534.0000
20120229	非金電期貨          	XIF    	B         	0	.0000	0	.0000	0	.0000	8	9014.0000	0	.0000	8	9014.0000
20120229	非金電期貨          	XIF    	C         	188	210872.0000	193	216520.0000	-5	-5648.0000	360	405648.0000	222	250138.0000	138	155510.0000
