20090701	電子期貨            	EXF    	A         	1209	1229692.0000	1020	1039108.0000	189	190584.0000	1582	1613797.0000	1067	1087002.0000	515	526795.0000
20090701	電子期貨            	EXF    	B         	0	.0000	60	60679.0000	-60	-60679.0000	241	246350.0000	245	250439.0000	-4	-4089.0000
20090701	電子期貨            	EXF    	C         	338	344056.0000	558	567460.0000	-220	-223404.0000	3211	3282218.0000	3590	3669698.0000	-379	-387480.0000
20090701	金融期貨            	FXF    	A         	662	531399.0000	510	409647.0000	152	121752.0000	1132	915813.0000	511	413316.0000	621	502497.0000
20090701	金融期貨            	FXF    	B         	0	.0000	0	.0000	0	.0000	106	85924.0000	44	35666.0000	62	50258.0000
20090701	金融期貨            	FXF    	C         	260	208129.0000	497	398452.0000	-237	-190323.0000	1964	1592018.0000	3793	3073172.0000	-1829	-1481154.0000
20090701	櫃買期貨            	GTF    	A         	471	184330.0000	495	193953.0000	-24	-9623.0000	60	24142.0000	112	45077.0000	-52	-20935.0000
20090701	櫃買期貨            	GTF    	B         	0	.0000	0	.0000	0	.0000	0	.0000	0	.0000	0	.0000
20090701	櫃買期貨            	GTF    	C         	0	.0000	0	.0000	0	.0000	0	.0000	0	.0000	0	.0000
20090701	摩臺期              	MSF    	A         	1	775.0000	0	.0000	1	775.0000	6	4629.0000	0	.0000	6	4629.0000
20090701	摩臺期              	MSF    	B         	0	.0000	0	.0000	0	.0000	0	.0000	0	.0000	0	.0000
20090701	摩臺期              	MSF    	C         	0	.0000	0	.0000	0	.0000	0	.0000	0	.0000	0	.0000
20090701	小型臺指            	MXF    	A         	13051	4208183.0000	11661	3764544.0000	1390	443639.0000	4833	1563137.0000	3009	975741.0000	1824	587396.0000
20090701	小型臺指            	MXF    	B         	0	.0000	0	.0000	0	.0000	0	.0000	0	.0000	0	.0000
20090701	小型臺指            	MXF    	C         	1178	379269.0000	376	120934.0000	802	258335.0000	856	278799.0000	0	.0000	856	278799.0000
20090701	臺灣50期貨          	T5F    	A         	0	.0000	0	.0000	0	.0000	16	7275.0000	0	.0000	16	7275.0000
20090701	臺灣50期貨          	T5F    	B         	0	.0000	0	.0000	0	.0000	0	.0000	0	.0000	0	.0000
20090701	臺灣50期貨          	T5F    	C         	0	.0000	0	.0000	0	.0000	0	.0000	0	.0000	0	.0000
20090701	臺股期貨            	TXF    	A         	24092	31142773.0000	23465	30353536.0000	627	789237.0000	7559	9736865.0000	8749	11377471.0000	-1190	-1640606.0000
20090701	臺股期貨            	TXF    	B         	821	1067913.0000	242	309951.0000	579	757962.0000	1200	1563360.0000	3846	5005768.0000	-2646	-3442408.0000
20090701	臺股期貨            	TXF    	C         	6137	7934819.0000	5690	7386108.0000	447	548711.0000	28364	36889215.0000	22495	29162928.0000	5869	7726287.0000
20090701	非金電期貨          	XIF    	A         	518	405317.0000	445	347717.0000	73	57600.0000	540	426743.0000	155	122415.0000	385	304328.0000
20090701	非金電期貨          	XIF    	B         	0	.0000	0	.0000	0	.0000	17	13473.0000	0	.0000	17	13473.0000
20090701	非金電期貨          	XIF    	C         	21	16447.0000	23	17840.0000	-2	-1393.0000	338	267865.0000	593	469388.0000	-255	-201523.0000
20090702	電子期貨            	EXF    	A         	690	714146.0000	663	686647.0000	27	27499.0000	1583	1631176.0000	1041	1071208.0000	542	559968.0000
20090702	電子期貨            	EXF    	B         	2	2065.0000	0	.0000	2	2065.0000	242	249889.0000	244	251954.0000	-2	-2065.0000
20090702	電子期貨            	EXF    	C         	381	394238.0000	220	227799.0000	161	166439.0000	3209	3313546.0000	3427	3538720.0000	-218	-225174.0000
20090702	金融期貨            	FXF    	A         	815	663903.0000	585	477011.0000	230	186892.0000	1222	1001434.0000	371	303718.0000	851	697716.0000
20090702	金融期貨            	FXF    	B         	10	8135.0000	0	.0000	10	8135.0000	106	87026.0000	34	27914.0000	72	59112.0000
20090702	金融期貨            	FXF    	C         	160	130349.0000	436	355895.0000	-276	-225546.0000	1821	1495041.0000	3926	3221697.0000	-2105	-1726656.0000
20090702	櫃買期貨            	GTF    	A         	367	147237.0000	376	150878.0000	-9	-3641.0000	40	16245.0000	101	41084.0000	-61	-24839.0000
20090702	櫃買期貨            	GTF    	B         	0	.0000	0	.0000	0	.0000	0	.0000	0	.0000	0	.0000
20090702	櫃買期貨            	GTF    	C         	0	.0000	0	.0000	0	.0000	0	.0000	0	.0000	0	.0000
20090702	摩臺期              	MSF    	A         	0	.0000	0	.0000	0	.0000	6	4699.0000	0	.0000	6	4699.0000
20090702	摩臺期              	MSF    	B         	0	.0000	0	.0000	0	.0000	0	.0000	0	.0000	0	.0000
20090702	摩臺期              	MSF    	C         	0	.0000	0	.0000	0	.0000	0	.0000	0	.0000	0	.0000
20090702	小型臺指            	MXF    	A         	11490	3778275.0000	10627	3494187.0000	863	284089.0000	5409	1770257.0000	3058	1002343.0000	2351	767914.0000
20090702	小型臺指            	MXF    	B         	0	.0000	0	.0000	0	.0000	0	.0000	0	.0000	0	.0000
20090702	小型臺指            	MXF    	C         	496	162672.0000	714	234218.0000	-218	-71545.0000	768	252864.0000	130	42803.0000	638	210061.0000
20090702	臺灣50期貨          	T5F    	A         	0	.0000	0	.0000	0	.0000	16	7312.0000	0	.0000	16	7312.0000
20090702	臺灣50期貨          	T5F    	B         	0	.0000	0	.0000	0	.0000	0	.0000	0	.0000	0	.0000
20090702	臺灣50期貨          	T5F    	C         	0	.0000	0	.0000	0	.0000	0	.0000	0	.0000	0	.0000
20090702	臺股期貨            	TXF    	A         	19541	25711315.0000	18510	24351036.0000	1031	1360278.0000	8355	10901373.0000	8430	11083039.0000	-75	-181666.0000
20090702	臺股期貨            	TXF    	B         	725	954318.0000	112	147355.0000	613	806963.0000	1206	1588302.0000	3239	4261227.0000	-2033	-2672925.0000
20090702	臺股期貨            	TXF    	C         	4263	5608642.0000	5181	6813377.0000	-918	-1204735.0000	27755	36494325.0000	22804	29898884.0000	4951	6595441.0000
20090702	非金電期貨          	XIF    	A         	377	300623.0000	411	327876.0000	-34	-27253.0000	532	425414.0000	181	144832.0000	351	280582.0000
20090702	非金電期貨          	XIF    	B         	0	.0000	0	.0000	0	.0000	17	13639.0000	0	.0000	17	13639.0000
20090702	非金電期貨          	XIF    	C         	34	27220.0000	33	26182.0000	1	1039.0000	360	288828.0000	614	491680.0000	-254	-202852.0000
20090703	電子期貨            	EXF    	A         	616	634462.0000	663	682838.0000	-47	-48376.0000	1657	1714073.0000	1162	1200657.0000	495	513416.0000
20090703	電子期貨            	EXF    	B         	4	4131.0000	5	5173.0000	-1	-1041.0000	244	252979.0000	247	256090.0000	-3	-3111.0000
20090703	電子期貨            	EXF    	C         	310	318968.0000	315	323433.0000	-5	-4465.0000	3311	3432770.0000	3534	3664033.0000	-223	-231263.0000
20090703	金融期貨            	FXF    	A         	734	607970.0000	616	509275.0000	118	98695.0000	1344	1107155.0000	375	308782.0000	969	798373.0000
20090703	金融期貨            	FXF    	B         	8	6569.0000	111	92094.0000	-103	-85525.0000	106	87471.0000	137	113052.0000	-31	-25581.0000
20090703	金融期貨            	FXF    	C         	289	238927.0000	308	254575.0000	-19	-15649.0000	1832	1511766.0000	3956	3262696.0000	-2124	-1750930.0000
20090703	櫃買期貨            	GTF    	A         	193	77924.0000	190	76683.0000	3	1241.0000	37	15152.0000	95	39022.0000	-58	-23870.0000
20090703	櫃買期貨            	GTF    	B         	0	.0000	0	.0000	0	.0000	0	.0000	0	.0000	0	.0000
20090703	櫃買期貨            	GTF    	C         	0	.0000	0	.0000	0	.0000	0	.0000	0	.0000	0	.0000
20090703	摩臺期              	MSF    	A         	0	.0000	0	.0000	0	.0000	6	4719.0000	0	.0000	6	4719.0000
20090703	摩臺期              	MSF    	B         	0	.0000	0	.0000	0	.0000	0	.0000	0	.0000	0	.0000
20090703	摩臺期              	MSF    	C         	0	.0000	0	.0000	0	.0000	0	.0000	0	.0000	0	.0000
20090703	小型臺指            	MXF    	A         	10050	3298726.0000	10298	3377503.0000	-248	-78776.0000	4757	1559154.0000	3010	988954.0000	1747	570200.0000
20090703	小型臺指            	MXF    	B         	0	.0000	0	.0000	0	.0000	0	.0000	0	.0000	0	.0000
20090703	小型臺指            	MXF    	C         	224	73725.0000	824	270359.0000	-600	-196634.0000	839	276828.0000	801	264290.0000	38	12538.0000
20090703	臺灣50期貨          	T5F    	A         	0	.0000	0	.0000	0	.0000	16	7298.0000	0	.0000	16	7298.0000
20090703	臺灣50期貨          	T5F    	B         	0	.0000	0	.0000	0	.0000	0	.0000	0	.0000	0	.0000
20090703	臺灣50期貨          	T5F    	C         	0	.0000	0	.0000	0	.0000	0	.0000	0	.0000	0	.0000
20090703	臺股期貨            	TXF    	A         	18299	24047745.0000	18323	24074840.0000	-24	-27095.0000	8512	11126174.0000	8522	11229531.0000	-10	-103357.0000
20090703	臺股期貨            	TXF    	B         	454	597511.0000	678	890760.0000	-224	-293249.0000	1239	1635232.0000	3496	4609447.0000	-2257	-2974215.0000
20090703	臺股期貨            	TXF    	C         	4501	5916854.0000	5272	6918233.0000	-771	-1001379.0000	27119	35730179.0000	22939	30130101.0000	4180	5600078.0000
20090703	非金電期貨          	XIF    	A         	379	301661.0000	414	329797.0000	-35	-28136.0000	518	413123.0000	202	161487.0000	316	251636.0000
20090703	非金電期貨          	XIF    	B         	0	.0000	0	.0000	0	.0000	17	13612.0000	0	.0000	17	13612.0000
20090703	非金電期貨          	XIF    	C         	71	56672.0000	32	25222.0000	39	31450.0000	417	333892.0000	632	504720.0000	-215	-170828.0000
20090706	電子期貨            	EXF    	A         	588	606800.0000	830	856127.0000	-242	-249327.0000	1453	1495766.0000	1200	1234518.0000	253	261248.0000
20090706	電子期貨            	EXF    	B         	1	1028.0000	1	1031.0000	0	-3.0000	244	251808.0000	247	254904.0000	-3	-3096.0000
20090706	電子期貨            	EXF    	C         	344	355425.0000	315	325167.0000	29	30258.0000	3285	3390048.0000	3479	3590202.0000	-194	-200154.0000
20090706	金融期貨            	FXF    	A         	549	449488.0000	597	489131.0000	-48	-39644.0000	1146	936352.0000	225	183415.0000	921	752937.0000
20090706	金融期貨            	FXF    	B         	201	164715.0000	90	73428.0000	111	91287.0000	106	86793.0000	26	21289.0000	80	65504.0000
20090706	金融期貨            	FXF    	C         	577	471911.0000	856	699149.0000	-279	-227237.0000	1927	1577828.0000	4330	3543497.0000	-2403	-1965669.0000
20090706	櫃買期貨            	GTF    	A         	124	50457.0000	115	46716.0000	9	3740.0000	46	18989.0000	95	39283.0000	-49	-20294.0000
20090706	櫃買期貨            	GTF    	B         	0	.0000	0	.0000	0	.0000	0	.0000	0	.0000	0	.0000
20090706	櫃買期貨            	GTF    	C         	0	.0000	0	.0000	0	.0000	0	.0000	0	.0000	0	.0000
20090706	摩臺期              	MSF    	A         	0	.0000	0	.0000	0	.0000	6	4696.0000	0	.0000	6	4696.0000
20090706	摩臺期              	MSF    	B         	0	.0000	0	.0000	0	.0000	0	.0000	0	.0000	0	.0000
20090706	摩臺期              	MSF    	C         	0	.0000	0	.0000	0	.0000	0	.0000	0	.0000	0	.0000
20090706	小型臺指            	MXF    	A         	9811	3224785.0000	9646	3168149.0000	165	56636.0000	4888	1600260.0000	2968	972691.0000	1920	627569.0000
20090706	小型臺指            	MXF    	B         	0	.0000	0	.0000	0	.0000	0	.0000	0	.0000	0	.0000
20090706	小型臺指            	MXF    	C         	223	73336.0000	552	181591.0000	-329	-108255.0000	811	267143.0000	1102	362999.0000	-291	-95856.0000
20090706	臺灣50期貨          	T5F    	A         	0	.0000	0	.0000	0	.0000	16	7280.0000	0	.0000	16	7280.0000
20090706	臺灣50期貨          	T5F    	B         	0	.0000	0	.0000	0	.0000	0	.0000	0	.0000	0	.0000
20090706	臺灣50期貨          	T5F    	C         	0	.0000	0	.0000	0	.0000	0	.0000	0	.0000	0	.0000
20090706	臺股期貨            	TXF    	A         	16966	22315495.0000	17235	22660446.0000	-269	-344952.0000	7975	10403781.0000	8256	10862526.0000	-281	-458745.0000
20090706	臺股期貨            	TXF    	B         	894	1176224.0000	97	127701.0000	797	1048523.0000	1305	1719468.0000	2765	3638515.0000	-1460	-1919047.0000
20090706	臺股期貨            	TXF    	C         	4320	5684881.0000	3618	4754051.0000	702	930829.0000	28055	36903145.0000	23173	30386849.0000	4882	6516296.0000
20090706	非金電期貨          	XIF    	A         	409	326829.0000	431	344651.0000	-22	-17822.0000	509	408203.0000	215	172992.0000	294	235211.0000
20090706	非金電期貨          	XIF    	B         	0	.0000	0	.0000	0	.0000	17	13694.0000	0	.0000	17	13694.0000
20090706	非金電期貨          	XIF    	C         	29	23239.0000	28	22284.0000	1	955.0000	435	350393.0000	649	521247.0000	-214	-170854.0000
20090707	電子期貨            	EXF    	A         	772	809234.0000	754	791496.0000	18	17738.0000	1660	1739145.0000	1389	1454554.0000	271	284591.0000
20090707	電子期貨            	EXF    	B         	1	1052.0000	0	.0000	1	1052.0000	244	256298.0000	246	258398.0000	-2	-2100.0000
20090707	電子期貨            	EXF    	C         	357	375052.0000	427	447926.0000	-70	-72874.0000	3255	3418968.0000	3519	3695854.0000	-264	-276886.0000
20090707	金融期貨            	FXF    	A         	938	776678.0000	467	387085.0000	471	389593.0000	1579	1308164.0000	187	154499.0000	1392	1153665.0000
20090707	金融期貨            	FXF    	B         	2	1659.0000	0	.0000	2	1659.0000	108	89618.0000	26	21575.0000	82	68043.0000
20090707	金融期貨            	FXF    	C         	338	279906.0000	442	364244.0000	-104	-84338.0000	1751	1452980.0000	4258	3531114.0000	-2507	-2078134.0000
20090707	櫃買期貨            	GTF    	A         	101	42267.0000	99	41424.0000	2	843.0000	51	21473.0000	98	41358.0000	-47	-19885.0000
20090707	櫃買期貨            	GTF    	B         	0	.0000	0	.0000	0	.0000	0	.0000	0	.0000	0	.0000
20090707	櫃買期貨            	GTF    	C         	0	.0000	0	.0000	0	.0000	0	.0000	0	.0000	0	.0000
20090707	摩臺期              	MSF    	A         	1	800.0000	0	.0000	1	800.0000	7	5583.0000	0	.0000	7	5583.0000
20090707	摩臺期              	MSF    	B         	0	.0000	0	.0000	0	.0000	0	.0000	0	.0000	0	.0000
20090707	摩臺期              	MSF    	C         	0	.0000	0	.0000	0	.0000	0	.0000	0	.0000	0	.0000
20090707	小型臺指            	MXF    	A         	10969	3649507.0000	10593	3525469.0000	376	124038.0000	4503	1491038.0000	2535	840656.0000	1968	650382.0000
20090707	小型臺指            	MXF    	B         	0	.0000	3	1003.0000	-3	-1003.0000	0	.0000	3	999.0000	-3	-999.0000
20090707	小型臺指            	MXF    	C         	641	213560.0000	304	101355.0000	337	112205.0000	784	261150.0000	738	245828.0000	46	15322.0000
20090707	臺灣50期貨          	T5F    	A         	0	.0000	0	.0000	0	.0000	16	7373.0000	0	.0000	16	7373.0000
20090707	臺灣50期貨          	T5F    	B         	0	.0000	0	.0000	0	.0000	0	.0000	0	.0000	0	.0000
20090707	臺灣50期貨          	T5F    	C         	0	.0000	0	.0000	0	.0000	0	.0000	0	.0000	0	.0000
20090707	臺股期貨            	TXF    	A         	20051	26708295.0000	19627	26140278.0000	424	568017.0000	8375	11063929.0000	8150	10842735.0000	225	221194.0000
20090707	臺股期貨            	TXF    	B         	320	426212.0000	133	177468.0000	187	248744.0000	1348	1795090.0000	2621	3487647.0000	-1273	-1692557.0000
20090707	臺股期貨            	TXF    	C         	4477	5953754.0000	5169	6888230.0000	-692	-934476.0000	27298	36301220.0000	23110	30646520.0000	4188	5654700.0000
20090707	非金電期貨          	XIF    	A         	422	339896.0000	354	285066.0000	68	54830.0000	610	490258.0000	248	199784.0000	362	290474.0000
20090707	非金電期貨          	XIF    	B         	0	.0000	0	.0000	0	.0000	17	13714.0000	0	.0000	17	13714.0000
20090707	非金電期貨          	XIF    	C         	11	8856.0000	34	27436.0000	-23	-18580.0000	437	352528.0000	674	542297.0000	-237	-189769.0000
20090708	電子期貨            	EXF    	A         	639	665467.0000	498	518037.0000	141	147429.0000	1716	1794947.0000	1304	1362877.0000	412	432070.0000
20090708	電子期貨            	EXF    	B         	0	.0000	0	.0000	0	.0000	244	255761.0000	246	257857.0000	-2	-2096.0000
20090708	電子期貨            	EXF    	C         	342	356265.0000	583	607233.0000	-241	-250968.0000	3217	3371711.0000	3722	3901002.0000	-505	-529291.0000
20090708	金融期貨            	FXF    	A         	453	369483.0000	545	444195.0000	-92	-74712.0000	1473	1204881.0000	173	140930.0000	1300	1063951.0000
20090708	金融期貨            	FXF    	B         	20	16346.0000	0	.0000	20	16346.0000	108	88452.0000	6	4914.0000	102	83538.0000
20090708	金融期貨            	FXF    	C         	203	165895.0000	524	426805.0000	-321	-260910.0000	1692	1385748.0000	4520	3700463.0000	-2828	-2314715.0000
20090708	櫃買期貨            	GTF    	A         	200	83208.0000	206	85711.0000	-6	-2503.0000	38	15966.0000	91	38357.0000	-53	-22391.0000
20090708	櫃買期貨            	GTF    	B         	0	.0000	0	.0000	0	.0000	0	.0000	0	.0000	0	.0000
20090708	櫃買期貨            	GTF    	C         	0	.0000	0	.0000	0	.0000	0	.0000	0	.0000	0	.0000
20090708	摩臺期              	MSF    	A         	0	.0000	0	.0000	0	.0000	7	5557.0000	0	.0000	7	5557.0000
20090708	摩臺期              	MSF    	B         	0	.0000	0	.0000	0	.0000	0	.0000	0	.0000	0	.0000
20090708	摩臺期              	MSF    	C         	0	.0000	0	.0000	0	.0000	0	.0000	0	.0000	0	.0000
20090708	小型臺指            	MXF    	A         	8606	2836736.0000	10182	3354336.0000	-1576	-517600.0000	2871	942985.0000	2331	768649.0000	540	174336.0000
20090708	小型臺指            	MXF    	B         	0	.0000	0	.0000	0	.0000	0	.0000	3	994.0000	-3	-994.0000
20090708	小型臺指            	MXF    	C         	175	57769.0000	386	127315.0000	-211	-69545.0000	558	184838.0000	723	239494.0000	-165	-54656.0000
20090708	臺灣50期貨          	T5F    	A         	1	455.0000	0	.0000	1	455.0000	17	7727.0000	0	.0000	17	7727.0000
20090708	臺灣50期貨          	T5F    	B         	0	.0000	0	.0000	0	.0000	0	.0000	0	.0000	0	.0000
20090708	臺灣50期貨          	T5F    	C         	0	.0000	0	.0000	0	.0000	0	.0000	0	.0000	0	.0000
20090708	臺股期貨            	TXF    	A         	18372	24240378.0000	17524	23112210.0000	848	1128167.0000	8580	11270877.0000	7544	9977880.0000	1036	1292997.0000
20090708	臺股期貨            	TXF    	B         	241	318432.0000	852	1123795.0000	-611	-805363.0000	1343	1778448.0000	3227	4270804.0000	-1884	-2492356.0000
20090708	臺股期貨            	TXF    	C         	5610	7392355.0000	7261	9566174.0000	-1651	-2173818.0000	25027	33077004.0000	22490	29638647.0000	2537	3438357.0000
20090708	非金電期貨          	XIF    	A         	421	335253.0000	403	320931.0000	18	14321.0000	631	501159.0000	251	199770.0000	380	301389.0000
20090708	非金電期貨          	XIF    	B         	0	.0000	0	.0000	0	.0000	17	13551.0000	0	.0000	17	13551.0000
20090708	非金電期貨          	XIF    	C         	0	.0000	0	.0000	0	.0000	437	348333.0000	674	535904.0000	-237	-187571.0000
20090709	電子期貨            	EXF    	A         	724	770346.0000	667	709509.0000	57	60837.0000	1797	1909315.0000	1328	1409551.0000	469	499764.0000
20090709	電子期貨            	EXF    	B         	0	.0000	0	.0000	0	.0000	244	259762.0000	246	261892.0000	-2	-2130.0000
20090709	電子期貨            	EXF    	C         	829	882404.0000	726	773463.0000	103	108941.0000	3153	3356162.0000	3555	3784221.0000	-402	-428059.0000
20090709	金融期貨            	FXF    	A         	1027	859686.0000	885	741475.0000	142	118211.0000	1609	1339621.0000	167	138526.0000	1442	1201095.0000
20090709	金融期貨            	FXF    	B         	0	.0000	0	.0000	0	.0000	108	90007.0000	6	5000.0000	102	85007.0000
20090709	金融期貨            	FXF    	C         	369	308999.0000	383	321214.0000	-14	-12215.0000	1797	1497615.0000	4639	3864655.0000	-2842	-2367040.0000
20090709	櫃買期貨            	GTF    	A         	275	115260.0000	283	118669.0000	-8	-3409.0000	38	16107.0000	99	42171.0000	-61	-26064.0000
20090709	櫃買期貨            	GTF    	B         	0	.0000	0	.0000	0	.0000	0	.0000	0	.0000	0	.0000
20090709	櫃買期貨            	GTF    	C         	0	.0000	0	.0000	0	.0000	0	.0000	0	.0000	0	.0000
20090709	摩臺期              	MSF    	A         	0	.0000	0	.0000	0	.0000	7	5631.0000	0	.0000	7	5631.0000
20090709	摩臺期              	MSF    	B         	0	.0000	0	.0000	0	.0000	0	.0000	0	.0000	0	.0000
20090709	摩臺期              	MSF    	C         	0	.0000	0	.0000	0	.0000	0	.0000	0	.0000	0	.0000
20090709	小型臺指            	MXF    	A         	11411	3832814.0000	10752	3612541.0000	659	220273.0000	3012	1004246.0000	2489	835059.0000	523	169187.0000
20090709	小型臺指            	MXF    	B         	0	.0000	0	.0000	0	.0000	0	.0000	3	1008.0000	-3	-1008.0000
20090709	小型臺指            	MXF    	C         	555	186404.0000	191	64232.0000	364	122172.0000	471	158303.0000	272	91419.0000	199	66884.0000
20090709	臺灣50期貨          	T5F    	A         	0	.0000	0	.0000	0	.0000	17	7844.0000	0	.0000	17	7844.0000
20090709	臺灣50期貨          	T5F    	B         	0	.0000	0	.0000	0	.0000	0	.0000	0	.0000	0	.0000
20090709	臺灣50期貨          	T5F    	C         	0	.0000	0	.0000	0	.0000	0	.0000	0	.0000	0	.0000
20090709	臺股期貨            	TXF    	A         	23949	32210530.0000	22331	30049704.0000	1618	2160826.0000	10743	14327621.0000	7920	10628671.0000	2823	3698950.0000
20090709	臺股期貨            	TXF    	B         	463	623957.0000	404	539130.0000	59	84827.0000	1341	1801737.0000	3166	4246003.0000	-1825	-2444266.0000
20090709	臺股期貨            	TXF    	C         	9160	12276019.0000	12604	16904816.0000	-3444	-4628796.0000	25812	34561848.0000	26719	35687898.0000	-907	-1126050.0000
20090709	非金電期貨          	XIF    	A         	476	384441.0000	439	354432.0000	37	30009.0000	662	533618.0000	245	197892.0000	417	335726.0000
20090709	非金電期貨          	XIF    	B         	0	.0000	0	.0000	0	.0000	17	13746.0000	0	.0000	17	13746.0000
20090709	非金電期貨          	XIF    	C         	0	.0000	0	.0000	0	.0000	437	353358.0000	674	543758.0000	-237	-190400.0000
20090710	電子期貨            	EXF    	A         	450	480678.0000	360	382632.0000	90	98046.0000	1832	1964849.0000	1273	1362552.0000	559	602297.0000
20090710	電子期貨            	EXF    	B         	1	1057.0000	0	.0000	1	1057.0000	245	263065.0000	246	264155.0000	-1	-1090.0000
20090710	電子期貨            	EXF    	C         	368	391226.0000	377	401934.0000	-9	-10708.0000	3143	3372707.0000	3554	3815678.0000	-411	-442971.0000
20090710	金融期貨            	FXF    	A         	571	474498.0000	776	644560.0000	-205	-170062.0000	1535	1277961.0000	298	247468.0000	1237	1030493.0000
20090710	金融期貨            	FXF    	B         	8	6611.0000	8	6654.0000	0	-43.0000	108	89970.0000	6	5000.0000	102	84970.0000
20090710	金融期貨            	FXF    	C         	410	340940.0000	263	218605.0000	147	122335.0000	1699	1415942.0000	4394	3660354.0000	-2695	-2244412.0000
20090710	櫃買期貨            	GTF    	A         	252	105970.0000	256	107641.0000	-4	-1671.0000	44	18693.0000	109	46423.0000	-65	-27730.0000
20090710	櫃買期貨            	GTF    	B         	0	.0000	0	.0000	0	.0000	0	.0000	0	.0000	0	.0000
20090710	櫃買期貨            	GTF    	C         	0	.0000	0	.0000	0	.0000	0	.0000	0	.0000	0	.0000
20090710	摩臺期              	MSF    	A         	0	.0000	0	.0000	0	.0000	7	5674.0000	0	.0000	7	5674.0000
20090710	摩臺期              	MSF    	B         	0	.0000	0	.0000	0	.0000	0	.0000	0	.0000	0	.0000
20090710	摩臺期              	MSF    	C         	0	.0000	0	.0000	0	.0000	0	.0000	0	.0000	0	.0000
20090710	小型臺指            	MXF    	A         	8673	2911593.0000	7284	2442949.0000	1389	468644.0000	3832	1285847.0000	2092	705046.0000	1740	580801.0000
20090710	小型臺指            	MXF    	B         	0	.0000	0	.0000	0	.0000	0	.0000	3	1013.0000	-3	-1013.0000
20090710	小型臺指            	MXF    	C         	70	23535.0000	585	196584.0000	-515	-173049.0000	474	160046.0000	790	266744.0000	-316	-106698.0000
20090710	臺灣50期貨          	T5F    	A         	0	.0000	0	.0000	0	.0000	17	7873.0000	0	.0000	17	7873.0000
20090710	臺灣50期貨          	T5F    	B         	0	.0000	0	.0000	0	.0000	0	.0000	0	.0000	0	.0000
20090710	臺灣50期貨          	T5F    	C         	0	.0000	0	.0000	0	.0000	0	.0000	0	.0000	0	.0000
20090710	臺股期貨            	TXF    	A         	14200	19077256.0000	13825	18575468.0000	375	501787.0000	11054	14807281.0000	7813	10533548.0000	3241	4273733.0000
20090710	臺股期貨            	TXF    	B         	373	501339.0000	178	239115.0000	195	262224.0000	1387	1871534.0000	3017	4063679.0000	-1630	-2192145.0000
20090710	臺股期貨            	TXF    	C         	6640	8909947.0000	4900	6562187.0000	1740	2347759.0000	26871	36130622.0000	26038	34902933.0000	833	1227689.0000
20090710	非金電期貨          	XIF    	A         	512	409106.0000	543	433964.0000	-31	-24858.0000	623	501607.0000	237	191264.0000	386	310343.0000
20090710	非金電期貨          	XIF    	B         	0	.0000	0	.0000	0	.0000	17	13729.0000	0	.0000	17	13729.0000
20090710	非金電期貨          	XIF    	C         	20	16017.0000	37	29864.0000	-17	-13848.0000	435	351245.0000	689	555182.0000	-254	-203937.0000
20090713	電子期貨            	EXF    	A         	1247	1312285.0000	1485	1561763.0000	-238	-249478.0000	1476	1540746.0000	1155	1202326.0000	321	338420.0000
20090713	電子期貨            	EXF    	B         	66	68194.0000	67	70212.0000	-1	-2018.0000	244	254232.0000	246	257316.0000	-2	-3084.0000
20090713	電子期貨            	EXF    	C         	2452	2567599.0000	2451	2567236.0000	1	363.0000	3467	3612822.0000	3878	4043423.0000	-411	-430601.0000
20090713	金融期貨            	FXF    	A         	916	728022.0000	1117	883134.0000	-201	-155113.0000	1236	957617.0000	200	154154.0000	1036	803463.0000
20090713	金融期貨            	FXF    	B         	2	1588.0000	0	.0000	2	1588.0000	110	85237.0000	6	4651.0000	104	80586.0000
20090713	金融期貨            	FXF    	C         	1419	1117074.0000	1777	1411567.0000	-358	-294494.0000	1896	1469282.0000	4949	3833438.0000	-3053	-2364156.0000
20090713	櫃買期貨            	GTF    	A         	176	71784.0000	166	67571.0000	10	4213.0000	57	23262.0000	112	45740.0000	-55	-22478.0000
20090713	櫃買期貨            	GTF    	B         	0	.0000	0	.0000	0	.0000	0	.0000	0	.0000	0	.0000
20090713	櫃買期貨            	GTF    	C         	0	.0000	0	.0000	0	.0000	0	.0000	0	.0000	0	.0000
20090713	摩臺期              	MSF    	A         	0	.0000	0	.0000	0	.0000	7	5479.0000	0	.0000	7	5479.0000
20090713	摩臺期              	MSF    	B         	0	.0000	0	.0000	0	.0000	0	.0000	0	.0000	0	.0000
20090713	摩臺期              	MSF    	C         	0	.0000	0	.0000	0	.0000	0	.0000	0	.0000	0	.0000
20090713	小型臺指            	MXF    	A         	18611	6095915.0000	22873	7490883.0000	-4262	-1394968.0000	2273	729445.0000	3235	1038168.0000	-962	-308723.0000
20090713	小型臺指            	MXF    	B         	0	.0000	0	.0000	0	.0000	0	.0000	3	971.0000	-3	-971.0000
20090713	小型臺指            	MXF    	C         	580	189641.0000	1035	342488.0000	-455	-152846.0000	154	49865.0000	925	299515.0000	-771	-249650.0000
20090713	臺灣50期貨          	T5F    	A         	0	.0000	0	.0000	0	.0000	17	7631.0000	0	.0000	17	7631.0000
20090713	臺灣50期貨          	T5F    	B         	0	.0000	0	.0000	0	.0000	0	.0000	0	.0000	0	.0000
20090713	臺灣50期貨          	T5F    	C         	0	.0000	0	.0000	0	.0000	0	.0000	0	.0000	0	.0000
20090713	臺股期貨            	TXF    	A         	31174	40798900.0000	33724	44164522.0000	-2550	-3365623.0000	8073	10362250.0000	7772	10029462.0000	301	332788.0000
20090713	臺股期貨            	TXF    	B         	937	1222179.0000	2194	2837939.0000	-1257	-1615760.0000	1406	1812627.0000	4293	5520119.0000	-2887	-3707492.0000
20090713	臺股期貨            	TXF    	C         	21135	27597381.0000	22434	29359885.0000	-1299	-1762503.0000	28993	37258416.0000	29459	37792712.0000	-466	-534296.0000
20090713	非金電期貨          	XIF    	A         	278	218088.0000	403	314117.0000	-125	-96029.0000	528	405198.0000	267	205375.0000	261	199823.0000
20090713	非金電期貨          	XIF    	B         	0	.0000	0	.0000	0	.0000	17	13085.0000	0	.0000	17	13085.0000
20090713	非金電期貨          	XIF    	C         	100	77359.0000	3	2334.0000	97	75025.0000	523	402490.0000	680	522416.0000	-157	-119926.0000
20090714	電子期貨            	EXF    	A         	1565	1643845.0000	1628	1721537.0000	-63	-77691.0000	1456	1536970.0000	1198	1270629.0000	258	266341.0000
20090714	電子期貨            	EXF    	B         	125	130856.0000	103	108284.0000	22	22573.0000	266	280818.0000	246	261416.0000	20	19402.0000
20090714	電子期貨            	EXF    	C         	4410	4639809.0000	4210	4412484.0000	200	227324.0000	4014	4238272.0000	4225	4449564.0000	-211	-211292.0000
20090714	金融期貨            	FXF    	A         	1433	1113502.0000	1501	1170041.0000	-68	-56540.0000	1251	970492.0000	283	219724.0000	968	750768.0000
20090714	金融期貨            	FXF    	B         	39	30215.0000	49	38207.0000	-10	-7991.0000	100	77669.0000	6	4678.0000	94	72991.0000
20090714	金融期貨            	FXF    	C         	3789	2952310.0000	3643	2830432.0000	146	121879.0000	1807	1403046.0000	4714	3657178.0000	-2907	-2254132.0000
20090714	櫃買期貨            	GTF    	A         	160	65991.0000	170	70093.0000	-10	-4102.0000	49	20649.0000	114	48126.0000	-65	-27477.0000
20090714	櫃買期貨            	GTF    	B         	0	.0000	0	.0000	0	.0000	0	.0000	0	.0000	0	.0000
20090714	櫃買期貨            	GTF    	C         	0	.0000	0	.0000	0	.0000	0	.0000	0	.0000	0	.0000
20090714	摩臺期              	MSF    	A         	0	.0000	0	.0000	0	.0000	7	5559.0000	0	.0000	7	5559.0000
20090714	摩臺期              	MSF    	B         	0	.0000	0	.0000	0	.0000	0	.0000	0	.0000	0	.0000
20090714	摩臺期              	MSF    	C         	0	.0000	0	.0000	0	.0000	0	.0000	0	.0000	0	.0000
20090714	小型臺指            	MXF    	A         	12755	4163782.0000	10028	3278147.0000	2727	885636.0000	5542	1809530.0000	3873	1266024.0000	1669	543506.0000
20090714	小型臺指            	MXF    	B         	0	.0000	0	.0000	0	.0000	0	.0000	3	987.0000	-3	-987.0000
20090714	小型臺指            	MXF    	C         	812	265178.0000	300	98223.0000	512	166955.0000	152	49724.0000	411	135178.0000	-259	-85454.0000
20090714	臺灣50期貨          	T5F    	A         	0	.0000	0	.0000	0	.0000	17	7757.0000	0	.0000	17	7757.0000
20090714	臺灣50期貨          	T5F    	B         	0	.0000	0	.0000	0	.0000	0	.0000	0	.0000	0	.0000
20090714	臺灣50期貨          	T5F    	C         	0	.0000	0	.0000	0	.0000	0	.0000	0	.0000	0	.0000
20090714	臺股期貨            	TXF    	A         	20148	26407233.0000	19932	26082415.0000	216	324818.0000	7986	10410856.0000	7445	9722348.0000	541	688508.0000
20090714	臺股期貨            	TXF    	B         	2231	2900989.0000	733	955035.0000	1498	1945955.0000	1912	2492404.0000	3381	4410613.0000	-1469	-1918209.0000
20090714	臺股期貨            	TXF    	C         	22120	28794269.0000	21130	27571901.0000	990	1222368.0000	31313	40741199.0000	30789	40039959.0000	524	701240.0000
20090714	非金電期貨          	XIF    	A         	482	373920.0000	748	580636.0000	-266	-206716.0000	261	202220.0000	266	207258.0000	-5	-5038.0000
20090714	非金電期貨          	XIF    	B         	17	13092.0000	17	13251.0000	0	-159.0000	17	13093.0000	0	.0000	17	13093.0000
20090714	非金電期貨          	XIF    	C         	396	307807.0000	148	114914.0000	248	192894.0000	500	389618.0000	409	317717.0000	91	71901.0000
20090715	電子期貨            	EXF    	A         	1176	1265219.0000	1212	1305044.0000	-36	-39825.0000	893	954435.0000	337	359852.0000	556	594583.0000
20090715	電子期貨            	EXF    	B         	319	344465.0000	122	132309.0000	197	212157.0000	269	287722.0000	49	52410.0000	220	235312.0000
20090715	電子期貨            	EXF    	C         	1049	1122168.0000	1044	1119422.0000	5	2746.0000	2547	2724271.0000	3254	3480478.0000	-707	-756207.0000
20090715	金融期貨            	FXF    	A         	738	587820.0000	723	576739.0000	15	11081.0000	881	700775.0000	189	150149.0000	692	550626.0000
20090715	金融期貨            	FXF    	B         	63	50212.0000	53	42608.0000	10	7604.0000	104	82742.0000	0	.0000	104	82742.0000
20090715	金融期貨            	FXF    	C         	2780	2222693.0000	2646	2112082.0000	134	110611.0000	1703	1354907.0000	4153	3304127.0000	-2450	-1949220.0000
20090715	櫃買期貨            	GTF    	A         	218	93446.0000	214	91625.0000	4	1820.0000	24	10299.0000	66	28389.0000	-42	-18090.0000
20090715	櫃買期貨            	GTF    	B         	0	.0000	0	.0000	0	.0000	0	.0000	0	.0000	0	.0000
20090715	櫃買期貨            	GTF    	C         	0	.0000	0	.0000	0	.0000	0	.0000	0	.0000	0	.0000
20090715	摩臺期              	MSF    	A         	0	.0000	0	.0000	0	.0000	2	1610.0000	0	.0000	2	1610.0000
20090715	摩臺期              	MSF    	B         	0	.0000	0	.0000	0	.0000	0	.0000	0	.0000	0	.0000
20090715	摩臺期              	MSF    	C         	0	.0000	0	.0000	0	.0000	0	.0000	0	.0000	0	.0000
20090715	小型臺指            	MXF    	A         	15419	5141858.0000	13054	4361909.0000	2365	779949.0000	2609	863630.0000	1229	407927.0000	1380	455703.0000
20090715	小型臺指            	MXF    	B         	3	1014.0000	0	.0000	3	1014.0000	0	.0000	0	.0000	0	.0000
20090715	小型臺指            	MXF    	C         	593	196386.0000	412	137217.0000	181	59169.0000	324	107617.0000	28	9300.0000	296	98317.0000
20090715	臺灣50期貨          	T5F    	A         	0	.0000	0	.0000	0	.0000	17	7886.0000	0	.0000	17	7886.0000
20090715	臺灣50期貨          	T5F    	B         	0	.0000	0	.0000	0	.0000	0	.0000	0	.0000	0	.0000
20090715	臺灣50期貨          	T5F    	C         	0	.0000	0	.0000	0	.0000	0	.0000	0	.0000	0	.0000
20090715	臺股期貨            	TXF    	A         	32275	43174713.0000	34797	46535104.0000	-2522	-3360391.0000	3606	4755216.0000	6354	8438613.0000	-2748	-3683397.0000
20090715	臺股期貨            	TXF    	B         	2363	3157937.0000	1594	2126503.0000	769	1031434.0000	1888	2508397.0000	2421	3214953.0000	-533	-706556.0000
20090715	臺股期貨            	TXF    	C         	10185	13554446.0000	8391	11207636.0000	1794	2346810.0000	25037	33238548.0000	21636	28695192.0000	3401	4543356.0000
20090715	非金電期貨          	XIF    	A         	363	288120.0000	537	426509.0000	-174	-138389.0000	143	113024.0000	45	35521.0000	98	77503.0000
20090715	非金電期貨          	XIF    	B         	2	1582.0000	0	.0000	2	1582.0000	19	15020.0000	0	.0000	19	15020.0000
20090715	非金電期貨          	XIF    	C         	147	116979.0000	7	5488.0000	140	111491.0000	39	30830.0000	134	105927.0000	-95	-75097.0000
20090716	電子期貨            	EXF    	A         	752	815193.0000	654	708407.0000	98	106786.0000	938	1014530.0000	284	306853.0000	654	707677.0000
20090716	電子期貨            	EXF    	B         	4	4328.0000	23	24844.0000	-19	-20515.0000	273	295441.0000	72	77918.0000	201	217523.0000
20090716	電子期貨            	EXF    	C         	159	171915.0000	207	224201.0000	-48	-52286.0000	2615	2829953.0000	3370	3647014.0000	-755	-817061.0000
20090716	金融期貨            	FXF    	A         	809	656596.0000	961	780230.0000	-152	-123634.0000	704	563903.0000	164	131176.0000	540	432727.0000
20090716	金融期貨            	FXF    	B         	3	2405.0000	0	.0000	3	2405.0000	107	85728.0000	0	.0000	107	85728.0000
20090716	金融期貨            	FXF    	C         	409	331271.0000	486	395776.0000	-77	-64505.0000	1700	1362040.0000	4227	3386672.0000	-2527	-2024632.0000
20090716	櫃買期貨            	GTF    	A         	315	134419.0000	339	144802.0000	-24	-10383.0000	19	8200.0000	85	36765.0000	-66	-28565.0000
20090716	櫃買期貨            	GTF    	B         	0	.0000	0	.0000	0	.0000	0	.0000	0	.0000	0	.0000
20090716	櫃買期貨            	GTF    	C         	0	.0000	0	.0000	0	.0000	0	.0000	0	.0000	0	.0000
20090716	摩臺期              	MSF    	A         	0	.0000	0	.0000	0	.0000	2	1615.0000	0	.0000	2	1615.0000
20090716	摩臺期              	MSF    	B         	0	.0000	0	.0000	0	.0000	0	.0000	0	.0000	0	.0000
20090716	摩臺期              	MSF    	C         	0	.0000	0	.0000	0	.0000	0	.0000	0	.0000	0	.0000
20090716	小型臺指            	MXF    	A         	9412	3165218.0000	9833	3307965.0000	-421	-142747.0000	2396	800140.0000	1381	462526.0000	1015	337614.0000
20090716	小型臺指            	MXF    	B         	0	.0000	0	.0000	0	.0000	0	.0000	0	.0000	0	.0000
20090716	小型臺指            	MXF    	C         	486	163804.0000	277	93165.0000	209	70639.0000	505	169301.0000	0	.0000	505	169301.0000
20090716	臺灣50期貨          	T5F    	A         	2	946.0000	0	.0000	2	946.0000	19	8886.0000	0	.0000	19	8886.0000
20090716	臺灣50期貨          	T5F    	B         	0	.0000	0	.0000	0	.0000	0	.0000	0	.0000	0	.0000
20090716	臺灣50期貨          	T5F    	C         	0	.0000	0	.0000	0	.0000	0	.0000	0	.0000	0	.0000
20090716	臺股期貨            	TXF    	A         	14535	19563133.0000	14475	19472944.0000	60	90190.0000	4513	6012738.0000	7215	9670311.0000	-2702	-3657573.0000
20090716	臺股期貨            	TXF    	B         	233	313449.0000	430	578514.0000	-197	-265065.0000	1872	2510352.0000	2602	3487921.0000	-730	-977569.0000
20090716	臺股期貨            	TXF    	C         	4496	6050227.0000	4532	6099204.0000	-36	-48977.0000	24601	32964023.0000	21231	28419140.0000	3370	4544883.0000
20090716	非金電期貨          	XIF    	A         	215	171582.0000	243	193588.0000	-28	-22006.0000	151	119712.0000	81	64200.0000	70	55512.0000
20090716	非金電期貨          	XIF    	B         	0	.0000	0	.0000	0	.0000	19	15075.0000	0	.0000	19	15075.0000
20090716	非金電期貨          	XIF    	C         	32	25434.0000	2	1588.0000	30	23846.0000	59	46811.0000	124	98382.0000	-65	-51571.0000
20090717	電子期貨            	EXF    	A         	689	751378.0000	599	652940.0000	90	98438.0000	1119	1217840.0000	375	407840.0000	744	810000.0000
20090717	電子期貨            	EXF    	B         	21	22863.0000	1	1089.0000	20	21774.0000	273	297242.0000	52	56618.0000	221	240624.0000
20090717	電子期貨            	EXF    	C         	217	236902.0000	442	483261.0000	-225	-246359.0000	2656	2891853.0000	3636	3958877.0000	-980	-1067024.0000
20090717	金融期貨            	FXF    	A         	702	569739.0000	680	550769.0000	22	18971.0000	783	639974.0000	221	180379.0000	562	459595.0000
20090717	金融期貨            	FXF    	B         	0	.0000	0	.0000	0	.0000	107	87483.0000	0	.0000	107	87483.0000
20090717	金融期貨            	FXF    	C         	231	186949.0000	285	230990.0000	-54	-44041.0000	1803	1474133.0000	4384	3584358.0000	-2581	-2110225.0000
20090717	櫃買期貨            	GTF    	A         	146	63270.0000	148	64103.0000	-2	-833.0000	21	9279.0000	89	39403.0000	-68	-30124.0000
20090717	櫃買期貨            	GTF    	B         	0	.0000	0	.0000	0	.0000	0	.0000	0	.0000	0	.0000
20090717	櫃買期貨            	GTF    	C         	0	.0000	0	.0000	0	.0000	0	.0000	0	.0000	0	.0000
20090717	摩臺期              	MSF    	A         	0	.0000	0	.0000	0	.0000	2	1630.0000	0	.0000	2	1630.0000
20090717	摩臺期              	MSF    	B         	0	.0000	0	.0000	0	.0000	0	.0000	0	.0000	0	.0000
20090717	摩臺期              	MSF    	C         	0	.0000	0	.0000	0	.0000	0	.0000	0	.0000	0	.0000
20090717	小型臺指            	MXF    	A         	7995	2698410.0000	8454	2854185.0000	-459	-155775.0000	2661	896338.0000	1945	657035.0000	716	239303.0000
20090717	小型臺指            	MXF    	B         	0	.0000	0	.0000	0	.0000	0	.0000	0	.0000	0	.0000
20090717	小型臺指            	MXF    	C         	721	243822.0000	586	198220.0000	135	45602.0000	640	216320.0000	0	.0000	640	216320.0000
20090717	臺灣50期貨          	T5F    	A         	0	.0000	0	.0000	0	.0000	19	8955.0000	0	.0000	19	8955.0000
20090717	臺灣50期貨          	T5F    	B         	0	.0000	0	.0000	0	.0000	0	.0000	0	.0000	0	.0000
20090717	臺灣50期貨          	T5F    	C         	0	.0000	0	.0000	0	.0000	0	.0000	0	.0000	0	.0000
20090717	臺股期貨            	TXF    	A         	13460	18186680.0000	14037	18954633.0000	-577	-767952.0000	4951	6654665.0000	8270	11175013.0000	-3319	-4520348.0000
20090717	臺股期貨            	TXF    	B         	252	340414.0000	144	194288.0000	108	146126.0000	1884	2547168.0000	2506	3386524.0000	-622	-839356.0000
20090717	臺股期貨            	TXF    	C         	4132	5580595.0000	3414	4616284.0000	718	964311.0000	25430	34353325.0000	21342	28800547.0000	4088	5552778.0000
20090717	非金電期貨          	XIF    	A         	293	234009.0000	278	221821.0000	15	12188.0000	162	129627.0000	77	61556.0000	85	68071.0000
20090717	非金電期貨          	XIF    	B         	0	.0000	0	.0000	0	.0000	19	15211.0000	0	.0000	19	15211.0000
20090717	非金電期貨          	XIF    	C         	17	13571.0000	0	.0000	17	13571.0000	76	60846.0000	124	99274.0000	-48	-38428.0000
20090720	電子期貨            	EXF    	A         	845	929656.0000	746	820657.0000	99	108999.0000	1206	1326272.0000	363	398913.0000	843	927359.0000
20090720	電子期貨            	EXF    	B         	2	2198.0000	0	.0000	2	2198.0000	274	301455.0000	51	56110.0000	223	245345.0000
20090720	電子期貨            	EXF    	C         	514	565370.0000	692	760816.0000	-178	-195445.0000	2576	2834055.0000	3734	4108035.0000	-1158	-1273980.0000
20090720	金融期貨            	FXF    	A         	669	557690.0000	617	514563.0000	52	43127.0000	850	711070.0000	236	197229.0000	614	513841.0000
20090720	金融期貨            	FXF    	B         	0	.0000	0	.0000	0	.0000	107	89538.0000	0	.0000	107	89538.0000
20090720	金融期貨            	FXF    	C         	534	446151.0000	376	313033.0000	158	133118.0000	1677	1403314.0000	4100	3430880.0000	-2423	-2027566.0000
20090720	櫃買期貨            	GTF    	A         	90	40716.0000	100	45175.0000	-10	-4459.0000	16	7279.0000	94	42766.0000	-78	-35487.0000
20090720	櫃買期貨            	GTF    	B         	0	.0000	0	.0000	0	.0000	0	.0000	0	.0000	0	.0000
20090720	櫃買期貨            	GTF    	C         	0	.0000	0	.0000	0	.0000	0	.0000	0	.0000	0	.0000
20090720	摩臺期              	MSF    	A         	0	.0000	0	.0000	0	.0000	2	1646.0000	0	.0000	2	1646.0000
20090720	摩臺期              	MSF    	B         	0	.0000	0	.0000	0	.0000	0	.0000	0	.0000	0	.0000
20090720	摩臺期              	MSF    	C         	0	.0000	0	.0000	0	.0000	0	.0000	0	.0000	0	.0000
20090720	小型臺指            	MXF    	A         	8856	3024919.0000	8621	2944789.0000	235	80130.0000	2831	967747.0000	1792	614293.0000	1039	353454.0000
20090720	小型臺指            	MXF    	B         	0	.0000	0	.0000	0	.0000	0	.0000	0	.0000	0	.0000
20090720	小型臺指            	MXF    	C         	295	100944.0000	1004	341743.0000	-709	-240799.0000	183	62769.0000	252	86436.0000	-69	-23667.0000
20090720	臺灣50期貨          	T5F    	A         	2	953.0000	0	.0000	2	953.0000	21	10019.0000	0	.0000	21	10019.0000
20090720	臺灣50期貨          	T5F    	B         	0	.0000	0	.0000	0	.0000	0	.0000	0	.0000	0	.0000
20090720	臺灣50期貨          	T5F    	C         	0	.0000	0	.0000	0	.0000	0	.0000	0	.0000	0	.0000
20090720	臺股期貨            	TXF    	A         	13721	18760426.0000	13690	18712775.0000	31	47650.0000	5148	7022491.0000	8458	11598588.0000	-3310	-4576097.0000
20090720	臺股期貨            	TXF    	B         	257	351609.0000	182	248565.0000	75	103043.0000	1871	2567012.0000	2418	3316173.0000	-547	-749161.0000
20090720	臺股期貨            	TXF    	C         	6160	8421181.0000	5784	7902564.0000	376	518617.0000	26742	36662306.0000	22278	30511757.0000	4464	6150549.0000
20090720	非金電期貨          	XIF    	A         	420	338697.0000	411	331077.0000	9	7621.0000	182	148192.0000	88	71589.0000	94	76603.0000
20090720	非金電期貨          	XIF    	B         	0	.0000	0	.0000	0	.0000	19	15481.0000	0	.0000	19	15481.0000
20090720	非金電期貨          	XIF    	C         	36	29065.0000	89	71920.0000	-53	-42855.0000	70	57036.0000	171	139331.0000	-101	-82295.0000
20090721	電子期貨            	EXF    	A         	818	896590.0000	819	896580.0000	-1	10.0000	1296	1427930.0000	454	499969.0000	842	927961.0000
20090721	電子期貨            	EXF    	B         	0	.0000	5	5493.0000	-5	-5493.0000	274	302003.0000	56	61723.0000	218	240280.0000
20090721	電子期貨            	EXF    	C         	569	624385.0000	409	448246.0000	160	176139.0000	2533	2791823.0000	3529	3889583.0000	-996	-1097760.0000
20090721	金融期貨            	FXF    	A         	706	588398.0000	820	684144.0000	-114	-95746.0000	744	622574.0000	244	204059.0000	500	418515.0000
20090721	金融期貨            	FXF    	B         	0	.0000	0	.0000	0	.0000	107	89559.0000	0	.0000	107	89559.0000
20090721	金融期貨            	FXF    	C         	548	459571.0000	349	292092.0000	199	167479.0000	1729	1447173.0000	3953	3308657.0000	-2224	-1861484.0000
20090721	櫃買期貨            	GTF    	A         	253	111870.0000	250	110459.0000	3	1411.0000	21	9392.0000	96	42928.0000	-75	-33536.0000
20090721	櫃買期貨            	GTF    	B         	0	.0000	0	.0000	0	.0000	0	.0000	0	.0000	0	.0000
20090721	櫃買期貨            	GTF    	C         	0	.0000	0	.0000	0	.0000	0	.0000	0	.0000	0	.0000
20090721	摩臺期              	MSF    	A         	0	.0000	0	.0000	0	.0000	2	1647.0000	0	.0000	2	1647.0000
20090721	摩臺期              	MSF    	B         	0	.0000	0	.0000	0	.0000	0	.0000	0	.0000	0	.0000
20090721	摩臺期              	MSF    	C         	0	.0000	0	.0000	0	.0000	0	.0000	0	.0000	0	.0000
20090721	小型臺指            	MXF    	A         	8802	3017653.0000	9046	3100449.0000	-244	-82796.0000	2816	965298.0000	1865	640753.0000	951	324545.0000
20090721	小型臺指            	MXF    	B         	0	.0000	0	.0000	0	.0000	0	.0000	0	.0000	0	.0000
20090721	小型臺指            	MXF    	C         	557	191127.0000	467	160128.0000	90	30999.0000	204	70145.0000	387	133070.0000	-183	-62925.0000
20090721	臺灣50期貨          	T5F    	A         	3	1439.0000	0	.0000	3	1439.0000	24	11506.0000	0	.0000	24	11506.0000
20090721	臺灣50期貨          	T5F    	B         	0	.0000	0	.0000	0	.0000	0	.0000	0	.0000	0	.0000
20090721	臺灣50期貨          	T5F    	C         	0	.0000	0	.0000	0	.0000	0	.0000	0	.0000	0	.0000
20090721	臺股期貨            	TXF    	A         	15210	20863887.0000	15503	21247246.0000	-293	-383359.0000	5334	7297608.0000	8976	12339561.0000	-3642	-5041953.0000
20090721	臺股期貨            	TXF    	B         	204	279769.0000	321	439709.0000	-117	-159940.0000	1909	2625639.0000	2573	3537506.0000	-664	-911867.0000
20090721	臺股期貨            	TXF    	C         	4950	6792760.0000	3100	4253101.0000	1850	2539659.0000	27768	38163686.0000	21451	29451610.0000	6317	8712076.0000
20090721	非金電期貨          	XIF    	A         	391	319425.0000	387	316084.0000	4	3341.0000	176	143755.0000	78	63603.0000	98	80152.0000
20090721	非金電期貨          	XIF    	B         	0	.0000	0	.0000	0	.0000	19	15533.0000	0	.0000	19	15533.0000
20090721	非金電期貨          	XIF    	C         	23	18800.0000	47	38481.0000	-24	-19681.0000	50	40871.0000	175	143063.0000	-125	-102192.0000
20090722	電子期貨            	EXF    	A         	656	725016.0000	615	679451.0000	41	45565.0000	1571	1734807.0000	688	759493.0000	883	975314.0000
20090722	電子期貨            	EXF    	B         	1	1104.0000	8	8836.0000	-7	-7731.0000	275	303765.0000	64	70694.0000	211	233071.0000
20090722	電子期貨            	EXF    	C         	373	412312.0000	340	375445.0000	33	36867.0000	2499	2760316.0000	3462	3824039.0000	-963	-1063723.0000
20090722	金融期貨            	FXF    	A         	993	844332.0000	974	826436.0000	19	17897.0000	927	776320.0000	408	341591.0000	519	434729.0000
20090722	金融期貨            	FXF    	B         	0	.0000	0	.0000	0	.0000	107	89623.0000	0	.0000	107	89623.0000
20090722	金融期貨            	FXF    	C         	630	534809.0000	913	772639.0000	-283	-237830.0000	1744	1460774.0000	4251	3560610.0000	-2507	-2099836.0000
20090722	櫃買期貨            	GTF    	A         	134	60291.0000	130	58424.0000	4	1867.0000	20	9056.0000	91	41202.0000	-71	-32146.0000
20090722	櫃買期貨            	GTF    	B         	0	.0000	0	.0000	0	.0000	0	.0000	0	.0000	0	.0000
20090722	櫃買期貨            	GTF    	C         	0	.0000	0	.0000	0	.0000	0	.0000	0	.0000	0	.0000
20090722	摩臺期              	MSF    	A         	0	.0000	0	.0000	0	.0000	2	1647.0000	0	.0000	2	1647.0000
20090722	摩臺期              	MSF    	B         	0	.0000	0	.0000	0	.0000	0	.0000	0	.0000	0	.0000
20090722	摩臺期              	MSF    	C         	0	.0000	0	.0000	0	.0000	0	.0000	0	.0000	0	.0000
20090722	小型臺指            	MXF    	A         	9003	3109328.0000	9913	3422953.0000	-910	-313625.0000	2394	821753.0000	2129	732863.0000	265	88890.0000
20090722	小型臺指            	MXF    	B         	0	.0000	0	.0000	0	.0000	0	.0000	0	.0000	0	.0000
20090722	小型臺指            	MXF    	C         	947	327512.0000	355	122669.0000	592	204843.0000	357	122987.0000	0	.0000	357	122987.0000
20090722	臺灣50期貨          	T5F    	A         	1	485.0000	0	.0000	1	485.0000	25	12050.0000	0	.0000	25	12050.0000
20090722	臺灣50期貨          	T5F    	B         	0	.0000	0	.0000	0	.0000	0	.0000	0	.0000	0	.0000
20090722	臺灣50期貨          	T5F    	C         	0	.0000	0	.0000	0	.0000	0	.0000	0	.0000	0	.0000
20090722	臺股期貨            	TXF    	A         	16085	22231499.0000	15882	21945747.0000	203	285753.0000	5470	7501145.0000	8965	12347949.0000	-3495	-4846804.0000
20090722	臺股期貨            	TXF    	B         	188	259606.0000	250	345007.0000	-62	-85401.0000	1924	2651272.0000	2650	3650339.0000	-726	-999067.0000
20090722	臺股期貨            	TXF    	C         	5127	7091125.0000	4847	6701970.0000	280	389156.0000	27317	37615784.0000	20701	28477146.0000	6616	9138638.0000
20090722	非金電期貨          	XIF    	A         	262	215562.0000	195	160236.0000	67	55326.0000	232	190106.0000	67	54803.0000	165	135303.0000
20090722	非金電期貨          	XIF    	B         	0	.0000	0	.0000	0	.0000	19	15576.0000	0	.0000	19	15576.0000
20090722	非金電期貨          	XIF    	C         	23	18945.0000	83	68410.0000	-60	-49466.0000	52	42626.0000	237	194293.0000	-185	-151667.0000
20090723	電子期貨            	EXF    	A         	792	878207.0000	753	834456.0000	39	43752.0000	1679	1853837.0000	757	835567.0000	922	1018270.0000
20090723	電子期貨            	EXF    	B         	0	.0000	3	3324.0000	-3	-3324.0000	275	303710.0000	67	73995.0000	208	229715.0000
20090723	電子期貨            	EXF    	C         	348	386102.0000	755	837044.0000	-407	-450943.0000	2417	2669255.0000	3787	4182363.0000	-1370	-1513108.0000
20090723	金融期貨            	FXF    	A         	870	721986.0000	691	573111.0000	179	148875.0000	914	757866.0000	216	179065.0000	698	578801.0000
20090723	金融期貨            	FXF    	B         	6	4977.0000	1	831.0000	5	4145.0000	112	92870.0000	0	.0000	112	92870.0000
20090723	金融期貨            	FXF    	C         	719	595582.0000	1014	841533.0000	-295	-245951.0000	1930	1600356.0000	4732	3923790.0000	-2802	-2323434.0000
20090723	櫃買期貨            	GTF    	A         	362	163274.0000	344	155062.0000	18	8211.0000	29	13128.0000	82	37092.0000	-53	-23964.0000
20090723	櫃買期貨            	GTF    	B         	0	.0000	0	.0000	0	.0000	0	.0000	0	.0000	0	.0000
20090723	櫃買期貨            	GTF    	C         	0	.0000	0	.0000	0	.0000	0	.0000	0	.0000	0	.0000
20090723	摩臺期              	MSF    	A         	0	.0000	0	.0000	0	.0000	2	1649.0000	0	.0000	2	1649.0000
20090723	摩臺期              	MSF    	B         	0	.0000	0	.0000	0	.0000	0	.0000	0	.0000	0	.0000
20090723	摩臺期              	MSF    	C         	0	.0000	0	.0000	0	.0000	0	.0000	0	.0000	0	.0000
20090723	小型臺指            	MXF    	A         	10136	3495661.0000	10086	3477039.0000	50	18622.0000	2568	880951.0000	2189	752246.0000	379	128705.0000
20090723	小型臺指            	MXF    	B         	0	.0000	0	.0000	0	.0000	0	.0000	0	.0000	0	.0000
20090723	小型臺指            	MXF    	C         	550	190077.0000	577	198906.0000	-27	-8828.0000	336	115567.0000	6	2064.0000	330	113503.0000
20090723	臺灣50期貨          	T5F    	A         	2	964.0000	0	.0000	2	964.0000	27	12901.0000	0	.0000	27	12901.0000
20090723	臺灣50期貨          	T5F    	B         	0	.0000	0	.0000	0	.0000	0	.0000	0	.0000	0	.0000
20090723	臺灣50期貨          	T5F    	C         	0	.0000	0	.0000	0	.0000	0	.0000	0	.0000	0	.0000
20090723	臺股期貨            	TXF    	A         	16091	22205755.0000	16187	22322390.0000	-96	-116635.0000	5440	7452149.0000	9047	12441536.0000	-3607	-4989387.0000
20090723	臺股期貨            	TXF    	B         	408	563510.0000	435	599907.0000	-27	-36397.0000	1974	2715829.0000	2725	3747770.0000	-751	-1031941.0000
20090723	臺股期貨            	TXF    	C         	4683	6456151.0000	4448	6135763.0000	235	320388.0000	27216	37419540.0000	20365	27971390.0000	6851	9448150.0000
20090723	非金電期貨          	XIF    	A         	270	221437.0000	308	252573.0000	-38	-31136.0000	213	174357.0000	86	70309.0000	127	104048.0000
20090723	非金電期貨          	XIF    	B         	1	819.0000	0	.0000	1	819.0000	20	16378.0000	0	.0000	20	16378.0000
20090723	非金電期貨          	XIF    	C         	61	50095.0000	21	17163.0000	40	32932.0000	55	45037.0000	200	163780.0000	-145	-118743.0000
20090724	電子期貨            	EXF    	A         	661	734689.0000	409	454177.0000	252	280512.0000	1738	1923117.0000	564	623509.0000	1174	1299608.0000
20090724	電子期貨            	EXF    	B         	0	.0000	0	.0000	0	.0000	275	304370.0000	67	74156.0000	208	230214.0000
20090724	電子期貨            	EXF    	C         	335	372490.0000	362	402272.0000	-27	-29782.0000	2510	2777928.0000	3907	4324268.0000	-1397	-1546340.0000
20090724	金融期貨            	FXF    	A         	661	551615.0000	525	438199.0000	136	113416.0000	1053	873158.0000	219	181625.0000	834	691533.0000
20090724	金融期貨            	FXF    	B         	0	.0000	0	.0000	0	.0000	112	92870.0000	0	.0000	112	92870.0000
20090724	金融期貨            	FXF    	C         	211	176401.0000	355	296781.0000	-144	-120379.0000	1907	1581284.0000	4853	4024126.0000	-2946	-2442842.0000
20090724	櫃買期貨            	GTF    	A         	183	82580.0000	177	79821.0000	6	2759.0000	29	13178.0000	76	34499.0000	-47	-21321.0000
20090724	櫃買期貨            	GTF    	B         	0	.0000	0	.0000	0	.0000	0	.0000	0	.0000	0	.0000
20090724	櫃買期貨            	GTF    	C         	0	.0000	0	.0000	0	.0000	0	.0000	0	.0000	0	.0000
20090724	摩臺期              	MSF    	A         	0	.0000	0	.0000	0	.0000	2	1652.0000	0	.0000	2	1652.0000
20090724	摩臺期              	MSF    	B         	0	.0000	0	.0000	0	.0000	0	.0000	0	.0000	0	.0000
20090724	摩臺期              	MSF    	C         	0	.0000	0	.0000	0	.0000	0	.0000	0	.0000	0	.0000
20090724	小型臺指            	MXF    	A         	5226	1806906.0000	5612	1940083.0000	-386	-133177.0000	1607	551658.0000	2270	781937.0000	-663	-230279.0000
20090724	小型臺指            	MXF    	B         	3	1035.0000	3	1036.0000	0	-1.0000	0	.0000	0	.0000	0	.0000
20090724	小型臺指            	MXF    	C         	393	135928.0000	876	303356.0000	-483	-167428.0000	243	83799.0000	520	179322.0000	-277	-95523.0000
20090724	臺灣50期貨          	T5F    	A         	0	.0000	0	.0000	0	.0000	27	12876.0000	0	.0000	27	12876.0000
20090724	臺灣50期貨          	T5F    	B         	0	.0000	0	.0000	0	.0000	0	.0000	0	.0000	0	.0000
20090724	臺灣50期貨          	T5F    	C         	0	.0000	0	.0000	0	.0000	0	.0000	0	.0000	0	.0000
20090724	臺股期貨            	TXF    	A         	11798	16321628.0000	12483	17262386.0000	-685	-940758.0000	5391	7400760.0000	9519	13124769.0000	-4128	-5724009.0000
20090724	臺股期貨            	TXF    	B         	247	342263.0000	168	232218.0000	79	110045.0000	1980	2731212.0000	2652	3656846.0000	-672	-925634.0000
20090724	臺股期貨            	TXF    	C         	2312	3199412.0000	3280	4539935.0000	-968	-1340523.0000	26871	37039287.0000	20957	28860519.0000	5914	8178768.0000
20090724	非金電期貨          	XIF    	A         	160	131294.0000	135	110721.0000	25	20573.0000	231	189488.0000	79	64669.0000	152	124819.0000
20090724	非金電期貨          	XIF    	B         	0	.0000	0	.0000	0	.0000	20	16416.0000	0	.0000	20	16416.0000
20090724	非金電期貨          	XIF    	C         	31	25457.0000	2	1647.0000	29	23810.0000	83	68122.0000	199	163339.0000	-116	-95217.0000
20090727	電子期貨            	EXF    	A         	640	715328.0000	453	506774.0000	187	208554.0000	1913	2147481.0000	552	619165.0000	1361	1528316.0000
20090727	電子期貨            	EXF    	B         	7	7887.0000	0	.0000	7	7887.0000	276	309893.0000	61	68491.0000	215	241402.0000
20090727	電子期貨            	EXF    	C         	245	274093.0000	203	227798.0000	42	46295.0000	2614	2934867.0000	3969	4456393.0000	-1355	-1521526.0000
20090727	金融期貨            	FXF    	A         	637	532731.0000	582	486874.0000	55	45857.0000	1159	973862.0000	270	226673.0000	889	747189.0000
20090727	金融期貨            	FXF    	B         	0	.0000	0	.0000	0	.0000	112	94125.0000	0	.0000	112	94125.0000
20090727	金融期貨            	FXF    	C         	560	469172.0000	250	209183.0000	310	259989.0000	1856	1559782.0000	4492	3775026.0000	-2636	-2215244.0000
20090727	櫃買期貨            	GTF    	A         	78	35248.0000	76	34295.0000	2	953.0000	29	13261.0000	74	33796.0000	-45	-20535.0000
20090727	櫃買期貨            	GTF    	B         	0	.0000	0	.0000	0	.0000	0	.0000	0	.0000	0	.0000
20090727	櫃買期貨            	GTF    	C         	0	.0000	0	.0000	0	.0000	0	.0000	0	.0000	0	.0000
20090727	摩臺期              	MSF    	A         	3	2493.0000	1	832.0000	2	1661.0000	4	3337.0000	0	.0000	4	3337.0000
20090727	摩臺期              	MSF    	B         	0	.0000	0	.0000	0	.0000	0	.0000	0	.0000	0	.0000
20090727	摩臺期              	MSF    	C         	0	.0000	0	.0000	0	.0000	0	.0000	0	.0000	0	.0000
20090727	小型臺指            	MXF    	A         	5140	1786155.0000	4832	1679625.0000	308	106529.0000	2016	699526.0000	2295	799000.0000	-279	-99474.0000
20090727	小型臺指            	MXF    	B         	0	.0000	0	.0000	0	.0000	0	.0000	0	.0000	0	.0000
20090727	小型臺指            	MXF    	C         	1009	350994.0000	461	160193.0000	548	190801.0000	200	69670.0000	69	24036.0000	131	45634.0000
20090727	臺灣50期貨          	T5F    	A         	0	.0000	0	.0000	0	.0000	27	13014.0000	0	.0000	27	13014.0000
20090727	臺灣50期貨          	T5F    	B         	0	.0000	0	.0000	0	.0000	0	.0000	0	.0000	0	.0000
20090727	臺灣50期貨          	T5F    	C         	0	.0000	0	.0000	0	.0000	0	.0000	0	.0000	0	.0000
20090727	臺股期貨            	TXF    	A         	13229	18400802.0000	12795	17793013.0000	434	607789.0000	5797	8040816.0000	9510	13245350.0000	-3713	-5204534.0000
20090727	臺股期貨            	TXF    	B         	260	362224.0000	141	196095.0000	119	166129.0000	1981	2760325.0000	2534	3529515.0000	-553	-769190.0000
20090727	臺股期貨            	TXF    	C         	4476	6229097.0000	3879	5395691.0000	597	833407.0000	26700	37176694.0000	20154	28033333.0000	6546	9143361.0000
20090727	非金電期貨          	XIF    	A         	252	207525.0000	267	219961.0000	-15	-12436.0000	229	188628.0000	92	75706.0000	137	112922.0000
20090727	非金電期貨          	XIF    	B         	0	.0000	0	.0000	0	.0000	20	16480.0000	0	.0000	20	16480.0000
20090727	非金電期貨          	XIF    	C         	17	13998.0000	22	18181.0000	-5	-4184.0000	87	71686.0000	208	171392.0000	-121	-99706.0000
20090728	電子期貨            	EXF    	A         	697	792646.0000	555	631924.0000	142	160722.0000	1961	2247181.0000	458	524366.0000	1503	1722815.0000
20090728	電子期貨            	EXF    	B         	4	4578.0000	0	.0000	4	4578.0000	277	317497.0000	58	66480.0000	219	251017.0000
20090728	電子期貨            	EXF    	C         	222	252477.0000	122	139256.0000	100	113222.0000	2677	3068165.0000	3932	4506858.0000	-1255	-1438693.0000
20090728	金融期貨            	FXF    	A         	683	579155.0000	900	762325.0000	-217	-183170.0000	926	784711.0000	254	215022.0000	672	569689.0000
20090728	金融期貨            	FXF    	B         	21	17778.0000	0	.0000	21	17778.0000	133	112731.0000	0	.0000	133	112731.0000
20090728	金融期貨            	FXF    	C         	376	318852.0000	325	275230.0000	51	43621.0000	1872	1586707.0000	4457	3777705.0000	-2585	-2190998.0000
20090728	櫃買期貨            	GTF    	A         	230	105987.0000	242	111592.0000	-12	-5605.0000	27	12616.0000	84	39223.0000	-57	-26607.0000
20090728	櫃買期貨            	GTF    	B         	0	.0000	0	.0000	0	.0000	0	.0000	0	.0000	0	.0000
20090728	櫃買期貨            	GTF    	C         	0	.0000	0	.0000	0	.0000	0	.0000	0	.0000	0	.0000
20090728	摩臺期              	MSF    	A         	2	1691.0000	0	.0000	2	1691.0000	6	5078.0000	0	.0000	6	5078.0000
20090728	摩臺期              	MSF    	B         	0	.0000	0	.0000	0	.0000	0	.0000	0	.0000	0	.0000
20090728	摩臺期              	MSF    	C         	0	.0000	0	.0000	0	.0000	0	.0000	0	.0000	0	.0000
20090728	小型臺指            	MXF    	A         	5916	2081188.0000	4999	1759315.0000	917	321874.0000	2178	767776.0000	1740	615272.0000	438	152504.0000
20090728	小型臺指            	MXF    	B         	0	.0000	0	.0000	0	.0000	0	.0000	0	.0000	0	.0000
20090728	小型臺指            	MXF    	C         	1311	461962.0000	650	229037.0000	661	232925.0000	700	247730.0000	0	.0000	700	247730.0000
20090728	臺灣50期貨          	T5F    	A         	0	.0000	0	.0000	0	.0000	27	13244.0000	0	.0000	27	13244.0000
20090728	臺灣50期貨          	T5F    	B         	0	.0000	0	.0000	0	.0000	0	.0000	0	.0000	0	.0000
20090728	臺灣50期貨          	T5F    	C         	0	.0000	0	.0000	0	.0000	0	.0000	0	.0000	0	.0000
20090728	臺股期貨            	TXF    	A         	15489	21820339.0000	13734	19356469.0000	1755	2463870.0000	6825	9622169.0000	8733	12355999.0000	-1908	-2733830.0000
20090728	臺股期貨            	TXF    	B         	148	208429.0000	117	164867.0000	31	43562.0000	1986	2811382.0000	2508	3548851.0000	-522	-737469.0000
20090728	臺股期貨            	TXF    	C         	4950	6972232.0000	3115	4390005.0000	1835	2582227.0000	27732	39228182.0000	19328	27308505.0000	8404	11919677.0000
20090728	非金電期貨          	XIF    	A         	203	168628.0000	203	168765.0000	0	-138.0000	235	195823.0000	98	81593.0000	137	114230.0000
20090728	非金電期貨          	XIF    	B         	1	835.0000	0	.0000	1	835.0000	21	17510.0000	0	.0000	21	17510.0000
20090728	非金電期貨          	XIF    	C         	27	22501.0000	32	26596.0000	-5	-4095.0000	82	68367.0000	208	173359.0000	-126	-104992.0000
20090729	電子期貨            	EXF    	A         	645	736341.0000	861	982023.0000	-216	-245682.0000	2034	2312679.0000	747	848913.0000	1287	1463766.0000
20090729	電子期貨            	EXF    	B         	14	16036.0000	3	3409.0000	11	12627.0000	281	319553.0000	51	57997.0000	230	261556.0000
20090729	電子期貨            	EXF    	C         	339	386608.0000	472	538664.0000	-133	-152056.0000	2807	3191892.0000	4195	4770554.0000	-1388	-1578662.0000
20090729	金融期貨            	FXF    	A         	823	693608.0000	659	556771.0000	164	136837.0000	1056	879161.0000	220	183040.0000	836	696121.0000
20090729	金融期貨            	FXF    	B         	0	.0000	5	4240.0000	-5	-4240.0000	128	106573.0000	0	.0000	128	106573.0000
20090729	金融期貨            	FXF    	C         	561	471067.0000	611	517744.0000	-50	-46678.0000	2051	1707663.0000	4686	3901517.0000	-2635	-2193854.0000
20090729	櫃買期貨            	GTF    	A         	175	81380.0000	156	72478.0000	19	8902.0000	25	11660.0000	63	29358.0000	-38	-17698.0000
20090729	櫃買期貨            	GTF    	B         	0	.0000	0	.0000	0	.0000	0	.0000	0	.0000	0	.0000
20090729	櫃買期貨            	GTF    	C         	0	.0000	0	.0000	0	.0000	0	.0000	0	.0000	0	.0000
20090729	摩臺期              	MSF    	A         	1	843.0000	0	.0000	1	843.0000	7	5900.0000	0	.0000	7	5900.0000
20090729	摩臺期              	MSF    	B         	0	.0000	0	.0000	0	.0000	0	.0000	0	.0000	0	.0000
20090729	摩臺期              	MSF    	C         	0	.0000	0	.0000	0	.0000	0	.0000	0	.0000	0	.0000
20090729	小型臺指            	MXF    	A         	5475	1934730.0000	6163	2177567.0000	-688	-242837.0000	1913	670157.0000	2075	729157.0000	-162	-59000.0000
20090729	小型臺指            	MXF    	B         	0	.0000	0	.0000	0	.0000	0	.0000	0	.0000	0	.0000
20090729	小型臺指            	MXF    	C         	863	305351.0000	2155	761884.0000	-1292	-456533.0000	103	36241.0000	315	110833.0000	-212	-74592.0000
20090729	臺灣50期貨          	T5F    	A         	0	.0000	0	.0000	0	.0000	27	13111.0000	0	.0000	27	13111.0000
20090729	臺灣50期貨          	T5F    	B         	0	.0000	0	.0000	0	.0000	0	.0000	0	.0000	0	.0000
20090729	臺灣50期貨          	T5F    	C         	0	.0000	0	.0000	0	.0000	0	.0000	0	.0000	0	.0000
20090729	臺股期貨            	TXF    	A         	14764	20875801.0000	16196	22886722.0000	-1432	-2010921.0000	5995	8398130.0000	9357	13162123.0000	-3362	-4763993.0000
20090729	臺股期貨            	TXF    	B         	401	567370.0000	265	373784.0000	136	193586.0000	2014	2834504.0000	2400	3376324.0000	-386	-541820.0000
20090729	臺股期貨            	TXF    	C         	2579	3646294.0000	4703	6650333.0000	-2124	-3004039.0000	26689	37533063.0000	20504	28804215.0000	6185	8728848.0000
20090729	非金電期貨          	XIF    	A         	467	388439.0000	527	438408.0000	-60	-49969.0000	231	192839.0000	154	128529.0000	77	64310.0000
20090729	非金電期貨          	XIF    	B         	0	.0000	0	.0000	0	.0000	21	17546.0000	0	.0000	21	17546.0000
20090729	非金電期貨          	XIF    	C         	87	72676.0000	24	19969.0000	63	52706.0000	145	121143.0000	208	173609.0000	-63	-52466.0000
20090730	電子期貨            	EXF    	A         	678	758604.0000	733	821682.0000	-55	-63078.0000	1910	2148632.0000	678	761914.0000	1232	1386718.0000
20090730	電子期貨            	EXF    	B         	3	3375.0000	4	4487.0000	-1	-1112.0000	284	319557.0000	55	61886.0000	229	257671.0000
20090730	電子期貨            	EXF    	C         	398	445102.0000	392	438441.0000	6	6661.0000	2731	3072433.0000	4113	4627948.0000	-1382	-1555515.0000
20090730	金融期貨            	FXF    	A         	400	331213.0000	570	471992.0000	-170	-140780.0000	979	808344.0000	313	258269.0000	666	550075.0000
20090730	金融期貨            	FXF    	B         	3	2478.0000	0	.0000	3	2478.0000	131	108180.0000	0	.0000	131	108180.0000
20090730	金融期貨            	FXF    	C         	167	138176.0000	189	156109.0000	-22	-17933.0000	1992	1644994.0000	4649	3839064.0000	-2657	-2194070.0000
20090730	櫃買期貨            	GTF    	A         	138	63124.0000	144	65879.0000	-6	-2755.0000	28	12957.0000	72	33311.0000	-44	-20354.0000
20090730	櫃買期貨            	GTF    	B         	0	.0000	0	.0000	0	.0000	0	.0000	0	.0000	0	.0000
20090730	櫃買期貨            	GTF    	C         	0	.0000	0	.0000	0	.0000	0	.0000	0	.0000	0	.0000
20090730	摩臺期              	MSF    	A         	0	.0000	0	.0000	0	.0000	7	5830.0000	0	.0000	7	5830.0000
20090730	摩臺期              	MSF    	B         	0	.0000	0	.0000	0	.0000	0	.0000	0	.0000	0	.0000
20090730	摩臺期              	MSF    	C         	0	.0000	0	.0000	0	.0000	0	.0000	0	.0000	0	.0000
20090730	小型臺指            	MXF    	A         	7778	2698360.0000	8933	3099687.0000	-1155	-401328.0000	2171	752710.0000	2912	1012402.0000	-741	-259692.0000
20090730	小型臺指            	MXF    	B         	0	.0000	0	.0000	0	.0000	0	.0000	0	.0000	0	.0000
20090730	小型臺指            	MXF    	C         	1299	451232.0000	1234	428260.0000	65	22971.0000	497	173006.0000	652	226961.0000	-155	-53955.0000
20090730	臺灣50期貨          	T5F    	A         	0	.0000	0	.0000	0	.0000	27	12979.0000	0	.0000	27	12979.0000
20090730	臺灣50期貨          	T5F    	B         	0	.0000	0	.0000	0	.0000	0	.0000	0	.0000	0	.0000
20090730	臺灣50期貨          	T5F    	C         	0	.0000	0	.0000	0	.0000	0	.0000	0	.0000	0	.0000
20090730	臺股期貨            	TXF    	A         	18778	26077284.0000	18993	26374922.0000	-215	-297638.0000	5568	7715916.0000	9289	12927390.0000	-3721	-5211474.0000
20090730	臺股期貨            	TXF    	B         	435	604872.0000	312	432341.0000	123	172531.0000	2034	2832142.0000	2297	3196944.0000	-263	-364802.0000
20090730	臺股期貨            	TXF    	C         	4743	6589225.0000	5825	8082568.0000	-1082	-1493343.0000	26138	36366414.0000	21033	29236112.0000	5105	7130302.0000
20090730	非金電期貨          	XIF    	A         	357	293479.0000	373	306545.0000	-16	-13066.0000	208	171539.0000	147	121206.0000	61	50333.0000
20090730	非金電期貨          	XIF    	B         	0	.0000	0	.0000	0	.0000	21	17333.0000	0	.0000	21	17333.0000
20090730	非金電期貨          	XIF    	C         	19	15637.0000	63	51817.0000	-44	-36181.0000	91	75108.0000	198	163293.0000	-107	-88185.0000
20090731	電子期貨            	EXF    	A         	764	870760.0000	797	907641.0000	-33	-36881.0000	1934	2211745.0000	735	839451.0000	1199	1372294.0000
20090731	電子期貨            	EXF    	B         	6	6864.0000	0	.0000	6	6864.0000	290	331760.0000	55	62920.0000	235	268840.0000
20090731	電子期貨            	EXF    	C         	678	773117.0000	324	369408.0000	354	403710.0000	2856	3266608.0000	3884	4443296.0000	-1028	-1176688.0000
20090731	金融期貨            	FXF    	A         	711	590434.0000	801	664621.0000	-90	-74186.0000	918	760712.0000	342	283228.0000	576	477484.0000
20090731	金融期貨            	FXF    	B         	0	.0000	0	.0000	0	.0000	131	108573.0000	0	.0000	131	108573.0000
20090731	金融期貨            	FXF    	C         	322	267450.0000	210	174348.0000	112	93102.0000	1932	1601242.0000	4477	3710441.0000	-2545	-2109199.0000
20090731	櫃買期貨            	GTF    	A         	25	11701.0000	44	20585.0000	-19	-8884.0000	30	14014.0000	93	43438.0000	-63	-29424.0000
20090731	櫃買期貨            	GTF    	B         	0	.0000	0	.0000	0	.0000	0	.0000	0	.0000	0	.0000
20090731	櫃買期貨            	GTF    	C         	0	.0000	0	.0000	0	.0000	0	.0000	0	.0000	0	.0000
20090731	摩臺期              	MSF    	A         	0	.0000	0	.0000	0	.0000	7	5883.0000	0	.0000	7	5883.0000
20090731	摩臺期              	MSF    	B         	0	.0000	0	.0000	0	.0000	0	.0000	0	.0000	0	.0000
20090731	摩臺期              	MSF    	C         	0	.0000	0	.0000	0	.0000	0	.0000	0	.0000	0	.0000
20090731	小型臺指            	MXF    	A         	7829	2747834.0000	7512	2636335.0000	317	111499.0000	2453	858845.0000	2945	1034082.0000	-492	-175237.0000
20090731	小型臺指            	MXF    	B         	0	.0000	0	.0000	0	.0000	0	.0000	0	.0000	0	.0000
20090731	小型臺指            	MXF    	C         	1444	507338.0000	795	279386.0000	649	227952.0000	1012	355819.0000	518	182129.0000	494	173690.0000
20090731	臺灣50期貨          	T5F    	A         	0	.0000	0	.0000	0	.0000	27	13133.0000	0	.0000	27	13133.0000
20090731	臺灣50期貨          	T5F    	B         	0	.0000	0	.0000	0	.0000	0	.0000	0	.0000	0	.0000
20090731	臺灣50期貨          	T5F    	C         	0	.0000	0	.0000	0	.0000	0	.0000	0	.0000	0	.0000
20090731	臺股期貨            	TXF    	A         	17719	24894102.0000	17016	23887915.0000	703	1006187.0000	5513	7716474.0000	8514	11967247.0000	-3001	-4250773.0000
20090731	臺股期貨            	TXF    	B         	641	900694.0000	160	224307.0000	481	676387.0000	2226	3130646.0000	2008	2822577.0000	218	308069.0000
20090731	臺股期貨            	TXF    	C         	4670	6553010.0000	4697	6595620.0000	-27	-42610.0000	26371	37056633.0000	21293	29891862.0000	5078	7164771.0000
20090731	非金電期貨          	XIF    	A         	232	192120.0000	236	195419.0000	-4	-3299.0000	190	157333.0000	133	110105.0000	57	47228.0000
20090731	非金電期貨          	XIF    	B         	0	.0000	0	.0000	0	.0000	21	17409.0000	0	.0000	21	17409.0000
20090731	非金電期貨          	XIF    	C         	103	85518.0000	58	48068.0000	45	37450.0000	95	78751.0000	157	129985.0000	-62	-51234.0000
