20110401	電子期貨            	EXF    	A         	607	787256.0000	555	719607.0000	52	67649.0000	1337	1734295.0000	715	922834.0000	622	811461.0000
20110401	電子期貨            	EXF    	B         	0	.0000	0	.0000	0	.0000	126	163498.0000	402	521635.0000	-276	-358137.0000
20110401	電子期貨            	EXF    	C         	645	836608.0000	351	455304.0000	294	381304.0000	4508	5849181.0000	4625	6001400.0000	-117	-152219.0000
20110401	金融期貨            	FXF    	A         	410	407913.0000	534	530829.0000	-124	-122916.0000	1076	1074825.0000	419	416228.0000	657	658597.0000
20110401	金融期貨            	FXF    	B         	0	.0000	100	99204.0000	-100	-99204.0000	253	252747.0000	0	.0000	253	252747.0000
20110401	金融期貨            	FXF    	C         	384	382020.0000	417	414756.0000	-33	-32736.0000	2048	2045952.0000	4448	4443414.0000	-2400	-2397462.0000
20110401	櫃買期貨            	GTF    	A         	87	48399.0000	91	50624.0000	-4	-2226.0000	44	24522.0000	113	63005.0000	-69	-38483.0000
20110401	櫃買期貨            	GTF    	B         	0	.0000	0	.0000	0	.0000	63	35141.0000	0	.0000	63	35141.0000
20110401	櫃買期貨            	GTF    	C         	0	.0000	0	.0000	0	.0000	0	.0000	0	.0000	0	.0000
20110401	摩臺期              	MSF    	A         	0	.0000	0	.0000	0	.0000	8	7204.0000	1	902.0000	7	6302.0000
20110401	摩臺期              	MSF    	B         	0	.0000	0	.0000	0	.0000	0	.0000	0	.0000	0	.0000
20110401	摩臺期              	MSF    	C         	0	.0000	0	.0000	0	.0000	35	31580.0000	0	.0000	35	31580.0000
20110401	小型臺指            	MXF    	A         	3673	1586763.0000	2298	993445.0000	1375	593318.0000	3201	1384766.0000	3207	1390981.0000	-6	-6215.0000
20110401	小型臺指            	MXF    	B         	1	434.0000	0	.0000	1	434.0000	1	434.0000	0	.0000	1	434.0000
20110401	小型臺指            	MXF    	C         	6577	2843102.0000	5817	2516305.0000	760	326798.0000	5287	2288220.0000	2899	1224127.0000	2388	1064093.0000
20110401	股票期貨            	STF    	A         	2753	170233.0000	3039	199199.0000	-286	-28966.0000	8848	548817.0000	6330	562984.0000	2518	-14167.0000
20110401	股票期貨            	STF    	B         	0	.0000	0	.0000	0	.0000	0	.0000	0	.0000	0	.0000
20110401	股票期貨            	STF    	C         	1	102.0000	6	882.0000	-5	-780.0000	419	49438.0000	8656	575460.0000	-8237	-526022.0000
20110401	臺灣50期貨          	T5F    	A         	0	.0000	0	.0000	0	.0000	500	300150.0000	0	.0000	500	300150.0000
20110401	臺灣50期貨          	T5F    	B         	0	.0000	0	.0000	0	.0000	0	.0000	0	.0000	0	.0000
20110401	臺灣50期貨          	T5F    	C         	0	.0000	0	.0000	0	.0000	0	.0000	500	300150.0000	-500	-300150.0000
20110401	臺股期貨            	TXF    	A         	14359	24853921.0000	13894	24050252.0000	465	803670.0000	8260	14279672.0000	13672	23684389.0000	-5412	-9404717.0000
20110401	臺股期貨            	TXF    	B         	197	341037.0000	145	250623.0000	52	90414.0000	1084	1882691.0000	1704	2959360.0000	-620	-1076669.0000
20110401	臺股期貨            	TXF    	C         	8645	14956223.0000	7863	13611684.0000	782	1344539.0000	38101	66115897.0000	17241	29685972.0000	20860	36429925.0000
20110401	非金電期貨          	XIF    	A         	204	238581.0000	233	272337.0000	-29	-33756.0000	1010	1188696.0000	709	824202.0000	301	364494.0000
20110401	非金電期貨          	XIF    	B         	0	.0000	0	.0000	0	.0000	18	21200.0000	0	.0000	18	21200.0000
20110401	非金電期貨          	XIF    	C         	164	191837.0000	186	217658.0000	-22	-25821.0000	549	646612.0000	625	736125.0000	-76	-89513.0000
20110406	電子期貨            	EXF    	A         	1099	1451905.0000	973	1288046.0000	126	163859.0000	1378	1833192.0000	630	833119.0000	748	1000073.0000
20110406	電子期貨            	EXF    	B         	0	.0000	0	.0000	0	.0000	126	167681.0000	402	534982.0000	-276	-367301.0000
20110406	電子期貨            	EXF    	C         	1415	1869625.0000	986	1305647.0000	429	563978.0000	4305	5728613.0000	3993	5313884.0000	312	414729.0000
20110406	金融期貨            	FXF    	A         	959	967669.0000	877	884625.0000	82	83044.0000	1202	1213239.0000	463	464885.0000	739	748354.0000
20110406	金融期貨            	FXF    	B         	0	.0000	0	.0000	0	.0000	253	255378.0000	0	.0000	253	255378.0000
20110406	金融期貨            	FXF    	C         	842	849415.0000	1186	1197699.0000	-344	-348284.0000	2035	2053970.0000	4779	4823611.0000	-2744	-2769641.0000
20110406	櫃買期貨            	GTF    	A         	92	51838.0000	107	60304.0000	-15	-8467.0000	44	24781.0000	128	72120.0000	-84	-47339.0000
20110406	櫃買期貨            	GTF    	B         	0	.0000	0	.0000	0	.0000	63	35507.0000	0	.0000	63	35507.0000
20110406	櫃買期貨            	GTF    	C         	0	.0000	0	.0000	0	.0000	0	.0000	0	.0000	0	.0000
20110406	摩臺期              	MSF    	A         	0	.0000	0	.0000	0	.0000	8	7295.0000	1	914.0000	7	6381.0000
20110406	摩臺期              	MSF    	B         	0	.0000	0	.0000	0	.0000	0	.0000	0	.0000	0	.0000
20110406	摩臺期              	MSF    	C         	0	.0000	1	910.0000	-1	-910.0000	35	31976.0000	1	914.0000	34	31062.0000
20110406	小型臺指            	MXF    	A         	7115	3126424.0000	7095	3126900.0000	20	-476.0000	3679	1617863.0000	3553	1568937.0000	126	48926.0000
20110406	小型臺指            	MXF    	B         	30	13263.0000	0	.0000	30	13263.0000	31	13700.0000	0	.0000	31	13700.0000
20110406	小型臺指            	MXF    	C         	10535	4634020.0000	8441	3718189.0000	2094	915831.0000	5659	2493253.0000	3277	1413107.0000	2382	1080146.0000
20110406	股票期貨            	STF    	A         	2669	209629.0000	2419	191126.0000	250	18502.0000	9039	582814.0000	6271	580425.0000	2768	2389.0000
20110406	股票期貨            	STF    	B         	0	.0000	0	.0000	0	.0000	0	.0000	0	.0000	0	.0000
20110406	股票期貨            	STF    	C         	285	21714.0000	120	16146.0000	165	5567.0000	460	50818.0000	8532	583451.0000	-8072	-532633.0000
20110406	臺灣50期貨          	T5F    	A         	0	.0000	0	.0000	0	.0000	500	309050.0000	0	.0000	500	309050.0000
20110406	臺灣50期貨          	T5F    	B         	0	.0000	0	.0000	0	.0000	0	.0000	0	.0000	0	.0000
20110406	臺灣50期貨          	T5F    	C         	0	.0000	0	.0000	0	.0000	0	.0000	500	309050.0000	-500	-309050.0000
20110406	臺股期貨            	TXF    	A         	31025	54666679.0000	27033	47659800.0000	3992	7006879.0000	9390	16531779.0000	10838	19103492.0000	-1448	-2571713.0000
20110406	臺股期貨            	TXF    	B         	412	725174.0000	25	44041.0000	387	681133.0000	1252	2213106.0000	1485	2625038.0000	-233	-411932.0000
20110406	臺股期貨            	TXF    	C         	16952	29854584.0000	17715	31233387.0000	-763	-1378802.0000	41795	73824689.0000	21138	37108413.0000	20657	36716276.0000
20110406	非金電期貨          	XIF    	A         	446	529750.0000	272	323106.0000	174	206643.0000	1187	1412653.0000	712	836974.0000	475	575679.0000
20110406	非金電期貨          	XIF    	B         	0	.0000	0	.0000	0	.0000	18	21434.0000	0	.0000	18	21434.0000
20110406	非金電期貨          	XIF    	C         	112	132991.0000	207	246111.0000	-95	-113120.0000	543	646604.0000	714	850231.0000	-171	-203627.0000
20110407	電子期貨            	EXF    	A         	516	687987.0000	749	998425.0000	-233	-310439.0000	1203	1608762.0000	688	914877.0000	515	693885.0000
20110407	電子期貨            	EXF    	B         	0	.0000	50	66626.0000	-50	-66626.0000	126	168588.0000	452	604776.0000	-326	-436188.0000
20110407	電子期貨            	EXF    	C         	790	1053068.0000	624	831914.0000	166	221154.0000	4198	5616290.0000	3720	4977360.0000	478	638930.0000
20110407	金融期貨            	FXF    	A         	672	677983.0000	854	861151.0000	-182	-183168.0000	1085	1096229.0000	528	530931.0000	557	565298.0000
20110407	金融期貨            	FXF    	B         	0	.0000	0	.0000	0	.0000	253	255631.0000	0	.0000	253	255631.0000
20110407	金融期貨            	FXF    	C         	437	440724.0000	870	877470.0000	-433	-436747.0000	2141	2163068.0000	5318	5372951.0000	-3177	-3209883.0000
20110407	櫃買期貨            	GTF    	A         	101	57305.0000	136	77227.0000	-35	-19922.0000	23	13070.0000	142	80884.0000	-119	-67814.0000
20110407	櫃買期貨            	GTF    	B         	0	.0000	0	.0000	0	.0000	63	35910.0000	0	.0000	63	35910.0000
20110407	櫃買期貨            	GTF    	C         	0	.0000	0	.0000	0	.0000	0	.0000	0	.0000	0	.0000
20110407	摩臺期              	MSF    	A         	0	.0000	0	.0000	0	.0000	8	7306.0000	1	915.0000	7	6391.0000
20110407	摩臺期              	MSF    	B         	0	.0000	0	.0000	0	.0000	0	.0000	0	.0000	0	.0000
20110407	摩臺期              	MSF    	C         	0	.0000	0	.0000	0	.0000	35	32026.0000	1	915.0000	34	31111.0000
20110407	小型臺指            	MXF    	A         	3485	1540959.0000	3546	1570291.0000	-61	-29332.0000	3855	1705431.0000	3658	1625671.0000	197	79760.0000
20110407	小型臺指            	MXF    	B         	0	.0000	0	.0000	0	.0000	31	13789.0000	0	.0000	31	13789.0000
20110407	小型臺指            	MXF    	C         	6459	2857008.0000	7386	3268762.0000	-927	-411754.0000	5644	2502860.0000	4201	1833860.0000	1443	669000.0000
20110407	股票期貨            	STF    	A         	2780	195383.0000	2912	199465.0000	-132	-4082.0000	9004	588469.0000	6368	591526.0000	2636	-3057.0000
20110407	股票期貨            	STF    	B         	0	.0000	0	.0000	0	.0000	0	.0000	0	.0000	0	.0000
20110407	股票期貨            	STF    	C         	43	3771.0000	76	10896.0000	-33	-7125.0000	458	50825.0000	8563	593406.0000	-8105	-542581.0000
20110407	臺灣50期貨          	T5F    	A         	0	.0000	0	.0000	0	.0000	500	307900.0000	0	.0000	500	307900.0000
20110407	臺灣50期貨          	T5F    	B         	0	.0000	0	.0000	0	.0000	0	.0000	0	.0000	0	.0000
20110407	臺灣50期貨          	T5F    	C         	0	.0000	0	.0000	0	.0000	0	.0000	500	307900.0000	-500	-307900.0000
20110407	臺股期貨            	TXF    	A         	16964	30058599.0000	17314	30672029.0000	-350	-613430.0000	9773	17319361.0000	11604	20590459.0000	-1831	-3271098.0000
20110407	臺股期貨            	TXF    	B         	139	246309.0000	89	157689.0000	50	88620.0000	1251	2225606.0000	1434	2551223.0000	-183	-325617.0000
20110407	臺股期貨            	TXF    	C         	11631	20601629.0000	11843	20984121.0000	-212	-382492.0000	42937	76330955.0000	22489	39751414.0000	20448	36579541.0000
20110407	非金電期貨          	XIF    	A         	273	325913.0000	282	336667.0000	-9	-10755.0000	1174	1410497.0000	708	840295.0000	466	570202.0000
20110407	非金電期貨          	XIF    	B         	0	.0000	0	.0000	0	.0000	18	21638.0000	0	.0000	18	21638.0000
20110407	非金電期貨          	XIF    	C         	55	65655.0000	137	163426.0000	-82	-97771.0000	499	599848.0000	752	903979.0000	-253	-304131.0000
20110408	電子期貨            	EXF    	A         	857	1141388.0000	708	942906.0000	149	198482.0000	1366	1810466.0000	702	925388.0000	664	885078.0000
20110408	電子期貨            	EXF    	B         	0	.0000	70	92794.0000	-70	-92794.0000	126	167076.0000	522	692172.0000	-396	-525096.0000
20110408	電子期貨            	EXF    	C         	907	1209571.0000	561	747585.0000	346	461986.0000	4578	6069866.0000	3754	4977804.0000	824	1092062.0000
20110408	金融期貨            	FXF    	A         	1044	1055016.0000	918	926544.0000	126	128472.0000	1144	1153540.0000	461	462663.0000	683	690877.0000
20110408	金融期貨            	FXF    	B         	0	.0000	0	.0000	0	.0000	253	255125.0000	0	.0000	253	255125.0000
20110408	金融期貨            	FXF    	C         	939	947686.0000	1356	1371010.0000	-417	-423324.0000	2399	2418696.0000	5993	6042633.0000	-3594	-3623937.0000
20110408	櫃買期貨            	GTF    	A         	117	66628.0000	182	103686.0000	-65	-37058.0000	16	9069.0000	200	113387.0000	-184	-104318.0000
20110408	櫃買期貨            	GTF    	B         	0	.0000	0	.0000	0	.0000	63	35708.0000	0	.0000	63	35708.0000
20110408	櫃買期貨            	GTF    	C         	0	.0000	0	.0000	0	.0000	0	.0000	0	.0000	0	.0000
20110408	摩臺期              	MSF    	A         	0	.0000	0	.0000	0	.0000	8	7323.0000	1	917.0000	7	6406.0000
20110408	摩臺期              	MSF    	B         	0	.0000	0	.0000	0	.0000	0	.0000	0	.0000	0	.0000
20110408	摩臺期              	MSF    	C         	0	.0000	4	3661.0000	-4	-3661.0000	35	32100.0000	5	4586.0000	30	27514.0000
20110408	小型臺指            	MXF    	A         	5538	2460282.0000	6884	3057511.0000	-1346	-597229.0000	3492	1538987.0000	4241	1879034.0000	-749	-340047.0000
20110408	小型臺指            	MXF    	B         	0	.0000	0	.0000	0	.0000	31	13745.0000	0	.0000	31	13745.0000
20110408	小型臺指            	MXF    	C         	9001	3997075.0000	9832	4365487.0000	-831	-368413.0000	5417	2395699.0000	4781	2085192.0000	636	310507.0000
20110408	股票期貨            	STF    	A         	3959	281493.0000	4326	302679.0000	-367	-21186.0000	8994	595717.0000	6725	615482.0000	2269	-19765.0000
20110408	股票期貨            	STF    	B         	0	.0000	0	.0000	0	.0000	0	.0000	0	.0000	0	.0000
20110408	股票期貨            	STF    	C         	189	7093.0000	116	10534.0000	73	-3441.0000	489	52559.0000	8521	604333.0000	-8032	-551774.0000
20110408	臺灣50期貨          	T5F    	A         	0	.0000	0	.0000	0	.0000	500	306850.0000	0	.0000	500	306850.0000
20110408	臺灣50期貨          	T5F    	B         	0	.0000	0	.0000	0	.0000	0	.0000	0	.0000	0	.0000
20110408	臺灣50期貨          	T5F    	C         	0	.0000	0	.0000	0	.0000	0	.0000	500	306850.0000	-500	-306850.0000
20110408	臺股期貨            	TXF    	A         	24906	44279974.0000	25914	46063270.0000	-1008	-1783296.0000	8220	14510210.0000	11159	19738823.0000	-2939	-5228613.0000
20110408	臺股期貨            	TXF    	B         	43	76397.0000	12	21280.0000	31	55117.0000	1267	2246887.0000	1419	2516595.0000	-152	-269708.0000
20110408	臺股期貨            	TXF    	C         	11106	19748300.0000	14895	26492175.0000	-3789	-6743875.0000	40260	71340531.0000	23607	41599479.0000	16653	29741052.0000
20110408	非金電期貨          	XIF    	A         	338	408326.0000	273	329467.0000	65	78859.0000	1222	1473355.0000	691	822736.0000	531	650619.0000
20110408	非金電期貨          	XIF    	B         	0	.0000	0	.0000	0	.0000	18	21710.0000	0	.0000	18	21710.0000
20110408	非金電期貨          	XIF    	C         	262	316813.0000	275	332780.0000	-13	-15967.0000	669	806871.0000	935	1127704.0000	-266	-320833.0000
20110411	電子期貨            	EXF    	A         	674	892208.0000	526	695944.0000	148	196264.0000	1542	2042055.0000	730	962067.0000	812	1079988.0000
20110411	電子期貨            	EXF    	B         	0	.0000	0	.0000	0	.0000	126	166925.0000	522	691546.0000	-396	-524621.0000
20110411	電子期貨            	EXF    	C         	514	680119.0000	583	771600.0000	-69	-91481.0000	4620	6120093.0000	3865	5120352.0000	755	999741.0000
20110411	金融期貨            	FXF    	A         	926	927754.0000	954	955704.0000	-28	-27950.0000	1114	1115485.0000	459	457298.0000	655	658187.0000
20110411	金融期貨            	FXF    	B         	0	.0000	30	29904.0000	-30	-29904.0000	223	223357.0000	0	.0000	223	223357.0000
20110411	金融期貨            	FXF    	C         	726	727173.0000	657	658708.0000	69	68465.0000	2454	2457318.0000	5979	5987366.0000	-3525	-3530048.0000
20110411	櫃買期貨            	GTF    	A         	35	19773.0000	49	27670.0000	-14	-7897.0000	7	3956.0000	205	115813.0000	-198	-111857.0000
20110411	櫃買期貨            	GTF    	B         	0	.0000	0	.0000	0	.0000	63	35608.0000	0	.0000	63	35608.0000
20110411	櫃買期貨            	GTF    	C         	0	.0000	0	.0000	0	.0000	0	.0000	0	.0000	0	.0000
20110411	摩臺期              	MSF    	A         	0	.0000	0	.0000	0	.0000	8	7283.0000	1	912.0000	7	6371.0000
20110411	摩臺期              	MSF    	B         	0	.0000	0	.0000	0	.0000	0	.0000	0	.0000	0	.0000
20110411	摩臺期              	MSF    	C         	0	.0000	4	3648.0000	-4	-3648.0000	35	31922.0000	9	8209.0000	26	23713.0000
20110411	小型臺指            	MXF    	A         	5410	2392802.0000	5052	2233205.0000	358	159597.0000	3300	1452569.0000	4087	1808857.0000	-787	-356288.0000
20110411	小型臺指            	MXF    	B         	0	.0000	0	.0000	0	.0000	31	13731.0000	0	.0000	31	13731.0000
20110411	小型臺指            	MXF    	C         	6464	2856978.0000	7403	3272813.0000	-939	-415835.0000	5838	2579345.0000	6037	2640112.0000	-199	-60767.0000
20110411	股票期貨            	STF    	A         	3796	293765.0000	4051	299870.0000	-255	-6105.0000	8653	567529.0000	6639	592236.0000	2014	-24707.0000
20110411	股票期貨            	STF    	B         	0	.0000	0	.0000	0	.0000	0	.0000	0	.0000	0	.0000
20110411	股票期貨            	STF    	C         	167	9025.0000	246	21884.0000	-79	-12859.0000	497	53033.0000	8608	617130.0000	-8111	-564097.0000
20110411	臺灣50期貨          	T5F    	A         	0	.0000	0	.0000	0	.0000	500	305650.0000	0	.0000	500	305650.0000
20110411	臺灣50期貨          	T5F    	B         	0	.0000	0	.0000	0	.0000	0	.0000	0	.0000	0	.0000
20110411	臺灣50期貨          	T5F    	C         	0	.0000	0	.0000	0	.0000	0	.0000	500	305650.0000	-500	-305650.0000
20110411	臺股期貨            	TXF    	A         	18312	32409410.0000	17517	30992622.0000	795	1416788.0000	8736	15411130.0000	10781	19050980.0000	-2045	-3639850.0000
20110411	臺股期貨            	TXF    	B         	48	85132.0000	37	65431.0000	11	19702.0000	1257	2226897.0000	1398	2476780.0000	-141	-249883.0000
20110411	臺股期貨            	TXF    	C         	11088	19615988.0000	9757	17261752.0000	1331	2354236.0000	42056	74447694.0000	24099	42430008.0000	17957	32017686.0000
20110411	非金電期貨          	XIF    	A         	280	337306.0000	272	327523.0000	8	9783.0000	1273	1538011.0000	734	876400.0000	539	661611.0000
20110411	非金電期貨          	XIF    	B         	0	.0000	0	.0000	0	.0000	18	21749.0000	0	.0000	18	21749.0000
20110411	非金電期貨          	XIF    	C         	43	51881.0000	131	157900.0000	-88	-106019.0000	649	784185.0000	1003	1211925.0000	-354	-427740.0000
20110412	電子期貨            	EXF    	A         	1301	1697505.0000	1070	1396953.0000	231	300552.0000	1835	2376629.0000	792	1020607.0000	1043	1356022.0000
20110412	電子期貨            	EXF    	B         	0	.0000	0	.0000	0	.0000	126	163271.0000	522	676408.0000	-396	-513137.0000
20110412	電子期貨            	EXF    	C         	935	1221060.0000	1098	1433198.0000	-163	-212138.0000	4634	6003885.0000	4042	5237624.0000	592	766261.0000
20110412	金融期貨            	FXF    	A         	834	826927.0000	950	941380.0000	-116	-114452.0000	1091	1076898.0000	552	542686.0000	539	534212.0000
20110412	金融期貨            	FXF    	B         	0	.0000	20	19817.0000	-20	-19817.0000	203	200442.0000	0	.0000	203	200442.0000
20110412	金融期貨            	FXF    	C         	1078	1067885.0000	1028	1019063.0000	50	48822.0000	2350	2319934.0000	5825	5750271.0000	-3475	-3430337.0000
20110412	櫃買期貨            	GTF    	A         	267	148833.0000	84	46839.0000	183	101994.0000	53	29460.0000	68	37792.0000	-15	-8332.0000
20110412	櫃買期貨            	GTF    	B         	0	.0000	0	.0000	0	.0000	63	35041.0000	0	.0000	63	35041.0000
20110412	櫃買期貨            	GTF    	C         	0	.0000	0	.0000	0	.0000	0	.0000	0	.0000	0	.0000
20110412	摩臺期              	MSF    	A         	0	.0000	0	.0000	0	.0000	8	7073.0000	1	886.0000	7	6187.0000
20110412	摩臺期              	MSF    	B         	0	.0000	0	.0000	0	.0000	0	.0000	0	.0000	0	.0000
20110412	摩臺期              	MSF    	C         	0	.0000	0	.0000	0	.0000	35	31003.0000	9	7972.0000	26	23031.0000
20110412	小型臺指            	MXF    	A         	8906	3893158.0000	14093	6163077.0000	-5187	-2269919.0000	3062	1324545.0000	5576	2424627.0000	-2514	-1100082.0000
20110412	小型臺指            	MXF    	B         	0	.0000	10	4354.0000	-10	-4354.0000	21	9141.0000	0	.0000	21	9141.0000
20110412	小型臺指            	MXF    	C         	11922	5208517.0000	14158	6183344.0000	-2236	-974827.0000	5920	2571214.0000	7359	3165732.0000	-1439	-594518.0000
20110412	股票期貨            	STF    	A         	3724	242162.0000	3778	260892.0000	-54	-18730.0000	8484	539185.0000	6524	582698.0000	1960	-43513.0000
20110412	股票期貨            	STF    	B         	0	.0000	0	.0000	0	.0000	0	.0000	0	.0000	0	.0000
20110412	股票期貨            	STF    	C         	250	21641.0000	257	26577.0000	-7	-4936.0000	503	52858.0000	8621	612420.0000	-8118	-559562.0000
20110412	臺灣50期貨          	T5F    	A         	0	.0000	0	.0000	0	.0000	500	300650.0000	0	.0000	500	300650.0000
20110412	臺灣50期貨          	T5F    	B         	0	.0000	0	.0000	0	.0000	0	.0000	0	.0000	0	.0000
20110412	臺灣50期貨          	T5F    	C         	0	.0000	0	.0000	0	.0000	0	.0000	500	300650.0000	-500	-300650.0000
20110412	臺股期貨            	TXF    	A         	36645	64070448.0000	39056	68306157.0000	-2411	-4235709.0000	6247	10808283.0000	11568	20085712.0000	-5321	-9277429.0000
20110412	臺股期貨            	TXF    	B         	32	56051.0000	28	48747.0000	4	7304.0000	1235	2150214.0000	1372	2388726.0000	-137	-238512.0000
20110412	臺股期貨            	TXF    	C         	15852	27710672.0000	17327	30284295.0000	-1475	-2573623.0000	42404	73760540.0000	26166	45270521.0000	16238	28490019.0000
20110412	非金電期貨          	XIF    	A         	472	563723.0000	413	492613.0000	59	71110.0000	1396	1665017.0000	798	941331.0000	598	723686.0000
20110412	非金電期貨          	XIF    	B         	0	.0000	0	.0000	0	.0000	18	21483.0000	0	.0000	18	21483.0000
20110412	非金電期貨          	XIF    	C         	171	204256.0000	132	157600.0000	39	46656.0000	628	749497.0000	943	1125471.0000	-315	-375974.0000
20110413	電子期貨            	EXF    	A         	1040	1354357.0000	851	1110436.0000	189	243921.0000	2035	2676638.0000	803	1051580.0000	1232	1625058.0000
20110413	電子期貨            	EXF    	B         	0	.0000	40	52045.0000	-40	-52045.0000	126	165892.0000	562	739833.0000	-436	-573941.0000
20110413	電子期貨            	EXF    	C         	528	689320.0000	877	1144948.0000	-349	-455629.0000	4324	5691871.0000	4081	5372981.0000	243	318890.0000
20110413	金融期貨            	FXF    	A         	807	797176.0000	723	713378.0000	84	83797.0000	1167	1157804.0000	544	537352.0000	623	620452.0000
20110413	金融期貨            	FXF    	B         	0	.0000	0	.0000	0	.0000	203	201498.0000	0	.0000	203	201498.0000
20110413	金融期貨            	FXF    	C         	507	500171.0000	412	406778.0000	95	93393.0000	2338	2320167.0000	5718	5673982.0000	-3380	-3353815.0000
20110413	櫃買期貨            	GTF    	A         	126	70116.0000	120	66792.0000	6	3324.0000	78	43544.0000	87	48629.0000	-9	-5085.0000
20110413	櫃買期貨            	GTF    	B         	0	.0000	0	.0000	0	.0000	63	35318.0000	0	.0000	63	35318.0000
20110413	櫃買期貨            	GTF    	C         	0	.0000	0	.0000	0	.0000	0	.0000	0	.0000	0	.0000
20110413	摩臺期              	MSF    	A         	0	.0000	0	.0000	0	.0000	8	7232.0000	1	906.0000	7	6326.0000
20110413	摩臺期              	MSF    	B         	0	.0000	0	.0000	0	.0000	0	.0000	0	.0000	0	.0000
20110413	摩臺期              	MSF    	C         	0	.0000	0	.0000	0	.0000	35	31699.0000	9	8151.0000	26	23548.0000
20110413	小型臺指            	MXF    	A         	6338	2766538.0000	5112	2233090.0000	1226	533448.0000	3424	1499007.0000	4528	1991706.0000	-1104	-492699.0000
20110413	小型臺指            	MXF    	B         	0	.0000	0	.0000	0	.0000	21	9247.0000	0	.0000	21	9247.0000
20110413	小型臺指            	MXF    	C         	7877	3436745.0000	7477	3263874.0000	400	172871.0000	5989	2630960.0000	6996	3044264.0000	-1007	-413304.0000
20110413	股票期貨            	STF    	A         	3928	281294.0000	4208	315459.0000	-280	-34165.0000	8512	545812.0000	6832	622134.0000	1680	-76322.0000
20110413	股票期貨            	STF    	B         	0	.0000	0	.0000	0	.0000	0	.0000	0	.0000	0	.0000
20110413	股票期貨            	STF    	C         	150	20525.0000	110	19362.0000	40	1163.0000	517	53751.0000	8595	615735.0000	-8078	-561984.0000
20110413	臺灣50期貨          	T5F    	A         	0	.0000	0	.0000	0	.0000	500	303350.0000	0	.0000	500	303350.0000
20110413	臺灣50期貨          	T5F    	B         	0	.0000	0	.0000	0	.0000	0	.0000	0	.0000	0	.0000
20110413	臺灣50期貨          	T5F    	C         	0	.0000	0	.0000	0	.0000	0	.0000	500	303350.0000	-500	-303350.0000
20110413	臺股期貨            	TXF    	A         	21292	37234268.0000	20277	35438594.0000	1015	1795674.0000	7764	13604835.0000	12116	21282447.0000	-4352	-7677612.0000
20110413	臺股期貨            	TXF    	B         	58	101325.0000	73	127843.0000	-15	-26518.0000	1221	2150495.0000	1373	2418125.0000	-152	-267630.0000
20110413	臺股期貨            	TXF    	C         	13178	23012603.0000	13198	23075660.0000	-20	-63057.0000	45759	80515918.0000	29549	51754003.0000	16210	28761915.0000
20110413	非金電期貨          	XIF    	A         	410	489299.0000	280	334273.0000	130	155026.0000	1484	1786246.0000	756	899472.0000	728	886774.0000
20110413	非金電期貨          	XIF    	B         	0	.0000	0	.0000	0	.0000	18	21677.0000	0	.0000	18	21677.0000
20110413	非金電期貨          	XIF    	C         	182	217205.0000	242	288826.0000	-60	-71621.0000	646	777962.0000	1021	1229590.0000	-375	-451628.0000
20110414	電子期貨            	EXF    	A         	1137	1492185.0000	1190	1560305.0000	-53	-68119.0000	2030	2667130.0000	851	1112601.0000	1179	1554529.0000
20110414	電子期貨            	EXF    	B         	0	.0000	0	.0000	0	.0000	126	165690.0000	562	738949.0000	-436	-573259.0000
20110414	電子期貨            	EXF    	C         	662	868506.0000	776	1018712.0000	-114	-150207.0000	4216	5543106.0000	4087	5374351.0000	129	168755.0000
20110414	金融期貨            	FXF    	A         	858	848230.0000	1042	1029897.0000	-184	-181667.0000	1093	1077713.0000	654	642838.0000	439	434875.0000
20110414	金融期貨            	FXF    	B         	30	29753.0000	50	49344.0000	-20	-19591.0000	183	180621.0000	0	.0000	183	180621.0000
20110414	金融期貨            	FXF    	C         	916	906311.0000	719	710879.0000	197	195432.0000	2253	2223065.0000	5436	5362680.0000	-3183	-3139615.0000
20110414	櫃買期貨            	GTF    	A         	275	154502.0000	333	187102.0000	-58	-32600.0000	65	36580.0000	132	74364.0000	-67	-37784.0000
20110414	櫃買期貨            	GTF    	B         	0	.0000	0	.0000	0	.0000	63	35532.0000	0	.0000	63	35532.0000
20110414	櫃買期貨            	GTF    	C         	0	.0000	0	.0000	0	.0000	0	.0000	0	.0000	0	.0000
20110414	摩臺期              	MSF    	A         	0	.0000	0	.0000	0	.0000	8	7210.0000	1	903.0000	7	6307.0000
20110414	摩臺期              	MSF    	B         	0	.0000	0	.0000	0	.0000	0	.0000	0	.0000	0	.0000
20110414	摩臺期              	MSF    	C         	0	.0000	0	.0000	0	.0000	35	31606.0000	9	8127.0000	26	23479.0000
20110414	小型臺指            	MXF    	A         	11166	4909910.0000	12178	5351394.0000	-1012	-441484.0000	3715	1624697.0000	5127	2252259.0000	-1412	-627562.0000
20110414	小型臺指            	MXF    	B         	0	.0000	40	17636.0000	-40	-17636.0000	21	9236.0000	40	17592.0000	-19	-8356.0000
20110414	小型臺指            	MXF    	C         	10022	4403103.0000	10828	4755313.0000	-806	-352211.0000	5931	2602127.0000	7476	3251597.0000	-1545	-649470.0000
20110414	股票期貨            	STF    	A         	3301	282797.0000	3430	284911.0000	-129	-2114.0000	8522	527023.0000	6971	605240.0000	1551	-78217.0000
20110414	股票期貨            	STF    	B         	0	.0000	0	.0000	0	.0000	0	.0000	0	.0000	0	.0000
20110414	股票期貨            	STF    	C         	160	19302.0000	178	23812.0000	-18	-4509.0000	549	55629.0000	8645	618017.0000	-8096	-562388.0000
20110414	臺灣50期貨          	T5F    	A         	0	.0000	0	.0000	0	.0000	500	305050.0000	0	.0000	500	305050.0000
20110414	臺灣50期貨          	T5F    	B         	0	.0000	0	.0000	0	.0000	0	.0000	0	.0000	0	.0000
20110414	臺灣50期貨          	T5F    	C         	0	.0000	0	.0000	0	.0000	0	.0000	500	305050.0000	-500	-305050.0000
20110414	臺股期貨            	TXF    	A         	29299	51560613.0000	28181	49569506.0000	1118	1991107.0000	8624	15103558.0000	12034	21111511.0000	-3410	-6007953.0000
20110414	臺股期貨            	TXF    	B         	232	407970.0000	4	7074.0000	228	400895.0000	1361	2393941.0000	1285	2260310.0000	76	133631.0000
20110414	臺股期貨            	TXF    	C         	12066	21207342.0000	16068	28255410.0000	-4002	-7048068.0000	44231	77726078.0000	32090	56162675.0000	12141	21563403.0000
20110414	非金電期貨          	XIF    	A         	485	584689.0000	523	629871.0000	-38	-45181.0000	1457	1754474.0000	767	912960.0000	690	841514.0000
20110414	非金電期貨          	XIF    	B         	0	.0000	0	.0000	0	.0000	18	21686.0000	0	.0000	18	21686.0000
20110414	非金電期貨          	XIF    	C         	209	251780.0000	213	257286.0000	-4	-5506.0000	664	799970.0000	1043	1256590.0000	-379	-456620.0000
20110415	電子期貨            	EXF    	A         	900	1178366.0000	858	1123370.0000	42	54996.0000	2033	2646531.0000	812	1051379.0000	1221	1595152.0000
20110415	電子期貨            	EXF    	B         	0	.0000	0	.0000	0	.0000	126	164178.0000	562	732208.0000	-436	-568030.0000
20110415	電子期貨            	EXF    	C         	936	1224704.0000	792	1038359.0000	144	186345.0000	4338	5651176.0000	4065	5296643.0000	273	354533.0000
20110415	金融期貨            	FXF    	A         	877	861426.0000	917	903362.0000	-40	-41936.0000	1149	1120753.0000	750	729271.0000	399	391482.0000
20110415	金融期貨            	FXF    	B         	0	.0000	0	.0000	0	.0000	183	178681.0000	0	.0000	183	178681.0000
20110415	金融期貨            	FXF    	C         	1097	1077729.0000	1021	1003050.0000	76	74679.0000	2356	2299807.0000	5463	5330491.0000	-3107	-3030684.0000
20110415	櫃買期貨            	GTF    	A         	68	38119.0000	48	26921.0000	20	11199.0000	86	47829.0000	133	73979.0000	-47	-26150.0000
20110415	櫃買期貨            	GTF    	B         	0	.0000	0	.0000	0	.0000	63	35066.0000	0	.0000	63	35066.0000
20110415	櫃買期貨            	GTF    	C         	0	.0000	0	.0000	0	.0000	0	.0000	0	.0000	0	.0000
20110415	摩臺期              	MSF    	A         	0	.0000	0	.0000	0	.0000	8	7139.0000	1	894.0000	7	6245.0000
20110415	摩臺期              	MSF    	B         	0	.0000	0	.0000	0	.0000	0	.0000	0	.0000	0	.0000
20110415	摩臺期              	MSF    	C         	0	.0000	0	.0000	0	.0000	35	31295.0000	9	8047.0000	26	23248.0000
20110415	小型臺指            	MXF    	A         	8917	3902113.0000	10149	4439038.0000	-1232	-536925.0000	3738	1618425.0000	5630	2447251.0000	-1892	-828826.0000
20110415	小型臺指            	MXF    	B         	0	.0000	0	.0000	0	.0000	21	9140.0000	40	17410.0000	-19	-8270.0000
20110415	小型臺指            	MXF    	C         	10111	4421724.0000	10525	4600622.0000	-414	-178898.0000	6431	2792549.0000	7242	3111915.0000	-811	-319366.0000
20110415	股票期貨            	STF    	A         	2566	208428.0000	2936	258476.0000	-370	-50048.0000	8416	499952.0000	7235	624669.0000	1181	-124717.0000
20110415	股票期貨            	STF    	B         	0	.0000	0	.0000	0	.0000	0	.0000	0	.0000	0	.0000
20110415	股票期貨            	STF    	C         	204	28504.0000	190	31270.0000	14	-2766.0000	646	66231.0000	8728	627541.0000	-8082	-561310.0000
20110415	臺灣50期貨          	T5F    	A         	0	.0000	0	.0000	0	.0000	500	299900.0000	0	.0000	500	299900.0000
20110415	臺灣50期貨          	T5F    	B         	0	.0000	0	.0000	0	.0000	0	.0000	0	.0000	0	.0000
20110415	臺灣50期貨          	T5F    	C         	0	.0000	0	.0000	0	.0000	0	.0000	500	299900.0000	-500	-299900.0000
20110415	臺股期貨            	TXF    	A         	22994	40206045.0000	25061	43828912.0000	-2067	-3622867.0000	6767	11714212.0000	12432	21582200.0000	-5665	-9867988.0000
20110415	臺股期貨            	TXF    	B         	13	22837.0000	264	459934.0000	-251	-437097.0000	1229	2139370.0000	1404	2444085.0000	-175	-304715.0000
20110415	臺股期貨            	TXF    	C         	17560	30733547.0000	16320	28553865.0000	1240	2179683.0000	44764	77842933.0000	31670	54828789.0000	13094	23014144.0000
20110415	非金電期貨          	XIF    	A         	381	455413.0000	465	555538.0000	-84	-100125.0000	1455	1728771.0000	849	998162.0000	606	730609.0000
20110415	非金電期貨          	XIF    	B         	0	.0000	0	.0000	0	.0000	18	21393.0000	0	.0000	18	21393.0000
20110415	非金電期貨          	XIF    	C         	171	204497.0000	135	161429.0000	36	43068.0000	682	810493.0000	1025	1218136.0000	-343	-407643.0000
20110418	電子期貨            	EXF    	A         	1112	1444921.0000	1006	1308784.0000	106	136137.0000	2170	2816098.0000	843	1089341.0000	1327	1726757.0000
20110418	電子期貨            	EXF    	B         	122	158430.0000	105	136200.0000	17	22230.0000	126	163569.0000	545	708097.0000	-419	-544528.0000
20110418	電子期貨            	EXF    	C         	2728	3545502.0000	2453	3185816.0000	275	359687.0000	4915	6384269.0000	4367	5671484.0000	548	712785.0000
20110418	金融期貨            	FXF    	A         	683	670155.0000	704	690720.0000	-21	-20565.0000	1117	1090111.0000	739	719020.0000	378	371091.0000
20110418	金融期貨            	FXF    	B         	0	.0000	130	127318.0000	-130	-127318.0000	53	51770.0000	0	.0000	53	51770.0000
20110418	金融期貨            	FXF    	C         	2463	2414704.0000	2612	2558924.0000	-149	-144220.0000	2543	2482792.0000	5799	5659933.0000	-3256	-3177141.0000
20110418	櫃買期貨            	GTF    	A         	66	36595.0000	62	34365.0000	4	2230.0000	109	60184.0000	152	83938.0000	-43	-23754.0000
20110418	櫃買期貨            	GTF    	B         	0	.0000	0	.0000	0	.0000	63	34814.0000	0	.0000	63	34814.0000
20110418	櫃買期貨            	GTF    	C         	0	.0000	0	.0000	0	.0000	0	.0000	0	.0000	0	.0000
20110418	摩臺期              	MSF    	A         	0	.0000	0	.0000	0	.0000	8	7139.0000	1	894.0000	7	6245.0000
20110418	摩臺期              	MSF    	B         	0	.0000	0	.0000	0	.0000	0	.0000	0	.0000	0	.0000
20110418	摩臺期              	MSF    	C         	0	.0000	0	.0000	0	.0000	35	31296.0000	9	8048.0000	26	23248.0000
20110418	小型臺指            	MXF    	A         	8705	3793410.0000	9214	4012898.0000	-509	-219488.0000	3435	1486693.0000	6200	2695332.0000	-2765	-1208639.0000
20110418	小型臺指            	MXF    	B         	0	.0000	7	3047.0000	-7	-3047.0000	14	6096.0000	40	17416.0000	-26	-11320.0000
20110418	小型臺指            	MXF    	C         	10547	4594184.0000	9748	4245387.0000	799	348797.0000	7092	3080407.0000	7068	3038190.0000	24	42217.0000
20110418	股票期貨            	STF    	A         	3283	242496.0000	3081	222841.0000	202	19655.0000	8238	493468.0000	6855	600527.0000	1383	-107059.0000
20110418	股票期貨            	STF    	B         	0	.0000	0	.0000	0	.0000	0	.0000	0	.0000	0	.0000
20110418	股票期貨            	STF    	C         	111	18347.0000	105	18845.0000	6	-498.0000	659	72224.0000	8735	626747.0000	-8076	-554523.0000
20110418	臺灣50期貨          	T5F    	A         	0	.0000	0	.0000	0	.0000	500	299150.0000	0	.0000	500	299150.0000
20110418	臺灣50期貨          	T5F    	B         	0	.0000	0	.0000	0	.0000	0	.0000	0	.0000	0	.0000
20110418	臺灣50期貨          	T5F    	C         	0	.0000	0	.0000	0	.0000	0	.0000	500	299150.0000	-500	-299150.0000
20110418	臺股期貨            	TXF    	A         	21797	38003232.0000	23943	41737186.0000	-2146	-3733954.0000	5734	9919151.0000	13454	23367459.0000	-7720	-13448308.0000
20110418	臺股期貨            	TXF    	B         	441	768069.0000	577	1004783.0000	-136	-236714.0000	1229	2138898.0000	1540	2679747.0000	-311	-540849.0000
20110418	臺股期貨            	TXF    	C         	24935	43456059.0000	21996	38335526.0000	2939	5120533.0000	48552	84429340.0000	32529	56322512.0000	16023	28106828.0000
20110418	非金電期貨          	XIF    	A         	630	752046.0000	597	713104.0000	33	38942.0000	1522	1815220.0000	883	1042749.0000	639	772471.0000
20110418	非金電期貨          	XIF    	B         	0	.0000	0	.0000	0	.0000	18	21472.0000	0	.0000	18	21472.0000
20110418	非金電期貨          	XIF    	C         	826	985457.0000	906	1081177.0000	-80	-95720.0000	704	839468.0000	1127	1344050.0000	-423	-504582.0000
20110419	電子期貨            	EXF    	A         	1250	1605455.0000	1438	1852869.0000	-188	-247415.0000	1994	2561307.0000	855	1096770.0000	1139	1464537.0000
20110419	電子期貨            	EXF    	B         	349	449798.0000	321	411973.0000	28	37825.0000	126	161717.0000	517	664111.0000	-391	-502394.0000
20110419	電子期貨            	EXF    	C         	3634	4674511.0000	4081	5242676.0000	-447	-568165.0000	4703	6048982.0000	4602	5910487.0000	101	138495.0000
20110419	金融期貨            	FXF    	A         	1308	1258266.0000	1488	1431422.0000	-180	-173156.0000	991	951716.0000	793	759229.0000	198	192487.0000
20110419	金融期貨            	FXF    	B         	41	39306.0000	139	133484.0000	-98	-94178.0000	51	48956.0000	96	92122.0000	-45	-43166.0000
20110419	金融期貨            	FXF    	C         	2046	1968983.0000	1692	1627163.0000	354	341820.0000	2577	2475900.0000	5479	5261757.0000	-2902	-2785857.0000
20110419	櫃買期貨            	GTF    	A         	167	91535.0000	176	96456.0000	-9	-4921.0000	69	37823.0000	121	66305.0000	-52	-28482.0000
20110419	櫃買期貨            	GTF    	B         	63	34473.0000	63	34506.0000	0	-33.0000	63	34511.0000	0	.0000	63	34511.0000
20110419	櫃買期貨            	GTF    	C         	0	.0000	0	.0000	0	.0000	0	.0000	0	.0000	0	.0000
20110419	摩臺期              	MSF    	A         	0	.0000	0	.0000	0	.0000	8	7076.0000	1	886.0000	7	6190.0000
20110419	摩臺期              	MSF    	B         	0	.0000	0	.0000	0	.0000	0	.0000	0	.0000	0	.0000
20110419	摩臺期              	MSF    	C         	0	.0000	0	.0000	0	.0000	35	31019.0000	9	7976.0000	26	23043.0000
20110419	小型臺指            	MXF    	A         	11382	4905035.0000	12301	5297142.0000	-919	-392107.0000	3387	1452424.0000	6299	2711780.0000	-2912	-1259356.0000
20110419	小型臺指            	MXF    	B         	0	.0000	54	23218.0000	-54	-23218.0000	0	.0000	80	34456.0000	-80	-34456.0000
20110419	小型臺指            	MXF    	C         	9330	4016384.0000	11501	4949567.0000	-2171	-933183.0000	6792	2922568.0000	8147	3473425.0000	-1355	-550857.0000
20110419	股票期貨            	STF    	A         	3172	265749.0000	3421	282423.0000	-249	-16674.0000	8048	480538.0000	6914	598141.0000	1134	-117603.0000
20110419	股票期貨            	STF    	B         	0	.0000	0	.0000	0	.0000	0	.0000	0	.0000	0	.0000
20110419	股票期貨            	STF    	C         	245	26441.0000	102	11934.0000	143	14508.0000	771	82188.0000	8719	620280.0000	-7948	-538092.0000
20110419	臺灣50期貨          	T5F    	A         	0	.0000	0	.0000	0	.0000	500	296650.0000	0	.0000	500	296650.0000
20110419	臺灣50期貨          	T5F    	B         	0	.0000	0	.0000	0	.0000	0	.0000	0	.0000	0	.0000
20110419	臺灣50期貨          	T5F    	C         	0	.0000	0	.0000	0	.0000	0	.0000	500	296650.0000	-500	-296650.0000
20110419	臺股期貨            	TXF    	A         	33724	58153687.0000	32913	56727121.0000	811	1426566.0000	6011	10307387.0000	13113	22549248.0000	-7102	-12241861.0000
20110419	臺股期貨            	TXF    	B         	1005	1729200.0000	957	1647962.0000	48	81238.0000	1212	2086931.0000	1475	2540752.0000	-263	-453821.0000
20110419	臺股期貨            	TXF    	C         	34910	60097115.0000	40319	69444431.0000	-5409	-9347317.0000	48912	84210838.0000	38493	66047077.0000	10419	18163761.0000
20110419	非金電期貨          	XIF    	A         	753	886762.0000	829	979072.0000	-76	-92310.0000	1338	1585542.0000	775	910845.0000	563	674697.0000
20110419	非金電期貨          	XIF    	B         	8	9446.0000	8	9452.0000	0	-6.0000	18	21331.0000	0	.0000	18	21331.0000
20110419	非金電期貨          	XIF    	C         	387	457078.0000	435	513761.0000	-48	-56683.0000	710	841290.0000	1181	1399349.0000	-471	-558059.0000
20110420	電子期貨            	EXF    	A         	1278	1670459.0000	1560	2041507.0000	-282	-371048.0000	1323	1740602.0000	310	402900.0000	1013	1337702.0000
20110420	電子期貨            	EXF    	B         	25	32665.0000	426	555363.0000	-401	-522698.0000	126	165791.0000	740	973692.0000	-614	-807901.0000
20110420	電子期貨            	EXF    	C         	3516	4590766.0000	2388	3121324.0000	1128	1469442.0000	3422	4502668.0000	3447	4535563.0000	-25	-32895.0000
20110420	金融期貨            	FXF    	A         	1161	1136259.0000	1023	1002647.0000	138	133611.0000	653	644106.0000	357	349251.0000	296	294855.0000
20110420	金融期貨            	FXF    	B         	350	344013.0000	10	9807.0000	340	334206.0000	391	385682.0000	96	94694.0000	295	290988.0000
20110420	金融期貨            	FXF    	C         	3035	2969064.0000	3447	3373558.0000	-412	-404494.0000	1367	1348409.0000	4809	4743598.0000	-3442	-3395189.0000
20110420	櫃買期貨            	GTF    	A         	428	238049.0000	437	243074.0000	-9	-5025.0000	45	25029.0000	90	50030.0000	-45	-25001.0000
20110420	櫃買期貨            	GTF    	B         	0	.0000	0	.0000	0	.0000	63	35041.0000	0	.0000	63	35041.0000
20110420	櫃買期貨            	GTF    	C         	0	.0000	0	.0000	0	.0000	0	.0000	0	.0000	0	.0000
20110420	摩臺期              	MSF    	A         	0	.0000	0	.0000	0	.0000	8	7154.0000	0	.0000	8	7154.0000
20110420	摩臺期              	MSF    	B         	0	.0000	0	.0000	0	.0000	0	.0000	0	.0000	0	.0000
20110420	摩臺期              	MSF    	C         	0	.0000	0	.0000	0	.0000	0	.0000	0	.0000	0	.0000
20110420	小型臺指            	MXF    	A         	15481	6761212.0000	10735	4694213.0000	4746	2066999.0000	1453	628589.0000	3995	1758797.0000	-2542	-1130208.0000
20110420	小型臺指            	MXF    	B         	16	7038.0000	0	.0000	16	7038.0000	16	7046.0000	40	17614.0000	-24	-10568.0000
20110420	小型臺指            	MXF    	C         	9808	4280738.0000	5931	2594788.0000	3877	1685950.0000	6446	2836870.0000	2342	995169.0000	4104	1841701.0000
20110420	股票期貨            	STF    	A         	3432	266075.0000	3711	262675.0000	-279	3399.0000	6693	414312.0000	4666	402117.0000	2027	12195.0000
20110420	股票期貨            	STF    	B         	0	.0000	0	.0000	0	.0000	0	.0000	0	.0000	0	.0000
20110420	股票期貨            	STF    	C         	320	23528.0000	161	15671.0000	159	7857.0000	343	42156.0000	7764	537407.0000	-7421	-495251.0000
20110420	臺灣50期貨          	T5F    	A         	0	.0000	0	.0000	0	.0000	500	300600.0000	0	.0000	500	300600.0000
20110420	臺灣50期貨          	T5F    	B         	0	.0000	0	.0000	0	.0000	0	.0000	0	.0000	0	.0000
20110420	臺灣50期貨          	T5F    	C         	0	.0000	0	.0000	0	.0000	0	.0000	500	300600.0000	-500	-300600.0000
20110420	臺股期貨            	TXF    	A         	32827	57412344.0000	29319	51339376.0000	3508	6072968.0000	3508	6118773.0000	6248	10990488.0000	-2740	-4871715.0000
20110420	臺股期貨            	TXF    	B         	784	1370583.0000	733	1281243.0000	51	89340.0000	1335	2351469.0000	1014	1785976.0000	321	565493.0000
20110420	臺股期貨            	TXF    	C         	27500	48073947.0000	24169	42217019.0000	3331	5856928.0000	34490	60718092.0000	23782	41592851.0000	10708	19125241.0000
20110420	非金電期貨          	XIF    	A         	1027	1229085.0000	985	1180912.0000	42	48173.0000	713	859538.0000	361	429821.0000	352	429717.0000
20110420	非金電期貨          	XIF    	B         	10	11977.0000	10	11982.0000	0	-5.0000	18	21703.0000	0	.0000	18	21703.0000
20110420	非金電期貨          	XIF    	C         	567	678727.0000	621	743967.0000	-54	-65240.0000	496	598027.0000	914	1102010.0000	-418	-503983.0000
20110421	電子期貨            	EXF    	A         	1040	1387494.0000	1018	1357391.0000	22	30103.0000	1462	1952473.0000	427	565608.0000	1035	1386865.0000
20110421	電子期貨            	EXF    	B         	23	30697.0000	50	66423.0000	-27	-35725.0000	126	168286.0000	767	1024405.0000	-641	-856119.0000
20110421	電子期貨            	EXF    	C         	1768	2359057.0000	1308	1745025.0000	460	614032.0000	3073	4104299.0000	2638	3523313.0000	435	580986.0000
20110421	金融期貨            	FXF    	A         	1159	1171374.0000	1085	1098501.0000	74	72872.0000	970	988792.0000	600	608970.0000	370	379822.0000
20110421	金融期貨            	FXF    	B         	106	107202.0000	0	.0000	106	107202.0000	401	408779.0000	0	.0000	401	408779.0000
20110421	金融期貨            	FXF    	C         	1493	1514592.0000	2710	2745683.0000	-1217	-1231091.0000	1394	1421044.0000	6053	6170380.0000	-4659	-4749336.0000
20110421	櫃買期貨            	GTF    	A         	75	42083.0000	91	51076.0000	-16	-8993.0000	18	10103.0000	79	44350.0000	-61	-34247.0000
20110421	櫃買期貨            	GTF    	B         	0	.0000	0	.0000	0	.0000	63	35381.0000	0	.0000	63	35381.0000
20110421	櫃買期貨            	GTF    	C         	0	.0000	0	.0000	0	.0000	0	.0000	0	.0000	0	.0000
20110421	摩臺期              	MSF    	A         	0	.0000	0	.0000	0	.0000	8	7274.0000	0	.0000	8	7274.0000
20110421	摩臺期              	MSF    	B         	0	.0000	0	.0000	0	.0000	0	.0000	0	.0000	0	.0000
20110421	摩臺期              	MSF    	C         	12	10996.0000	31	28310.0000	-19	-17315.0000	0	.0000	19	17387.0000	-19	-17387.0000
20110421	小型臺指            	MXF    	A         	13094	5858638.0000	9729	4356434.0000	3365	1502205.0000	4311	1924093.0000	3316	1489798.0000	995	434295.0000
20110421	小型臺指            	MXF    	B         	14	6291.0000	40	17976.0000	-26	-11685.0000	30	13484.0000	80	35956.0000	-50	-22472.0000
20110421	小型臺指            	MXF    	C         	8603	3842989.0000	8960	4009766.0000	-357	-166777.0000	5293	2375621.0000	3634	1598449.0000	1659	777172.0000
20110421	股票期貨            	STF    	A         	4790	356795.0000	4471	312171.0000	319	44624.0000	7809	519898.0000	5463	471573.0000	2346	48325.0000
20110421	股票期貨            	STF    	B         	0	.0000	0	.0000	0	.0000	0	.0000	0	.0000	0	.0000
20110421	股票期貨            	STF    	C         	41	6829.0000	27	3004.0000	14	3826.0000	361	46902.0000	7768	546190.0000	-7407	-499288.0000
20110421	臺灣50期貨          	T5F    	A         	0	.0000	0	.0000	0	.0000	500	306150.0000	0	.0000	500	306150.0000
20110421	臺灣50期貨          	T5F    	B         	0	.0000	0	.0000	0	.0000	0	.0000	0	.0000	0	.0000
20110421	臺灣50期貨          	T5F    	C         	0	.0000	0	.0000	0	.0000	0	.0000	500	306150.0000	-500	-306150.0000
20110421	臺股期貨            	TXF    	A         	30396	54407333.0000	29090	52113592.0000	1306	2293741.0000	5605	10003631.0000	7082	12722452.0000	-1477	-2718821.0000
20110421	臺股期貨            	TXF    	B         	197	353386.0000	94	168564.0000	103	184822.0000	1365	2453997.0000	941	1691657.0000	424	762340.0000
20110421	臺股期貨            	TXF    	C         	15574	27879414.0000	17130	30659411.0000	-1556	-2779997.0000	35110	63087969.0000	25436	45429021.0000	9674	17658948.0000
20110421	非金電期貨          	XIF    	A         	392	481331.0000	372	456527.0000	20	24803.0000	746	922715.0000	374	457203.0000	372	465512.0000
20110421	非金電期貨          	XIF    	B         	0	.0000	0	.0000	0	.0000	18	22268.0000	0	.0000	18	22268.0000
20110421	非金電期貨          	XIF    	C         	197	240739.0000	315	386733.0000	-118	-145993.0000	594	734837.0000	1130	1397923.0000	-536	-663086.0000
20110422	電子期貨            	EXF    	A         	411	548665.0000	368	491284.0000	43	57382.0000	1490	1989612.0000	412	545581.0000	1078	1444031.0000
20110422	電子期貨            	EXF    	B         	146	195048.0000	0	.0000	146	195048.0000	126	168260.0000	621	829283.0000	-495	-661023.0000
20110422	電子期貨            	EXF    	C         	180	240457.0000	629	839836.0000	-449	-599379.0000	2936	3920734.0000	2950	3939430.0000	-14	-18696.0000
20110422	金融期貨            	FXF    	A         	650	667514.0000	663	680735.0000	-13	-13221.0000	1025	1054679.0000	668	684593.0000	357	370086.0000
20110422	金融期貨            	FXF    	B         	244	250824.0000	0	.0000	244	250824.0000	644	662676.0000	0	.0000	644	662676.0000
20110422	金融期貨            	FXF    	C         	341	350240.0000	981	1007734.0000	-640	-657494.0000	1398	1438542.0000	6697	6891160.0000	-5299	-5452618.0000
20110422	櫃買期貨            	GTF    	A         	80	45105.0000	100	56429.0000	-20	-11324.0000	33	18655.0000	114	64450.0000	-81	-45795.0000
20110422	櫃買期貨            	GTF    	B         	0	.0000	0	.0000	0	.0000	63	35620.0000	0	.0000	63	35620.0000
20110422	櫃買期貨            	GTF    	C         	0	.0000	0	.0000	0	.0000	0	.0000	0	.0000	0	.0000
20110422	摩臺期              	MSF    	A         	0	.0000	0	.0000	0	.0000	8	7275.0000	0	.0000	8	7275.0000
20110422	摩臺期              	MSF    	B         	0	.0000	0	.0000	0	.0000	0	.0000	0	.0000	0	.0000
20110422	摩臺期              	MSF    	C         	0	.0000	0	.0000	0	.0000	0	.0000	19	17389.0000	-19	-17389.0000
20110422	小型臺指            	MXF    	A         	1806	811232.0000	2988	1342256.0000	-1182	-531024.0000	3220	1434125.0000	3391	1523782.0000	-171	-89657.0000
20110422	小型臺指            	MXF    	B         	12	5395.0000	20	8982.0000	-8	-3587.0000	42	18881.0000	100	44955.0000	-58	-26074.0000
20110422	小型臺指            	MXF    	C         	3722	1671632.0000	4479	2010325.0000	-757	-338693.0000	4969	2232254.0000	3851	1696203.0000	1118	536051.0000
20110422	股票期貨            	STF    	A         	4052	277866.0000	4476	322434.0000	-424	-44567.0000	7897	515752.0000	5975	510398.0000	1922	5354.0000
20110422	股票期貨            	STF    	B         	0	.0000	0	.0000	0	.0000	0	.0000	0	.0000	0	.0000
20110422	股票期貨            	STF    	C         	56	3284.0000	24	2352.0000	32	932.0000	384	47165.0000	7759	546076.0000	-7375	-498911.0000
20110422	臺灣50期貨          	T5F    	A         	0	.0000	0	.0000	0	.0000	500	305300.0000	0	.0000	500	305300.0000
20110422	臺灣50期貨          	T5F    	B         	0	.0000	0	.0000	0	.0000	0	.0000	0	.0000	0	.0000
20110422	臺灣50期貨          	T5F    	C         	0	.0000	0	.0000	0	.0000	0	.0000	500	305300.0000	-500	-305300.0000
20110422	臺股期貨            	TXF    	A         	9879	17758739.0000	8197	14733773.0000	1682	3024966.0000	7122	12734491.0000	6921	12435993.0000	201	298498.0000
20110422	臺股期貨            	TXF    	B         	286	514657.0000	43	77316.0000	243	437341.0000	1327	2386211.0000	660	1186744.0000	667	1199467.0000
20110422	臺股期貨            	TXF    	C         	5345	9608147.0000	9025	16222704.0000	-3680	-6614557.0000	35149	63172417.0000	29209	52226011.0000	5940	10946406.0000
20110422	非金電期貨          	XIF    	A         	283	349003.0000	247	304641.0000	36	44362.0000	765	943579.0000	357	434960.0000	408	508619.0000
20110422	非金電期貨          	XIF    	B         	0	.0000	0	.0000	0	.0000	18	22205.0000	0	.0000	18	22205.0000
20110422	非金電期貨          	XIF    	C         	14	17261.0000	56	69148.0000	-42	-51888.0000	572	705619.0000	1150	1418640.0000	-578	-713021.0000
20110425	電子期貨            	EXF    	A         	843	1120471.0000	702	933190.0000	141	187281.0000	1614	2141938.0000	395	519725.0000	1219	1622213.0000
20110425	電子期貨            	EXF    	B         	0	.0000	2	2653.0000	-2	-2653.0000	124	164573.0000	621	824191.0000	-497	-659618.0000
20110425	電子期貨            	EXF    	C         	806	1071222.0000	805	1069782.0000	1	1440.0000	3114	4132901.0000	3127	4150154.0000	-13	-17253.0000
20110425	金融期貨            	FXF    	A         	776	807862.0000	807	838627.0000	-31	-30765.0000	998	1035459.0000	672	694777.0000	326	340682.0000
20110425	金融期貨            	FXF    	B         	50	51962.0000	20	20675.0000	30	31287.0000	674	699342.0000	0	.0000	674	699342.0000
20110425	金融期貨            	FXF    	C         	1238	1288052.0000	919	955791.0000	319	332261.0000	1363	1414249.0000	6343	6581367.0000	-4980	-5167118.0000
20110425	櫃買期貨            	GTF    	A         	68	38425.0000	54	30511.0000	14	7914.0000	40	22548.0000	107	60323.0000	-67	-37775.0000
20110425	櫃買期貨            	GTF    	B         	0	.0000	0	.0000	0	.0000	63	35519.0000	0	.0000	63	35519.0000
20110425	櫃買期貨            	GTF    	C         	0	.0000	0	.0000	0	.0000	0	.0000	0	.0000	0	.0000
20110425	摩臺期              	MSF    	A         	0	.0000	0	.0000	0	.0000	8	7293.0000	0	.0000	8	7293.0000
20110425	摩臺期              	MSF    	B         	0	.0000	0	.0000	0	.0000	0	.0000	0	.0000	0	.0000
20110425	摩臺期              	MSF    	C         	0	.0000	0	.0000	0	.0000	0	.0000	19	17431.0000	-19	-17431.0000
20110425	小型臺指            	MXF    	A         	8360	3756407.0000	9017	4049721.0000	-657	-293314.0000	2527	1121597.0000	3355	1504643.0000	-828	-383046.0000
20110425	小型臺指            	MXF    	B         	0	.0000	0	.0000	0	.0000	42	18845.0000	100	44870.0000	-58	-26025.0000
20110425	小型臺指            	MXF    	C         	7750	3481110.0000	8273	3714089.0000	-523	-232979.0000	4694	2104424.0000	4015	1764348.0000	679	340076.0000
20110425	股票期貨            	STF    	A         	5867	396066.0000	6223	445786.0000	-356	-49720.0000	7761	503422.0000	6195	546069.0000	1566	-42647.0000
20110425	股票期貨            	STF    	B         	0	.0000	0	.0000	0	.0000	0	.0000	0	.0000	0	.0000
20110425	股票期貨            	STF    	C         	62	3890.0000	74	5159.0000	-12	-1269.0000	385	47137.0000	7772	544868.0000	-7387	-497731.0000
20110425	臺灣50期貨          	T5F    	A         	0	.0000	0	.0000	0	.0000	500	304400.0000	0	.0000	500	304400.0000
20110425	臺灣50期貨          	T5F    	B         	0	.0000	0	.0000	0	.0000	0	.0000	0	.0000	0	.0000
20110425	臺灣50期貨          	T5F    	C         	0	.0000	0	.0000	0	.0000	0	.0000	500	304400.0000	-500	-304400.0000
20110425	臺股期貨            	TXF    	A         	24155	43431584.0000	24773	44539391.0000	-618	-1107807.0000	6932	12368371.0000	7349	13181770.0000	-417	-813399.0000
20110425	臺股期貨            	TXF    	B         	28	50208.0000	33	59564.0000	-5	-9356.0000	1299	2331445.0000	637	1143222.0000	662	1188223.0000
20110425	臺股期貨            	TXF    	C         	11072	19911703.0000	12138	21823409.0000	-1066	-1911706.0000	34640	62138900.0000	29787	53163799.0000	4853	8975101.0000
20110425	非金電期貨          	XIF    	A         	394	486920.0000	453	559766.0000	-59	-72846.0000	697	859468.0000	348	423742.0000	349	435726.0000
20110425	非金電期貨          	XIF    	B         	0	.0000	0	.0000	0	.0000	18	22199.0000	0	.0000	18	22199.0000
20110425	非金電期貨          	XIF    	C         	182	225114.0000	216	267162.0000	-34	-42048.0000	587	723947.0000	1199	1478727.0000	-612	-754780.0000
20110426	電子期貨            	EXF    	A         	966	1280275.0000	842	1116746.0000	124	163528.0000	1740	2322542.0000	397	525997.0000	1343	1796545.0000
20110426	電子期貨            	EXF    	B         	0	.0000	70	92661.0000	-70	-92661.0000	124	165540.0000	691	922485.0000	-567	-756945.0000
20110426	電子期貨            	EXF    	C         	878	1164126.0000	1528	2026393.0000	-650	-862267.0000	3209	4284015.0000	3872	5169068.0000	-663	-885053.0000
20110426	金融期貨            	FXF    	A         	1152	1164736.0000	1226	1239759.0000	-74	-75023.0000	1002	1016934.0000	750	758926.0000	252	258008.0000
20110426	金融期貨            	FXF    	B         	20	20212.0000	418	422544.0000	-398	-402332.0000	276	280140.0000	0	.0000	276	280140.0000
20110426	金融期貨            	FXF    	C         	1630	1649074.0000	857	866421.0000	773	782652.0000	1950	1979250.0000	6157	6249121.0000	-4207	-4269871.0000
20110426	櫃買期貨            	GTF    	A         	152	85814.0000	151	85227.0000	1	587.0000	29	16346.0000	95	53648.0000	-66	-37302.0000
20110426	櫃買期貨            	GTF    	B         	0	.0000	0	.0000	0	.0000	63	35620.0000	0	.0000	63	35620.0000
20110426	櫃買期貨            	GTF    	C         	0	.0000	0	.0000	0	.0000	0	.0000	0	.0000	0	.0000
20110426	摩臺期              	MSF    	A         	0	.0000	0	.0000	0	.0000	8	7261.0000	0	.0000	8	7261.0000
20110426	摩臺期              	MSF    	B         	0	.0000	0	.0000	0	.0000	0	.0000	0	.0000	0	.0000
20110426	摩臺期              	MSF    	C         	0	.0000	0	.0000	0	.0000	0	.0000	19	17356.0000	-19	-17356.0000
20110426	小型臺指            	MXF    	A         	10514	4694233.0000	12656	5642856.0000	-2142	-948623.0000	1495	657690.0000	4489	2011538.0000	-2994	-1353848.0000
20110426	小型臺指            	MXF    	B         	0	.0000	0	.0000	0	.0000	42	18833.0000	100	44840.0000	-58	-26007.0000
20110426	小型臺指            	MXF    	C         	10619	4740633.0000	11982	5341761.0000	-1363	-601128.0000	5005	2242206.0000	4920	2165669.0000	85	76537.0000
20110426	股票期貨            	STF    	A         	2947	212851.0000	3030	225509.0000	-83	-12658.0000	7572	498952.0000	6089	554079.0000	1483	-55127.0000
20110426	股票期貨            	STF    	B         	0	.0000	0	.0000	0	.0000	0	.0000	0	.0000	0	.0000
20110426	股票期貨            	STF    	C         	543	45399.0000	539	44988.0000	4	411.0000	382	46924.0000	7765	543752.0000	-7383	-496828.0000
20110426	臺灣50期貨          	T5F    	A         	0	.0000	0	.0000	0	.0000	500	305700.0000	0	.0000	500	305700.0000
20110426	臺灣50期貨          	T5F    	B         	0	.0000	0	.0000	0	.0000	0	.0000	0	.0000	0	.0000
20110426	臺灣50期貨          	T5F    	C         	0	.0000	0	.0000	0	.0000	0	.0000	500	305700.0000	-500	-305700.0000
20110426	臺股期貨            	TXF    	A         	30975	55332335.0000	30841	55081885.0000	134	250449.0000	6369	11349252.0000	6646	11912423.0000	-277	-563171.0000
20110426	臺股期貨            	TXF    	B         	105	187090.0000	31	55500.0000	74	131590.0000	1348	2417773.0000	612	1097622.0000	736	1320151.0000
20110426	臺股期貨            	TXF    	C         	13509	24126547.0000	12973	23174573.0000	536	951973.0000	36508	65447870.0000	31311	55852103.0000	5197	9595767.0000
20110426	非金電期貨          	XIF    	A         	416	511289.0000	427	524667.0000	-11	-13379.0000	667	821430.0000	329	399758.0000	338	421672.0000
20110426	非金電期貨          	XIF    	B         	0	.0000	0	.0000	0	.0000	18	22174.0000	0	.0000	18	22174.0000
20110426	非金電期貨          	XIF    	C         	182	223308.0000	89	109270.0000	93	114038.0000	608	748995.0000	1127	1388351.0000	-519	-639356.0000
20110427	電子期貨            	EXF    	A         	1080	1450077.0000	578	775890.0000	502	674187.0000	2167	2901762.0000	322	427493.0000	1845	2474269.0000
20110427	電子期貨            	EXF    	B         	0	.0000	0	.0000	0	.0000	124	166086.0000	691	925525.0000	-567	-759439.0000
20110427	電子期貨            	EXF    	C         	834	1119289.0000	733	985150.0000	101	134138.0000	3206	4294116.0000	3768	5046799.0000	-562	-752683.0000
20110427	金融期貨            	FXF    	A         	1202	1240866.0000	1005	1038939.0000	197	201927.0000	1122	1166273.0000	673	697237.0000	449	469036.0000
20110427	金融期貨            	FXF    	B         	490	507895.0000	22	22790.0000	468	485106.0000	746	775542.0000	0	.0000	746	775542.0000
20110427	金融期貨            	FXF    	C         	892	922304.0000	1430	1478381.0000	-538	-556078.0000	1978	2056329.0000	6723	6988890.0000	-4745	-4932561.0000
20110427	櫃買期貨            	GTF    	A         	93	52789.0000	90	51186.0000	3	1603.0000	32	18097.0000	95	53775.0000	-63	-35678.0000
20110427	櫃買期貨            	GTF    	B         	0	.0000	0	.0000	0	.0000	63	35696.0000	0	.0000	63	35696.0000
20110427	櫃買期貨            	GTF    	C         	0	.0000	0	.0000	0	.0000	0	.0000	0	.0000	0	.0000
20110427	摩臺期              	MSF    	A         	0	.0000	0	.0000	0	.0000	8	7318.0000	0	.0000	8	7318.0000
20110427	摩臺期              	MSF    	B         	0	.0000	0	.0000	0	.0000	0	.0000	0	.0000	0	.0000
20110427	摩臺期              	MSF    	C         	0	.0000	0	.0000	0	.0000	0	.0000	19	17492.0000	-19	-17492.0000
20110427	小型臺指            	MXF    	A         	6684	3024683.0000	5636	2550199.0000	1048	474484.0000	1599	711488.0000	3673	1662374.0000	-2074	-950886.0000
20110427	小型臺指            	MXF    	B         	0	.0000	0	.0000	0	.0000	42	19024.0000	100	45295.0000	-58	-26271.0000
20110427	小型臺指            	MXF    	C         	7428	3358034.0000	6964	3151142.0000	464	206892.0000	5148	2328814.0000	4907	2184092.0000	241	144722.0000
20110427	股票期貨            	STF    	A         	4076	296111.0000	3898	289172.0000	178	6939.0000	7968	535234.0000	6307	589503.0000	1661	-54269.0000
20110427	股票期貨            	STF    	B         	0	.0000	0	.0000	0	.0000	0	.0000	0	.0000	0	.0000
20110427	股票期貨            	STF    	C         	179	16036.0000	207	22591.0000	-28	-6555.0000	365	44213.0000	7776	553576.0000	-7411	-509363.0000
20110427	臺灣50期貨          	T5F    	A         	0	.0000	0	.0000	0	.0000	500	310200.0000	0	.0000	500	310200.0000
20110427	臺灣50期貨          	T5F    	B         	0	.0000	0	.0000	0	.0000	0	.0000	0	.0000	0	.0000
20110427	臺灣50期貨          	T5F    	C         	0	.0000	0	.0000	0	.0000	0	.0000	500	310200.0000	-500	-310200.0000
20110427	臺股期貨            	TXF    	A         	19277	34910096.0000	18606	33687959.0000	671	1222137.0000	7093	12776700.0000	6667	12070550.0000	426	706150.0000
20110427	臺股期貨            	TXF    	B         	1161	2102185.0000	723	1309722.0000	438	792463.0000	1826	3308347.0000	652	1181232.0000	1174	2127115.0000
20110427	臺股期貨            	TXF    	C         	12216	22115561.0000	13428	24311132.0000	-1212	-2195572.0000	35121	63596410.0000	31059	55962204.0000	4062	7634206.0000
20110427	非金電期貨          	XIF    	A         	235	292512.0000	175	217827.0000	60	74685.0000	752	937840.0000	354	436085.0000	398	501755.0000
20110427	非金電期貨          	XIF    	B         	0	.0000	0	.0000	0	.0000	18	22455.0000	0	.0000	18	22455.0000
20110427	非金電期貨          	XIF    	C         	136	169399.0000	111	138209.0000	25	31190.0000	673	839568.0000	1167	1455833.0000	-494	-616265.0000
20110428	電子期貨            	EXF    	A         	949	1273171.0000	1100	1476833.0000	-151	-203662.0000	2083	2780788.0000	389	515516.0000	1694	2265272.0000
20110428	電子期貨            	EXF    	B         	0	.0000	0	.0000	0	.0000	124	165614.0000	691	922900.0000	-567	-757286.0000
20110428	電子期貨            	EXF    	C         	1074	1442490.0000	677	909412.0000	397	533078.0000	3221	4301968.0000	3386	4522333.0000	-165	-220365.0000
20110428	金融期貨            	FXF    	A         	974	1013264.0000	1016	1055809.0000	-42	-42545.0000	1079	1114071.0000	672	692237.0000	407	421834.0000
20110428	金融期貨            	FXF    	B         	0	.0000	70	72424.0000	-70	-72424.0000	676	698038.0000	0	.0000	676	698038.0000
20110428	金融期貨            	FXF    	C         	1106	1149940.0000	975	1013322.0000	131	136618.0000	2174	2244872.0000	6788	7008999.0000	-4614	-4764127.0000
20110428	櫃買期貨            	GTF    	A         	40	22596.0000	33	18674.0000	7	3921.0000	49	27514.0000	105	58952.0000	-56	-31438.0000
20110428	櫃買期貨            	GTF    	B         	0	.0000	0	.0000	0	.0000	63	35356.0000	0	.0000	63	35356.0000
20110428	櫃買期貨            	GTF    	C         	0	.0000	0	.0000	0	.0000	0	.0000	0	.0000	0	.0000
20110428	摩臺期              	MSF    	A         	0	.0000	0	.0000	0	.0000	8	7333.0000	0	.0000	8	7333.0000
20110428	摩臺期              	MSF    	B         	0	.0000	0	.0000	0	.0000	0	.0000	0	.0000	0	.0000
20110428	摩臺期              	MSF    	C         	0	.0000	0	.0000	0	.0000	0	.0000	19	17527.0000	-19	-17527.0000
20110428	小型臺指            	MXF    	A         	8416	3803105.0000	8508	3844135.0000	-92	-41030.0000	1437	635399.0000	3495	1573376.0000	-2058	-937977.0000
20110428	小型臺指            	MXF    	B         	0	.0000	0	.0000	0	.0000	42	18929.0000	100	45070.0000	-58	-26141.0000
20110428	小型臺指            	MXF    	C         	8000	3614829.0000	8271	3735072.0000	-271	-120243.0000	5166	2325398.0000	5164	2286739.0000	2	38659.0000
20110428	股票期貨            	STF    	A         	4256	305265.0000	4537	324790.0000	-281	-19524.0000	7864	523876.0000	6484	600661.0000	1380	-76785.0000
20110428	股票期貨            	STF    	B         	0	.0000	0	.0000	0	.0000	0	.0000	0	.0000	0	.0000
20110428	股票期貨            	STF    	C         	289	33747.0000	342	41847.0000	-53	-8100.0000	384	54715.0000	7848	563461.0000	-7464	-508746.0000
20110428	臺灣50期貨          	T5F    	A         	0	.0000	0	.0000	0	.0000	500	309000.0000	0	.0000	500	309000.0000
20110428	臺灣50期貨          	T5F    	B         	0	.0000	0	.0000	0	.0000	0	.0000	0	.0000	0	.0000
20110428	臺灣50期貨          	T5F    	C         	0	.0000	0	.0000	0	.0000	0	.0000	500	309000.0000	-500	-309000.0000
20110428	臺股期貨            	TXF    	A         	24531	44351612.0000	24808	44858439.0000	-277	-506827.0000	6875	12319130.0000	6753	12162685.0000	122	156445.0000
20110428	臺股期貨            	TXF    	B         	157	283467.0000	156	281647.0000	1	1821.0000	1921	3463044.0000	746	1344827.0000	1175	2118217.0000
20110428	臺股期貨            	TXF    	C         	13559	24529881.0000	13630	24655442.0000	-71	-125561.0000	33023	59497440.0000	29040	52040521.0000	3983	7456919.0000
20110428	非金電期貨          	XIF    	A         	287	356474.0000	237	294025.0000	50	62449.0000	815	1008923.0000	367	448917.0000	448	560006.0000
20110428	非金電期貨          	XIF    	B         	0	.0000	0	.0000	0	.0000	18	22289.0000	0	.0000	18	22289.0000
20110428	非金電期貨          	XIF    	C         	169	209866.0000	222	276038.0000	-53	-66172.0000	642	794989.0000	1189	1472339.0000	-547	-677350.0000
20110429	電子期貨            	EXF    	A         	775	1031964.0000	708	942872.0000	67	89092.0000	2150	2871473.0000	389	515687.0000	1761	2355786.0000
20110429	電子期貨            	EXF    	B         	0	.0000	0	.0000	0	.0000	124	165714.0000	691	923452.0000	-567	-757738.0000
20110429	電子期貨            	EXF    	C         	1159	1542610.0000	815	1085833.0000	344	456777.0000	3351	4478276.0000	3172	4239050.0000	179	239226.0000
20110429	金融期貨            	FXF    	A         	984	1018155.0000	907	938289.0000	77	79866.0000	1138	1184568.0000	654	679007.0000	484	505561.0000
20110429	金融期貨            	FXF    	B         	0	.0000	160	165167.0000	-160	-165167.0000	556	578907.0000	40	41648.0000	516	537259.0000
20110429	金融期貨            	FXF    	C         	1073	1109454.0000	1042	1078596.0000	31	30858.0000	2179	2268775.0000	6762	7039901.0000	-4583	-4771126.0000
20110429	櫃買期貨            	GTF    	A         	127	70733.0000	125	69625.0000	2	1108.0000	64	35501.0000	118	65468.0000	-54	-29967.0000
20110429	櫃買期貨            	GTF    	B         	0	.0000	0	.0000	0	.0000	63	35041.0000	0	.0000	63	35041.0000
20110429	櫃買期貨            	GTF    	C         	0	.0000	0	.0000	0	.0000	0	.0000	0	.0000	0	.0000
20110429	摩臺期              	MSF    	A         	0	.0000	0	.0000	0	.0000	8	7270.0000	0	.0000	8	7270.0000
20110429	摩臺期              	MSF    	B         	0	.0000	0	.0000	0	.0000	0	.0000	0	.0000	0	.0000
20110429	摩臺期              	MSF    	C         	0	.0000	0	.0000	0	.0000	0	.0000	19	17377.0000	-19	-17377.0000
20110429	小型臺指            	MXF    	A         	10923	4910276.0000	12763	5733058.0000	-1840	-822782.0000	1186	522597.0000	5072	2286295.0000	-3886	-1763698.0000
20110429	小型臺指            	MXF    	B         	0	.0000	0	.0000	0	.0000	42	18950.0000	100	45120.0000	-58	-26170.0000
20110429	小型臺指            	MXF    	C         	11682	5249415.0000	12548	5634575.0000	-866	-385160.0000	5317	2395952.0000	5985	2659762.0000	-668	-263810.0000
20110429	股票期貨            	STF    	A         	5327	408195.0000	5285	402814.0000	42	5381.0000	7787	517227.0000	6365	590448.0000	1422	-73221.0000
20110429	股票期貨            	STF    	B         	0	.0000	0	.0000	0	.0000	0	.0000	0	.0000	0	.0000
20110429	股票期貨            	STF    	C         	240	31360.0000	330	42047.0000	-90	-10687.0000	389	63773.0000	7943	575018.0000	-7554	-511245.0000
20110429	臺灣50期貨          	T5F    	A         	2	1253.0000	2	1258.0000	0	-5.0000	500	310000.0000	0	.0000	500	310000.0000
20110429	臺灣50期貨          	T5F    	B         	0	.0000	0	.0000	0	.0000	0	.0000	0	.0000	0	.0000
20110429	臺灣50期貨          	T5F    	C         	0	.0000	0	.0000	0	.0000	0	.0000	500	310000.0000	-500	-310000.0000
20110429	臺股期貨            	TXF    	A         	30767	55330840.0000	30384	54640831.0000	383	690009.0000	7110	12757389.0000	6608	11918667.0000	502	838722.0000
20110429	臺股期貨            	TXF    	B         	119	213377.0000	178	319978.0000	-59	-106600.0000	1910	3447034.0000	794	1432950.0000	1116	2014084.0000
20110429	臺股期貨            	TXF    	C         	17329	31159142.0000	18216	32751337.0000	-887	-1592195.0000	33811	60982454.0000	30764	55198619.0000	3047	5783835.0000
20110429	非金電期貨          	XIF    	A         	390	482043.0000	378	466876.0000	12	15167.0000	873	1081958.0000	413	506510.0000	460	575448.0000
20110429	非金電期貨          	XIF    	B         	0	.0000	0	.0000	0	.0000	18	22318.0000	0	.0000	18	22318.0000
20110429	非金電期貨          	XIF    	C         	89	109870.0000	223	275866.0000	-134	-165996.0000	619	767498.0000	1300	1611870.0000	-681	-844372.0000
