20101001	電子期貨            	EXF    	A         	595	766177.0000	423	544708.0000	172	221469.0000	811	1044886.0000	206	265044.0000	605	779842.0000
20101001	電子期貨            	EXF    	B         	0	.0000	0	.0000	0	.0000	210	270690.0000	52	67028.0000	158	203662.0000
20101001	電子期貨            	EXF    	C         	642	827050.0000	546	702868.0000	96	124182.0000	2684	3459671.0000	3328	4289792.0000	-644	-830121.0000
20101001	金融期貨            	FXF    	A         	388	353873.0000	531	484425.0000	-143	-130551.0000	537	489141.0000	693	631483.0000	-156	-142342.0000
20101001	金融期貨            	FXF    	B         	0	.0000	0	.0000	0	.0000	169	154094.0000	0	.0000	169	154094.0000
20101001	金融期貨            	FXF    	C         	840	766230.0000	748	681919.0000	92	84311.0000	1444	1316639.0000	6353	5792243.0000	-4909	-4475604.0000
20101001	櫃買期貨            	GTF    	A         	101	57930.0000	73	41855.0000	28	16075.0000	173	99210.0000	156	89456.0000	17	9754.0000
20101001	櫃買期貨            	GTF    	B         	0	.0000	0	.0000	0	.0000	0	.0000	0	.0000	0	.0000
20101001	櫃買期貨            	GTF    	C         	0	.0000	0	.0000	0	.0000	0	.0000	0	.0000	0	.0000
20101001	摩臺期              	MSF    	A         	3	2704.0000	18	16251.0000	-15	-13547.0000	14	12602.0000	57	51307.0000	-43	-38705.0000
20101001	摩臺期              	MSF    	B         	0	.0000	0	.0000	0	.0000	0	.0000	0	.0000	0	.0000
20101001	摩臺期              	MSF    	C         	12	10844.0000	0	.0000	12	10844.0000	39	35105.0000	0	.0000	39	35105.0000
20101001	小型臺指            	MXF    	A         	2620	1077396.0000	2724	1119399.0000	-104	-42003.0000	1482	608514.0000	4248	1747169.0000	-2766	-1138655.0000
20101001	小型臺指            	MXF    	B         	0	.0000	0	.0000	0	.0000	0	.0000	0	.0000	0	.0000
20101001	小型臺指            	MXF    	C         	4591	1887561.0000	4955	2037147.0000	-364	-149586.0000	4530	1862014.0000	2166	891627.0000	2364	970387.0000
20101001	股票期貨            	STF    	A         	1004	101712.0000	899	84820.0000	105	16892.0000	3577	262439.0000	8288	721448.0000	-4711	-459009.0000
20101001	股票期貨            	STF    	B         	0	.0000	0	.0000	0	.0000	0	.0000	0	.0000	0	.0000
20101001	股票期貨            	STF    	C         	34	3259.0000	39	7483.0000	-5	-4223.0000	64	3905.0000	777	75904.0000	-713	-71999.0000
20101001	臺灣50期貨          	T5F    	A         	0	.0000	0	.0000	0	.0000	4	2212.0000	4	2177.0000	0	35.0000
20101001	臺灣50期貨          	T5F    	B         	0	.0000	0	.0000	0	.0000	0	.0000	0	.0000	0	.0000
20101001	臺灣50期貨          	T5F    	C         	0	.0000	0	.0000	0	.0000	0	.0000	0	.0000	0	.0000
20101001	臺股期貨            	TXF    	A         	11744	19319566.0000	10540	17334327.0000	1204	1985239.0000	10198	16792343.0000	2832	4653018.0000	7366	12139325.0000
20101001	臺股期貨            	TXF    	B         	83	136548.0000	23	37861.0000	60	98687.0000	2589	4264083.0000	1265	2082320.0000	1324	2181763.0000
20101001	臺股期貨            	TXF    	C         	10565	17378772.0000	12240	20131884.0000	-1675	-2753112.0000	25049	41205146.0000	34085	56128849.0000	-9036	-14923703.0000
20101001	非金電期貨          	XIF    	A         	162	170716.0000	109	114879.0000	53	55837.0000	222	234459.0000	52	54816.0000	170	179643.0000
20101001	非金電期貨          	XIF    	B         	0	.0000	0	.0000	0	.0000	30	31713.0000	0	.0000	30	31713.0000
20101001	非金電期貨          	XIF    	C         	42	44258.0000	93	98051.0000	-51	-53793.0000	9	9514.0000	261	275903.0000	-252	-266389.0000
20101004	電子期貨            	EXF    	A         	817	1049138.0000	1192	1531704.0000	-375	-482566.0000	455	578745.0000	225	286040.0000	230	292705.0000
20101004	電子期貨            	EXF    	B         	5	6380.0000	0	.0000	5	6380.0000	210	267246.0000	47	59812.0000	163	207434.0000
20101004	電子期貨            	EXF    	C         	1078	1386102.0000	1373	1764721.0000	-295	-378619.0000	2818	3586178.0000	3757	4781158.0000	-939	-1194980.0000
20101004	金融期貨            	FXF    	A         	1100	1011469.0000	437	401587.0000	663	609881.0000	737	675535.0000	230	210618.0000	507	464917.0000
20101004	金融期貨            	FXF    	B         	0	.0000	0	.0000	0	.0000	169	155041.0000	0	.0000	169	155041.0000
20101004	金融期貨            	FXF    	C         	1139	1046565.0000	800	734803.0000	339	311762.0000	1510	1385274.0000	6080	5577297.0000	-4570	-4192023.0000
20101004	櫃買期貨            	GTF    	A         	139	79059.0000	152	86783.0000	-13	-7724.0000	156	88103.0000	152	85834.0000	4	2269.0000
20101004	櫃買期貨            	GTF    	B         	0	.0000	0	.0000	0	.0000	0	.0000	0	.0000	0	.0000
20101004	櫃買期貨            	GTF    	C         	0	.0000	0	.0000	0	.0000	0	.0000	0	.0000	0	.0000
20101004	摩臺期              	MSF    	A         	9	8116.0000	8	7213.0000	1	903.0000	22	19810.0000	64	57628.0000	-42	-37818.0000
20101004	摩臺期              	MSF    	B         	0	.0000	0	.0000	0	.0000	0	.0000	0	.0000	0	.0000
20101004	摩臺期              	MSF    	C         	0	.0000	0	.0000	0	.0000	39	35117.0000	0	.0000	39	35117.0000
20101004	小型臺指            	MXF    	A         	4983	2054438.0000	4439	1829754.0000	544	224685.0000	1555	637098.0000	3933	1613816.0000	-2378	-976718.0000
20101004	小型臺指            	MXF    	B         	0	.0000	0	.0000	0	.0000	0	.0000	0	.0000	0	.0000
20101004	小型臺指            	MXF    	C         	4418	1820942.0000	5572	2296641.0000	-1154	-475699.0000	4049	1660211.0000	2747	1128032.0000	1302	532179.0000
20101004	股票期貨            	STF    	A         	2037	148227.0000	2246	166951.0000	-209	-18724.0000	3726	277049.0000	8646	751397.0000	-4920	-474348.0000
20101004	股票期貨            	STF    	B         	0	.0000	0	.0000	0	.0000	0	.0000	0	.0000	0	.0000
20101004	股票期貨            	STF    	C         	73	4238.0000	97	4947.0000	-24	-709.0000	60	4182.0000	797	76266.0000	-737	-72084.0000
20101004	臺灣50期貨          	T5F    	A         	0	.0000	0	.0000	0	.0000	4	2212.0000	4	2177.0000	0	35.0000
20101004	臺灣50期貨          	T5F    	B         	0	.0000	0	.0000	0	.0000	0	.0000	0	.0000	0	.0000
20101004	臺灣50期貨          	T5F    	C         	0	.0000	0	.0000	0	.0000	0	.0000	0	.0000	0	.0000
20101004	臺股期貨            	TXF    	A         	16766	27657024.0000	16322	26919387.0000	444	737637.0000	10920	17939580.0000	3071	5035135.0000	7849	12904445.0000
20101004	臺股期貨            	TXF    	B         	147	243060.0000	75	123538.0000	72	119523.0000	2602	4275606.0000	1206	1980616.0000	1396	2294990.0000
20101004	臺股期貨            	TXF    	C         	13157	21700380.0000	14033	23144147.0000	-876	-1443767.0000	24369	39994896.0000	34304	56358220.0000	-9935	-16363324.0000
20101004	非金電期貨          	XIF    	A         	439	467548.0000	384	408758.0000	55	58790.0000	345	367895.0000	120	127939.0000	225	239956.0000
20101004	非金電期貨          	XIF    	B         	0	.0000	0	.0000	0	.0000	30	32007.0000	0	.0000	30	32007.0000
20101004	非金電期貨          	XIF    	C         	86	91276.0000	144	153219.0000	-58	-61943.0000	12	12803.0000	322	343542.0000	-310	-330739.0000
20101005	電子期貨            	EXF    	A         	624	788707.0000	627	792300.0000	-3	-3592.0000	501	634762.0000	274	346738.0000	227	288024.0000
20101005	電子期貨            	EXF    	B         	0	.0000	0	.0000	0	.0000	210	266196.0000	47	59577.0000	163	206619.0000
20101005	電子期貨            	EXF    	C         	1043	1318294.0000	1151	1455478.0000	-108	-137185.0000	2725	3454193.0000	3772	4781387.0000	-1047	-1327194.0000
20101005	金融期貨            	FXF    	A         	359	328466.0000	440	402289.0000	-81	-73823.0000	685	627415.0000	259	237049.0000	426	390366.0000
20101005	金融期貨            	FXF    	B         	0	.0000	0	.0000	0	.0000	169	155007.0000	0	.0000	169	155007.0000
20101005	金融期貨            	FXF    	C         	550	503191.0000	775	708505.0000	-225	-205313.0000	1469	1347367.0000	6264	5744735.0000	-4795	-4397368.0000
20101005	櫃買期貨            	GTF    	A         	121	67747.0000	129	72309.0000	-8	-4562.0000	160	89923.0000	164	92164.0000	-4	-2241.0000
20101005	櫃買期貨            	GTF    	B         	0	.0000	0	.0000	0	.0000	0	.0000	0	.0000	0	.0000
20101005	櫃買期貨            	GTF    	C         	0	.0000	0	.0000	0	.0000	0	.0000	0	.0000	0	.0000
20101005	摩臺期              	MSF    	A         	10	9020.0000	6	5407.0000	4	3612.0000	17	15246.0000	55	49324.0000	-38	-34078.0000
20101005	摩臺期              	MSF    	B         	0	.0000	0	.0000	0	.0000	0	.0000	0	.0000	0	.0000
20101005	摩臺期              	MSF    	C         	0	.0000	0	.0000	0	.0000	39	34975.0000	0	.0000	39	34975.0000
20101005	小型臺指            	MXF    	A         	5485	2239507.0000	6602	2692131.0000	-1117	-452624.0000	1450	592313.0000	4965	2030437.0000	-3515	-1438124.0000
20101005	小型臺指            	MXF    	B         	0	.0000	0	.0000	0	.0000	0	.0000	0	.0000	0	.0000
20101005	小型臺指            	MXF    	C         	9178	3745751.0000	9332	3808776.0000	-154	-63025.0000	3917	1600294.0000	2769	1133338.0000	1148	466956.0000
20101005	股票期貨            	STF    	A         	1337	104079.0000	1311	115556.0000	26	-11477.0000	3858	277792.0000	8752	763061.0000	-4894	-485269.0000
20101005	股票期貨            	STF    	B         	0	.0000	0	.0000	0	.0000	0	.0000	0	.0000	0	.0000
20101005	股票期貨            	STF    	C         	59	3082.0000	178	10614.0000	-119	-7532.0000	82	4722.0000	938	84900.0000	-856	-80178.0000
20101005	臺灣50期貨          	T5F    	A         	0	.0000	0	.0000	0	.0000	4	2203.0000	4	2169.0000	0	34.0000
20101005	臺灣50期貨          	T5F    	B         	0	.0000	0	.0000	0	.0000	0	.0000	0	.0000	0	.0000
20101005	臺灣50期貨          	T5F    	C         	0	.0000	0	.0000	0	.0000	0	.0000	0	.0000	0	.0000
20101005	臺股期貨            	TXF    	A         	22839	37297559.0000	24694	40323375.0000	-1855	-3025816.0000	9649	15801557.0000	3650	5966228.0000	5999	9835329.0000
20101005	臺股期貨            	TXF    	B         	118	192863.0000	104	170163.0000	14	22700.0000	2621	4293198.0000	1211	1982457.0000	1410	2310741.0000
20101005	臺股期貨            	TXF    	C         	17660	28842177.0000	16185	26422635.0000	1475	2419542.0000	25486	41694834.0000	33946	55593118.0000	-8460	-13898284.0000
20101005	非金電期貨          	XIF    	A         	213	226053.0000	204	216360.0000	9	9693.0000	339	360853.0000	105	111744.0000	234	249109.0000
20101005	非金電期貨          	XIF    	B         	0	.0000	0	.0000	0	.0000	30	31950.0000	0	.0000	30	31950.0000
20101005	非金電期貨          	XIF    	C         	82	87065.0000	96	102014.0000	-14	-14949.0000	10	10650.0000	334	355710.0000	-324	-345060.0000
20101006	電子期貨            	EXF    	A         	667	853233.0000	667	852818.0000	0	415.0000	492	628768.0000	265	338191.0000	227	290577.0000
20101006	電子期貨            	EXF    	B         	0	.0000	0	.0000	0	.0000	210	268506.0000	47	60094.0000	163	208412.0000
20101006	電子期貨            	EXF    	C         	806	1031851.0000	671	858112.0000	135	173739.0000	2782	3557048.0000	3694	4723148.0000	-912	-1166100.0000
20101006	金融期貨            	FXF    	A         	446	412845.0000	392	362983.0000	54	49861.0000	699	646662.0000	219	202468.0000	480	444194.0000
20101006	金融期貨            	FXF    	B         	0	.0000	0	.0000	0	.0000	169	156460.0000	0	.0000	169	156460.0000
20101006	金融期貨            	FXF    	C         	821	760525.0000	493	456655.0000	328	303870.0000	1747	1617373.0000	6214	5752354.0000	-4467	-4134981.0000
20101006	櫃買期貨            	GTF    	A         	35	19815.0000	62	35124.0000	-27	-15309.0000	160	90467.0000	191	107997.0000	-31	-17530.0000
20101006	櫃買期貨            	GTF    	B         	0	.0000	0	.0000	0	.0000	0	.0000	0	.0000	0	.0000
20101006	櫃買期貨            	GTF    	C         	0	.0000	0	.0000	0	.0000	0	.0000	0	.0000	0	.0000
20101006	摩臺期              	MSF    	A         	9	8117.0000	9	8113.0000	0	4.0000	13	11699.0000	51	45895.0000	-38	-34196.0000
20101006	摩臺期              	MSF    	B         	0	.0000	0	.0000	0	.0000	0	.0000	0	.0000	0	.0000
20101006	摩臺期              	MSF    	C         	0	.0000	0	.0000	0	.0000	39	35096.0000	0	.0000	39	35096.0000
20101006	小型臺指            	MXF    	A         	4331	1790277.0000	2830	1169948.0000	1501	620329.0000	1610	664469.0000	3640	1503526.0000	-2030	-839057.0000
20101006	小型臺指            	MXF    	B         	0	.0000	0	.0000	0	.0000	0	.0000	0	.0000	0	.0000
20101006	小型臺指            	MXF    	C         	6098	2521276.0000	5076	2099024.0000	1022	422252.0000	4428	1827286.0000	2082	860883.0000	2346	966403.0000
20101006	股票期貨            	STF    	A         	2359	180802.0000	2333	193783.0000	26	-12981.0000	4295	315600.0000	9163	815993.0000	-4868	-500393.0000
20101006	股票期貨            	STF    	B         	0	.0000	0	.0000	0	.0000	0	.0000	0	.0000	0	.0000
20101006	股票期貨            	STF    	C         	82	6082.0000	50	4468.0000	32	1614.0000	86	5069.0000	910	83541.0000	-824	-78472.0000
20101006	臺灣50期貨          	T5F    	A         	0	.0000	0	.0000	0	.0000	4	2220.0000	4	2185.0000	0	35.0000
20101006	臺灣50期貨          	T5F    	B         	0	.0000	0	.0000	0	.0000	0	.0000	0	.0000	0	.0000
20101006	臺灣50期貨          	T5F    	C         	0	.0000	0	.0000	0	.0000	0	.0000	0	.0000	0	.0000
20101006	臺股期貨            	TXF    	A         	15902	26307536.0000	14310	23671391.0000	1592	2636145.0000	10975	18152561.0000	3380	5579801.0000	7595	12572760.0000
20101006	臺股期貨            	TXF    	B         	83	137333.0000	34	56202.0000	49	81131.0000	2631	4352726.0000	1172	1937822.0000	1459	2414904.0000
20101006	臺股期貨            	TXF    	C         	10319	17069803.0000	10483	17341961.0000	-164	-272159.0000	24360	40248692.0000	33028	54630645.0000	-8668	-14381953.0000
20101006	非金電期貨          	XIF    	A         	157	169086.0000	209	225158.0000	-52	-56072.0000	352	379308.0000	170	183156.0000	182	196152.0000
20101006	非金電期貨          	XIF    	B         	0	.0000	0	.0000	0	.0000	30	32352.0000	0	.0000	30	32352.0000
20101006	非金電期貨          	XIF    	C         	40	43030.0000	13	14035.0000	27	28994.0000	29	31274.0000	326	351558.0000	-297	-320284.0000
20101007	電子期貨            	EXF    	A         	396	505403.0000	577	736519.0000	-181	-231116.0000	397	507686.0000	351	448387.0000	46	59299.0000
20101007	電子期貨            	EXF    	B         	0	.0000	0	.0000	0	.0000	210	268716.0000	47	60141.0000	163	208575.0000
20101007	電子期貨            	EXF    	C         	296	377807.0000	347	443151.0000	-51	-65343.0000	2742	3508644.0000	3705	4740918.0000	-963	-1232274.0000
20101007	金融期貨            	FXF    	A         	472	439838.0000	552	514425.0000	-80	-74587.0000	694	646188.0000	294	273675.0000	400	372513.0000
20101007	金融期貨            	FXF    	B         	0	.0000	0	.0000	0	.0000	169	157474.0000	0	.0000	169	157474.0000
20101007	金融期貨            	FXF    	C         	649	605470.0000	433	403421.0000	216	202049.0000	1722	1604560.0000	5973	5565074.0000	-4251	-3960514.0000
20101007	櫃買期貨            	GTF    	A         	87	49182.0000	61	34500.0000	26	14682.0000	161	91306.0000	166	94140.0000	-5	-2834.0000
20101007	櫃買期貨            	GTF    	B         	0	.0000	0	.0000	0	.0000	0	.0000	0	.0000	0	.0000
20101007	櫃買期貨            	GTF    	C         	0	.0000	0	.0000	0	.0000	0	.0000	0	.0000	0	.0000
20101007	摩臺期              	MSF    	A         	2	1796.0000	1	899.0000	1	897.0000	12	10787.0000	49	44046.0000	-37	-33259.0000
20101007	摩臺期              	MSF    	B         	0	.0000	0	.0000	0	.0000	0	.0000	0	.0000	0	.0000
20101007	摩臺期              	MSF    	C         	0	.0000	1	897.0000	-1	-897.0000	38	34158.0000	0	.0000	38	34158.0000
20101007	小型臺指            	MXF    	A         	1408	582001.0000	1581	653034.0000	-173	-71033.0000	1556	642221.0000	3711	1532854.0000	-2155	-890633.0000
20101007	小型臺指            	MXF    	B         	0	.0000	0	.0000	0	.0000	0	.0000	0	.0000	0	.0000
20101007	小型臺指            	MXF    	C         	3582	1480984.0000	3378	1396447.0000	204	84537.0000	4308	1777460.0000	1798	743274.0000	2510	1034186.0000
20101007	股票期貨            	STF    	A         	2196	139888.0000	2090	135966.0000	106	3921.0000	4483	327208.0000	9245	824556.0000	-4762	-497348.0000
20101007	股票期貨            	STF    	B         	0	.0000	0	.0000	0	.0000	0	.0000	0	.0000	0	.0000
20101007	股票期貨            	STF    	C         	15	678.0000	163	12542.0000	-148	-11864.0000	81	4746.0000	1053	95282.0000	-972	-90536.0000
20101007	臺灣50期貨          	T5F    	A         	0	.0000	0	.0000	0	.0000	4	2216.0000	4	2181.0000	0	35.0000
20101007	臺灣50期貨          	T5F    	B         	0	.0000	0	.0000	0	.0000	0	.0000	0	.0000	0	.0000
20101007	臺灣50期貨          	T5F    	C         	0	.0000	0	.0000	0	.0000	0	.0000	0	.0000	0	.0000
20101007	臺股期貨            	TXF    	A         	8210	13579481.0000	7677	12693987.0000	533	885493.0000	11092	18346448.0000	2976	4910878.0000	8116	13435570.0000
20101007	臺股期貨            	TXF    	B         	0	.0000	36	59539.0000	-36	-59539.0000	2615	4326256.0000	1192	1970884.0000	1423	2355372.0000
20101007	臺股期貨            	TXF    	C         	6976	11536712.0000	7302	12077923.0000	-326	-541211.0000	24462	40415380.0000	33446	55321593.0000	-8984	-14906213.0000
20101007	非金電期貨          	XIF    	A         	121	130324.0000	125	134587.0000	-4	-4263.0000	357	383520.0000	179	192311.0000	178	191209.0000
20101007	非金電期貨          	XIF    	B         	0	.0000	1	1075.0000	-1	-1075.0000	29	31172.0000	0	.0000	29	31172.0000
20101007	非金電期貨          	XIF    	C         	41	44170.0000	21	22624.0000	20	21546.0000	15	16124.0000	292	313871.0000	-277	-297747.0000
20101008	電子期貨            	EXF    	A         	1011	1290710.0000	1323	1688232.0000	-312	-397522.0000	527	668987.0000	793	1006382.0000	-266	-337395.0000
20101008	電子期貨            	EXF    	B         	0	.0000	0	.0000	0	.0000	210	266700.0000	47	59690.0000	163	207010.0000
20101008	電子期貨            	EXF    	C         	949	1213525.0000	1479	1891359.0000	-530	-677834.0000	2273	2886694.0000	3766	4782820.0000	-1493	-1896126.0000
20101008	金融期貨            	FXF    	A         	489	452388.0000	698	646030.0000	-209	-193642.0000	660	605807.0000	469	430465.0000	191	175342.0000
20101008	金融期貨            	FXF    	B         	0	.0000	0	.0000	0	.0000	169	155277.0000	0	.0000	169	155277.0000
20101008	金融期貨            	FXF    	C         	764	707644.0000	1202	1112026.0000	-438	-404383.0000	1630	1497644.0000	6319	5805343.0000	-4689	-4307699.0000
20101008	櫃買期貨            	GTF    	A         	56	31562.0000	32	18046.0000	24	13516.0000	201	112875.0000	182	102225.0000	19	10650.0000
20101008	櫃買期貨            	GTF    	B         	0	.0000	0	.0000	0	.0000	0	.0000	0	.0000	0	.0000
20101008	櫃買期貨            	GTF    	C         	0	.0000	0	.0000	0	.0000	0	.0000	0	.0000	0	.0000
20101008	摩臺期              	MSF    	A         	20	17894.0000	5	4474.0000	15	13419.0000	12	10708.0000	34	30332.0000	-22	-19624.0000
20101008	摩臺期              	MSF    	B         	0	.0000	0	.0000	0	.0000	0	.0000	0	.0000	0	.0000
20101008	摩臺期              	MSF    	C         	0	.0000	15	13415.0000	-15	-13415.0000	23	20516.0000	0	.0000	23	20516.0000
20101008	小型臺指            	MXF    	A         	4489	1851677.0000	6184	2547945.0000	-1695	-696268.0000	1723	706771.0000	5589	2293010.0000	-3866	-1586239.0000
20101008	小型臺指            	MXF    	B         	0	.0000	0	.0000	0	.0000	0	.0000	0	.0000	0	.0000
20101008	小型臺指            	MXF    	C         	8064	3327422.0000	9727	4011579.0000	-1663	-684157.0000	3489	1428822.0000	2194	900227.0000	1295	528595.0000
20101008	股票期貨            	STF    	A         	2999	276148.0000	2886	252336.0000	113	23812.0000	4610	331719.0000	9259	803321.0000	-4649	-471602.0000
20101008	股票期貨            	STF    	B         	0	.0000	0	.0000	0	.0000	0	.0000	0	.0000	0	.0000
20101008	股票期貨            	STF    	C         	28	3595.0000	138	27299.0000	-110	-23704.0000	62	3644.0000	1144	117831.0000	-1082	-114187.0000
20101008	臺灣50期貨          	T5F    	A         	0	.0000	0	.0000	0	.0000	4	2206.0000	4	2171.0000	0	35.0000
20101008	臺灣50期貨          	T5F    	B         	0	.0000	0	.0000	0	.0000	0	.0000	0	.0000	0	.0000
20101008	臺灣50期貨          	T5F    	C         	0	.0000	0	.0000	0	.0000	0	.0000	0	.0000	0	.0000
20101008	臺股期貨            	TXF    	A         	19953	32921650.0000	20828	34354345.0000	-875	-1432695.0000	10275	16878335.0000	3030	4966215.0000	7245	11912120.0000
20101008	臺股期貨            	TXF    	B         	83	137265.0000	259	425669.0000	-176	-288404.0000	2617	4299731.0000	1370	2249314.0000	1247	2050417.0000
20101008	臺股期貨            	TXF    	C         	15717	25945252.0000	17518	28910070.0000	-1801	-2964818.0000	24076	39506576.0000	34973	57447682.0000	-10897	-17941106.0000
20101008	非金電期貨          	XIF    	A         	239	256331.0000	246	263904.0000	-7	-7573.0000	322	344383.0000	151	161536.0000	171	182847.0000
20101008	非金電期貨          	XIF    	B         	0	.0000	0	.0000	0	.0000	29	31030.0000	0	.0000	29	31030.0000
20101008	非金電期貨          	XIF    	C         	33	35438.0000	58	62214.0000	-25	-26775.0000	35	37450.0000	337	360590.0000	-302	-323140.0000
20101011	電子期貨            	EXF    	A         	823	1045138.0000	737	936301.0000	86	108837.0000	611	771156.0000	791	997725.0000	-180	-226569.0000
20101011	電子期貨            	EXF    	B         	0	.0000	0	.0000	0	.0000	210	265146.0000	47	59342.0000	163	205804.0000
20101011	電子期貨            	EXF    	C         	385	489592.0000	551	699660.0000	-166	-210068.0000	2019	2549173.0000	3678	4643843.0000	-1659	-2094670.0000
20101011	金融期貨            	FXF    	A         	917	838391.0000	745	681772.0000	172	156619.0000	904	815933.0000	541	488128.0000	363	327805.0000
20101011	金融期貨            	FXF    	B         	40	36637.0000	0	.0000	40	36637.0000	209	188769.0000	0	.0000	209	188769.0000
20101011	金融期貨            	FXF    	C         	536	489448.0000	676	619157.0000	-140	-129709.0000	1420	1282526.0000	6249	5643540.0000	-4829	-4361014.0000
20101011	櫃買期貨            	GTF    	A         	93	52025.0000	85	47490.0000	8	4535.0000	219	121631.0000	192	106659.0000	27	14972.0000
20101011	櫃買期貨            	GTF    	B         	0	.0000	0	.0000	0	.0000	0	.0000	0	.0000	0	.0000
20101011	櫃買期貨            	GTF    	C         	0	.0000	0	.0000	0	.0000	0	.0000	0	.0000	0	.0000
20101011	摩臺期              	MSF    	A         	0	.0000	0	.0000	0	.0000	12	10627.0000	34	30103.0000	-22	-19476.0000
20101011	摩臺期              	MSF    	B         	0	.0000	0	.0000	0	.0000	0	.0000	0	.0000	0	.0000
20101011	摩臺期              	MSF    	C         	0	.0000	0	.0000	0	.0000	23	20361.0000	0	.0000	23	20361.0000
20101011	小型臺指            	MXF    	A         	3396	1391241.0000	5220	2136253.0000	-1824	-745012.0000	1943	789402.0000	7641	3104410.0000	-5698	-2315008.0000
20101011	小型臺指            	MXF    	B         	0	.0000	0	.0000	0	.0000	0	.0000	0	.0000	0	.0000
20101011	小型臺指            	MXF    	C         	8435	3459009.0000	9341	3830179.0000	-906	-371169.0000	3367	1364704.0000	2186	888298.0000	1181	476406.0000
20101011	股票期貨            	STF    	A         	3127	171228.0000	3011	171032.0000	116	196.0000	5054	338277.0000	9587	807155.0000	-4533	-468878.0000
20101011	股票期貨            	STF    	B         	0	.0000	0	.0000	0	.0000	0	.0000	0	.0000	0	.0000
20101011	股票期貨            	STF    	C         	24	1589.0000	124	10566.0000	-100	-8977.0000	54	3313.0000	1236	126671.0000	-1182	-123358.0000
20101011	臺灣50期貨          	T5F    	A         	0	.0000	0	.0000	0	.0000	4	2180.0000	4	2146.0000	0	34.0000
20101011	臺灣50期貨          	T5F    	B         	0	.0000	0	.0000	0	.0000	0	.0000	0	.0000	0	.0000
20101011	臺灣50期貨          	T5F    	C         	0	.0000	0	.0000	0	.0000	0	.0000	0	.0000	0	.0000
20101011	臺股期貨            	TXF    	A         	21001	34412554.0000	23268	38121173.0000	-2267	-3708618.0000	9263	15069054.0000	4283	6956133.0000	4980	8112921.0000
20101011	臺股期貨            	TXF    	B         	16	26227.0000	72	118167.0000	-56	-91940.0000	2619	4261589.0000	1428	2321963.0000	1191	1939626.0000
20101011	臺股期貨            	TXF    	C         	14341	23525624.0000	13702	22468388.0000	639	1057236.0000	25472	41392604.0000	35928	58440314.0000	-10456	-17047710.0000
20101011	非金電期貨          	XIF    	A         	284	302051.0000	248	264047.0000	36	38004.0000	347	366202.0000	140	147750.0000	207	218452.0000
20101011	非金電期貨          	XIF    	B         	0	.0000	0	.0000	0	.0000	29	30618.0000	0	.0000	29	30618.0000
20101011	非金電期貨          	XIF    	C         	48	51109.0000	15	16007.0000	33	35103.0000	34	35897.0000	303	319907.0000	-269	-284010.0000
20101012	電子期貨            	EXF    	A         	1175	1471647.0000	1062	1330851.0000	113	140796.0000	750	933876.0000	817	1016344.0000	-67	-82468.0000
20101012	電子期貨            	EXF    	B         	0	.0000	0	.0000	0	.0000	210	261534.0000	47	58534.0000	163	203000.0000
20101012	電子期貨            	EXF    	C         	684	855269.0000	799	998559.0000	-115	-143290.0000	1805	2247901.0000	3579	4457287.0000	-1774	-2209386.0000
20101012	金融期貨            	FXF    	A         	883	795301.0000	1101	992101.0000	-218	-196799.0000	776	695704.0000	631	565205.0000	145	130499.0000
20101012	金融期貨            	FXF    	B         	0	.0000	0	.0000	0	.0000	209	187389.0000	0	.0000	209	187389.0000
20101012	金融期貨            	FXF    	C         	742	669396.0000	425	382837.0000	317	286560.0000	1402	1257005.0000	5914	5301484.0000	-4512	-4044479.0000
20101012	櫃買期貨            	GTF    	A         	49	27166.0000	49	27164.0000	0	2.0000	201	110989.0000	174	96079.0000	27	14910.0000
20101012	櫃買期貨            	GTF    	B         	0	.0000	0	.0000	0	.0000	0	.0000	0	.0000	0	.0000
20101012	櫃買期貨            	GTF    	C         	0	.0000	0	.0000	0	.0000	0	.0000	0	.0000	0	.0000
20101012	摩臺期              	MSF    	A         	3	2637.0000	2	1760.0000	1	877.0000	11	9655.0000	32	28079.0000	-21	-18424.0000
20101012	摩臺期              	MSF    	B         	0	.0000	0	.0000	0	.0000	0	.0000	0	.0000	0	.0000
20101012	摩臺期              	MSF    	C         	0	.0000	0	.0000	0	.0000	23	20179.0000	0	.0000	23	20179.0000
20101012	小型臺指            	MXF    	A         	5137	2074688.0000	6542	2643527.0000	-1405	-568838.0000	2369	953323.0000	9456	3803956.0000	-7087	-2850633.0000
20101012	小型臺指            	MXF    	B         	0	.0000	0	.0000	0	.0000	0	.0000	0	.0000	0	.0000
20101012	小型臺指            	MXF    	C         	10214	4131043.0000	11415	4616835.0000	-1201	-485792.0000	3255	1306068.0000	2195	883422.0000	1060	422646.0000
20101012	股票期貨            	STF    	A         	3196	217659.0000	3087	211012.0000	109	6647.0000	4898	326973.0000	9322	782393.0000	-4424	-455420.0000
20101012	股票期貨            	STF    	B         	0	.0000	0	.0000	0	.0000	0	.0000	0	.0000	0	.0000
20101012	股票期貨            	STF    	C         	45	3938.0000	322	36580.0000	-277	-32642.0000	58	3404.0000	1517	158124.0000	-1459	-154720.0000
20101012	臺灣50期貨          	T5F    	A         	0	.0000	0	.0000	0	.0000	4	2152.0000	4	2118.0000	0	34.0000
20101012	臺灣50期貨          	T5F    	B         	0	.0000	0	.0000	0	.0000	0	.0000	0	.0000	0	.0000
20101012	臺灣50期貨          	T5F    	C         	0	.0000	0	.0000	0	.0000	0	.0000	0	.0000	0	.0000
20101012	臺股期貨            	TXF    	A         	27216	43985246.0000	29654	47952612.0000	-2438	-3967365.0000	7127	11481296.0000	4589	7380110.0000	2538	4101186.0000
20101012	臺股期貨            	TXF    	B         	41	66506.0000	359	580113.0000	-318	-513607.0000	2347	3782325.0000	1474	2373663.0000	873	1408662.0000
20101012	臺股期貨            	TXF    	C         	18681	30225212.0000	17530	28361950.0000	1151	1863262.0000	25791	41503598.0000	35366	56969515.0000	-9575	-15465917.0000
20101012	非金電期貨          	XIF    	A         	232	244071.0000	323	340185.0000	-91	-96114.0000	276	290042.0000	160	168156.0000	116	121886.0000
20101012	非金電期貨          	XIF    	B         	0	.0000	0	.0000	0	.0000	29	30494.0000	0	.0000	29	30494.0000
20101012	非金電期貨          	XIF    	C         	13	13607.0000	52	54844.0000	-39	-41237.0000	7	7361.0000	315	331223.0000	-308	-323862.0000
20101013	電子期貨            	EXF    	A         	746	932982.0000	810	1012575.0000	-64	-79593.0000	747	936234.0000	878	1099308.0000	-131	-163074.0000
20101013	電子期貨            	EXF    	B         	0	.0000	0	.0000	0	.0000	210	263256.0000	47	58919.0000	163	204337.0000
20101013	電子期貨            	EXF    	C         	728	910416.0000	274	342472.0000	454	567944.0000	1962	2459387.0000	3282	4114252.0000	-1320	-1654865.0000
20101013	金融期貨            	FXF    	A         	761	684466.0000	800	719491.0000	-39	-35025.0000	727	655774.0000	621	560028.0000	106	95746.0000
20101013	金融期貨            	FXF    	B         	0	.0000	40	36012.0000	-40	-36012.0000	169	152607.0000	0	.0000	169	152607.0000
20101013	金融期貨            	FXF    	C         	517	464779.0000	510	458630.0000	7	6149.0000	1285	1160331.0000	5790	5227376.0000	-4505	-4067045.0000
20101013	櫃買期貨            	GTF    	A         	156	86508.0000	107	59450.0000	49	27058.0000	230	128123.0000	154	85896.0000	76	42227.0000
20101013	櫃買期貨            	GTF    	B         	0	.0000	0	.0000	0	.0000	0	.0000	0	.0000	0	.0000
20101013	櫃買期貨            	GTF    	C         	0	.0000	0	.0000	0	.0000	0	.0000	0	.0000	0	.0000
20101013	摩臺期              	MSF    	A         	1	875.0000	2	1751.0000	-1	-876.0000	11	9634.0000	33	28894.0000	-22	-19260.0000
20101013	摩臺期              	MSF    	B         	0	.0000	0	.0000	0	.0000	0	.0000	0	.0000	0	.0000
20101013	摩臺期              	MSF    	C         	0	.0000	0	.0000	0	.0000	23	20135.0000	0	.0000	23	20135.0000
20101013	小型臺指            	MXF    	A         	4735	1911903.0000	3769	1520848.0000	966	391055.0000	2848	1153025.0000	9025	3652252.0000	-6177	-2499227.0000
20101013	小型臺指            	MXF    	B         	0	.0000	0	.0000	0	.0000	0	.0000	0	.0000	0	.0000
20101013	小型臺指            	MXF    	C         	8549	3452098.0000	7874	3179446.0000	675	272652.0000	3794	1532096.0000	2083	843501.0000	1711	688595.0000
20101013	股票期貨            	STF    	A         	3041	199484.0000	3197	192483.0000	-156	7002.0000	4623	313294.0000	9203	764179.0000	-4580	-450885.0000
20101013	股票期貨            	STF    	B         	0	.0000	0	.0000	0	.0000	0	.0000	0	.0000	0	.0000
20101013	股票期貨            	STF    	C         	69	6464.0000	101	9198.0000	-32	-2735.0000	57	3345.0000	1548	160781.0000	-1491	-157436.0000
20101013	臺灣50期貨          	T5F    	A         	0	.0000	0	.0000	0	.0000	4	2164.0000	4	2129.0000	0	35.0000
20101013	臺灣50期貨          	T5F    	B         	0	.0000	0	.0000	0	.0000	0	.0000	0	.0000	0	.0000
20101013	臺灣50期貨          	T5F    	C         	0	.0000	0	.0000	0	.0000	0	.0000	0	.0000	0	.0000
20101013	臺股期貨            	TXF    	A         	19994	32305597.0000	20342	32861549.0000	-348	-555952.0000	6451	10454643.0000	4247	6869499.0000	2204	3585144.0000
20101013	臺股期貨            	TXF    	B         	83	134149.0000	59	95293.0000	24	38856.0000	2357	3821496.0000	1460	2365411.0000	897	1456085.0000
20101013	臺股期貨            	TXF    	C         	15757	25455978.0000	14631	23639192.0000	1126	1816786.0000	25798	41764463.0000	34241	55490230.0000	-8443	-13725767.0000
20101013	非金電期貨          	XIF    	A         	292	307426.0000	246	259041.0000	46	48385.0000	337	356275.0000	175	184992.0000	162	171283.0000
20101013	非金電期貨          	XIF    	B         	0	.0000	0	.0000	0	.0000	29	30673.0000	0	.0000	29	30673.0000
20101013	非金電期貨          	XIF    	C         	66	69535.0000	33	34744.0000	33	34791.0000	10	10577.0000	285	301445.0000	-275	-290868.0000
20101014	電子期貨            	EXF    	A         	613	774662.0000	405	511632.0000	208	263030.0000	924	1168285.0000	847	1069966.0000	77	98319.0000
20101014	電子期貨            	EXF    	B         	0	.0000	0	.0000	0	.0000	210	265566.0000	47	59436.0000	163	206130.0000
20101014	電子期貨            	EXF    	C         	948	1198103.0000	778	982919.0000	170	215184.0000	2284	2887997.0000	3434	4342386.0000	-1150	-1454389.0000
20101014	金融期貨            	FXF    	A         	698	637042.0000	609	555568.0000	89	81474.0000	803	732219.0000	608	554218.0000	195	178001.0000
20101014	金融期貨            	FXF    	B         	0	.0000	0	.0000	0	.0000	169	154263.0000	0	.0000	169	154263.0000
20101014	金融期貨            	FXF    	C         	753	687294.0000	625	570104.0000	128	117190.0000	1341	1224045.0000	5718	5218476.0000	-4377	-3994431.0000
20101014	櫃買期貨            	GTF    	A         	168	94117.0000	187	104968.0000	-19	-10851.0000	190	106454.0000	133	74583.0000	57	31871.0000
20101014	櫃買期貨            	GTF    	B         	0	.0000	0	.0000	0	.0000	0	.0000	0	.0000	0	.0000
20101014	櫃買期貨            	GTF    	C         	0	.0000	0	.0000	0	.0000	0	.0000	0	.0000	0	.0000
20101014	摩臺期              	MSF    	A         	8	7080.0000	4	3551.0000	4	3529.0000	16	14194.0000	34	30238.0000	-18	-16044.0000
20101014	摩臺期              	MSF    	B         	0	.0000	0	.0000	0	.0000	0	.0000	0	.0000	0	.0000
20101014	摩臺期              	MSF    	C         	0	.0000	0	.0000	0	.0000	23	20459.0000	0	.0000	23	20459.0000
20101014	小型臺指            	MXF    	A         	6599	2704606.0000	4485	1839646.0000	2114	864960.0000	3187	1309488.0000	7198	2956739.0000	-4011	-1647251.0000
20101014	小型臺指            	MXF    	B         	0	.0000	0	.0000	0	.0000	0	.0000	0	.0000	0	.0000
20101014	小型臺指            	MXF    	C         	10561	4330510.0000	8208	3368319.0000	2353	962191.0000	4805	1970137.0000	2385	980304.0000	2420	989833.0000
20101014	股票期貨            	STF    	A         	3460	272979.0000	3109	244185.0000	351	28793.0000	4476	329239.0000	8705	757666.0000	-4229	-428427.0000
20101014	股票期貨            	STF    	B         	0	.0000	0	.0000	0	.0000	0	.0000	0	.0000	0	.0000
20101014	股票期貨            	STF    	C         	18	1539.0000	48	6441.0000	-30	-4902.0000	59	3422.0000	1580	167752.0000	-1521	-164330.0000
20101014	臺灣50期貨          	T5F    	A         	0	.0000	0	.0000	0	.0000	4	2202.0000	4	2175.0000	0	27.0000
20101014	臺灣50期貨          	T5F    	B         	0	.0000	0	.0000	0	.0000	0	.0000	0	.0000	0	.0000
20101014	臺灣50期貨          	T5F    	C         	0	.0000	0	.0000	0	.0000	0	.0000	0	.0000	0	.0000
20101014	臺股期貨            	TXF    	A         	29963	49190208.0000	26625	43713382.0000	3338	5476826.0000	9637	15850657.0000	4108	6743828.0000	5529	9106829.0000
20101014	臺股期貨            	TXF    	B         	242	395804.0000	52	85115.0000	190	310689.0000	2531	4163587.0000	1444	2373923.0000	1087	1789664.0000
20101014	臺股期貨            	TXF    	C         	18256	29968615.0000	17900	29393149.0000	356	575467.0000	27093	44511053.0000	34765	57172936.0000	-7672	-12661883.0000
20101014	非金電期貨          	XIF    	A         	358	385677.0000	293	315495.0000	65	70183.0000	475	514744.0000	248	268770.0000	227	245974.0000
20101014	非金電期貨          	XIF    	B         	0	.0000	0	.0000	0	.0000	29	31436.0000	0	.0000	29	31436.0000
20101014	非金電期貨          	XIF    	C         	52	55935.0000	113	121861.0000	-61	-65926.0000	37	40108.0000	373	404332.0000	-336	-364224.0000
20101015	電子期貨            	EXF    	A         	727	912785.0000	684	859028.0000	43	53756.0000	1029	1290344.0000	909	1138723.0000	120	151621.0000
20101015	電子期貨            	EXF    	B         	0	.0000	0	.0000	0	.0000	210	263382.0000	47	58947.0000	163	204435.0000
20101015	電子期貨            	EXF    	C         	560	704166.0000	612	768602.0000	-52	-64436.0000	2295	2877998.0000	3497	4385535.0000	-1202	-1507537.0000
20101015	金融期貨            	FXF    	A         	465	424109.0000	355	323641.0000	110	100468.0000	873	794540.0000	568	516599.0000	305	277941.0000
20101015	金融期貨            	FXF    	B         	0	.0000	0	.0000	0	.0000	169	153959.0000	0	.0000	169	153959.0000
20101015	金融期貨            	FXF    	C         	453	413213.0000	609	555325.0000	-156	-142113.0000	1385	1261713.0000	5918	5390068.0000	-4533	-4128355.0000
20101015	櫃買期貨            	GTF    	A         	154	85839.0000	201	112220.0000	-47	-26381.0000	168	93131.0000	158	87585.0000	10	5546.0000
20101015	櫃買期貨            	GTF    	B         	0	.0000	0	.0000	0	.0000	0	.0000	0	.0000	0	.0000
20101015	櫃買期貨            	GTF    	C         	0	.0000	0	.0000	0	.0000	0	.0000	0	.0000	0	.0000
20101015	摩臺期              	MSF    	A         	4	3547.0000	2	1776.0000	2	1771.0000	17	15043.0000	33	29274.0000	-16	-14231.0000
20101015	摩臺期              	MSF    	B         	0	.0000	0	.0000	0	.0000	0	.0000	0	.0000	0	.0000
20101015	摩臺期              	MSF    	C         	0	.0000	0	.0000	0	.0000	23	20407.0000	0	.0000	23	20407.0000
20101015	小型臺指            	MXF    	A         	3121	1281360.0000	3003	1231916.0000	118	49444.0000	3359	1374657.0000	7468	3055250.0000	-4109	-1680593.0000
20101015	小型臺指            	MXF    	B         	0	.0000	0	.0000	0	.0000	0	.0000	0	.0000	0	.0000
20101015	小型臺指            	MXF    	C         	6174	2535768.0000	7160	2939278.0000	-986	-403510.0000	4497	1835800.0000	2951	1207868.0000	1546	627932.0000
20101015	股票期貨            	STF    	A         	3775	329001.0000	3950	320926.0000	-175	8075.0000	3547	266871.0000	7951	684540.0000	-4404	-417669.0000
20101015	股票期貨            	STF    	B         	0	.0000	0	.0000	0	.0000	0	.0000	0	.0000	0	.0000
20101015	股票期貨            	STF    	C         	20	2486.0000	113	12188.0000	-93	-9702.0000	60	3570.0000	1674	175659.0000	-1614	-172089.0000
20101015	臺灣50期貨          	T5F    	A         	0	.0000	0	.0000	0	.0000	4	2196.0000	4	2169.0000	0	27.0000
20101015	臺灣50期貨          	T5F    	B         	0	.0000	0	.0000	0	.0000	0	.0000	0	.0000	0	.0000
20101015	臺灣50期貨          	T5F    	C         	0	.0000	0	.0000	0	.0000	0	.0000	0	.0000	0	.0000
20101015	臺股期貨            	TXF    	A         	14903	24479781.0000	16423	26971354.0000	-1520	-2491573.0000	8900	14577508.0000	4837	7910586.0000	4063	6666922.0000
20101015	臺股期貨            	TXF    	B         	61	100074.0000	44	72224.0000	17	27849.0000	2520	4128632.0000	1416	2318440.0000	1104	1810192.0000
20101015	臺股期貨            	TXF    	C         	14604	23989364.0000	15591	25605212.0000	-987	-1615849.0000	27919	45684116.0000	36607	59953533.0000	-8688	-14269417.0000
20101015	非金電期貨          	XIF    	A         	483	525811.0000	431	468954.0000	52	56857.0000	571	620757.0000	292	317430.0000	279	303327.0000
20101015	非金電期貨          	XIF    	B         	0	.0000	0	.0000	0	.0000	29	31538.0000	0	.0000	29	31538.0000
20101015	非金電期貨          	XIF    	C         	66	71844.0000	155	168774.0000	-89	-96930.0000	81	88088.0000	506	550253.0000	-425	-462165.0000
20101018	電子期貨            	EXF    	A         	1409	1740063.0000	1506	1863791.0000	-97	-123728.0000	976	1194242.0000	953	1163738.0000	23	30504.0000
20101018	電子期貨            	EXF    	B         	92	113163.0000	92	113207.0000	0	-44.0000	210	256790.0000	47	57318.0000	163	199472.0000
20101018	電子期貨            	EXF    	C         	2304	2844496.0000	2779	3434503.0000	-475	-590007.0000	2630	3215215.0000	4307	5267473.0000	-1677	-2052258.0000
20101018	金融期貨            	FXF    	A         	822	737619.0000	926	832395.0000	-104	-94775.0000	845	751102.0000	644	572331.0000	201	178771.0000
20101018	金融期貨            	FXF    	B         	87	77428.0000	87	77631.0000	0	-202.0000	169	150149.0000	0	.0000	169	150149.0000
20101018	金融期貨            	FXF    	C         	2534	2274823.0000	2627	2356522.0000	-93	-81699.0000	1373	1220983.0000	6005	5338909.0000	-4632	-4117926.0000
20101018	櫃買期貨            	GTF    	A         	144	78690.0000	101	55155.0000	43	23535.0000	218	117865.0000	165	89244.0000	53	28621.0000
20101018	櫃買期貨            	GTF    	B         	0	.0000	0	.0000	0	.0000	0	.0000	0	.0000	0	.0000
20101018	櫃買期貨            	GTF    	C         	0	.0000	0	.0000	0	.0000	0	.0000	0	.0000	0	.0000
20101018	摩臺期              	MSF    	A         	18	15797.0000	2	1748.0000	16	14049.0000	18	15747.0000	18	15782.0000	0	-35.0000
20101018	摩臺期              	MSF    	B         	0	.0000	0	.0000	0	.0000	0	.0000	0	.0000	0	.0000
20101018	摩臺期              	MSF    	C         	0	.0000	15	13170.0000	-15	-13170.0000	8	7019.0000	0	.0000	8	7019.0000
20101018	小型臺指            	MXF    	A         	8981	3630544.0000	12443	5030304.0000	-3462	-1399760.0000	3031	1215760.0000	10762	4313872.0000	-7731	-3098112.0000
20101018	小型臺指            	MXF    	B         	0	.0000	0	.0000	0	.0000	0	.0000	0	.0000	0	.0000
20101018	小型臺指            	MXF    	C         	12675	5123601.0000	16531	6687579.0000	-3856	-1563978.0000	3998	1598576.0000	3472	1393143.0000	526	205433.0000
20101018	股票期貨            	STF    	A         	3654	217804.0000	3797	221906.0000	-143	-4101.0000	3842	266103.0000	8389	681168.0000	-4547	-415065.0000
20101018	股票期貨            	STF    	B         	0	.0000	0	.0000	0	.0000	0	.0000	0	.0000	0	.0000
20101018	股票期貨            	STF    	C         	8	617.0000	114	11818.0000	-106	-11201.0000	58	3484.0000	1778	184448.0000	-1720	-180964.0000
20101018	臺灣50期貨          	T5F    	A         	0	.0000	0	.0000	0	.0000	4	2152.0000	4	2125.0000	0	27.0000
20101018	臺灣50期貨          	T5F    	B         	0	.0000	0	.0000	0	.0000	0	.0000	0	.0000	0	.0000
20101018	臺灣50期貨          	T5F    	C         	0	.0000	0	.0000	0	.0000	0	.0000	0	.0000	0	.0000
20101018	臺股期貨            	TXF    	A         	33813	54675951.0000	37005	59853921.0000	-3192	-5177970.0000	6870	11021308.0000	5959	9549071.0000	911	1472237.0000
20101018	臺股期貨            	TXF    	B         	963	1552182.0000	1337	2159467.0000	-374	-607285.0000	2340	3753839.0000	1609	2579793.0000	731	1174046.0000
20101018	臺股期貨            	TXF    	C         	40592	65653141.0000	42248	68351756.0000	-1656	-2698615.0000	28820	46188752.0000	39879	63958746.0000	-11059	-17769994.0000
20101018	非金電期貨          	XIF    	A         	446	479685.0000	470	505595.0000	-24	-25910.0000	588	629246.0000	333	356206.0000	255	273040.0000
20101018	非金電期貨          	XIF    	B         	5	5338.0000	5	5347.0000	0	-9.0000	29	31034.0000	0	.0000	29	31034.0000
20101018	非金電期貨          	XIF    	C         	99	106473.0000	122	131058.0000	-23	-24584.0000	99	105956.0000	547	585579.0000	-448	-479623.0000
20101019	電子期貨            	EXF    	A         	1192	1461797.0000	1391	1708136.0000	-199	-246339.0000	808	989745.0000	984	1204257.0000	-176	-214512.0000
20101019	電子期貨            	EXF    	B         	70	85748.0000	70	86208.0000	0	-461.0000	210	257142.0000	47	57442.0000	163	199700.0000
20101019	電子期貨            	EXF    	C         	4786	5873722.0000	4349	5333219.0000	437	540504.0000	3167	3876576.0000	4407	5395151.0000	-1240	-1518575.0000
20101019	金融期貨            	FXF    	A         	586	521408.0000	618	550038.0000	-32	-28630.0000	884	786282.0000	715	635993.0000	169	150289.0000
20101019	金融期貨            	FXF    	B         	80	70983.0000	80	71245.0000	0	-262.0000	169	150078.0000	0	.0000	169	150078.0000
20101019	金融期貨            	FXF    	C         	2065	1839348.0000	1993	1772562.0000	72	66786.0000	1111	988251.0000	5671	5043218.0000	-4560	-4054967.0000
20101019	櫃買期貨            	GTF    	A         	97	52531.0000	124	67149.0000	-27	-14618.0000	219	118365.0000	193	104306.0000	26	14059.0000
20101019	櫃買期貨            	GTF    	B         	0	.0000	0	.0000	0	.0000	0	.0000	0	.0000	0	.0000
20101019	櫃買期貨            	GTF    	C         	0	.0000	0	.0000	0	.0000	0	.0000	0	.0000	0	.0000
20101019	摩臺期              	MSF    	A         	1	870.0000	1	870.0000	0	.0000	18	15668.0000	18	15703.0000	0	-35.0000
20101019	摩臺期              	MSF    	B         	0	.0000	0	.0000	0	.0000	0	.0000	0	.0000	0	.0000
20101019	摩臺期              	MSF    	C         	0	.0000	0	.0000	0	.0000	8	6983.0000	0	.0000	8	6983.0000
20101019	小型臺指            	MXF    	A         	3963	1588837.0000	4739	1899261.0000	-776	-310424.0000	3053	1222899.0000	11480	4594984.0000	-8427	-3372085.0000
20101019	小型臺指            	MXF    	B         	0	.0000	0	.0000	0	.0000	0	.0000	0	.0000	0	.0000
20101019	小型臺指            	MXF    	C         	7535	3023206.0000	7707	3091918.0000	-172	-68712.0000	4145	1655169.0000	3183	1275152.0000	962	380017.0000
20101019	股票期貨            	STF    	A         	4248	325868.0000	4279	333862.0000	-31	-7994.0000	3476	241603.0000	8054	663330.0000	-4578	-421727.0000
20101019	股票期貨            	STF    	B         	0	.0000	0	.0000	0	.0000	0	.0000	0	.0000	0	.0000
20101019	股票期貨            	STF    	C         	119	12703.0000	144	17646.0000	-25	-4943.0000	61	4904.0000	1806	189518.0000	-1745	-184614.0000
20101019	臺灣50期貨          	T5F    	A         	0	.0000	0	.0000	0	.0000	4	2150.0000	4	2123.0000	0	27.0000
20101019	臺灣50期貨          	T5F    	B         	0	.0000	0	.0000	0	.0000	0	.0000	0	.0000	0	.0000
20101019	臺灣50期貨          	T5F    	C         	0	.0000	0	.0000	0	.0000	0	.0000	0	.0000	0	.0000
20101019	臺股期貨            	TXF    	A         	19110	30666449.0000	18804	30170680.0000	306	495769.0000	8072	12929898.0000	6875	10998802.0000	1197	1931096.0000
20101019	臺股期貨            	TXF    	B         	905	1449027.0000	983	1577960.0000	-78	-128933.0000	2320	3712149.0000	1667	2668454.0000	653	1043695.0000
20101019	臺股期貨            	TXF    	C         	29528	47366965.0000	28839	46251884.0000	689	1115081.0000	30482	48778935.0000	41004	65652984.0000	-10522	-16874049.0000
20101019	非金電期貨          	XIF    	A         	501	532569.0000	506	538027.0000	-5	-5458.0000	498	528572.0000	248	263228.0000	250	265344.0000
20101019	非金電期貨          	XIF    	B         	5	5302.0000	5	5307.0000	0	-5.0000	29	30778.0000	0	.0000	29	30778.0000
20101019	非金電期貨          	XIF    	C         	84	89339.0000	55	58487.0000	29	30852.0000	114	121036.0000	533	565886.0000	-419	-444850.0000
20101020	電子期貨            	EXF    	A         	1159	1433516.0000	1282	1588652.0000	-123	-155136.0000	582	726661.0000	657	820309.0000	-75	-93648.0000
20101020	電子期貨            	EXF    	B         	90	111601.0000	90	112263.0000	0	-663.0000	210	262248.0000	42	52450.0000	168	209798.0000
20101020	電子期貨            	EXF    	C         	2306	2852175.0000	1776	2193526.0000	530	658650.0000	2570	3209416.0000	3221	4022385.0000	-651	-812969.0000
20101020	金融期貨            	FXF    	A         	1470	1306890.0000	1418	1259799.0000	52	47090.0000	466	414955.0000	247	219834.0000	219	195121.0000
20101020	金融期貨            	FXF    	B         	27	23987.0000	2	1779.0000	25	22208.0000	194	172854.0000	0	.0000	194	172854.0000
20101020	金融期貨            	FXF    	C         	2567	2280812.0000	2466	2189082.0000	101	91730.0000	636	566676.0000	4613	4110183.0000	-3977	-3543507.0000
20101020	櫃買期貨            	GTF    	A         	120	65701.0000	216	118379.0000	-96	-52678.0000	21	11576.0000	99	54601.0000	-78	-43025.0000
20101020	櫃買期貨            	GTF    	B         	0	.0000	0	.0000	0	.0000	0	.0000	0	.0000	0	.0000
20101020	櫃買期貨            	GTF    	C         	0	.0000	0	.0000	0	.0000	0	.0000	0	.0000	0	.0000
20101020	摩臺期              	MSF    	A         	2	1757.0000	4	3517.0000	-2	-1760.0000	8	7031.0000	4	3523.0000	4	3508.0000
20101020	摩臺期              	MSF    	B         	0	.0000	0	.0000	0	.0000	0	.0000	0	.0000	0	.0000
20101020	摩臺期              	MSF    	C         	2	1760.0000	0	.0000	2	1760.0000	2	1761.0000	0	.0000	2	1761.0000
20101020	小型臺指            	MXF    	A         	11757	4725402.0000	8886	3574813.0000	2871	1150589.0000	1946	787973.0000	3862	1563365.0000	-1916	-775392.0000
20101020	小型臺指            	MXF    	B         	0	.0000	0	.0000	0	.0000	0	.0000	0	.0000	0	.0000
20101020	小型臺指            	MXF    	C         	10719	4308143.0000	7232	2908481.0000	3487	1399662.0000	5007	2027809.0000	266	107307.0000	4741	1920502.0000
20101020	股票期貨            	STF    	A         	2865	236125.0000	2925	222012.0000	-60	14113.0000	1363	85862.0000	4381	333571.0000	-3018	-247709.0000
20101020	股票期貨            	STF    	B         	0	.0000	0	.0000	0	.0000	0	.0000	0	.0000	0	.0000
20101020	股票期貨            	STF    	C         	118	18916.0000	299	37909.0000	-181	-18992.0000	20	3387.0000	1383	168843.0000	-1363	-165456.0000
20101020	臺灣50期貨          	T5F    	A         	0	.0000	0	.0000	0	.0000	0	.0000	4	2149.0000	-4	-2149.0000
20101020	臺灣50期貨          	T5F    	B         	0	.0000	0	.0000	0	.0000	0	.0000	0	.0000	0	.0000
20101020	臺灣50期貨          	T5F    	C         	0	.0000	0	.0000	0	.0000	0	.0000	0	.0000	0	.0000
20101020	臺股期貨            	TXF    	A         	38896	62623685.0000	35382	56992504.0000	3514	5631182.0000	2678	4339728.0000	3401	5506349.0000	-723	-1166621.0000
20101020	臺股期貨            	TXF    	B         	1573	2535851.0000	1587	2556725.0000	-14	-20874.0000	2309	3743813.0000	1632	2645467.0000	677	1098346.0000
20101020	臺股期貨            	TXF    	C         	28283	45439198.0000	24748	39771002.0000	3535	5668197.0000	17740	28726525.0000	21513	34871789.0000	-3773	-6145264.0000
20101020	非金電期貨          	XIF    	A         	388	411771.0000	515	545807.0000	-127	-134036.0000	172	183682.0000	115	122867.0000	57	60815.0000
20101020	非金電期貨          	XIF    	B         	19	20148.0000	19	20166.0000	0	-18.0000	29	30989.0000	0	.0000	29	30989.0000
20101020	非金電期貨          	XIF    	C         	335	355397.0000	156	165772.0000	179	189626.0000	55	58773.0000	100	106860.0000	-45	-48087.0000
20101021	電子期貨            	EXF    	A         	509	634614.0000	879	1095979.0000	-370	-461365.0000	219	271981.0000	664	824946.0000	-445	-552965.0000
20101021	電子期貨            	EXF    	B         	0	.0000	0	.0000	0	.0000	210	260946.0000	42	52189.0000	168	208757.0000
20101021	電子期貨            	EXF    	C         	1255	1565827.0000	963	1200593.0000	292	365234.0000	2670	3317742.0000	3027	3761350.0000	-357	-443608.0000
20101021	金融期貨            	FXF    	A         	946	843212.0000	1114	993009.0000	-168	-149797.0000	468	414280.0000	417	369113.0000	51	45167.0000
20101021	金融期貨            	FXF    	B         	0	.0000	0	.0000	0	.0000	194	171845.0000	0	.0000	194	171845.0000
20101021	金融期貨            	FXF    	C         	632	563185.0000	998	889750.0000	-366	-326565.0000	630	558054.0000	4973	4405061.0000	-4343	-3847007.0000
20101021	櫃買期貨            	GTF    	A         	96	52654.0000	97	53350.0000	-1	-696.0000	8	4371.0000	87	47521.0000	-79	-43150.0000
20101021	櫃買期貨            	GTF    	B         	0	.0000	0	.0000	0	.0000	0	.0000	0	.0000	0	.0000
20101021	櫃買期貨            	GTF    	C         	0	.0000	0	.0000	0	.0000	0	.0000	0	.0000	0	.0000
20101021	摩臺期              	MSF    	A         	2	1754.0000	4	3517.0000	-2	-1763.0000	7	6114.0000	5	4378.0000	2	1736.0000
20101021	摩臺期              	MSF    	B         	0	.0000	0	.0000	0	.0000	0	.0000	0	.0000	0	.0000
20101021	摩臺期              	MSF    	C         	0	.0000	0	.0000	0	.0000	2	1751.0000	0	.0000	2	1751.0000
20101021	小型臺指            	MXF    	A         	4677	1894485.0000	5564	2251025.0000	-887	-356541.0000	2101	848769.0000	5056	2042053.0000	-2955	-1193284.0000
20101021	小型臺指            	MXF    	B         	0	.0000	0	.0000	0	.0000	0	.0000	0	.0000	0	.0000
20101021	小型臺指            	MXF    	C         	10585	4286574.0000	10498	4250488.0000	87	36086.0000	4640	1874707.0000	524	210561.0000	4116	1664146.0000
20101021	股票期貨            	STF    	A         	2169	214389.0000	2735	231708.0000	-566	-17319.0000	1685	118317.0000	5269	381344.0000	-3584	-263027.0000
20101021	股票期貨            	STF    	B         	0	.0000	0	.0000	0	.0000	0	.0000	0	.0000	0	.0000
20101021	股票期貨            	STF    	C         	73	7229.0000	319	27067.0000	-246	-19837.0000	24	3808.0000	1633	186333.0000	-1609	-182525.0000
20101021	臺灣50期貨          	T5F    	A         	0	.0000	0	.0000	0	.0000	0	.0000	4	2144.0000	-4	-2144.0000
20101021	臺灣50期貨          	T5F    	B         	0	.0000	0	.0000	0	.0000	0	.0000	0	.0000	0	.0000
20101021	臺灣50期貨          	T5F    	C         	0	.0000	0	.0000	0	.0000	0	.0000	0	.0000	0	.0000
20101021	臺股期貨            	TXF    	A         	16996	27537250.0000	16092	26064264.0000	904	1472986.0000	3637	5880915.0000	3418	5520745.0000	219	360170.0000
20101021	臺股期貨            	TXF    	B         	256	415204.0000	74	119784.0000	182	295420.0000	2505	4052088.0000	1646	2661912.0000	859	1390176.0000
20101021	臺股期貨            	TXF    	C         	18514	29985719.0000	20430	33085038.0000	-1916	-3099319.0000	15620	25228252.0000	21131	34163059.0000	-5511	-8934807.0000
20101021	非金電期貨          	XIF    	A         	420	449760.0000	432	462444.0000	-12	-12684.0000	200	214482.0000	155	166281.0000	45	48201.0000
20101021	非金電期貨          	XIF    	B         	0	.0000	0	.0000	0	.0000	29	31117.0000	0	.0000	29	31117.0000
20101021	非金電期貨          	XIF    	C         	61	65219.0000	85	91110.0000	-24	-25891.0000	38	40774.0000	107	114811.0000	-69	-74037.0000
20101022	電子期貨            	EXF    	A         	489	611125.0000	583	728638.0000	-94	-117512.0000	281	352481.0000	820	1028954.0000	-539	-676473.0000
20101022	電子期貨            	EXF    	B         	0	.0000	0	.0000	0	.0000	210	263550.0000	42	52710.0000	168	210840.0000
20101022	電子期貨            	EXF    	C         	482	602284.0000	324	404964.0000	158	197320.0000	2785	3495175.0000	2984	3744920.0000	-199	-249745.0000
20101022	金融期貨            	FXF    	A         	687	609862.0000	722	640761.0000	-35	-30899.0000	564	500829.0000	548	486629.0000	16	14200.0000
20101022	金融期貨            	FXF    	B         	0	.0000	0	.0000	0	.0000	194	172388.0000	0	.0000	194	172388.0000
20101022	金融期貨            	FXF    	C         	242	214698.0000	260	230645.0000	-18	-15948.0000	681	605137.0000	5042	4480287.0000	-4361	-3875150.0000
20101022	櫃買期貨            	GTF    	A         	110	60364.0000	110	60381.0000	0	-16.0000	40	22044.0000	119	65622.0000	-79	-43578.0000
20101022	櫃買期貨            	GTF    	B         	0	.0000	0	.0000	0	.0000	0	.0000	0	.0000	0	.0000
20101022	櫃買期貨            	GTF    	C         	0	.0000	0	.0000	0	.0000	0	.0000	0	.0000	0	.0000
20101022	摩臺期              	MSF    	A         	6	5300.0000	7	6182.0000	-1	-882.0000	8	7045.0000	7	6177.0000	1	868.0000
20101022	摩臺期              	MSF    	B         	0	.0000	0	.0000	0	.0000	0	.0000	0	.0000	0	.0000
20101022	摩臺期              	MSF    	C         	1	882.0000	0	.0000	1	882.0000	3	2647.0000	0	.0000	3	2647.0000
20101022	小型臺指            	MXF    	A         	2463	999803.0000	1400	567884.0000	1063	431919.0000	2819	1146246.0000	5271	2142286.0000	-2452	-996040.0000
20101022	小型臺指            	MXF    	B         	0	.0000	0	.0000	0	.0000	0	.0000	0	.0000	0	.0000
20101022	小型臺指            	MXF    	C         	7010	2845088.0000	5666	2299363.0000	1344	545725.0000	4997	2031480.0000	513	207124.0000	4484	1824356.0000
20101022	股票期貨            	STF    	A         	1184	81484.0000	1119	71250.0000	65	10234.0000	1777	128168.0000	5296	383311.0000	-3519	-255143.0000
20101022	股票期貨            	STF    	B         	0	.0000	0	.0000	0	.0000	0	.0000	0	.0000	0	.0000
20101022	股票期貨            	STF    	C         	18	4361.0000	68	3926.0000	-50	435.0000	28	4947.0000	1687	190230.0000	-1659	-185283.0000
20101022	臺灣50期貨          	T5F    	A         	0	.0000	0	.0000	0	.0000	0	.0000	4	2153.0000	-4	-2153.0000
20101022	臺灣50期貨          	T5F    	B         	0	.0000	0	.0000	0	.0000	0	.0000	0	.0000	0	.0000
20101022	臺灣50期貨          	T5F    	C         	0	.0000	0	.0000	0	.0000	0	.0000	0	.0000	0	.0000
20101022	臺股期貨            	TXF    	A         	10096	16395660.0000	9201	14939447.0000	895	1456213.0000	5091	8284469.0000	3837	6237371.0000	1254	2047098.0000
20101022	臺股期貨            	TXF    	B         	13	21072.0000	1350	2191854.0000	-1337	-2170782.0000	1223	1990799.0000	1696	2760091.0000	-473	-769292.0000
20101022	臺股期貨            	TXF    	C         	11959	19416971.0000	8963	14551521.0000	2996	4865450.0000	17355	28208645.0000	19626	31926722.0000	-2271	-3718077.0000
20101022	非金電期貨          	XIF    	A         	226	242864.0000	211	226724.0000	15	16140.0000	270	290344.0000	210	225879.0000	60	64465.0000
20101022	非金電期貨          	XIF    	B         	0	.0000	0	.0000	0	.0000	29	31201.0000	0	.0000	29	31201.0000
20101022	非金電期貨          	XIF    	C         	43	46223.0000	41	44088.0000	2	2135.0000	42	45188.0000	109	117273.0000	-67	-72085.0000
20101025	電子期貨            	EXF    	A         	1086	1379390.0000	670	851175.0000	416	528215.0000	240	306754.0000	363	464347.0000	-123	-157593.0000
20101025	電子期貨            	EXF    	B         	0	.0000	0	.0000	0	.0000	210	268758.0000	42	53752.0000	168	215006.0000
20101025	電子期貨            	EXF    	C         	926	1175945.0000	936	1190497.0000	-10	-14551.0000	2796	3578321.0000	3005	3845799.0000	-209	-267478.0000
20101025	金融期貨            	FXF    	A         	2454	2207229.0000	2275	2046680.0000	179	160549.0000	712	643810.0000	517	467424.0000	195	176386.0000
20101025	金融期貨            	FXF    	B         	0	.0000	0	.0000	0	.0000	194	175492.0000	0	.0000	194	175492.0000
20101025	金融期貨            	FXF    	C         	708	635659.0000	845	761219.0000	-137	-125560.0000	861	778861.0000	5359	4847725.0000	-4498	-4068864.0000
20101025	櫃買期貨            	GTF    	A         	52	28805.0000	53	29367.0000	-1	-562.0000	36	20030.0000	116	64593.0000	-80	-44563.0000
20101025	櫃買期貨            	GTF    	B         	0	.0000	0	.0000	0	.0000	0	.0000	0	.0000	0	.0000
20101025	櫃買期貨            	GTF    	C         	0	.0000	0	.0000	0	.0000	0	.0000	0	.0000	0	.0000
20101025	摩臺期              	MSF    	A         	5	4483.0000	30	26783.0000	-25	-22300.0000	8	7175.0000	32	28760.0000	-24	-21585.0000
20101025	摩臺期              	MSF    	B         	0	.0000	0	.0000	0	.0000	0	.0000	0	.0000	0	.0000
20101025	摩臺期              	MSF    	C         	25	22300.0000	0	.0000	25	22300.0000	28	25165.0000	0	.0000	28	25165.0000
20101025	小型臺指            	MXF    	A         	5852	2409631.0000	4002	1652554.0000	1850	757076.0000	3592	1489762.0000	5130	2127401.0000	-1538	-637639.0000
20101025	小型臺指            	MXF    	B         	0	.0000	0	.0000	0	.0000	0	.0000	0	.0000	0	.0000
20101025	小型臺指            	MXF    	C         	11430	4710739.0000	9301	3837773.0000	2129	872966.0000	5002	2073834.0000	169	68928.0000	4833	2004906.0000
20101025	股票期貨            	STF    	A         	2776	166705.0000	2221	129512.0000	555	37193.0000	2380	168678.0000	5344	393424.0000	-2964	-224746.0000
20101025	股票期貨            	STF    	B         	0	.0000	0	.0000	0	.0000	0	.0000	0	.0000	0	.0000
20101025	股票期貨            	STF    	C         	67	3273.0000	104	8069.0000	-37	-4796.0000	19	2898.0000	1715	199865.0000	-1696	-196967.0000
20101025	臺灣50期貨          	T5F    	A         	0	.0000	0	.0000	0	.0000	0	.0000	4	2202.0000	-4	-2202.0000
20101025	臺灣50期貨          	T5F    	B         	0	.0000	0	.0000	0	.0000	0	.0000	0	.0000	0	.0000
20101025	臺灣50期貨          	T5F    	C         	0	.0000	0	.0000	0	.0000	0	.0000	0	.0000	0	.0000
20101025	臺股期貨            	TXF    	A         	23568	38898236.0000	20638	34091932.0000	2930	4806304.0000	6890	11438466.0000	2472	4098019.0000	4418	7340447.0000
20101025	臺股期貨            	TXF    	B         	732	1209409.0000	42	69493.0000	690	1139916.0000	1563	2595518.0000	1346	2234643.0000	217	360875.0000
20101025	臺股期貨            	TXF    	C         	17283	28494919.0000	17165	28346368.0000	118	148552.0000	19758	32766109.0000	21466	35624556.0000	-1708	-2858447.0000
20101025	非金電期貨          	XIF    	A         	243	265058.0000	155	169180.0000	88	95879.0000	294	322288.0000	146	160051.0000	148	162237.0000
20101025	非金電期貨          	XIF    	B         	0	.0000	0	.0000	0	.0000	29	31813.0000	0	.0000	29	31813.0000
20101025	非金電期貨          	XIF    	C         	31	33896.0000	92	100519.0000	-61	-66623.0000	12	13164.0000	140	153580.0000	-128	-140416.0000
20101026	電子期貨            	EXF    	A         	510	652443.0000	490	626802.0000	20	25641.0000	214	273353.0000	317	405246.0000	-103	-131893.0000
20101026	電子期貨            	EXF    	B         	0	.0000	0	.0000	0	.0000	210	268590.0000	42	53718.0000	168	214872.0000
20101026	電子期貨            	EXF    	C         	552	706409.0000	542	693692.0000	10	12717.0000	2753	3521087.0000	2952	3775608.0000	-199	-254521.0000
20101026	金融期貨            	FXF    	A         	1090	985605.0000	897	811026.0000	193	174580.0000	860	777368.0000	472	426597.0000	388	350771.0000
20101026	金融期貨            	FXF    	B         	0	.0000	0	.0000	0	.0000	194	175415.0000	0	.0000	194	175415.0000
20101026	金融期貨            	FXF    	C         	273	246596.0000	698	630172.0000	-425	-383576.0000	859	776708.0000	5782	5228023.0000	-4923	-4451315.0000
20101026	櫃買期貨            	GTF    	A         	32	17876.0000	39	21789.0000	-7	-3913.0000	39	21792.0000	126	70390.0000	-87	-48598.0000
20101026	櫃買期貨            	GTF    	B         	0	.0000	0	.0000	0	.0000	0	.0000	0	.0000	0	.0000
20101026	櫃買期貨            	GTF    	C         	0	.0000	0	.0000	0	.0000	0	.0000	0	.0000	0	.0000
20101026	摩臺期              	MSF    	A         	7	6272.0000	7	6272.0000	0	.0000	11	9868.0000	35	31446.0000	-24	-21578.0000
20101026	摩臺期              	MSF    	B         	0	.0000	0	.0000	0	.0000	0	.0000	0	.0000	0	.0000
20101026	摩臺期              	MSF    	C         	0	.0000	0	.0000	0	.0000	28	25157.0000	0	.0000	28	25157.0000
20101026	小型臺指            	MXF    	A         	2829	1176110.0000	2614	1086603.0000	215	89507.0000	3956	1643035.0000	5279	2192155.0000	-1323	-549120.0000
20101026	小型臺指            	MXF    	B         	0	.0000	0	.0000	0	.0000	0	.0000	0	.0000	0	.0000
20101026	小型臺指            	MXF    	C         	5273	2192018.0000	5335	2218475.0000	-62	-26457.0000	5037	2091099.0000	266	109414.0000	4771	1981685.0000
20101026	股票期貨            	STF    	A         	1778	121015.0000	1877	111524.0000	-99	9491.0000	2519	184258.0000	5582	401587.0000	-3063	-217329.0000
20101026	股票期貨            	STF    	B         	0	.0000	0	.0000	0	.0000	0	.0000	0	.0000	0	.0000
20101026	股票期貨            	STF    	C         	79	7724.0000	159	13830.0000	-80	-6106.0000	18	2535.0000	1794	206657.0000	-1776	-204122.0000
20101026	臺灣50期貨          	T5F    	A         	0	.0000	0	.0000	0	.0000	0	.0000	4	2212.0000	-4	-2212.0000
20101026	臺灣50期貨          	T5F    	B         	0	.0000	0	.0000	0	.0000	0	.0000	0	.0000	0	.0000
20101026	臺灣50期貨          	T5F    	C         	0	.0000	0	.0000	0	.0000	0	.0000	0	.0000	0	.0000
20101026	臺股期貨            	TXF    	A         	12639	21029163.0000	11938	19859456.0000	701	1169707.0000	7272	12089139.0000	2153	3572758.0000	5119	8516381.0000
20101026	臺股期貨            	TXF    	B         	10	16625.0000	4	6646.0000	6	9979.0000	1568	2607270.0000	1345	2235955.0000	223	371315.0000
20101026	臺股期貨            	TXF    	C         	11376	18922478.0000	11653	19382600.0000	-277	-460123.0000	20001	33215291.0000	21986	36536551.0000	-1985	-3321260.0000
20101026	非金電期貨          	XIF    	A         	213	235209.0000	228	251746.0000	-15	-16537.0000	365	402699.0000	232	256011.0000	133	146688.0000
20101026	非金電期貨          	XIF    	B         	0	.0000	0	.0000	0	.0000	29	32007.0000	0	.0000	29	32007.0000
20101026	非金電期貨          	XIF    	C         	21	23193.0000	61	67384.0000	-40	-44191.0000	12	13244.0000	180	198666.0000	-168	-185422.0000
20101027	電子期貨            	EXF    	A         	663	846433.0000	508	648131.0000	155	198302.0000	267	339408.0000	215	273152.0000	52	66256.0000
20101027	電子期貨            	EXF    	B         	0	.0000	0	.0000	0	.0000	210	267078.0000	42	53416.0000	168	213662.0000
20101027	電子期貨            	EXF    	C         	543	693467.0000	975	1244169.0000	-432	-550702.0000	2503	3183315.0000	3134	3985821.0000	-631	-802506.0000
20101027	金融期貨            	FXF    	A         	997	899010.0000	989	891893.0000	8	7118.0000	905	810310.0000	509	455725.0000	396	354585.0000
20101027	金融期貨            	FXF    	B         	0	.0000	15	13644.0000	-15	-13644.0000	179	160348.0000	0	.0000	179	160348.0000
20101027	金融期貨            	FXF    	C         	604	544486.0000	913	824067.0000	-309	-279582.0000	785	703203.0000	6017	5389740.0000	-5232	-4686537.0000
20101027	櫃買期貨            	GTF    	A         	72	40139.0000	66	36790.0000	6	3350.0000	32	17818.0000	113	62918.0000	-81	-45100.0000
20101027	櫃買期貨            	GTF    	B         	0	.0000	0	.0000	0	.0000	0	.0000	0	.0000	0	.0000
20101027	櫃買期貨            	GTF    	C         	0	.0000	0	.0000	0	.0000	0	.0000	0	.0000	0	.0000
20101027	摩臺期              	MSF    	A         	7	6307.0000	32	28902.0000	-25	-22595.0000	13	11655.0000	62	55655.0000	-49	-44000.0000
20101027	摩臺期              	MSF    	B         	0	.0000	0	.0000	0	.0000	0	.0000	0	.0000	0	.0000
20101027	摩臺期              	MSF    	C         	25	22595.0000	0	.0000	25	22595.0000	53	47576.0000	0	.0000	53	47576.0000
20101027	小型臺指            	MXF    	A         	5742	2385618.0000	6673	2769061.0000	-931	-383443.0000	3442	1423509.0000	5680	2348776.0000	-2238	-925267.0000
20101027	小型臺指            	MXF    	B         	0	.0000	0	.0000	0	.0000	0	.0000	0	.0000	0	.0000
20101027	小型臺指            	MXF    	C         	10352	4299032.0000	11471	4763461.0000	-1119	-464429.0000	4544	1878150.0000	636	261306.0000	3908	1616844.0000
20101027	股票期貨            	STF    	A         	2521	154374.0000	2504	156033.0000	17	-1659.0000	2909	209162.0000	5955	426916.0000	-3046	-217754.0000
20101027	股票期貨            	STF    	B         	0	.0000	0	.0000	0	.0000	0	.0000	0	.0000	0	.0000
20101027	股票期貨            	STF    	C         	63	4270.0000	202	20134.0000	-139	-15864.0000	28	3843.0000	1943	221709.0000	-1915	-217866.0000
20101027	臺灣50期貨          	T5F    	A         	0	.0000	0	.0000	0	.0000	0	.0000	4	2204.0000	-4	-2204.0000
20101027	臺灣50期貨          	T5F    	B         	0	.0000	0	.0000	0	.0000	0	.0000	0	.0000	0	.0000
20101027	臺灣50期貨          	T5F    	C         	0	.0000	0	.0000	0	.0000	0	.0000	0	.0000	0	.0000
20101027	臺股期貨            	TXF    	A         	22239	36937817.0000	23663	39297954.0000	-1424	-2360137.0000	6328	10476747.0000	2637	4358664.0000	3691	6118083.0000
20101027	臺股期貨            	TXF    	B         	51	84568.0000	50	83125.0000	1	1443.0000	1589	2631384.0000	1365	2259974.0000	224	371410.0000
20101027	臺股期貨            	TXF    	C         	20857	34651582.0000	19241	31970277.0000	1616	2681305.0000	20543	33975515.0000	20976	34712877.0000	-433	-737362.0000
20101027	非金電期貨          	XIF    	A         	297	327440.0000	356	392325.0000	-59	-64885.0000	252	277290.0000	178	195974.0000	74	81316.0000
20101027	非金電期貨          	XIF    	B         	0	.0000	0	.0000	0	.0000	29	31938.0000	0	.0000	29	31938.0000
20101027	非金電期貨          	XIF    	C         	132	145507.0000	51	56255.0000	81	89253.0000	17	18722.0000	104	114535.0000	-87	-95813.0000
20101028	電子期貨            	EXF    	A         	934	1199915.0000	796	1022097.0000	138	177818.0000	315	405620.0000	125	160717.0000	190	244903.0000
20101028	電子期貨            	EXF    	B         	0	.0000	0	.0000	0	.0000	210	270564.0000	42	54113.0000	168	216451.0000
20101028	電子期貨            	EXF    	C         	1079	1385922.0000	1642	2108908.0000	-563	-722987.0000	2355	3034182.0000	3549	4572532.0000	-1194	-1538350.0000
20101028	金融期貨            	FXF    	A         	1589	1427237.0000	1658	1488222.0000	-69	-60985.0000	728	655380.0000	401	361039.0000	327	294341.0000
20101028	金融期貨            	FXF    	B         	0	.0000	10	9000.0000	-10	-9000.0000	169	152269.0000	0	.0000	169	152269.0000
20101028	金融期貨            	FXF    	C         	723	649275.0000	820	735660.0000	-97	-86385.0000	882	794682.0000	6211	5595543.0000	-5329	-4800861.0000
20101028	櫃買期貨            	GTF    	A         	95	53043.0000	64	35757.0000	31	17286.0000	44	24603.0000	94	52562.0000	-50	-27959.0000
20101028	櫃買期貨            	GTF    	B         	0	.0000	0	.0000	0	.0000	0	.0000	0	.0000	0	.0000
20101028	櫃買期貨            	GTF    	C         	0	.0000	0	.0000	0	.0000	0	.0000	0	.0000	0	.0000
20101028	摩臺期              	MSF    	A         	21	18872.0000	6	5433.0000	15	13440.0000	13	11717.0000	47	42414.0000	-34	-30697.0000
20101028	摩臺期              	MSF    	B         	0	.0000	0	.0000	0	.0000	0	.0000	0	.0000	0	.0000
20101028	摩臺期              	MSF    	C         	0	.0000	15	13455.0000	-15	-13455.0000	38	34292.0000	0	.0000	38	34292.0000
20101028	小型臺指            	MXF    	A         	3665	1524063.0000	4016	1670182.0000	-351	-146120.0000	3257	1356398.0000	5998	2498547.0000	-2741	-1142149.0000
20101028	小型臺指            	MXF    	B         	0	.0000	0	.0000	0	.0000	0	.0000	0	.0000	0	.0000
20101028	小型臺指            	MXF    	C         	7623	3169170.0000	6762	2811970.0000	861	357200.0000	5015	2086856.0000	238	97413.0000	4777	1989443.0000
20101028	股票期貨            	STF    	A         	3382	194737.0000	3060	165569.0000	322	29168.0000	3127	248152.0000	5851	438676.0000	-2724	-190524.0000
20101028	股票期貨            	STF    	B         	0	.0000	0	.0000	0	.0000	0	.0000	0	.0000	0	.0000
20101028	股票期貨            	STF    	C         	53	7755.0000	188	8480.0000	-135	-726.0000	60	8407.0000	2110	229287.0000	-2050	-220880.0000
20101028	臺灣50期貨          	T5F    	A         	0	.0000	0	.0000	0	.0000	0	.0000	4	2231.0000	-4	-2231.0000
20101028	臺灣50期貨          	T5F    	B         	0	.0000	0	.0000	0	.0000	0	.0000	0	.0000	0	.0000
20101028	臺灣50期貨          	T5F    	C         	0	.0000	0	.0000	0	.0000	0	.0000	0	.0000	0	.0000
20101028	臺股期貨            	TXF    	A         	18771	31248028.0000	18156	30221626.0000	615	1026403.0000	7058	11770170.0000	2714	4518194.0000	4344	7251976.0000
20101028	臺股期貨            	TXF    	B         	43	71544.0000	36	59894.0000	7	11650.0000	1585	2643780.0000	1354	2257963.0000	231	385817.0000
20101028	臺股期貨            	TXF    	C         	12311	20486559.0000	12543	20872559.0000	-232	-386000.0000	21820	36350101.0000	22481	37474211.0000	-661	-1124110.0000
20101028	非金電期貨          	XIF    	A         	209	229893.0000	201	221117.0000	8	8776.0000	245	269815.0000	163	179615.0000	82	90200.0000
20101028	非金電期貨          	XIF    	B         	0	.0000	0	.0000	0	.0000	29	31967.0000	0	.0000	29	31967.0000
20101028	非金電期貨          	XIF    	C         	153	168309.0000	22	24228.0000	131	144081.0000	97	106923.0000	53	58422.0000	44	48501.0000
20101029	電子期貨            	EXF    	A         	571	733472.0000	527	676853.0000	44	56619.0000	363	466492.0000	129	165530.0000	234	300962.0000
20101029	電子期貨            	EXF    	B         	0	.0000	0	.0000	0	.0000	210	269976.0000	42	53995.0000	168	215981.0000
20101029	電子期貨            	EXF    	C         	662	850572.0000	663	851647.0000	-1	-1076.0000	2438	3134293.0000	3633	4670580.0000	-1195	-1536287.0000
20101029	金融期貨            	FXF    	A         	526	471307.0000	595	532893.0000	-69	-61587.0000	658	589963.0000	400	358693.0000	258	231270.0000
20101029	金融期貨            	FXF    	B         	0	.0000	0	.0000	0	.0000	169	151661.0000	0	.0000	169	151661.0000
20101029	金融期貨            	FXF    	C         	385	344817.0000	504	451478.0000	-119	-106661.0000	860	771764.0000	6308	5660146.0000	-5448	-4888382.0000
20101029	櫃買期貨            	GTF    	A         	98	54601.0000	71	39547.0000	27	15053.0000	85	47389.0000	108	60213.0000	-23	-12824.0000
20101029	櫃買期貨            	GTF    	B         	0	.0000	0	.0000	0	.0000	0	.0000	0	.0000	0	.0000
20101029	櫃買期貨            	GTF    	C         	0	.0000	0	.0000	0	.0000	0	.0000	0	.0000	0	.0000
20101029	摩臺期              	MSF    	A         	16	14353.0000	1	896.0000	15	13457.0000	14	12535.0000	33	29581.0000	-19	-17046.0000
20101029	摩臺期              	MSF    	B         	0	.0000	0	.0000	0	.0000	0	.0000	0	.0000	0	.0000
20101029	摩臺期              	MSF    	C         	0	.0000	15	13457.0000	-15	-13457.0000	23	20617.0000	0	.0000	23	20617.0000
20101029	小型臺指            	MXF    	A         	4344	1801654.0000	6068	2514450.0000	-1724	-712796.0000	2770	1148238.0000	6007	2490215.0000	-3237	-1341977.0000
20101029	小型臺指            	MXF    	B         	0	.0000	0	.0000	0	.0000	0	.0000	0	.0000	0	.0000
20101029	小型臺指            	MXF    	C         	6689	2774235.0000	7675	3181792.0000	-986	-407557.0000	4412	1827030.0000	589	241005.0000	3823	1586025.0000
20101029	股票期貨            	STF    	A         	3056	199689.0000	2940	191254.0000	116	8435.0000	3255	255168.0000	5863	436261.0000	-2608	-181093.0000
20101029	股票期貨            	STF    	B         	0	.0000	0	.0000	0	.0000	0	.0000	0	.0000	0	.0000
20101029	股票期貨            	STF    	C         	69	3939.0000	208	11254.0000	-139	-7316.0000	67	8502.0000	2256	234313.0000	-2189	-225811.0000
20101029	臺灣50期貨          	T5F    	A         	0	.0000	0	.0000	0	.0000	0	.0000	4	2206.0000	-4	-2206.0000
20101029	臺灣50期貨          	T5F    	B         	0	.0000	0	.0000	0	.0000	0	.0000	0	.0000	0	.0000
20101029	臺灣50期貨          	T5F    	C         	0	.0000	0	.0000	0	.0000	0	.0000	0	.0000	0	.0000
20101029	臺股期貨            	TXF    	A         	18915	31374086.0000	21218	35186762.0000	-2303	-3812676.0000	5743	9533783.0000	4009	6645831.0000	1734	2887952.0000
20101029	臺股期貨            	TXF    	B         	24	39803.0000	83	137779.0000	-59	-97976.0000	1556	2583582.0000	1384	2297506.0000	172	286076.0000
20101029	臺股期貨            	TXF    	C         	16479	27347986.0000	16863	27980194.0000	-384	-632208.0000	22655	37570555.0000	23708	39339552.0000	-1053	-1768997.0000
20101029	非金電期貨          	XIF    	A         	167	182444.0000	214	233697.0000	-47	-51253.0000	195	212736.0000	160	174664.0000	35	38072.0000
20101029	非金電期貨          	XIF    	B         	0	.0000	0	.0000	0	.0000	29	31668.0000	0	.0000	29	31668.0000
20101029	非金電期貨          	XIF    	C         	45	49100.0000	20	21892.0000	25	27209.0000	114	124488.0000	45	49140.0000	69	75348.0000
