20100701	電子期貨            	EXF    	A         	466	532872.0000	439	501848.0000	27	31024.0000	710	809116.0000	521	592455.0000	189	216661.0000
20100701	電子期貨            	EXF    	B         	0	.0000	0	.0000	0	.0000	174	198743.0000	16	18275.0000	158	180468.0000
20100701	電子期貨            	EXF    	C         	668	764485.0000	1031	1179778.0000	-363	-415293.0000	2580	2946876.0000	3116	3558722.0000	-536	-611846.0000
20100701	金融期貨            	FXF    	A         	472	370861.0000	639	502145.0000	-167	-131285.0000	1428	1115487.0000	488	379577.0000	940	735910.0000
20100701	金融期貨            	FXF    	B         	0	.0000	0	.0000	0	.0000	121	94670.0000	0	.0000	121	94670.0000
20100701	金融期貨            	FXF    	C         	438	344213.0000	430	338368.0000	8	5846.0000	922	721373.0000	4221	3302294.0000	-3299	-2580921.0000
20100701	櫃買期貨            	GTF    	A         	115	57703.0000	139	69875.0000	-24	-12172.0000	85	42794.0000	105	52820.0000	-20	-10026.0000
20100701	櫃買期貨            	GTF    	B         	0	.0000	0	.0000	0	.0000	0	.0000	0	.0000	0	.0000
20100701	櫃買期貨            	GTF    	C         	0	.0000	0	.0000	0	.0000	0	.0000	0	.0000	0	.0000
20100701	摩臺期              	MSF    	A         	2	1617.0000	3	2426.0000	-1	-809.0000	6	4841.0000	6	4841.0000	0	.0000
20100701	摩臺期              	MSF    	B         	0	.0000	0	.0000	0	.0000	0	.0000	0	.0000	0	.0000
20100701	摩臺期              	MSF    	C         	0	.0000	0	.0000	0	.0000	0	.0000	0	.0000	0	.0000
20100701	小型臺指            	MXF    	A         	10205	3624229.0000	11490	4075517.0000	-1285	-451288.0000	1401	493316.0000	11417	4027990.0000	-10016	-3534674.0000
20100701	小型臺指            	MXF    	B         	0	.0000	0	.0000	0	.0000	0	.0000	0	.0000	0	.0000
20100701	小型臺指            	MXF    	C         	6940	2461255.0000	7074	2510545.0000	-134	-49289.0000	4545	1600382.0000	1567	554737.0000	2978	1045645.0000
20100701	股票期貨            	STF    	A         	1442	79609.0000	1753	121454.0000	-311	-41845.0000	3428	355109.0000	6281	508241.0000	-2853	-153132.0000
20100701	股票期貨            	STF    	B         	0	.0000	0	.0000	0	.0000	0	.0000	0	.0000	0	.0000
20100701	股票期貨            	STF    	C         	2	64.0000	60	8493.0000	-58	-8428.0000	72	8224.0000	897	83295.0000	-825	-75071.0000
20100701	臺灣50期貨          	T5F    	A         	0	.0000	0	.0000	0	.0000	13	6202.0000	0	.0000	13	6202.0000
20100701	臺灣50期貨          	T5F    	B         	0	.0000	0	.0000	0	.0000	0	.0000	0	.0000	0	.0000
20100701	臺灣50期貨          	T5F    	C         	0	.0000	0	.0000	0	.0000	0	.0000	0	.0000	0	.0000
20100701	臺股期貨            	TXF    	A         	23629	33572018.0000	24324	34545874.0000	-695	-973857.0000	4964	7027190.0000	7328	10299262.0000	-2364	-3272072.0000
20100701	臺股期貨            	TXF    	B         	248	353224.0000	228	323733.0000	20	29492.0000	1442	2047640.0000	3743	5313196.0000	-2301	-3265556.0000
20100701	臺股期貨            	TXF    	C         	10740	15252207.0000	10585	15025027.0000	155	227180.0000	27399	38698608.0000	19701	27899492.0000	7698	10799116.0000
20100701	非金電期貨          	XIF    	A         	188	163979.0000	178	155279.0000	10	8700.0000	159	138920.0000	96	83745.0000	63	55175.0000
20100701	非金電期貨          	XIF    	B         	0	.0000	0	.0000	0	.0000	21	18358.0000	0	.0000	21	18358.0000
20100701	非金電期貨          	XIF    	C         	35	30573.0000	33	28796.0000	2	1777.0000	16	13935.0000	118	103156.0000	-102	-89221.0000
20100702	電子期貨            	EXF    	A         	457	524680.0000	598	686050.0000	-141	-161370.0000	580	663991.0000	532	607978.0000	48	56013.0000
20100702	電子期貨            	EXF    	B         	2	2296.0000	16	18374.0000	-14	-16079.0000	176	202048.0000	32	36736.0000	144	165312.0000
20100702	電子期貨            	EXF    	C         	735	844226.0000	678	778865.0000	57	65362.0000	2644	3035312.0000	3123	3584815.0000	-479	-549503.0000
20100702	金融期貨            	FXF    	A         	1214	980332.0000	1385	1119468.0000	-171	-139136.0000	1258	1017140.0000	489	393621.0000	769	623519.0000
20100702	金融期貨            	FXF    	B         	74	60215.0000	0	.0000	74	60215.0000	195	157950.0000	0	.0000	195	157950.0000
20100702	金融期貨            	FXF    	C         	955	770192.0000	810	655187.0000	145	115005.0000	1109	898290.0000	4263	3452722.0000	-3154	-2554432.0000
20100702	櫃買期貨            	GTF    	A         	83	42504.0000	139	71146.0000	-56	-28642.0000	56	28621.0000	132	67478.0000	-76	-38857.0000
20100702	櫃買期貨            	GTF    	B         	0	.0000	0	.0000	0	.0000	0	.0000	0	.0000	0	.0000
20100702	櫃買期貨            	GTF    	C         	0	.0000	0	.0000	0	.0000	0	.0000	0	.0000	0	.0000
20100702	摩臺期              	MSF    	A         	0	.0000	0	.0000	0	.0000	6	4869.0000	6	4869.0000	0	.0000
20100702	摩臺期              	MSF    	B         	0	.0000	0	.0000	0	.0000	0	.0000	0	.0000	0	.0000
20100702	摩臺期              	MSF    	C         	0	.0000	0	.0000	0	.0000	0	.0000	0	.0000	0	.0000
20100702	小型臺指            	MXF    	A         	10029	3591934.0000	9403	3366050.0000	626	225883.0000	1446	513600.0000	9280	3298319.0000	-7834	-2784719.0000
20100702	小型臺指            	MXF    	B         	0	.0000	0	.0000	0	.0000	0	.0000	0	.0000	0	.0000
20100702	小型臺指            	MXF    	C         	6225	2228073.0000	5689	2037662.0000	536	190410.0000	4977	1767137.0000	1515	541455.0000	3462	1225682.0000
20100702	股票期貨            	STF    	A         	2486	140112.0000	2449	145381.0000	37	-5269.0000	3565	374490.0000	6381	535699.0000	-2816	-161209.0000
20100702	股票期貨            	STF    	B         	0	.0000	0	.0000	0	.0000	0	.0000	0	.0000	0	.0000
20100702	股票期貨            	STF    	C         	22	3011.0000	73	18991.0000	-51	-15980.0000	90	11009.0000	966	101951.0000	-876	-90942.0000
20100702	臺灣50期貨          	T5F    	A         	0	.0000	0	.0000	0	.0000	13	6205.0000	0	.0000	13	6205.0000
20100702	臺灣50期貨          	T5F    	B         	0	.0000	0	.0000	0	.0000	0	.0000	0	.0000	0	.0000
20100702	臺灣50期貨          	T5F    	C         	0	.0000	0	.0000	0	.0000	0	.0000	0	.0000	0	.0000
20100702	臺股期貨            	TXF    	A         	21807	31246238.0000	21420	30693394.0000	387	552844.0000	5286	7550240.0000	7652	10854603.0000	-2366	-3304363.0000
20100702	臺股期貨            	TXF    	B         	133	190339.0000	65	92987.0000	68	97352.0000	1485	2126817.0000	3718	5323072.0000	-2233	-3196255.0000
20100702	臺股期貨            	TXF    	C         	12006	17199989.0000	10600	15184939.0000	1406	2015051.0000	28241	40232733.0000	19129	27319551.0000	9112	12913182.0000
20100702	非金電期貨          	XIF    	A         	195	170307.0000	207	180782.0000	-12	-10475.0000	139	121861.0000	88	76919.0000	51	44942.0000
20100702	非金電期貨          	XIF    	B         	0	.0000	0	.0000	0	.0000	21	18425.0000	0	.0000	21	18425.0000
20100702	非金電期貨          	XIF    	C         	34	29912.0000	14	12308.0000	20	17604.0000	16	13986.0000	98	85985.0000	-82	-71999.0000
20100705	電子期貨            	EXF    	A         	636	735722.0000	625	725505.0000	11	10217.0000	688	808472.0000	629	738184.0000	59	70288.0000
20100705	電子期貨            	EXF    	B         	0	.0000	0	.0000	0	.0000	176	207293.0000	32	37690.0000	144	169603.0000
20100705	電子期貨            	EXF    	C         	705	820527.0000	683	792751.0000	22	27776.0000	2609	3072880.0000	3066	3610720.0000	-457	-537840.0000
20100705	金融期貨            	FXF    	A         	737	603134.0000	626	512479.0000	111	90655.0000	1423	1171571.0000	543	445356.0000	880	726215.0000
20100705	金融期貨            	FXF    	B         	0	.0000	0	.0000	0	.0000	195	160836.0000	0	.0000	195	160836.0000
20100705	金融期貨            	FXF    	C         	575	470427.0000	455	372450.0000	120	97978.0000	1151	949345.0000	4185	3451490.0000	-3034	-2502145.0000
20100705	櫃買期貨            	GTF    	A         	31	16035.0000	37	19139.0000	-6	-3104.0000	56	29203.0000	138	71986.0000	-82	-42783.0000
20100705	櫃買期貨            	GTF    	B         	0	.0000	0	.0000	0	.0000	0	.0000	0	.0000	0	.0000
20100705	櫃買期貨            	GTF    	C         	0	.0000	0	.0000	0	.0000	0	.0000	0	.0000	0	.0000
20100705	摩臺期              	MSF    	A         	6	4888.0000	32	26066.0000	-26	-21178.0000	6	4953.0000	32	26233.0000	-26	-21280.0000
20100705	摩臺期              	MSF    	B         	0	.0000	0	.0000	0	.0000	0	.0000	0	.0000	0	.0000
20100705	摩臺期              	MSF    	C         	0	.0000	0	.0000	0	.0000	0	.0000	0	.0000	0	.0000
20100705	小型臺指            	MXF    	A         	10252	3704691.0000	7770	2812327.0000	2482	892364.0000	2698	983333.0000	7678	2787070.0000	-4980	-1803737.0000
20100705	小型臺指            	MXF    	B         	0	.0000	0	.0000	0	.0000	0	.0000	0	.0000	0	.0000
20100705	小型臺指            	MXF    	C         	7554	2727704.0000	7271	2629623.0000	283	98081.0000	4830	1751211.0000	1025	374396.0000	3805	1376815.0000
20100705	股票期貨            	STF    	A         	1525	101204.0000	1970	151259.0000	-445	-50055.0000	3429	381360.0000	6690	596921.0000	-3261	-215561.0000
20100705	股票期貨            	STF    	B         	0	.0000	0	.0000	0	.0000	0	.0000	0	.0000	0	.0000
20100705	股票期貨            	STF    	C         	49	4387.0000	43	1624.0000	6	2763.0000	122	14974.0000	992	105242.0000	-870	-90268.0000
20100705	臺灣50期貨          	T5F    	A         	0	.0000	0	.0000	0	.0000	13	6419.0000	0	.0000	13	6419.0000
20100705	臺灣50期貨          	T5F    	B         	0	.0000	0	.0000	0	.0000	0	.0000	0	.0000	0	.0000
20100705	臺灣50期貨          	T5F    	C         	0	.0000	0	.0000	0	.0000	0	.0000	0	.0000	0	.0000
20100705	臺股期貨            	TXF    	A         	25603	37070470.0000	24214	35085407.0000	1389	1985063.0000	6226	9094610.0000	7301	10585911.0000	-1075	-1491301.0000
20100705	臺股期貨            	TXF    	B         	1655	2401947.0000	70	100973.0000	1585	2300974.0000	1815	2657886.0000	2463	3604649.0000	-648	-946763.0000
20100705	臺股期貨            	TXF    	C         	11514	16655300.0000	10794	15637609.0000	720	1017691.0000	28966	42190848.0000	19149	27962634.0000	9817	14228214.0000
20100705	非金電期貨          	XIF    	A         	141	124786.0000	202	178660.0000	-61	-53874.0000	90	80599.0000	100	89375.0000	-10	-8776.0000
20100705	非金電期貨          	XIF    	B         	0	.0000	0	.0000	0	.0000	21	18835.0000	0	.0000	21	18835.0000
20100705	非金電期貨          	XIF    	C         	68	60033.0000	13	11498.0000	55	48535.0000	24	21474.0000	51	45742.0000	-27	-24268.0000
20100706	電子期貨            	EXF    	A         	518	611957.0000	353	417116.0000	165	194841.0000	793	947722.0000	569	678792.0000	224	268930.0000
20100706	電子期貨            	EXF    	B         	15	17598.0000	0	.0000	15	17598.0000	191	228703.0000	32	38317.0000	159	190386.0000
20100706	電子期貨            	EXF    	C         	845	1002408.0000	636	753688.0000	209	248719.0000	2675	3203045.0000	2923	3499621.0000	-248	-296576.0000
20100706	金融期貨            	FXF    	A         	1271	1049740.0000	794	653995.0000	477	395746.0000	1908	1596629.0000	551	459150.0000	1357	1137479.0000
20100706	金融期貨            	FXF    	B         	8	6634.0000	0	.0000	8	6634.0000	203	170114.0000	0	.0000	203	170114.0000
20100706	金融期貨            	FXF    	C         	575	473394.0000	1152	949252.0000	-577	-475859.0000	956	801128.0000	4567	3826354.0000	-3611	-3025226.0000
20100706	櫃買期貨            	GTF    	A         	60	31439.0000	69	36234.0000	-9	-4796.0000	62	32891.0000	153	81236.0000	-91	-48345.0000
20100706	櫃買期貨            	GTF    	B         	0	.0000	0	.0000	0	.0000	0	.0000	0	.0000	0	.0000
20100706	櫃買期貨            	GTF    	C         	0	.0000	0	.0000	0	.0000	0	.0000	0	.0000	0	.0000
20100706	摩臺期              	MSF    	A         	5	4205.0000	8	6656.0000	-3	-2452.0000	6	5081.0000	35	29540.0000	-29	-24459.0000
20100706	摩臺期              	MSF    	B         	0	.0000	0	.0000	0	.0000	0	.0000	0	.0000	0	.0000
20100706	摩臺期              	MSF    	C         	0	.0000	0	.0000	0	.0000	0	.0000	0	.0000	0	.0000
20100706	小型臺指            	MXF    	A         	11542	4241275.0000	8893	3266869.0000	2649	974406.0000	4183	1554341.0000	5022	1847373.0000	-839	-293032.0000
20100706	小型臺指            	MXF    	B         	0	.0000	0	.0000	0	.0000	0	.0000	0	.0000	0	.0000
20100706	小型臺指            	MXF    	C         	8526	3133476.0000	8835	3245942.0000	-309	-112466.0000	4494	1657048.0000	1102	410285.0000	3392	1246763.0000
20100706	股票期貨            	STF    	A         	1878	131865.0000	1654	102170.0000	224	29695.0000	3560	403623.0000	6597	589611.0000	-3037	-185988.0000
20100706	股票期貨            	STF    	B         	0	.0000	0	.0000	0	.0000	0	.0000	0	.0000	0	.0000
20100706	股票期貨            	STF    	C         	3	102.0000	16	909.0000	-13	-807.0000	122	15594.0000	1005	108649.0000	-883	-93055.0000
20100706	臺灣50期貨          	T5F    	A         	0	.0000	0	.0000	0	.0000	13	6531.0000	0	.0000	13	6531.0000
20100706	臺灣50期貨          	T5F    	B         	0	.0000	0	.0000	0	.0000	0	.0000	0	.0000	0	.0000
20100706	臺灣50期貨          	T5F    	C         	0	.0000	0	.0000	0	.0000	0	.0000	0	.0000	0	.0000
20100706	臺股期貨            	TXF    	A         	29170	42988133.0000	26899	39678622.0000	2271	3309511.0000	6843	10178569.0000	6020	8866369.0000	823	1312200.0000
20100706	臺股期貨            	TXF    	B         	78	115334.0000	177	260150.0000	-99	-144815.0000	1772	2642052.0000	2519	3753263.0000	-747	-1111211.0000
20100706	臺股期貨            	TXF    	C         	10181	14994321.0000	12346	18172399.0000	-2165	-3178078.0000	29251	43370300.0000	21573	32076695.0000	7678	11293605.0000
20100706	非金電期貨          	XIF    	A         	94	84652.0000	117	105423.0000	-23	-20771.0000	85	77611.0000	118	107604.0000	-33	-29993.0000
20100706	非金電期貨          	XIF    	B         	0	.0000	0	.0000	0	.0000	21	19202.0000	0	.0000	21	19202.0000
20100706	非金電期貨          	XIF    	C         	47	42617.0000	22	19922.0000	25	22694.0000	16	14578.0000	18	16459.0000	-2	-1881.0000
20100707	電子期貨            	EXF    	A         	294	351167.0000	340	406058.0000	-46	-54891.0000	795	949956.0000	617	736016.0000	178	213940.0000
20100707	電子期貨            	EXF    	B         	33	39396.0000	0	.0000	33	39396.0000	192	229862.0000	0	.0000	192	229862.0000
20100707	電子期貨            	EXF    	C         	455	543615.0000	479	572020.0000	-24	-28405.0000	2663	3188144.0000	2935	3513292.0000	-272	-325148.0000
20100707	金融期貨            	FXF    	A         	507	420025.0000	331	274309.0000	176	145716.0000	2101	1741028.0000	568	468635.0000	1533	1272393.0000
20100707	金融期貨            	FXF    	B         	8	6649.0000	15	12502.0000	-7	-5853.0000	196	162680.0000	0	.0000	196	162680.0000
20100707	金融期貨            	FXF    	C         	369	306059.0000	836	692566.0000	-467	-386507.0000	814	675620.0000	4892	4058774.0000	-4078	-3383154.0000
20100707	櫃買期貨            	GTF    	A         	47	24811.0000	42	22167.0000	5	2643.0000	58	30725.0000	144	76406.0000	-86	-45681.0000
20100707	櫃買期貨            	GTF    	B         	0	.0000	0	.0000	0	.0000	0	.0000	0	.0000	0	.0000
20100707	櫃買期貨            	GTF    	C         	0	.0000	0	.0000	0	.0000	0	.0000	0	.0000	0	.0000
20100707	摩臺期              	MSF    	A         	4	3370.0000	0	.0000	4	3370.0000	6	5051.0000	31	25998.0000	-25	-20947.0000
20100707	摩臺期              	MSF    	B         	0	.0000	0	.0000	0	.0000	0	.0000	0	.0000	0	.0000
20100707	摩臺期              	MSF    	C         	0	.0000	0	.0000	0	.0000	0	.0000	0	.0000	0	.0000
20100707	小型臺指            	MXF    	A         	5546	2058902.0000	5250	1948065.0000	296	110837.0000	4114	1527136.0000	4917	1806161.0000	-803	-279025.0000
20100707	小型臺指            	MXF    	B         	0	.0000	0	.0000	0	.0000	0	.0000	0	.0000	0	.0000
20100707	小型臺指            	MXF    	C         	5644	2093652.0000	6180	2293539.0000	-536	-199887.0000	4180	1537899.0000	1308	486474.0000	2872	1051425.0000
20100707	股票期貨            	STF    	A         	1051	74267.0000	1595	116116.0000	-544	-41849.0000	3317	366357.0000	6898	593955.0000	-3581	-227598.0000
20100707	股票期貨            	STF    	B         	0	.0000	0	.0000	0	.0000	0	.0000	0	.0000	0	.0000
20100707	股票期貨            	STF    	C         	7	231.0000	9	347.0000	-2	-116.0000	123	15662.0000	1008	108952.0000	-885	-93290.0000
20100707	臺灣50期貨          	T5F    	A         	0	.0000	0	.0000	0	.0000	13	6539.0000	0	.0000	13	6539.0000
20100707	臺灣50期貨          	T5F    	B         	0	.0000	0	.0000	0	.0000	0	.0000	0	.0000	0	.0000
20100707	臺灣50期貨          	T5F    	C         	0	.0000	0	.0000	0	.0000	0	.0000	0	.0000	0	.0000
20100707	臺股期貨            	TXF    	A         	13764	20452951.0000	14430	21432911.0000	-666	-979959.0000	6967	10354918.0000	6745	9935087.0000	222	419831.0000
20100707	臺股期貨            	TXF    	B         	162	241175.0000	340	504888.0000	-178	-263713.0000	1922	2863011.0000	2837	4223412.0000	-915	-1360401.0000
20100707	臺股期貨            	TXF    	C         	8834	13114533.0000	8293	12319813.0000	541	794720.0000	29077	43061277.0000	20862	30988177.0000	8215	12073100.0000
20100707	非金電期貨          	XIF    	A         	123	112054.0000	106	96562.0000	17	15492.0000	115	104904.0000	131	119338.0000	-16	-14434.0000
20100707	非金電期貨          	XIF    	B         	0	.0000	0	.0000	0	.0000	21	19192.0000	0	.0000	21	19192.0000
20100707	非金電期貨          	XIF    	C         	39	35535.0000	52	47400.0000	-13	-11865.0000	12	10915.0000	27	24675.0000	-15	-13760.0000
20100708	電子期貨            	EXF    	A         	607	738259.0000	386	469334.0000	221	268924.0000	858	1043972.0000	459	556792.0000	399	487180.0000
20100708	電子期貨            	EXF    	B         	1	1213.0000	0	.0000	1	1213.0000	193	235267.0000	0	.0000	193	235267.0000
20100708	電子期貨            	EXF    	C         	668	812788.0000	746	907038.0000	-78	-94251.0000	2738	3337622.0000	3088	3763648.0000	-350	-426026.0000
20100708	金融期貨            	FXF    	A         	646	537899.0000	1179	982071.0000	-533	-444172.0000	1537	1273297.0000	537	442936.0000	1000	830361.0000
20100708	金融期貨            	FXF    	B         	10	8305.0000	15	12450.0000	-5	-4145.0000	191	158606.0000	0	.0000	191	158606.0000
20100708	金融期貨            	FXF    	C         	808	673241.0000	513	426806.0000	295	246435.0000	880	730752.0000	4663	3869877.0000	-3783	-3139125.0000
20100708	櫃買期貨            	GTF    	A         	52	27893.0000	65	34887.0000	-13	-6993.0000	34	18210.0000	133	71399.0000	-99	-53189.0000
20100708	櫃買期貨            	GTF    	B         	0	.0000	0	.0000	0	.0000	0	.0000	0	.0000	0	.0000
20100708	櫃買期貨            	GTF    	C         	0	.0000	0	.0000	0	.0000	0	.0000	0	.0000	0	.0000
20100708	摩臺期              	MSF    	A         	2	1711.0000	2	1711.0000	0	.0000	6	5126.0000	31	26388.0000	-25	-21262.0000
20100708	摩臺期              	MSF    	B         	0	.0000	0	.0000	0	.0000	0	.0000	0	.0000	0	.0000
20100708	摩臺期              	MSF    	C         	0	.0000	0	.0000	0	.0000	0	.0000	0	.0000	0	.0000
20100708	小型臺指            	MXF    	A         	9032	3400384.0000	7801	2936536.0000	1231	463849.0000	4873	1831361.0000	4797	1784651.0000	76	46710.0000
20100708	小型臺指            	MXF    	B         	0	.0000	0	.0000	0	.0000	0	.0000	0	.0000	0	.0000
20100708	小型臺指            	MXF    	C         	5658	2128972.0000	6452	2427734.0000	-794	-298762.0000	4623	1723405.0000	1881	708471.0000	2742	1014934.0000
20100708	股票期貨            	STF    	A         	2494	244573.0000	2349	249391.0000	145	-4819.0000	4288	488721.0000	7724	721531.0000	-3436	-232810.0000
20100708	股票期貨            	STF    	B         	0	.0000	0	.0000	0	.0000	0	.0000	0	.0000	0	.0000
20100708	股票期貨            	STF    	C         	6	277.0000	23	1160.0000	-17	-883.0000	123	16140.0000	1025	110804.0000	-902	-94664.0000
20100708	臺灣50期貨          	T5F    	A         	0	.0000	0	.0000	0	.0000	13	6624.0000	0	.0000	13	6624.0000
20100708	臺灣50期貨          	T5F    	B         	0	.0000	0	.0000	0	.0000	0	.0000	0	.0000	0	.0000
20100708	臺灣50期貨          	T5F    	C         	0	.0000	0	.0000	0	.0000	0	.0000	0	.0000	0	.0000
20100708	臺股期貨            	TXF    	A         	22298	33591287.0000	21156	31868073.0000	1142	1723214.0000	8843	13304038.0000	7391	11034604.0000	1452	2269434.0000
20100708	臺股期貨            	TXF    	B         	48	72437.0000	103	154887.0000	-55	-82450.0000	1918	2890426.0000	2888	4349328.0000	-970	-1458902.0000
20100708	臺股期貨            	TXF    	C         	11198	16865667.0000	12551	18894473.0000	-1353	-2028806.0000	30184	45235243.0000	23488	35303003.0000	6696	9932240.0000
20100708	非金電期貨          	XIF    	A         	199	182238.0000	184	168243.0000	15	13995.0000	129	118416.0000	130	119042.0000	-1	-626.0000
20100708	非金電期貨          	XIF    	B         	4	3684.0000	0	.0000	4	3684.0000	25	22978.0000	0	.0000	25	22978.0000
20100708	非金電期貨          	XIF    	C         	47	43309.0000	23	21169.0000	24	22140.0000	34	31197.0000	25	22978.0000	9	8219.0000
20100709	電子期貨            	EXF    	A         	386	471006.0000	331	404104.0000	55	66902.0000	900	1101282.0000	446	544122.0000	454	557160.0000
20100709	電子期貨            	EXF    	B         	1	1226.0000	100	121977.0000	-99	-120751.0000	194	237844.0000	100	122600.0000	94	115244.0000
20100709	電子期貨            	EXF    	C         	739	902315.0000	505	616462.0000	234	285853.0000	2932	3594632.0000	3048	3735946.0000	-116	-141314.0000
20100709	金融期貨            	FXF    	A         	533	444748.0000	486	405380.0000	47	39368.0000	1580	1315923.0000	533	442059.0000	1047	873864.0000
20100709	金融期貨            	FXF    	B         	0	.0000	0	.0000	0	.0000	191	159447.0000	0	.0000	191	159447.0000
20100709	金融期貨            	FXF    	C         	432	360619.0000	358	298507.0000	74	62112.0000	949	792225.0000	4658	3886062.0000	-3709	-3093837.0000
20100709	櫃買期貨            	GTF    	A         	112	60176.0000	42	22579.0000	70	37597.0000	72	38622.0000	101	54299.0000	-29	-15677.0000
20100709	櫃買期貨            	GTF    	B         	0	.0000	0	.0000	0	.0000	0	.0000	0	.0000	0	.0000
20100709	櫃買期貨            	GTF    	C         	0	.0000	0	.0000	0	.0000	0	.0000	0	.0000	0	.0000
20100709	摩臺期              	MSF    	A         	0	.0000	0	.0000	0	.0000	6	5159.0000	31	26556.0000	-25	-21397.0000
20100709	摩臺期              	MSF    	B         	0	.0000	0	.0000	0	.0000	0	.0000	0	.0000	0	.0000
20100709	摩臺期              	MSF    	C         	0	.0000	0	.0000	0	.0000	0	.0000	0	.0000	0	.0000
20100709	小型臺指            	MXF    	A         	4677	1763451.0000	4199	1584818.0000	478	178633.0000	2523	950009.0000	4641	1734709.0000	-2118	-784700.0000
20100709	小型臺指            	MXF    	B         	0	.0000	0	.0000	0	.0000	0	.0000	0	.0000	0	.0000
20100709	小型臺指            	MXF    	C         	4755	1793648.0000	3663	1382070.0000	1092	411577.0000	4919	1842426.0000	1645	622133.0000	3274	1220293.0000
20100709	股票期貨            	STF    	A         	5917	740679.0000	5675	713001.0000	242	27677.0000	8261	1037276.0000	11455	1241297.0000	-3194	-204021.0000
20100709	股票期貨            	STF    	B         	0	.0000	0	.0000	0	.0000	0	.0000	0	.0000	0	.0000
20100709	股票期貨            	STF    	C         	25	1419.0000	726	52771.0000	-701	-51352.0000	123	16180.0000	1726	163456.0000	-1603	-147276.0000
20100709	臺灣50期貨          	T5F    	A         	0	.0000	0	.0000	0	.0000	13	6617.0000	0	.0000	13	6617.0000
20100709	臺灣50期貨          	T5F    	B         	0	.0000	0	.0000	0	.0000	0	.0000	0	.0000	0	.0000
20100709	臺灣50期貨          	T5F    	C         	0	.0000	0	.0000	0	.0000	0	.0000	0	.0000	0	.0000
20100709	臺股期貨            	TXF    	A         	13711	20718243.0000	14083	21280998.0000	-372	-562754.0000	9009	13610266.0000	7261	10885949.0000	1748	2724317.0000
20100709	臺股期貨            	TXF    	B         	245	370850.0000	151	227717.0000	94	143133.0000	1959	2964359.0000	2835	4286597.0000	-876	-1322238.0000
20100709	臺股期貨            	TXF    	C         	8196	12371388.0000	7821	11809231.0000	375	562156.0000	31100	46798046.0000	23889	36054078.0000	7211	10743968.0000
20100709	非金電期貨          	XIF    	A         	96	87788.0000	129	118391.0000	-33	-30603.0000	79	72592.0000	113	103837.0000	-34	-31245.0000
20100709	非金電期貨          	XIF    	B         	0	.0000	0	.0000	0	.0000	25	23015.0000	0	.0000	25	23015.0000
20100709	非金電期貨          	XIF    	C         	28	25834.0000	12	11063.0000	16	14772.0000	58	53343.0000	33	30380.0000	25	22963.0000
20100712	電子期貨            	EXF    	A         	465	572925.0000	399	491061.0000	66	81864.0000	873	1063624.0000	353	428349.0000	520	635275.0000
20100712	電子期貨            	EXF    	B         	1	1221.0000	0	.0000	1	1221.0000	195	238095.0000	100	122100.0000	95	115995.0000
20100712	電子期貨            	EXF    	C         	972	1197419.0000	878	1081086.0000	94	116332.0000	3205	3913266.0000	3227	3938205.0000	-22	-24939.0000
20100712	金融期貨            	FXF    	A         	813	680948.0000	634	530596.0000	179	150352.0000	1784	1472079.0000	558	458330.0000	1226	1013749.0000
20100712	金融期貨            	FXF    	B         	1	833.0000	0	.0000	1	833.0000	192	158784.0000	0	.0000	192	158784.0000
20100712	金融期貨            	FXF    	C         	823	688309.0000	742	619556.0000	81	68753.0000	1032	853464.0000	4660	3850736.0000	-3628	-2997272.0000
20100712	櫃買期貨            	GTF    	A         	60	32345.0000	34	18319.0000	26	14027.0000	89	47733.0000	92	49421.0000	-3	-1688.0000
20100712	櫃買期貨            	GTF    	B         	0	.0000	0	.0000	0	.0000	0	.0000	0	.0000	0	.0000
20100712	櫃買期貨            	GTF    	C         	0	.0000	0	.0000	0	.0000	0	.0000	0	.0000	0	.0000
20100712	摩臺期              	MSF    	A         	3	2585.0000	3	2580.0000	0	5.0000	6	5150.0000	31	26513.0000	-25	-21363.0000
20100712	摩臺期              	MSF    	B         	0	.0000	0	.0000	0	.0000	0	.0000	0	.0000	0	.0000
20100712	摩臺期              	MSF    	C         	0	.0000	0	.0000	0	.0000	0	.0000	0	.0000	0	.0000
20100712	小型臺指            	MXF    	A         	7025	2665524.0000	7220	2739886.0000	-195	-74363.0000	2790	1046285.0000	4579	1704809.0000	-1789	-658524.0000
20100712	小型臺指            	MXF    	B         	0	.0000	0	.0000	0	.0000	0	.0000	0	.0000	0	.0000
20100712	小型臺指            	MXF    	C         	7763	2946690.0000	7748	2940031.0000	15	6659.0000	5298	1976319.0000	2329	875513.0000	2969	1100806.0000
20100712	股票期貨            	STF    	A         	2549	195890.0000	2390	183421.0000	159	12469.0000	8185	1033550.0000	11220	1225659.0000	-3035	-192109.0000
20100712	股票期貨            	STF    	B         	0	.0000	0	.0000	0	.0000	0	.0000	0	.0000	0	.0000
20100712	股票期貨            	STF    	C         	32	6488.0000	67	8570.0000	-35	-2082.0000	122	16224.0000	1760	163414.0000	-1638	-147190.0000
20100712	臺灣50期貨          	T5F    	A         	0	.0000	0	.0000	0	.0000	13	6626.0000	0	.0000	13	6626.0000
20100712	臺灣50期貨          	T5F    	B         	0	.0000	0	.0000	0	.0000	0	.0000	0	.0000	0	.0000
20100712	臺灣50期貨          	T5F    	C         	0	.0000	0	.0000	0	.0000	0	.0000	0	.0000	0	.0000
20100712	臺股期貨            	TXF    	A         	23194	35231674.0000	24581	37337996.0000	-1387	-2106321.0000	8117	12203191.0000	7887	11777976.0000	230	425215.0000
20100712	臺股期貨            	TXF    	B         	337	511990.0000	213	319760.0000	124	192230.0000	1996	3006375.0000	2749	4133288.0000	-753	-1126913.0000
20100712	臺股期貨            	TXF    	C         	12556	19064635.0000	11438	17365007.0000	1118	1699629.0000	32296	48365932.0000	23887	35879818.0000	8409	12486114.0000
20100712	非金電期貨          	XIF    	A         	233	214439.0000	225	206952.0000	8	7487.0000	81	74074.0000	107	97895.0000	-26	-23821.0000
20100712	非金電期貨          	XIF    	B         	0	.0000	0	.0000	0	.0000	25	22915.0000	0	.0000	25	22915.0000
20100712	非金電期貨          	XIF    	C         	95	87440.0000	96	88615.0000	-1	-1175.0000	97	88830.0000	73	66912.0000	24	21918.0000
20100713	電子期貨            	EXF    	A         	361	442547.0000	446	547009.0000	-85	-104462.0000	861	1050831.0000	426	518350.0000	435	532481.0000
20100713	電子期貨            	EXF    	B         	2	2448.0000	0	.0000	2	2448.0000	197	241049.0000	100	122360.0000	97	118689.0000
20100713	電子期貨            	EXF    	C         	942	1157313.0000	670	821810.0000	272	335503.0000	3424	4189222.0000	3173	3879579.0000	251	309643.0000
20100713	金融期貨            	FXF    	A         	464	385192.0000	586	487255.0000	-122	-102062.0000	1666	1386427.0000	562	465774.0000	1104	920653.0000
20100713	金融期貨            	FXF    	B         	0	.0000	58	48146.0000	-58	-48146.0000	134	111836.0000	0	.0000	134	111836.0000
20100713	金融期貨            	FXF    	C         	699	581670.0000	462	383131.0000	237	198539.0000	1145	955617.0000	4536	3781671.0000	-3391	-2826054.0000
20100713	櫃買期貨            	GTF    	A         	94	50359.0000	79	42476.0000	15	7883.0000	91	48800.0000	79	42606.0000	12	6194.0000
20100713	櫃買期貨            	GTF    	B         	0	.0000	0	.0000	0	.0000	0	.0000	0	.0000	0	.0000
20100713	櫃買期貨            	GTF    	C         	0	.0000	0	.0000	0	.0000	0	.0000	0	.0000	0	.0000
20100713	摩臺期              	MSF    	A         	0	.0000	0	.0000	0	.0000	6	5154.0000	31	26532.0000	-25	-21378.0000
20100713	摩臺期              	MSF    	B         	0	.0000	0	.0000	0	.0000	0	.0000	0	.0000	0	.0000
20100713	摩臺期              	MSF    	C         	0	.0000	0	.0000	0	.0000	0	.0000	0	.0000	0	.0000
20100713	小型臺指            	MXF    	A         	6973	2634062.0000	7248	2736416.0000	-275	-102354.0000	2449	921153.0000	4617	1724284.0000	-2168	-803131.0000
20100713	小型臺指            	MXF    	B         	0	.0000	0	.0000	0	.0000	0	.0000	0	.0000	0	.0000
20100713	小型臺指            	MXF    	C         	6911	2610387.0000	6399	2416941.0000	512	193445.0000	5381	2014283.0000	1936	731255.0000	3445	1283028.0000
20100713	股票期貨            	STF    	A         	2121	116016.0000	2138	120599.0000	-17	-4582.0000	8355	1046318.0000	11407	1242968.0000	-3052	-196650.0000
20100713	股票期貨            	STF    	B         	0	.0000	0	.0000	0	.0000	0	.0000	0	.0000	0	.0000
20100713	股票期貨            	STF    	C         	3	138.0000	39	2267.0000	-36	-2128.0000	123	16281.0000	1797	163049.0000	-1674	-146768.0000
20100713	臺灣50期貨          	T5F    	A         	0	.0000	0	.0000	0	.0000	13	6673.0000	0	.0000	13	6673.0000
20100713	臺灣50期貨          	T5F    	B         	0	.0000	0	.0000	0	.0000	0	.0000	0	.0000	0	.0000
20100713	臺灣50期貨          	T5F    	C         	0	.0000	0	.0000	0	.0000	0	.0000	0	.0000	0	.0000
20100713	臺股期貨            	TXF    	A         	19942	30144377.0000	19422	29343849.0000	520	800528.0000	8314	12544576.0000	7538	11288449.0000	776	1256127.0000
20100713	臺股期貨            	TXF    	B         	112	169308.0000	109	162447.0000	3	6861.0000	2067	3124477.0000	2818	4249879.0000	-751	-1125402.0000
20100713	臺股期貨            	TXF    	C         	8507	12851580.0000	7466	11280070.0000	1041	1571510.0000	33408	50207454.0000	23949	36093961.0000	9459	14113493.0000
20100713	非金電期貨          	XIF    	A         	112	102706.0000	116	106244.0000	-4	-3537.0000	76	69711.0000	106	97183.0000	-30	-27472.0000
20100713	非金電期貨          	XIF    	B         	1	920.0000	0	.0000	1	920.0000	26	23902.0000	0	.0000	26	23902.0000
20100713	非金電期貨          	XIF    	C         	52	47589.0000	29	26620.0000	23	20968.0000	127	116582.0000	80	73544.0000	47	43038.0000
20100714	電子期貨            	EXF    	A         	448	557912.0000	693	863515.0000	-245	-305603.0000	691	860885.0000	501	623082.0000	190	237803.0000
20100714	電子期貨            	EXF    	B         	5	6248.0000	0	.0000	5	6248.0000	202	252419.0000	100	124960.0000	102	127459.0000
20100714	電子期貨            	EXF    	C         	930	1159461.0000	878	1095539.0000	52	63922.0000	3585	4479248.0000	3282	4098227.0000	303	381021.0000
20100714	金融期貨            	FXF    	A         	928	786824.0000	961	817020.0000	-33	-30197.0000	1618	1379551.0000	547	464358.0000	1071	915193.0000
20100714	金融期貨            	FXF    	B         	0	.0000	0	.0000	0	.0000	134	114624.0000	0	.0000	134	114624.0000
20100714	金融期貨            	FXF    	C         	1045	886772.0000	827	700858.0000	218	185914.0000	1354	1158173.0000	4527	3867755.0000	-3173	-2709582.0000
20100714	櫃買期貨            	GTF    	A         	85	46583.0000	125	68139.0000	-40	-21556.0000	88	48488.0000	116	63685.0000	-28	-15197.0000
20100714	櫃買期貨            	GTF    	B         	0	.0000	0	.0000	0	.0000	0	.0000	0	.0000	0	.0000
20100714	櫃買期貨            	GTF    	C         	0	.0000	0	.0000	0	.0000	0	.0000	0	.0000	0	.0000
20100714	摩臺期              	MSF    	A         	0	.0000	0	.0000	0	.0000	6	5262.0000	31	27092.0000	-25	-21830.0000
20100714	摩臺期              	MSF    	B         	0	.0000	0	.0000	0	.0000	0	.0000	0	.0000	0	.0000
20100714	摩臺期              	MSF    	C         	0	.0000	0	.0000	0	.0000	0	.0000	0	.0000	0	.0000
20100714	小型臺指            	MXF    	A         	6975	2670880.0000	6461	2476945.0000	514	193934.0000	2606	998795.0000	4124	1572005.0000	-1518	-573210.0000
20100714	小型臺指            	MXF    	B         	0	.0000	0	.0000	0	.0000	0	.0000	0	.0000	0	.0000
20100714	小型臺指            	MXF    	C         	5690	2179418.0000	6578	2521200.0000	-888	-341781.0000	5239	1997031.0000	2694	1036997.0000	2545	960034.0000
20100714	股票期貨            	STF    	A         	2568	167030.0000	2460	154993.0000	108	12037.0000	8595	1087875.0000	11539	1275400.0000	-2944	-187525.0000
20100714	股票期貨            	STF    	B         	0	.0000	0	.0000	0	.0000	0	.0000	0	.0000	0	.0000
20100714	股票期貨            	STF    	C         	32	4503.0000	38	3990.0000	-6	513.0000	133	18341.0000	1813	167748.0000	-1680	-149407.0000
20100714	臺灣50期貨          	T5F    	A         	0	.0000	0	.0000	0	.0000	13	6811.0000	0	.0000	13	6811.0000
20100714	臺灣50期貨          	T5F    	B         	0	.0000	0	.0000	0	.0000	0	.0000	0	.0000	0	.0000
20100714	臺灣50期貨          	T5F    	C         	0	.0000	0	.0000	0	.0000	0	.0000	0	.0000	0	.0000
20100714	臺股期貨            	TXF    	A         	20136	30892163.0000	19291	29608830.0000	845	1283333.0000	8951	13760517.0000	7364	11242204.0000	1587	2518313.0000
20100714	臺股期貨            	TXF    	B         	215	329885.0000	563	850955.0000	-348	-521070.0000	2208	3399875.0000	3302	5062759.0000	-1094	-1662884.0000
20100714	臺股期貨            	TXF    	C         	10185	15603072.0000	9167	14069497.0000	1018	1533575.0000	34497	52802286.0000	24022	36886933.0000	10475	15915353.0000
20100714	非金電期貨          	XIF    	A         	224	208401.0000	143	133056.0000	81	75345.0000	119	110572.0000	68	63080.0000	51	47492.0000
20100714	非金電期貨          	XIF    	B         	0	.0000	0	.0000	0	.0000	26	24188.0000	0	.0000	26	24188.0000
20100714	非金電期貨          	XIF    	C         	30	27899.0000	120	111696.0000	-90	-83798.0000	108	100321.0000	151	140475.0000	-43	-40154.0000
20100715	電子期貨            	EXF    	A         	414	516639.0000	269	335067.0000	145	181573.0000	724	900591.0000	389	481825.0000	335	418766.0000
20100715	電子期貨            	EXF    	B         	0	.0000	0	.0000	0	.0000	202	252015.0000	100	124760.0000	102	127255.0000
20100715	電子期貨            	EXF    	C         	552	688793.0000	614	766049.0000	-62	-77256.0000	3721	4641734.0000	3480	4338361.0000	241	303373.0000
20100715	金融期貨            	FXF    	A         	927	794039.0000	611	523280.0000	316	270759.0000	1902	1624896.0000	515	437613.0000	1387	1187283.0000
20100715	金融期貨            	FXF    	B         	0	.0000	0	.0000	0	.0000	134	114811.0000	0	.0000	134	114811.0000
20100715	金融期貨            	FXF    	C         	596	510063.0000	1009	862630.0000	-413	-352567.0000	1372	1175489.0000	4958	4242989.0000	-3586	-3067500.0000
20100715	櫃買期貨            	GTF    	A         	24	13249.0000	38	20939.0000	-14	-7689.0000	90	49824.0000	132	72783.0000	-42	-22959.0000
20100715	櫃買期貨            	GTF    	B         	0	.0000	0	.0000	0	.0000	0	.0000	0	.0000	0	.0000
20100715	櫃買期貨            	GTF    	C         	0	.0000	0	.0000	0	.0000	0	.0000	0	.0000	0	.0000
20100715	摩臺期              	MSF    	A         	0	.0000	0	.0000	0	.0000	6	5252.0000	31	27037.0000	-25	-21785.0000
20100715	摩臺期              	MSF    	B         	0	.0000	0	.0000	0	.0000	0	.0000	0	.0000	0	.0000
20100715	摩臺期              	MSF    	C         	0	.0000	0	.0000	0	.0000	0	.0000	0	.0000	0	.0000
20100715	小型臺指            	MXF    	A         	5276	2028268.0000	4727	1817547.0000	549	210720.0000	2668	1023802.0000	4061	1550075.0000	-1393	-526273.0000
20100715	小型臺指            	MXF    	B         	0	.0000	0	.0000	0	.0000	0	.0000	0	.0000	0	.0000
20100715	小型臺指            	MXF    	C         	6356	2445021.0000	6491	2497297.0000	-135	-52276.0000	5529	2111182.0000	3327	1281858.0000	2202	829324.0000
20100715	股票期貨            	STF    	A         	2839	159847.0000	2832	160852.0000	7	-1005.0000	8768	1088231.0000	11705	1277927.0000	-2937	-189696.0000
20100715	股票期貨            	STF    	B         	0	.0000	0	.0000	0	.0000	0	.0000	0	.0000	0	.0000
20100715	股票期貨            	STF    	C         	132	8801.0000	56	7969.0000	76	832.0000	198	18944.0000	1802	165256.0000	-1604	-146312.0000
20100715	臺灣50期貨          	T5F    	A         	0	.0000	0	.0000	0	.0000	13	6754.0000	0	.0000	13	6754.0000
20100715	臺灣50期貨          	T5F    	B         	0	.0000	0	.0000	0	.0000	0	.0000	0	.0000	0	.0000
20100715	臺灣50期貨          	T5F    	C         	0	.0000	0	.0000	0	.0000	0	.0000	0	.0000	0	.0000
20100715	臺股期貨            	TXF    	A         	16545	25465786.0000	16598	25547652.0000	-53	-81866.0000	8657	13320480.0000	7017	10718102.0000	1640	2602378.0000
20100715	臺股期貨            	TXF    	B         	194	295790.0000	123	187211.0000	71	108578.0000	2208	3402928.0000	3231	4959448.0000	-1023	-1556520.0000
20100715	臺股期貨            	TXF    	C         	9123	14038658.0000	9828	15129572.0000	-705	-1090914.0000	34487	52831006.0000	24665	37910437.0000	9822	14920569.0000
20100715	非金電期貨          	XIF    	A         	102	95304.0000	125	116790.0000	-23	-21486.0000	118	110326.0000	90	84069.0000	28	26257.0000
20100715	非金電期貨          	XIF    	B         	0	.0000	0	.0000	0	.0000	26	24339.0000	0	.0000	26	24339.0000
20100715	非金電期貨          	XIF    	C         	40	37351.0000	29	27115.0000	11	10235.0000	118	110309.0000	150	140415.0000	-32	-30106.0000
20100716	電子期貨            	EXF    	A         	407	503097.0000	450	557582.0000	-43	-54486.0000	677	833025.0000	385	472247.0000	292	360778.0000
20100716	電子期貨            	EXF    	B         	3	3671.0000	0	.0000	3	3671.0000	205	253299.0000	100	123580.0000	105	129719.0000
20100716	電子期貨            	EXF    	C         	953	1180277.0000	1060	1313824.0000	-107	-133547.0000	3732	4610303.0000	3598	4442404.0000	134	167899.0000
20100716	金融期貨            	FXF    	A         	1268	1094430.0000	1209	1043144.0000	59	51285.0000	1868	1610764.0000	422	361242.0000	1446	1249522.0000
20100716	金融期貨            	FXF    	B         	4	3434.0000	14	12096.0000	-10	-8662.0000	124	107235.0000	0	.0000	124	107235.0000
20100716	金融期貨            	FXF    	C         	1529	1323077.0000	1177	1016612.0000	352	306465.0000	1551	1340998.0000	4785	4132357.0000	-3234	-2791359.0000
20100716	櫃買期貨            	GTF    	A         	155	85425.0000	119	65648.0000	36	19777.0000	130	71327.0000	136	74659.0000	-6	-3332.0000
20100716	櫃買期貨            	GTF    	B         	0	.0000	0	.0000	0	.0000	0	.0000	0	.0000	0	.0000
20100716	櫃買期貨            	GTF    	C         	0	.0000	0	.0000	0	.0000	0	.0000	0	.0000	0	.0000
20100716	摩臺期              	MSF    	A         	3	2606.0000	3	2607.0000	0	-1.0000	6	5250.0000	31	27027.0000	-25	-21777.0000
20100716	摩臺期              	MSF    	B         	0	.0000	0	.0000	0	.0000	0	.0000	0	.0000	0	.0000
20100716	摩臺期              	MSF    	C         	0	.0000	0	.0000	0	.0000	0	.0000	0	.0000	0	.0000
20100716	小型臺指            	MXF    	A         	7692	2951369.0000	8154	3123992.0000	-462	-172623.0000	2649	1011419.0000	4488	1704872.0000	-1839	-693453.0000
20100716	小型臺指            	MXF    	B         	0	.0000	0	.0000	0	.0000	0	.0000	0	.0000	0	.0000
20100716	小型臺指            	MXF    	C         	7786	2986500.0000	7953	3049451.0000	-167	-62951.0000	5932	2255369.0000	3945	1512709.0000	1987	742660.0000
20100716	股票期貨            	STF    	A         	3634	212958.0000	3790	226904.0000	-156	-13945.0000	8501	1060271.0000	11594	1264179.0000	-3093	-203908.0000
20100716	股票期貨            	STF    	B         	0	.0000	0	.0000	0	.0000	0	.0000	0	.0000	0	.0000
20100716	股票期貨            	STF    	C         	178	13899.0000	120	6912.0000	58	6987.0000	198	18665.0000	1744	158097.0000	-1546	-139432.0000
20100716	臺灣50期貨          	T5F    	A         	0	.0000	0	.0000	0	.0000	13	6702.0000	0	.0000	13	6702.0000
20100716	臺灣50期貨          	T5F    	B         	0	.0000	0	.0000	0	.0000	0	.0000	0	.0000	0	.0000
20100716	臺灣50期貨          	T5F    	C         	0	.0000	0	.0000	0	.0000	0	.0000	0	.0000	0	.0000
20100716	臺股期貨            	TXF    	A         	24837	38133268.0000	26010	39928247.0000	-1173	-1794979.0000	7954	12176860.0000	7491	11387428.0000	463	789432.0000
20100716	臺股期貨            	TXF    	B         	348	533256.0000	324	491819.0000	24	41437.0000	2162	3316017.0000	3162	4824958.0000	-1000	-1508941.0000
20100716	臺股期貨            	TXF    	C         	13586	20844706.0000	13803	21177277.0000	-217	-332571.0000	33980	51778414.0000	24363	37254556.0000	9617	14523858.0000
20100716	非金電期貨          	XIF    	A         	143	133538.0000	148	138171.0000	-5	-4633.0000	115	107356.0000	92	85812.0000	23	21544.0000
20100716	非金電期貨          	XIF    	B         	0	.0000	0	.0000	0	.0000	26	24305.0000	0	.0000	26	24305.0000
20100716	非金電期貨          	XIF    	C         	65	60650.0000	78	72791.0000	-13	-12141.0000	139	129776.0000	184	172003.0000	-45	-42227.0000
20100719	電子期貨            	EXF    	A         	598	733247.0000	626	767218.0000	-28	-33971.0000	609	748089.0000	345	421571.0000	264	326518.0000
20100719	電子期貨            	EXF    	B         	50	60611.0000	50	61593.0000	0	-983.0000	205	251910.0000	100	123380.0000	105	128530.0000
20100719	電子期貨            	EXF    	C         	1172	1432758.0000	1418	1735980.0000	-246	-303222.0000	3715	4574727.0000	3827	4711279.0000	-112	-136552.0000
20100719	金融期貨            	FXF    	A         	1016	871376.0000	1316	1131830.0000	-300	-260454.0000	1605	1374924.0000	459	390936.0000	1146	983988.0000
20100719	金融期貨            	FXF    	B         	0	.0000	0	.0000	0	.0000	124	106764.0000	0	.0000	124	106764.0000
20100719	金融期貨            	FXF    	C         	1364	1175067.0000	1355	1159495.0000	9	15571.0000	1798	1546934.0000	5023	4310789.0000	-3225	-2763855.0000
20100719	櫃買期貨            	GTF    	A         	75	40738.0000	98	53242.0000	-23	-12504.0000	143	78123.0000	172	94016.0000	-29	-15893.0000
20100719	櫃買期貨            	GTF    	B         	0	.0000	0	.0000	0	.0000	0	.0000	0	.0000	0	.0000
20100719	櫃買期貨            	GTF    	C         	0	.0000	0	.0000	0	.0000	0	.0000	0	.0000	0	.0000
20100719	摩臺期              	MSF    	A         	0	.0000	0	.0000	0	.0000	6	5230.0000	31	26926.0000	-25	-21696.0000
20100719	摩臺期              	MSF    	B         	0	.0000	0	.0000	0	.0000	0	.0000	0	.0000	0	.0000
20100719	摩臺期              	MSF    	C         	0	.0000	0	.0000	0	.0000	0	.0000	0	.0000	0	.0000
20100719	小型臺指            	MXF    	A         	4986	1901303.0000	5656	2155751.0000	-670	-254448.0000	2297	875007.0000	4986	1892370.0000	-2689	-1017363.0000
20100719	小型臺指            	MXF    	B         	0	.0000	0	.0000	0	.0000	0	.0000	0	.0000	0	.0000
20100719	小型臺指            	MXF    	C         	4745	1808102.0000	5603	2135934.0000	-858	-327831.0000	6483	2462627.0000	4674	1788531.0000	1809	674096.0000
20100719	股票期貨            	STF    	A         	2321	138335.0000	2351	150838.0000	-30	-12503.0000	8600	1044798.0000	11723	1261171.0000	-3123	-216373.0000
20100719	股票期貨            	STF    	B         	0	.0000	0	.0000	0	.0000	0	.0000	0	.0000	0	.0000
20100719	股票期貨            	STF    	C         	76	7869.0000	48	4220.0000	28	3649.0000	196	18337.0000	1714	153028.0000	-1518	-134691.0000
20100719	臺灣50期貨          	T5F    	A         	0	.0000	0	.0000	0	.0000	13	6683.0000	0	.0000	13	6683.0000
20100719	臺灣50期貨          	T5F    	B         	0	.0000	0	.0000	0	.0000	0	.0000	0	.0000	0	.0000
20100719	臺灣50期貨          	T5F    	C         	0	.0000	0	.0000	0	.0000	0	.0000	0	.0000	0	.0000
20100719	臺股期貨            	TXF    	A         	16278	24863247.0000	16615	25356473.0000	-337	-493226.0000	7773	11879178.0000	7602	11523347.0000	171	355831.0000
20100719	臺股期貨            	TXF    	B         	925	1398086.0000	885	1347779.0000	40	50307.0000	2170	3308245.0000	3130	4764094.0000	-960	-1455849.0000
20100719	臺股期貨            	TXF    	C         	16102	24502046.0000	18160	27664279.0000	-2058	-3162233.0000	33652	51114261.0000	26276	40054194.0000	7376	11060067.0000
20100719	非金電期貨          	XIF    	A         	326	302386.0000	284	262960.0000	42	39426.0000	151	140713.0000	86	79933.0000	65	60780.0000
20100719	非金電期貨          	XIF    	B         	0	.0000	0	.0000	0	.0000	26	24242.0000	0	.0000	26	24242.0000
20100719	非金電期貨          	XIF    	C         	46	42543.0000	69	64362.0000	-23	-21819.0000	174	161813.0000	242	225641.0000	-68	-63828.0000
20100720	電子期貨            	EXF    	A         	1047	1289140.0000	977	1212554.0000	70	76586.0000	817	1003788.0000	483	599312.0000	334	404476.0000
20100720	電子期貨            	EXF    	B         	63	77051.0000	63	78612.0000	0	-1561.0000	205	252414.0000	100	124520.0000	105	127894.0000
20100720	電子期貨            	EXF    	C         	4872	6018766.0000	5066	6243217.0000	-194	-224451.0000	3769	4649883.0000	4075	5010211.0000	-306	-360328.0000
20100720	金融期貨            	FXF    	A         	1029	879020.0000	743	637262.0000	286	241759.0000	1861	1591627.0000	429	365676.0000	1432	1225951.0000
20100720	金融期貨            	FXF    	B         	66	56077.0000	66	56905.0000	0	-828.0000	124	106008.0000	0	.0000	124	106008.0000
20100720	金融期貨            	FXF    	C         	4121	3528854.0000	4571	3900470.0000	-450	-371616.0000	2051	1753080.0000	5726	4889945.0000	-3675	-3136865.0000
20100720	櫃買期貨            	GTF    	A         	110	60416.0000	116	63638.0000	-6	-3222.0000	184	101253.0000	219	120510.0000	-35	-19257.0000
20100720	櫃買期貨            	GTF    	B         	0	.0000	0	.0000	0	.0000	0	.0000	0	.0000	0	.0000
20100720	櫃買期貨            	GTF    	C         	0	.0000	0	.0000	0	.0000	0	.0000	0	.0000	0	.0000
20100720	摩臺期              	MSF    	A         	1	877.0000	1	877.0000	0	.0000	6	5259.0000	31	27075.0000	-25	-21816.0000
20100720	摩臺期              	MSF    	B         	0	.0000	0	.0000	0	.0000	0	.0000	0	.0000	0	.0000
20100720	摩臺期              	MSF    	C         	0	.0000	0	.0000	0	.0000	0	.0000	0	.0000	0	.0000
20100720	小型臺指            	MXF    	A         	6907	2645769.0000	7212	2764948.0000	-305	-119179.0000	2070	793566.0000	4540	1733275.0000	-2470	-939709.0000
20100720	小型臺指            	MXF    	B         	0	.0000	0	.0000	0	.0000	0	.0000	0	.0000	0	.0000
20100720	小型臺指            	MXF    	C         	5407	2073417.0000	5136	1969137.0000	271	104279.0000	6550	2504672.0000	4434	1707942.0000	2116	796730.0000
20100720	股票期貨            	STF    	A         	3088	214154.0000	2866	201095.0000	222	13059.0000	8336	1044291.0000	11237	1248809.0000	-2901	-204518.0000
20100720	股票期貨            	STF    	B         	0	.0000	0	.0000	0	.0000	0	.0000	0	.0000	0	.0000
20100720	股票期貨            	STF    	C         	63	12574.0000	49	3516.0000	14	9058.0000	191	17668.0000	1695	145222.0000	-1504	-127554.0000
20100720	臺灣50期貨          	T5F    	A         	0	.0000	0	.0000	0	.0000	13	6748.0000	0	.0000	13	6748.0000
20100720	臺灣50期貨          	T5F    	B         	0	.0000	0	.0000	0	.0000	0	.0000	0	.0000	0	.0000
20100720	臺灣50期貨          	T5F    	C         	0	.0000	0	.0000	0	.0000	0	.0000	0	.0000	0	.0000
20100720	臺股期貨            	TXF    	A         	27612	42431853.0000	26240	40337671.0000	1372	2094182.0000	7942	12199037.0000	6530	9928879.0000	1412	2270158.0000
20100720	臺股期貨            	TXF    	B         	1741	2660068.0000	1493	2280184.0000	248	379884.0000	2186	3335438.0000	2898	4419757.0000	-712	-1084319.0000
20100720	臺股期貨            	TXF    	C         	33088	50625239.0000	33678	51533061.0000	-590	-907823.0000	34916	53221447.0000	28139	43005046.0000	6777	10216401.0000
20100720	非金電期貨          	XIF    	A         	445	414845.0000	401	372785.0000	44	42059.0000	195	182926.0000	86	80206.0000	109	102720.0000
20100720	非金電期貨          	XIF    	B         	5	4644.0000	5	4693.0000	0	-49.0000	26	24349.0000	0	.0000	26	24349.0000
20100720	非金電期貨          	XIF    	C         	94	88123.0000	169	158620.0000	-75	-70498.0000	218	204252.0000	361	338753.0000	-143	-134501.0000
20100721	電子期貨            	EXF    	A         	940	1158695.0000	785	971231.0000	155	187465.0000	898	1098729.0000	248	303143.0000	650	795586.0000
20100721	電子期貨            	EXF    	B         	89	108735.0000	159	196591.0000	-70	-87855.0000	204	249859.0000	69	84511.0000	135	165348.0000
20100721	電子期貨            	EXF    	C         	1469	1809541.0000	1543	1904885.0000	-74	-95344.0000	2278	2790094.0000	2987	3658408.0000	-709	-868314.0000
20100721	金融期貨            	FXF    	A         	1155	983215.0000	1063	908000.0000	92	75215.0000	1239	1049219.0000	305	258092.0000	934	791127.0000
20100721	金融期貨            	FXF    	B         	58	48954.0000	58	49668.0000	0	-715.0000	124	105078.0000	0	.0000	124	105078.0000
20100721	金融期貨            	FXF    	C         	2445	2088635.0000	2845	2424750.0000	-400	-336115.0000	1630	1381262.0000	4623	3917530.0000	-2993	-2536268.0000
20100721	櫃買期貨            	GTF    	A         	49	27077.0000	43	23743.0000	6	3334.0000	37	20335.0000	69	38039.0000	-32	-17704.0000
20100721	櫃買期貨            	GTF    	B         	0	.0000	0	.0000	0	.0000	0	.0000	0	.0000	0	.0000
20100721	櫃買期貨            	GTF    	C         	0	.0000	0	.0000	0	.0000	0	.0000	0	.0000	0	.0000
20100721	摩臺期              	MSF    	A         	1	865.0000	1	865.0000	0	.0000	0	.0000	13	11220.0000	-13	-11220.0000
20100721	摩臺期              	MSF    	B         	0	.0000	0	.0000	0	.0000	0	.0000	0	.0000	0	.0000
20100721	摩臺期              	MSF    	C         	0	.0000	0	.0000	0	.0000	0	.0000	0	.0000	0	.0000
20100721	小型臺指            	MXF    	A         	6508	2492805.0000	7245	2778034.0000	-737	-285229.0000	973	368220.0000	2421	917517.0000	-1448	-549297.0000
20100721	小型臺指            	MXF    	B         	0	.0000	0	.0000	0	.0000	0	.0000	0	.0000	0	.0000
20100721	小型臺指            	MXF    	C         	3182	1220362.0000	4623	1772750.0000	-1441	-552388.0000	2831	1072231.0000	832	316118.0000	1999	756113.0000
20100721	股票期貨            	STF    	A         	2948	215321.0000	3050	240579.0000	-102	-25257.0000	1620	144051.0000	3818	286419.0000	-2198	-142368.0000
20100721	股票期貨            	STF    	B         	0	.0000	0	.0000	0	.0000	0	.0000	0	.0000	0	.0000
20100721	股票期貨            	STF    	C         	101	17689.0000	75	4633.0000	26	13056.0000	9	295.0000	609	43155.0000	-600	-42860.0000
20100721	臺灣50期貨          	T5F    	A         	0	.0000	0	.0000	0	.0000	0	.0000	0	.0000	0	.0000
20100721	臺灣50期貨          	T5F    	B         	0	.0000	0	.0000	0	.0000	0	.0000	0	.0000	0	.0000
20100721	臺灣50期貨          	T5F    	C         	0	.0000	0	.0000	0	.0000	0	.0000	0	.0000	0	.0000
20100721	臺股期貨            	TXF    	A         	20704	31802824.0000	21198	32555678.0000	-494	-752854.0000	2768	4198415.0000	6052	9170968.0000	-3284	-4972553.0000
20100721	臺股期貨            	TXF    	B         	1511	2312581.0000	1164	1786977.0000	347	525604.0000	2277	3460585.0000	2314	3515665.0000	-37	-55080.0000
20100721	臺股期貨            	TXF    	C         	13535	20698041.0000	16174	24777051.0000	-2639	-4079010.0000	23182	35142435.0000	16562	25157902.0000	6620	9984533.0000
20100721	非金電期貨          	XIF    	A         	603	562973.0000	393	368090.0000	210	194884.0000	281	261200.0000	67	62264.0000	214	198936.0000
20100721	非金電期貨          	XIF    	B         	21	19551.0000	21	19743.0000	0	-192.0000	26	24170.0000	0	.0000	26	24170.0000
20100721	非金電期貨          	XIF    	C         	391	365497.0000	585	545033.0000	-194	-179536.0000	204	189629.0000	446	414602.0000	-242	-224973.0000
20100722	電子期貨            	EXF    	A         	329	400637.0000	400	487013.0000	-71	-86375.0000	883	1073690.0000	304	369405.0000	579	704285.0000
20100722	電子期貨            	EXF    	B         	0	.0000	0	.0000	0	.0000	204	248309.0000	69	83987.0000	135	164322.0000
20100722	電子期貨            	EXF    	C         	847	1031732.0000	894	1088642.0000	-47	-56909.0000	2290	2787364.0000	3046	3707543.0000	-756	-920179.0000
20100722	金融期貨            	FXF    	A         	654	552514.0000	818	690729.0000	-164	-138216.0000	1235	1035351.0000	465	389780.0000	770	645571.0000
20100722	金融期貨            	FXF    	B         	0	.0000	0	.0000	0	.0000	124	104061.0000	0	.0000	124	104061.0000
20100722	金融期貨            	FXF    	C         	806	682159.0000	1338	1131811.0000	-532	-449652.0000	1595	1338524.0000	5120	4296679.0000	-3525	-2958155.0000
20100722	櫃買期貨            	GTF    	A         	64	35242.0000	57	31389.0000	7	3853.0000	33	18127.0000	58	31902.0000	-25	-13775.0000
20100722	櫃買期貨            	GTF    	B         	0	.0000	0	.0000	0	.0000	0	.0000	0	.0000	0	.0000
20100722	櫃買期貨            	GTF    	C         	0	.0000	0	.0000	0	.0000	0	.0000	0	.0000	0	.0000
20100722	摩臺期              	MSF    	A         	0	.0000	0	.0000	0	.0000	0	.0000	13	11180.0000	-13	-11180.0000
20100722	摩臺期              	MSF    	B         	0	.0000	0	.0000	0	.0000	0	.0000	0	.0000	0	.0000
20100722	摩臺期              	MSF    	C         	0	.0000	0	.0000	0	.0000	0	.0000	0	.0000	0	.0000
20100722	小型臺指            	MXF    	A         	6973	2639244.0000	7599	2874547.0000	-626	-235303.0000	1099	413973.0000	3409	1286183.0000	-2310	-872210.0000
20100722	小型臺指            	MXF    	B         	0	.0000	0	.0000	0	.0000	0	.0000	0	.0000	0	.0000
20100722	小型臺指            	MXF    	C         	6662	2520641.0000	6357	2404634.0000	305	116007.0000	2524	950813.0000	348	131484.0000	2176	819329.0000
20100722	股票期貨            	STF    	A         	4239	245136.0000	4299	250237.0000	-60	-5101.0000	2109	168007.0000	4367	313388.0000	-2258	-145381.0000
20100722	股票期貨            	STF    	B         	0	.0000	0	.0000	0	.0000	0	.0000	0	.0000	0	.0000
20100722	股票期貨            	STF    	C         	0	.0000	13	598.0000	-13	-598.0000	9	294.0000	622	43230.0000	-613	-42936.0000
20100722	臺灣50期貨          	T5F    	A         	0	.0000	0	.0000	0	.0000	0	.0000	0	.0000	0	.0000
20100722	臺灣50期貨          	T5F    	B         	0	.0000	0	.0000	0	.0000	0	.0000	0	.0000	0	.0000
20100722	臺灣50期貨          	T5F    	C         	0	.0000	0	.0000	0	.0000	0	.0000	0	.0000	0	.0000
20100722	臺股期貨            	TXF    	A         	18069	27348648.0000	18349	27765753.0000	-280	-417105.0000	2981	4499988.0000	6486	9782609.0000	-3505	-5282621.0000
20100722	臺股期貨            	TXF    	B         	126	190628.0000	41	62194.0000	85	128434.0000	2271	3434206.0000	2223	3360604.0000	48	73602.0000
20100722	臺股期貨            	TXF    	C         	11830	17909578.0000	11046	16710289.0000	784	1199289.0000	24525	37005166.0000	17089	25831094.0000	7436	11174072.0000
20100722	非金電期貨          	XIF    	A         	170	157493.0000	197	182457.0000	-27	-24963.0000	279	258681.0000	92	85246.0000	187	173435.0000
20100722	非金電期貨          	XIF    	B         	0	.0000	0	.0000	0	.0000	26	24115.0000	0	.0000	26	24115.0000
20100722	非金電期貨          	XIF    	C         	67	62187.0000	32	29691.0000	35	32496.0000	232	215165.0000	439	407173.0000	-207	-192008.0000
20100723	電子期貨            	EXF    	A         	436	538625.0000	407	503689.0000	29	34936.0000	843	1042914.0000	235	290392.0000	608	752522.0000
20100723	電子期貨            	EXF    	B         	0	.0000	6	7416.0000	-6	-7416.0000	198	245243.0000	69	85463.0000	129	159780.0000
20100723	電子期貨            	EXF    	C         	1017	1258692.0000	869	1075627.0000	148	183065.0000	2368	2932978.0000	2976	3686021.0000	-608	-753043.0000
20100723	金融期貨            	FXF    	A         	742	627713.0000	1056	893389.0000	-314	-265676.0000	987	833337.0000	531	448375.0000	456	384962.0000
20100723	金融期貨            	FXF    	B         	0	.0000	0	.0000	0	.0000	124	104879.0000	0	.0000	124	104879.0000
20100723	金融期貨            	FXF    	C         	726	614560.0000	530	448584.0000	196	165976.0000	1816	1535973.0000	5145	4351513.0000	-3329	-2815540.0000
20100723	櫃買期貨            	GTF    	A         	101	56411.0000	104	58067.0000	-3	-1656.0000	39	21732.0000	67	37348.0000	-28	-15616.0000
20100723	櫃買期貨            	GTF    	B         	0	.0000	0	.0000	0	.0000	0	.0000	0	.0000	0	.0000
20100723	櫃買期貨            	GTF    	C         	0	.0000	0	.0000	0	.0000	0	.0000	0	.0000	0	.0000
20100723	摩臺期              	MSF    	A         	0	.0000	2	1753.0000	-2	-1753.0000	0	.0000	15	13129.0000	-15	-13129.0000
20100723	摩臺期              	MSF    	B         	0	.0000	0	.0000	0	.0000	0	.0000	0	.0000	0	.0000
20100723	摩臺期              	MSF    	C         	0	.0000	0	.0000	0	.0000	0	.0000	0	.0000	0	.0000
20100723	小型臺指            	MXF    	A         	4379	1678735.0000	3630	1392117.0000	749	286617.0000	1243	475796.0000	2160	827021.0000	-917	-351225.0000
20100723	小型臺指            	MXF    	B         	0	.0000	0	.0000	0	.0000	0	.0000	0	.0000	0	.0000
20100723	小型臺指            	MXF    	C         	5978	2291726.0000	4711	1807190.0000	1267	484536.0000	3224	1233302.0000	441	169136.0000	2783	1064166.0000
20100723	股票期貨            	STF    	A         	3531	280269.0000	3767	280432.0000	-236	-163.0000	2547	223438.0000	5041	372579.0000	-2494	-149141.0000
20100723	股票期貨            	STF    	B         	0	.0000	0	.0000	0	.0000	0	.0000	0	.0000	0	.0000
20100723	股票期貨            	STF    	C         	0	.0000	57	3226.0000	-57	-3226.0000	9	297.0000	679	47242.0000	-670	-46945.0000
20100723	臺灣50期貨          	T5F    	A         	0	.0000	0	.0000	0	.0000	0	.0000	0	.0000	0	.0000
20100723	臺灣50期貨          	T5F    	B         	0	.0000	0	.0000	0	.0000	0	.0000	0	.0000	0	.0000
20100723	臺灣50期貨          	T5F    	C         	0	.0000	0	.0000	0	.0000	0	.0000	0	.0000	0	.0000
20100723	臺股期貨            	TXF    	A         	17192	26383416.0000	15736	24153590.0000	1456	2229826.0000	3984	6109529.0000	6194	9485699.0000	-2210	-3376170.0000
20100723	臺股期貨            	TXF    	B         	283	434707.0000	87	133270.0000	196	301437.0000	2332	3581019.0000	2088	3205301.0000	244	375718.0000
20100723	臺股期貨            	TXF    	C         	13095	20089799.0000	12631	19387285.0000	464	702514.0000	24928	38195134.0000	16863	25884311.0000	8065	12310823.0000
20100723	非金電期貨          	XIF    	A         	144	135399.0000	139	130784.0000	5	4615.0000	278	261529.0000	86	80879.0000	192	180650.0000
20100723	非金電期貨          	XIF    	B         	0	.0000	0	.0000	0	.0000	26	24463.0000	0	.0000	26	24463.0000
20100723	非金電期貨          	XIF    	C         	23	21678.0000	20	18804.0000	3	2873.0000	231	217337.0000	435	409292.0000	-204	-191955.0000
20100726	電子期貨            	EXF    	A         	281	349946.0000	254	316180.0000	27	33766.0000	859	1068941.0000	224	278283.0000	635	790658.0000
20100726	電子期貨            	EXF    	B         	0	.0000	0	.0000	0	.0000	198	246708.0000	69	85974.0000	129	160734.0000
20100726	電子期貨            	EXF    	C         	608	757081.0000	534	664990.0000	74	92091.0000	2345	2921819.0000	2879	3587193.0000	-534	-665374.0000
20100726	金融期貨            	FXF    	A         	700	593055.0000	565	478576.0000	135	114479.0000	1049	886570.0000	458	387149.0000	591	499421.0000
20100726	金融期貨            	FXF    	B         	0	.0000	0	.0000	0	.0000	124	105003.0000	0	.0000	124	105003.0000
20100726	金融期貨            	FXF    	C         	682	578717.0000	1258	1066494.0000	-576	-487777.0000	1413	1196528.0000	5318	4503174.0000	-3905	-3306646.0000
20100726	櫃買期貨            	GTF    	A         	117	65254.0000	50	27913.0000	67	37341.0000	84	46650.0000	45	24976.0000	39	21674.0000
20100726	櫃買期貨            	GTF    	B         	0	.0000	20	11168.0000	-20	-11168.0000	0	.0000	20	11112.0000	-20	-11112.0000
20100726	櫃買期貨            	GTF    	C         	0	.0000	0	.0000	0	.0000	0	.0000	0	.0000	0	.0000
20100726	摩臺期              	MSF    	A         	1	880.0000	0	.0000	1	880.0000	0	.0000	14	12300.0000	-14	-12300.0000
20100726	摩臺期              	MSF    	B         	0	.0000	0	.0000	0	.0000	0	.0000	0	.0000	0	.0000
20100726	摩臺期              	MSF    	C         	0	.0000	0	.0000	0	.0000	0	.0000	0	.0000	0	.0000
20100726	小型臺指            	MXF    	A         	3706	1426912.0000	3642	1402413.0000	64	24500.0000	1480	568804.0000	2333	896653.0000	-853	-327849.0000
20100726	小型臺指            	MXF    	B         	0	.0000	0	.0000	0	.0000	0	.0000	0	.0000	0	.0000
20100726	小型臺指            	MXF    	C         	4543	1749768.0000	4921	1895786.0000	-378	-146018.0000	3172	1218151.0000	739	284699.0000	2433	933452.0000
20100726	股票期貨            	STF    	A         	3766	277524.0000	3616	279574.0000	150	-2050.0000	2839	255478.0000	5183	409937.0000	-2344	-154459.0000
20100726	股票期貨            	STF    	B         	0	.0000	0	.0000	0	.0000	0	.0000	0	.0000	0	.0000
20100726	股票期貨            	STF    	C         	0	.0000	19	1726.0000	-19	-1726.0000	9	294.0000	698	49443.0000	-689	-49149.0000
20100726	臺灣50期貨          	T5F    	A         	0	.0000	0	.0000	0	.0000	0	.0000	0	.0000	0	.0000
20100726	臺灣50期貨          	T5F    	B         	0	.0000	0	.0000	0	.0000	0	.0000	0	.0000	0	.0000
20100726	臺灣50期貨          	T5F    	C         	0	.0000	0	.0000	0	.0000	0	.0000	0	.0000	0	.0000
20100726	臺股期貨            	TXF    	A         	11064	17050953.0000	10877	16759730.0000	187	291222.0000	4328	6663881.0000	6351	9764905.0000	-2023	-3101024.0000
20100726	臺股期貨            	TXF    	B         	117	180353.0000	61	94034.0000	56	86319.0000	2340	3607344.0000	2040	3143850.0000	300	463494.0000
20100726	臺股期貨            	TXF    	C         	7811	12036642.0000	8787	13541117.0000	-976	-1504475.0000	24236	37277922.0000	17154	26432960.0000	7082	10844962.0000
20100726	非金電期貨          	XIF    	A         	80	75274.0000	135	127015.0000	-55	-51741.0000	238	224166.0000	101	95081.0000	137	129085.0000
20100726	非金電期貨          	XIF    	B         	0	.0000	0	.0000	0	.0000	26	24502.0000	0	.0000	26	24502.0000
20100726	非金電期貨          	XIF    	C         	61	57428.0000	13	12250.0000	48	45177.0000	272	256318.0000	428	403347.0000	-156	-147029.0000
20100727	電子期貨            	EXF    	A         	445	553938.0000	298	370604.0000	147	183334.0000	950	1178420.0000	168	207789.0000	782	970631.0000
20100727	電子期貨            	EXF    	B         	7	8698.0000	0	.0000	7	8698.0000	205	254569.0000	69	85684.0000	136	168885.0000
20100727	電子期貨            	EXF    	C         	885	1100291.0000	1175	1461601.0000	-290	-361310.0000	2171	2695798.0000	2995	3719156.0000	-824	-1023358.0000
20100727	金融期貨            	FXF    	A         	461	386979.0000	627	526543.0000	-166	-139565.0000	936	781866.0000	511	426759.0000	425	355107.0000
20100727	金融期貨            	FXF    	B         	0	.0000	0	.0000	0	.0000	124	103788.0000	0	.0000	124	103788.0000
20100727	金融期貨            	FXF    	C         	367	308322.0000	533	447391.0000	-166	-139069.0000	1360	1138320.0000	5431	4545625.0000	-4071	-3407305.0000
20100727	櫃買期貨            	GTF    	A         	120	66065.0000	76	41845.0000	44	24220.0000	118	64508.0000	35	19116.0000	83	45392.0000
20100727	櫃買期貨            	GTF    	B         	0	.0000	0	.0000	0	.0000	0	.0000	20	10936.0000	-20	-10936.0000
20100727	櫃買期貨            	GTF    	C         	0	.0000	0	.0000	0	.0000	0	.0000	0	.0000	0	.0000
20100727	摩臺期              	MSF    	A         	1	873.0000	0	.0000	1	873.0000	0	.0000	13	11335.0000	-13	-11335.0000
20100727	摩臺期              	MSF    	B         	0	.0000	0	.0000	0	.0000	0	.0000	0	.0000	0	.0000
20100727	摩臺期              	MSF    	C         	0	.0000	0	.0000	0	.0000	0	.0000	0	.0000	0	.0000
20100727	小型臺指            	MXF    	A         	4567	1751457.0000	7159	2745654.0000	-2592	-994197.0000	1392	531711.0000	3537	1351144.0000	-2145	-819433.0000
20100727	小型臺指            	MXF    	B         	1	384.0000	0	.0000	1	384.0000	1	383.0000	0	.0000	1	383.0000
20100727	小型臺指            	MXF    	C         	5870	2252021.0000	6000	2303024.0000	-130	-51003.0000	3236	1234851.0000	873	334307.0000	2363	900544.0000
20100727	股票期貨            	STF    	A         	4420	340766.0000	4392	341266.0000	28	-499.0000	3171	266175.0000	5487	421670.0000	-2316	-155495.0000
20100727	股票期貨            	STF    	B         	0	.0000	0	.0000	0	.0000	0	.0000	0	.0000	0	.0000
20100727	股票期貨            	STF    	C         	0	.0000	26	2289.0000	-26	-2289.0000	9	294.0000	724	51586.0000	-715	-51292.0000
20100727	臺灣50期貨          	T5F    	A         	0	.0000	0	.0000	0	.0000	0	.0000	0	.0000	0	.0000
20100727	臺灣50期貨          	T5F    	B         	0	.0000	0	.0000	0	.0000	0	.0000	0	.0000	0	.0000
20100727	臺灣50期貨          	T5F    	C         	0	.0000	0	.0000	0	.0000	0	.0000	0	.0000	0	.0000
20100727	臺股期貨            	TXF    	A         	18557	28474371.0000	17690	27145433.0000	867	1328938.0000	4586	7017023.0000	6067	9267223.0000	-1481	-2250200.0000
20100727	臺股期貨            	TXF    	B         	400	612720.0000	226	347500.0000	174	265221.0000	2522	3863200.0000	2048	3136216.0000	474	726984.0000
20100727	臺股期貨            	TXF    	C         	9563	14671474.0000	14491	22251589.0000	-4928	-7580114.0000	24255	37071986.0000	22116	33866797.0000	2139	3205189.0000
20100727	非金電期貨          	XIF    	A         	272	254629.0000	233	217994.0000	39	36636.0000	279	260160.0000	103	96001.0000	176	164159.0000
20100727	非金電期貨          	XIF    	B         	0	.0000	0	.0000	0	.0000	26	24253.0000	0	.0000	26	24253.0000
20100727	非金電期貨          	XIF    	C         	29	27158.0000	57	53420.0000	-28	-26262.0000	240	223859.0000	424	395507.0000	-184	-171648.0000
20100728	電子期貨            	EXF    	A         	221	275326.0000	254	316374.0000	-33	-41048.0000	915	1142933.0000	166	206836.0000	749	936097.0000
20100728	電子期貨            	EXF    	B         	2	2491.0000	0	.0000	2	2491.0000	207	258833.0000	69	86278.0000	138	172555.0000
20100728	電子期貨            	EXF    	C         	1028	1279978.0000	626	779550.0000	402	500428.0000	2427	3034598.0000	2849	3562362.0000	-422	-527764.0000
20100728	金融期貨            	FXF    	A         	513	431776.0000	633	532557.0000	-120	-100781.0000	882	743239.0000	577	486428.0000	305	256811.0000
20100728	金融期貨            	FXF    	B         	1	842.0000	0	.0000	1	842.0000	125	105575.0000	0	.0000	125	105575.0000
20100728	金融期貨            	FXF    	C         	586	493238.0000	623	523489.0000	-37	-30251.0000	1486	1255076.0000	5594	4724584.0000	-4108	-3469508.0000
20100728	櫃買期貨            	GTF    	A         	22	12169.0000	98	54123.0000	-76	-41954.0000	72	39918.0000	65	36033.0000	7	3885.0000
20100728	櫃買期貨            	GTF    	B         	0	.0000	0	.0000	0	.0000	0	.0000	20	11104.0000	-20	-11104.0000
20100728	櫃買期貨            	GTF    	C         	0	.0000	0	.0000	0	.0000	0	.0000	0	.0000	0	.0000
20100728	摩臺期              	MSF    	A         	0	.0000	0	.0000	0	.0000	0	.0000	13	11405.0000	-13	-11405.0000
20100728	摩臺期              	MSF    	B         	0	.0000	0	.0000	0	.0000	0	.0000	0	.0000	0	.0000
20100728	摩臺期              	MSF    	C         	0	.0000	0	.0000	0	.0000	0	.0000	0	.0000	0	.0000
20100728	小型臺指            	MXF    	A         	5222	2006258.0000	3680	1413392.0000	1542	592866.0000	2033	783270.0000	3016	1161146.0000	-983	-377876.0000
20100728	小型臺指            	MXF    	B         	1	386.0000	0	.0000	1	386.0000	2	772.0000	0	.0000	2	772.0000
20100728	小型臺指            	MXF    	C         	5342	2051039.0000	4503	1730412.0000	839	320627.0000	3107	1194904.0000	113	43594.0000	2994	1151310.0000
20100728	股票期貨            	STF    	A         	5269	286563.0000	5026	299676.0000	243	-13113.0000	4014	305242.0000	6087	470592.0000	-2073	-165350.0000
20100728	股票期貨            	STF    	B         	0	.0000	0	.0000	0	.0000	0	.0000	0	.0000	0	.0000
20100728	股票期貨            	STF    	C         	0	.0000	65	10724.0000	-65	-10724.0000	9	298.0000	789	61417.0000	-780	-61119.0000
20100728	臺灣50期貨          	T5F    	A         	0	.0000	0	.0000	0	.0000	0	.0000	0	.0000	0	.0000
20100728	臺灣50期貨          	T5F    	B         	0	.0000	0	.0000	0	.0000	0	.0000	0	.0000	0	.0000
20100728	臺灣50期貨          	T5F    	C         	0	.0000	0	.0000	0	.0000	0	.0000	0	.0000	0	.0000
20100728	臺股期貨            	TXF    	A         	15749	24226566.0000	16035	24669979.0000	-286	-443413.0000	4556	7025416.0000	6228	9589963.0000	-1672	-2564547.0000
20100728	臺股期貨            	TXF    	B         	177	272987.0000	137	210773.0000	40	62214.0000	2578	3980432.0000	2064	3185854.0000	514	794578.0000
20100728	臺股期貨            	TXF    	C         	12028	18486723.0000	6144	9449235.0000	5884	9037488.0000	28714	44253233.0000	20629	31840135.0000	8085	12413098.0000
20100728	非金電期貨          	XIF    	A         	71	66484.0000	78	73042.0000	-7	-6558.0000	283	266466.0000	114	107302.0000	169	159164.0000
20100728	非金電期貨          	XIF    	B         	0	.0000	0	.0000	0	.0000	26	24489.0000	0	.0000	26	24489.0000
20100728	非金電期貨          	XIF    	C         	21	19714.0000	13	12193.0000	8	7521.0000	252	237346.0000	428	403133.0000	-176	-165787.0000
20100729	電子期貨            	EXF    	A         	294	366028.0000	417	518943.0000	-123	-152915.0000	853	1061337.0000	227	281852.0000	626	779485.0000
20100729	電子期貨            	EXF    	B         	0	.0000	0	.0000	0	.0000	207	257881.0000	69	85960.0000	138	171921.0000
20100729	電子期貨            	EXF    	C         	618	769628.0000	539	670983.0000	79	98644.0000	2360	2939937.0000	2703	3367364.0000	-343	-427427.0000
20100729	金融期貨            	FXF    	A         	355	299382.0000	427	359970.0000	-72	-60587.0000	869	730487.0000	636	534813.0000	233	195674.0000
20100729	金融期貨            	FXF    	B         	0	.0000	0	.0000	0	.0000	125	105300.0000	0	.0000	125	105300.0000
20100729	金融期貨            	FXF    	C         	542	457304.0000	521	439336.0000	21	17968.0000	1502	1265285.0000	5589	4708058.0000	-4087	-3442773.0000
20100729	櫃買期貨            	GTF    	A         	77	42615.0000	20	11038.0000	57	31577.0000	103	56441.0000	39	21358.0000	64	35083.0000
20100729	櫃買期貨            	GTF    	B         	0	.0000	0	.0000	0	.0000	0	.0000	20	10960.0000	-20	-10960.0000
20100729	櫃買期貨            	GTF    	C         	0	.0000	0	.0000	0	.0000	0	.0000	0	.0000	0	.0000
20100729	摩臺期              	MSF    	A         	0	.0000	0	.0000	0	.0000	0	.0000	13	11412.0000	-13	-11412.0000
20100729	摩臺期              	MSF    	B         	0	.0000	0	.0000	0	.0000	0	.0000	0	.0000	0	.0000
20100729	摩臺期              	MSF    	C         	0	.0000	0	.0000	0	.0000	0	.0000	0	.0000	0	.0000
20100729	小型臺指            	MXF    	A         	4761	1833984.0000	6339	2440347.0000	-1578	-606364.0000	1587	610172.0000	4152	1597019.0000	-2565	-986847.0000
20100729	小型臺指            	MXF    	B         	0	.0000	0	.0000	0	.0000	2	771.0000	0	.0000	2	771.0000
20100729	小型臺指            	MXF    	C         	6493	2501574.0000	6202	2389612.0000	291	111962.0000	3418	1312838.0000	353	136043.0000	3065	1176795.0000
20100729	股票期貨            	STF    	A         	6105	419766.0000	6170	419018.0000	-65	747.0000	3883	325759.0000	6021	487155.0000	-2138	-161396.0000
20100729	股票期貨            	STF    	B         	0	.0000	0	.0000	0	.0000	0	.0000	0	.0000	0	.0000
20100729	股票期貨            	STF    	C         	0	.0000	47	5654.0000	-47	-5654.0000	9	299.0000	836	66251.0000	-827	-65952.0000
20100729	臺灣50期貨          	T5F    	A         	0	.0000	0	.0000	0	.0000	0	.0000	0	.0000	0	.0000
20100729	臺灣50期貨          	T5F    	B         	0	.0000	0	.0000	0	.0000	0	.0000	0	.0000	0	.0000
20100729	臺灣50期貨          	T5F    	C         	0	.0000	0	.0000	0	.0000	0	.0000	0	.0000	0	.0000
20100729	臺股期貨            	TXF    	A         	18266	28152525.0000	17618	27149775.0000	648	1002750.0000	5029	7743969.0000	6052	9304180.0000	-1023	-1560211.0000
20100729	臺股期貨            	TXF    	B         	19	29330.0000	214	329495.0000	-195	-300166.0000	2574	3968078.0000	2255	3475398.0000	319	492680.0000
20100729	臺股期貨            	TXF    	C         	7165	11043737.0000	9071	13981550.0000	-1906	-2937814.0000	26672	41036934.0000	20438	31497100.0000	6234	9539834.0000
20100729	非金電期貨          	XIF    	A         	153	144418.0000	150	141593.0000	3	2825.0000	290	274099.0000	118	111491.0000	172	162608.0000
20100729	非金電期貨          	XIF    	B         	2	1893.0000	0	.0000	2	1893.0000	28	26474.0000	0	.0000	28	26474.0000
20100729	非金電期貨          	XIF    	C         	39	36829.0000	48	45349.0000	-9	-8520.0000	256	242035.0000	441	416966.0000	-185	-174931.0000
20100730	電子期貨            	EXF    	A         	236	291858.0000	381	470914.0000	-145	-179056.0000	710	877117.0000	229	282436.0000	481	594681.0000
20100730	電子期貨            	EXF    	B         	0	.0000	0	.0000	0	.0000	207	256142.0000	69	85381.0000	138	170761.0000
20100730	電子期貨            	EXF    	C         	784	969621.0000	817	1010240.0000	-33	-40619.0000	2493	3084705.0000	2869	3550071.0000	-376	-465366.0000
20100730	金融期貨            	FXF    	A         	543	458924.0000	581	490304.0000	-38	-31380.0000	886	748690.0000	691	584300.0000	195	164390.0000
20100730	金融期貨            	FXF    	B         	0	.0000	0	.0000	0	.0000	125	105875.0000	0	.0000	125	105875.0000
20100730	金融期貨            	FXF    	C         	812	686145.0000	674	569170.0000	138	116975.0000	1542	1306074.0000	5491	4650755.0000	-3949	-3344681.0000
20100730	櫃買期貨            	GTF    	A         	11	6037.0000	18	9882.0000	-7	-3845.0000	95	52035.0000	38	20801.0000	57	31234.0000
20100730	櫃買期貨            	GTF    	B         	0	.0000	0	.0000	0	.0000	0	.0000	20	10956.0000	-20	-10956.0000
20100730	櫃買期貨            	GTF    	C         	0	.0000	0	.0000	0	.0000	0	.0000	0	.0000	0	.0000
20100730	摩臺期              	MSF    	A         	0	.0000	0	.0000	0	.0000	0	.0000	13	11342.0000	-13	-11342.0000
20100730	摩臺期              	MSF    	B         	0	.0000	0	.0000	0	.0000	0	.0000	0	.0000	0	.0000
20100730	摩臺期              	MSF    	C         	1	884.0000	1	863.0000	0	21.0000	0	.0000	0	.0000	0	.0000
20100730	小型臺指            	MXF    	A         	6573	2522173.0000	5551	2127047.0000	1022	395127.0000	2214	848651.0000	3113	1191790.0000	-899	-343139.0000
20100730	小型臺指            	MXF    	B         	0	.0000	0	.0000	0	.0000	2	768.0000	0	.0000	2	768.0000
20100730	小型臺指            	MXF    	C         	5910	2266293.0000	6686	2563732.0000	-776	-297439.0000	3173	1213662.0000	768	294905.0000	2405	918757.0000
20100730	股票期貨            	STF    	A         	3625	229970.0000	3922	263693.0000	-297	-33723.0000	4343	354736.0000	6778	550639.0000	-2435	-195903.0000
20100730	股票期貨            	STF    	B         	0	.0000	0	.0000	0	.0000	0	.0000	0	.0000	0	.0000
20100730	股票期貨            	STF    	C         	23	1161.0000	9	908.0000	14	253.0000	9	295.0000	822	66197.0000	-813	-65902.0000
20100730	臺灣50期貨          	T5F    	A         	0	.0000	0	.0000	0	.0000	0	.0000	0	.0000	0	.0000
20100730	臺灣50期貨          	T5F    	B         	0	.0000	0	.0000	0	.0000	0	.0000	0	.0000	0	.0000
20100730	臺灣50期貨          	T5F    	C         	0	.0000	0	.0000	0	.0000	0	.0000	0	.0000	0	.0000
20100730	臺股期貨            	TXF    	A         	17299	26537997.0000	17785	27277162.0000	-486	-739164.0000	4420	6779500.0000	6090	9327849.0000	-1670	-2548349.0000
20100730	臺股期貨            	TXF    	B         	40	61422.0000	374	573342.0000	-334	-511920.0000	2563	3936768.0000	2578	3958831.0000	-15	-22063.0000
20100730	臺股期貨            	TXF    	C         	13773	21137682.0000	11781	18063838.0000	1992	3073844.0000	28484	43664519.0000	20287	31146580.0000	8197	12517939.0000
20100730	非金電期貨          	XIF    	A         	125	117707.0000	149	140336.0000	-24	-22629.0000	248	233297.0000	100	94032.0000	148	139265.0000
20100730	非金電期貨          	XIF    	B         	0	.0000	0	.0000	0	.0000	28	26351.0000	0	.0000	28	26351.0000
20100730	非金電期貨          	XIF    	C         	49	46159.0000	38	35760.0000	11	10400.0000	241	226792.0000	415	390557.0000	-174	-163765.0000
