20090302	電子期貨            	EXF    	A         	803	582527.0000	900	650933.0000	-97	-68406.0000	1044	750163.0000	536	384467.0000	508	365696.0000
20090302	電子期貨            	EXF    	B         	111	79689.0000	181	132495.0000	-70	-52806.0000	330	237336.0000	1627	1170138.0000	-1297	-932802.0000
20090302	電子期貨            	EXF    	C         	630	457412.0000	1079	781956.0000	-449	-324544.0000	4868	3500674.0000	2146	1543403.0000	2722	1957271.0000
20090302	金融期貨            	FXF    	A         	603	281232.0000	576	268417.0000	27	12816.0000	445	203235.0000	1024	467403.0000	-579	-264168.0000
20090302	金融期貨            	FXF    	B         	125	58085.0000	125	57724.0000	0	361.0000	709	323736.0000	600	274080.0000	109	49656.0000
20090302	金融期貨            	FXF    	C         	160	73900.0000	411	192726.0000	-251	-118826.0000	1483	677418.0000	3487	1592862.0000	-2004	-915444.0000
20090302	櫃買期貨            	GTF    	A         	332	87879.0000	325	86014.0000	7	1865.0000	35	9255.0000	63	16657.0000	-28	-7402.0000
20090302	櫃買期貨            	GTF    	B         	0	.0000	0	.0000	0	.0000	0	.0000	0	.0000	0	.0000
20090302	櫃買期貨            	GTF    	C         	0	.0000	0	.0000	0	.0000	0	.0000	0	.0000	0	.0000
20090302	摩臺期              	MSF    	A         	4	2308.0000	4	2308.0000	0	.0000	7	4049.0000	11	6363.0000	-4	-2314.0000
20090302	摩臺期              	MSF    	B         	0	.0000	0	.0000	0	.0000	0	.0000	0	.0000	0	.0000
20090302	摩臺期              	MSF    	C         	0	.0000	0	.0000	0	.0000	0	.0000	0	.0000	0	.0000
20090302	小型臺指            	MXF    	A         	5939	1302024.0000	7910	1731237.0000	-1971	-429213.0000	1726	371732.0000	2980	643464.0000	-1254	-271732.0000
20090302	小型臺指            	MXF    	B         	0	.0000	2	444.0000	-2	-444.0000	0	.0000	0	.0000	0	.0000
20090302	小型臺指            	MXF    	C         	189	41680.0000	1395	308491.0000	-1206	-266811.0000	403	87250.0000	0	.0000	403	87250.0000
20090302	臺灣50期貨          	T5F    	A         	0	.0000	0	.0000	0	.0000	0	.0000	0	.0000	0	.0000
20090302	臺灣50期貨          	T5F    	B         	0	.0000	0	.0000	0	.0000	0	.0000	0	.0000	0	.0000
20090302	臺灣50期貨          	T5F    	C         	0	.0000	0	.0000	0	.0000	0	.0000	0	.0000	0	.0000
20090302	臺股期貨            	TXF    	A         	21223	18580492.0000	22233	19468017.0000	-1010	-887525.0000	4481	3812920.0000	7341	6310762.0000	-2860	-2497842.0000
20090302	臺股期貨            	TXF    	B         	1677	1467973.0000	1069	933289.0000	608	534684.0000	1456	1259321.0000	21643	18708739.0000	-20187	-17449418.0000
20090302	臺股期貨            	TXF    	C         	11685	10250864.0000	14397	12600744.0000	-2712	-2349880.0000	57132	49307973.0000	17442	14971414.0000	39690	34336559.0000
20090302	非金電期貨          	XIF    	A         	583	305923.0000	471	246961.0000	112	58962.0000	584	303613.0000	212	109645.0000	372	193968.0000
20090302	非金電期貨          	XIF    	B         	0	.0000	0	.0000	0	.0000	19	9907.0000	0	.0000	19	9907.0000
20090302	非金電期貨          	XIF    	C         	42	22339.0000	70	37050.0000	-28	-14711.0000	72	37483.0000	78	40669.0000	-6	-3186.0000
20090303	電子期貨            	EXF    	A         	856	612611.0000	1037	745222.0000	-181	-132611.0000	857	625833.0000	530	386355.0000	327	239478.0000
20090303	電子期貨            	EXF    	B         	406	291112.0000	113	80334.0000	293	210778.0000	330	241296.0000	1334	975421.0000	-1004	-734125.0000
20090303	電子期貨            	EXF    	C         	1533	1104722.0000	377	271015.0000	1156	833707.0000	5518	4034252.0000	1640	1199062.0000	3878	2835190.0000
20090303	金融期貨            	FXF    	A         	1510	673579.0000	478	213770.0000	1032	459809.0000	836	377935.0000	383	172654.0000	453	205281.0000
20090303	金融期貨            	FXF    	B         	0	.0000	330	146739.0000	-330	-146739.0000	449	203217.0000	670	303094.0000	-221	-99877.0000
20090303	金融期貨            	FXF    	C         	306	137036.0000	1176	524523.0000	-870	-387487.0000	1609	728233.0000	4483	2028969.0000	-2874	-1300736.0000
20090303	櫃買期貨            	GTF    	A         	345	88617.0000	329	84529.0000	16	4089.0000	37	9744.0000	49	12900.0000	-12	-3156.0000
20090303	櫃買期貨            	GTF    	B         	0	.0000	0	.0000	0	.0000	0	.0000	0	.0000	0	.0000
20090303	櫃買期貨            	GTF    	C         	0	.0000	0	.0000	0	.0000	0	.0000	0	.0000	0	.0000
20090303	摩臺期              	MSF    	A         	7	4021.0000	7	4021.0000	0	.0000	8	4647.0000	12	6971.0000	-4	-2324.0000
20090303	摩臺期              	MSF    	B         	0	.0000	0	.0000	0	.0000	0	.0000	0	.0000	0	.0000
20090303	摩臺期              	MSF    	C         	0	.0000	0	.0000	0	.0000	0	.0000	0	.0000	0	.0000
20090303	小型臺指            	MXF    	A         	6588	1417107.0000	6128	1318409.0000	460	98698.0000	2045	444283.0000	2695	586363.0000	-650	-142080.0000
20090303	小型臺指            	MXF    	B         	0	.0000	0	.0000	0	.0000	0	.0000	0	.0000	0	.0000
20090303	小型臺指            	MXF    	C         	1126	243059.0000	226	48198.0000	900	194861.0000	1303	284510.0000	0	.0000	1303	284510.0000
20090303	臺灣50期貨          	T5F    	A         	0	.0000	0	.0000	0	.0000	0	.0000	0	.0000	0	.0000
20090303	臺灣50期貨          	T5F    	B         	0	.0000	0	.0000	0	.0000	0	.0000	0	.0000	0	.0000
20090303	臺灣50期貨          	T5F    	C         	0	.0000	0	.0000	0	.0000	0	.0000	0	.0000	0	.0000
20090303	臺股期貨            	TXF    	A         	23113	19938616.0000	21727	18738870.0000	1386	1199746.0000	5845	5032816.0000	7355	6370556.0000	-1510	-1337740.0000
20090303	臺股期貨            	TXF    	B         	941	812716.0000	2979	2558264.0000	-2038	-1745548.0000	1588	1386959.0000	23811	20758578.0000	-22223	-19371619.0000
20090303	臺股期貨            	TXF    	C         	9592	8269462.0000	7077	6103720.0000	2515	2165742.0000	58386	50811374.0000	16181	13990800.0000	42205	36820574.0000
20090303	非金電期貨          	XIF    	A         	639	328230.0000	613	314911.0000	26	13319.0000	626	322341.0000	228	116627.0000	398	205714.0000
20090303	非金電期貨          	XIF    	B         	0	.0000	0	.0000	0	.0000	19	9823.0000	0	.0000	19	9823.0000
20090303	非金電期貨          	XIF    	C         	86	44410.0000	153	78707.0000	-67	-34297.0000	63	32571.0000	136	70232.0000	-73	-37661.0000
20090304	電子期貨            	EXF    	A         	1016	757845.0000	1058	787158.0000	-42	-29313.0000	712	539852.0000	427	323075.0000	285	216777.0000
20090304	電子期貨            	EXF    	B         	177	132670.0000	155	115529.0000	22	17141.0000	350	265860.0000	1332	1011787.0000	-982	-745927.0000
20090304	電子期貨            	EXF    	C         	1056	785909.0000	270	202385.0000	786	583524.0000	5973	4536544.0000	1309	994233.0000	4664	3542311.0000
20090304	金融期貨            	FXF    	A         	520	235422.0000	455	204797.0000	65	30625.0000	910	417306.0000	392	179298.0000	518	238008.0000
20090304	金融期貨            	FXF    	B         	6	2710.0000	0	.0000	6	2710.0000	455	208845.0000	670	307410.0000	-215	-98565.0000
20090304	金融期貨            	FXF    	C         	1000	453421.0000	1742	787663.0000	-742	-334241.0000	2348	1077732.0000	5964	2737452.0000	-3616	-1659720.0000
20090304	櫃買期貨            	GTF    	A         	223	59907.0000	235	63148.0000	-12	-3241.0000	34	9193.0000	58	15682.0000	-24	-6489.0000
20090304	櫃買期貨            	GTF    	B         	0	.0000	0	.0000	0	.0000	0	.0000	0	.0000	0	.0000
20090304	櫃買期貨            	GTF    	C         	0	.0000	0	.0000	0	.0000	0	.0000	0	.0000	0	.0000
20090304	摩臺期              	MSF    	A         	3	1736.0000	3	1736.0000	0	.0000	10	5966.0000	14	8352.0000	-4	-2386.0000
20090304	摩臺期              	MSF    	B         	0	.0000	0	.0000	0	.0000	0	.0000	0	.0000	0	.0000
20090304	摩臺期              	MSF    	C         	0	.0000	0	.0000	0	.0000	0	.0000	0	.0000	0	.0000
20090304	小型臺指            	MXF    	A         	5836	1291265.0000	4628	1026116.0000	1208	265149.0000	2792	627075.0000	2226	500134.0000	566	126941.0000
20090304	小型臺指            	MXF    	B         	0	.0000	0	.0000	0	.0000	0	.0000	0	.0000	0	.0000
20090304	小型臺指            	MXF    	C         	1485	328756.0000	827	181996.0000	658	146760.0000	1961	442402.0000	0	.0000	1961	442402.0000
20090304	臺灣50期貨          	T5F    	A         	0	.0000	0	.0000	0	.0000	0	.0000	0	.0000	0	.0000
20090304	臺灣50期貨          	T5F    	B         	0	.0000	0	.0000	0	.0000	0	.0000	0	.0000	0	.0000
20090304	臺灣50期貨          	T5F    	C         	0	.0000	0	.0000	0	.0000	0	.0000	0	.0000	0	.0000
20090304	臺股期貨            	TXF    	A         	21858	19377109.0000	19677	17481691.0000	2181	1895418.0000	8470	7566457.0000	7801	6981053.0000	669	585404.0000
20090304	臺股期貨            	TXF    	B         	1051	928814.0000	463	407388.0000	588	521426.0000	1684	1519642.0000	23319	21001477.0000	-21635	-19481835.0000
20090304	臺股期貨            	TXF    	C         	11705	10393485.0000	12016	10660455.0000	-311	-266970.0000	60682	54555111.0000	18788	16800756.0000	41894	37754355.0000
20090304	非金電期貨          	XIF    	A         	386	200942.0000	434	225797.0000	-48	-24855.0000	590	312553.0000	240	126225.0000	350	186328.0000
20090304	非金電期貨          	XIF    	B         	0	.0000	0	.0000	0	.0000	19	10116.0000	0	.0000	19	10116.0000
20090304	非金電期貨          	XIF    	C         	88	45963.0000	79	41247.0000	9	4716.0000	63	33541.0000	127	67527.0000	-64	-33986.0000
20090305	電子期貨            	EXF    	A         	864	665514.0000	827	638005.0000	37	27510.0000	862	663555.0000	540	415128.0000	322	248427.0000
20090305	電子期貨            	EXF    	B         	40	30760.0000	191	146867.0000	-151	-116107.0000	230	177284.0000	1363	1050600.0000	-1133	-873316.0000
20090305	電子期貨            	EXF    	C         	973	752346.0000	573	440467.0000	400	311879.0000	6675	5144720.0000	1611	1241704.0000	5064	3903016.0000
20090305	金融期貨            	FXF    	A         	594	280005.0000	585	275371.0000	9	4634.0000	934	440406.0000	407	191343.0000	527	249063.0000
20090305	金融期貨            	FXF    	B         	20	9341.0000	255	120100.0000	-235	-110760.0000	200	94400.0000	650	306800.0000	-450	-212400.0000
20090305	金融期貨            	FXF    	C         	694	327139.0000	471	221804.0000	223	105335.0000	2785	1314520.0000	6180	2916938.0000	-3395	-1602418.0000
20090305	櫃買期貨            	GTF    	A         	273	74768.0000	270	73951.0000	3	817.0000	42	11586.0000	63	17366.0000	-21	-5780.0000
20090305	櫃買期貨            	GTF    	B         	0	.0000	0	.0000	0	.0000	0	.0000	0	.0000	0	.0000
20090305	櫃買期貨            	GTF    	C         	0	.0000	0	.0000	0	.0000	0	.0000	0	.0000	0	.0000
20090305	摩臺期              	MSF    	A         	1	605.0000	1	605.0000	0	.0000	10	6052.0000	14	8472.0000	-4	-2420.0000
20090305	摩臺期              	MSF    	B         	0	.0000	0	.0000	0	.0000	0	.0000	0	.0000	0	.0000
20090305	摩臺期              	MSF    	C         	0	.0000	0	.0000	0	.0000	0	.0000	0	.0000	0	.0000
20090305	小型臺指            	MXF    	A         	7881	1805964.0000	7295	1671242.0000	586	134722.0000	2812	643424.0000	1592	364177.0000	1220	279247.0000
20090305	小型臺指            	MXF    	B         	0	.0000	0	.0000	0	.0000	0	.0000	0	.0000	0	.0000
20090305	小型臺指            	MXF    	C         	500	114895.0000	1066	243743.0000	-566	-128847.0000	1395	320641.0000	0	.0000	1395	320641.0000
20090305	臺灣50期貨          	T5F    	A         	0	.0000	0	.0000	0	.0000	0	.0000	0	.0000	0	.0000
20090305	臺灣50期貨          	T5F    	B         	0	.0000	0	.0000	0	.0000	0	.0000	0	.0000	0	.0000
20090305	臺灣50期貨          	T5F    	C         	0	.0000	0	.0000	0	.0000	0	.0000	0	.0000	0	.0000
20090305	臺股期貨            	TXF    	A         	23905	21940094.0000	23385	21449780.0000	520	490314.0000	9232	8409237.0000	8060	7350351.0000	1172	1058886.0000
20090305	臺股期貨            	TXF    	B         	2293	2101807.0000	875	802302.0000	1418	1299505.0000	1734	1594240.0000	21951	20140606.0000	-20217	-18546366.0000
20090305	臺股期貨            	TXF    	C         	11315	10372072.0000	12966	11893659.0000	-1651	-1521587.0000	61352	56191422.0000	21109	19250294.0000	40243	36941128.0000
20090305	非金電期貨          	XIF    	A         	503	271256.0000	512	276249.0000	-9	-4993.0000	600	325311.0000	259	139725.0000	341	185586.0000
20090305	非金電期貨          	XIF    	B         	0	.0000	0	.0000	0	.0000	19	10342.0000	0	.0000	19	10342.0000
20090305	非金電期貨          	XIF    	C         	44	23801.0000	210	113887.0000	-166	-90086.0000	58	31569.0000	288	156690.0000	-230	-125121.0000
20090306	電子期貨            	EXF    	A         	808	629528.0000	888	690983.0000	-80	-61455.0000	770	605729.0000	528	414720.0000	242	191009.0000
20090306	電子期貨            	EXF    	B         	99	77542.0000	40	31301.0000	59	46241.0000	230	181286.0000	1304	1027813.0000	-1074	-846527.0000
20090306	電子期貨            	EXF    	C         	754	586245.0000	535	414134.0000	219	172111.0000	6981	5501847.0000	1698	1338282.0000	5283	4163565.0000
20090306	金融期貨            	FXF    	A         	280	129431.0000	188	86872.0000	92	42559.0000	1060	493777.0000	441	204828.0000	619	288949.0000
20090306	金融期貨            	FXF    	B         	0	.0000	0	.0000	0	.0000	200	93240.0000	650	303030.0000	-450	-209790.0000
20090306	金融期貨            	FXF    	C         	638	295691.0000	789	364812.0000	-151	-69121.0000	3058	1425640.0000	6604	3078765.0000	-3546	-1653125.0000
20090306	櫃買期貨            	GTF    	A         	213	58758.0000	219	60418.0000	-6	-1660.0000	38	10585.0000	65	18092.0000	-27	-7507.0000
20090306	櫃買期貨            	GTF    	B         	0	.0000	0	.0000	0	.0000	0	.0000	0	.0000	0	.0000
20090306	櫃買期貨            	GTF    	C         	0	.0000	0	.0000	0	.0000	0	.0000	0	.0000	0	.0000
20090306	摩臺期              	MSF    	A         	1	605.0000	1	605.0000	0	.0000	11	6766.0000	15	9226.0000	-4	-2460.0000
20090306	摩臺期              	MSF    	B         	0	.0000	0	.0000	0	.0000	0	.0000	0	.0000	0	.0000
20090306	摩臺期              	MSF    	C         	0	.0000	0	.0000	0	.0000	0	.0000	0	.0000	0	.0000
20090306	小型臺指            	MXF    	A         	10152	2332418.0000	9191	2111645.0000	961	220773.0000	3217	741266.0000	1340	308232.0000	1877	433034.0000
20090306	小型臺指            	MXF    	B         	0	.0000	0	.0000	0	.0000	0	.0000	0	.0000	0	.0000
20090306	小型臺指            	MXF    	C         	1471	338085.0000	800	183883.0000	671	154203.0000	2066	478279.0000	0	.0000	2066	478279.0000
20090306	臺灣50期貨          	T5F    	A         	0	.0000	0	.0000	0	.0000	0	.0000	0	.0000	0	.0000
20090306	臺灣50期貨          	T5F    	B         	0	.0000	0	.0000	0	.0000	0	.0000	0	.0000	0	.0000
20090306	臺灣50期貨          	T5F    	C         	0	.0000	0	.0000	0	.0000	0	.0000	0	.0000	0	.0000
20090306	臺股期貨            	TXF    	A         	22514	20689415.0000	23013	21143490.0000	-499	-454076.0000	10191	9355404.0000	9442	8676984.0000	749	678420.0000
20090306	臺股期貨            	TXF    	B         	1253	1151317.0000	1425	1306447.0000	-172	-155130.0000	1826	1690876.0000	22215	20527135.0000	-20389	-18836259.0000
20090306	臺股期貨            	TXF    	C         	12032	11039644.0000	9627	8847047.0000	2405	2192597.0000	63415	58484432.0000	20767	19063827.0000	42648	39420605.0000
20090306	非金電期貨          	XIF    	A         	397	212040.0000	379	202351.0000	18	9689.0000	621	332659.0000	262	139626.0000	359	193033.0000
20090306	非金電期貨          	XIF    	B         	0	.0000	0	.0000	0	.0000	19	10214.0000	0	.0000	19	10214.0000
20090306	非金電期貨          	XIF    	C         	54	29139.0000	123	66124.0000	-69	-36985.0000	58	31181.0000	357	191861.0000	-299	-160680.0000
20090309	電子期貨            	EXF    	A         	848	655824.0000	838	649043.0000	10	6781.0000	883	687133.0000	631	490355.0000	252	196778.0000
20090309	電子期貨            	EXF    	B         	174	134182.0000	62	47717.0000	112	86464.0000	230	179308.0000	1192	929283.0000	-962	-749975.0000
20090309	電子期貨            	EXF    	C         	495	386249.0000	978	757881.0000	-483	-371632.0000	6515	5078501.0000	1715	1336930.0000	4800	3741571.0000
20090309	金融期貨            	FXF    	A         	518	240228.0000	542	250374.0000	-24	-10146.0000	1030	474873.0000	435	199763.0000	595	275110.0000
20090309	金融期貨            	FXF    	B         	0	.0000	0	.0000	0	.0000	200	92280.0000	650	299910.0000	-450	-207630.0000
20090309	金融期貨            	FXF    	C         	364	168869.0000	294	136905.0000	70	31964.0000	2963	1367128.0000	6439	2970934.0000	-3476	-1603806.0000
20090309	櫃買期貨            	GTF    	A         	222	61282.0000	218	60183.0000	4	1099.0000	43	11952.0000	66	18340.0000	-23	-6388.0000
20090309	櫃買期貨            	GTF    	B         	0	.0000	0	.0000	0	.0000	0	.0000	0	.0000	0	.0000
20090309	櫃買期貨            	GTF    	C         	0	.0000	0	.0000	0	.0000	0	.0000	0	.0000	0	.0000
20090309	摩臺期              	MSF    	A         	10	6047.0000	10	6044.0000	0	3.0000	12	7290.0000	16	9720.0000	-4	-2430.0000
20090309	摩臺期              	MSF    	B         	0	.0000	0	.0000	0	.0000	0	.0000	0	.0000	0	.0000
20090309	摩臺期              	MSF    	C         	0	.0000	0	.0000	0	.0000	0	.0000	0	.0000	0	.0000
20090309	小型臺指            	MXF    	A         	8508	1951136.0000	9890	2265963.0000	-1382	-314827.0000	3057	703295.0000	1962	451263.0000	1095	252032.0000
20090309	小型臺指            	MXF    	B         	0	.0000	0	.0000	0	.0000	0	.0000	0	.0000	0	.0000
20090309	小型臺指            	MXF    	C         	277	63686.0000	1536	352378.0000	-1259	-288691.0000	807	186538.0000	0	.0000	807	186538.0000
20090309	臺灣50期貨          	T5F    	A         	0	.0000	0	.0000	0	.0000	0	.0000	0	.0000	0	.0000
20090309	臺灣50期貨          	T5F    	B         	0	.0000	0	.0000	0	.0000	0	.0000	0	.0000	0	.0000
20090309	臺灣50期貨          	T5F    	C         	0	.0000	0	.0000	0	.0000	0	.0000	0	.0000	0	.0000
20090309	臺股期貨            	TXF    	A         	19890	18267847.0000	20807	19102067.0000	-917	-834220.0000	8501	7779873.0000	8819	8088529.0000	-318	-308656.0000
20090309	臺股期貨            	TXF    	B         	957	880037.0000	380	349206.0000	577	530830.0000	2073	1916696.0000	21885	20190189.0000	-19812	-18273493.0000
20090309	臺股期貨            	TXF    	C         	7841	7190326.0000	9994	9168714.0000	-2153	-1978389.0000	62237	57302593.0000	21742	19931596.0000	40495	37370997.0000
20090309	非金電期貨          	XIF    	A         	372	200633.0000	433	233995.0000	-61	-33362.0000	573	312023.0000	275	148930.0000	298	163093.0000
20090309	非金電期貨          	XIF    	B         	0	.0000	0	.0000	0	.0000	19	10395.0000	0	.0000	19	10395.0000
20090309	非金電期貨          	XIF    	C         	193	105435.0000	240	130560.0000	-47	-25125.0000	39	21337.0000	385	210563.0000	-346	-189226.0000
20090310	電子期貨            	EXF    	A         	900	697288.0000	931	720664.0000	-31	-23375.0000	805	626709.0000	584	453785.0000	221	172924.0000
20090310	電子期貨            	EXF    	B         	106	82284.0000	468	362909.0000	-362	-280625.0000	320	249664.0000	1644	1282649.0000	-1324	-1032985.0000
20090310	電子期貨            	EXF    	C         	393	303471.0000	703	546740.0000	-310	-243269.0000	6167	4810637.0000	1677	1308316.0000	4490	3502321.0000
20090310	金融期貨            	FXF    	A         	580	271218.0000	635	296494.0000	-55	-25276.0000	1028	483444.0000	488	228676.0000	540	254768.0000
20090310	金融期貨            	FXF    	B         	0	.0000	0	.0000	0	.0000	200	94160.0000	650	306020.0000	-450	-211860.0000
20090310	金融期貨            	FXF    	C         	611	286096.0000	523	244949.0000	88	41147.0000	3219	1515505.0000	6607	3110558.0000	-3388	-1595053.0000
20090310	櫃買期貨            	GTF    	A         	109	30617.0000	115	32298.0000	-6	-1681.0000	39	11045.0000	68	19252.0000	-29	-8207.0000
20090310	櫃買期貨            	GTF    	B         	0	.0000	0	.0000	0	.0000	0	.0000	0	.0000	0	.0000
20090310	櫃買期貨            	GTF    	C         	0	.0000	0	.0000	0	.0000	0	.0000	0	.0000	0	.0000
20090310	摩臺期              	MSF    	A         	3	1813.0000	3	1813.0000	0	.0000	12	7285.0000	16	9713.0000	-4	-2428.0000
20090310	摩臺期              	MSF    	B         	0	.0000	0	.0000	0	.0000	0	.0000	0	.0000	0	.0000
20090310	摩臺期              	MSF    	C         	0	.0000	0	.0000	0	.0000	0	.0000	0	.0000	0	.0000
20090310	小型臺指            	MXF    	A         	8945	2066364.0000	8743	2019224.0000	202	47141.0000	3262	756006.0000	2497	578797.0000	765	177209.0000
20090310	小型臺指            	MXF    	B         	0	.0000	0	.0000	0	.0000	0	.0000	0	.0000	0	.0000
20090310	小型臺指            	MXF    	C         	458	106067.0000	626	145025.0000	-168	-38958.0000	639	148727.0000	0	.0000	639	148727.0000
20090310	臺灣50期貨          	T5F    	A         	0	.0000	0	.0000	0	.0000	0	.0000	0	.0000	0	.0000
20090310	臺灣50期貨          	T5F    	B         	0	.0000	0	.0000	0	.0000	0	.0000	0	.0000	0	.0000
20090310	臺灣50期貨          	T5F    	C         	0	.0000	0	.0000	0	.0000	0	.0000	0	.0000	0	.0000
20090310	臺股期貨            	TXF    	A         	20663	19111943.0000	20052	18541675.0000	611	570269.0000	9168	8455709.0000	8742	8072784.0000	426	382925.0000
20090310	臺股期貨            	TXF    	B         	625	579156.0000	849	780525.0000	-224	-201370.0000	2040	1899240.0000	22076	20505777.0000	-20036	-18606537.0000
20090310	臺股期貨            	TXF    	C         	7074	6529202.0000	7551	6979684.0000	-477	-450482.0000	61640	57137160.0000	21622	19955591.0000	40018	37181569.0000
20090310	非金電期貨          	XIF    	A         	1215	651312.0000	1167	624758.0000	48	26554.0000	664	366143.0000	318	174015.0000	346	192128.0000
20090310	非金電期貨          	XIF    	B         	0	.0000	0	.0000	0	.0000	19	10534.0000	0	.0000	19	10534.0000
20090310	非金電期貨          	XIF    	C         	47	25928.0000	118	64884.0000	-71	-38956.0000	39	21622.0000	456	252741.0000	-417	-231119.0000
20090311	電子期貨            	EXF    	A         	1004	792796.0000	917	723735.0000	87	69061.0000	977	766542.0000	669	523972.0000	308	242570.0000
20090311	電子期貨            	EXF    	B         	0	.0000	5	4000.0000	-5	-4000.0000	320	251712.0000	1649	1297103.0000	-1329	-1045391.0000
20090311	電子期貨            	EXF    	C         	877	692488.0000	341	268981.0000	536	423507.0000	6795	5343875.0000	1769	1391328.0000	5026	3952547.0000
20090311	金融期貨            	FXF    	A         	944	464890.0000	827	406065.0000	117	58825.0000	1145	564606.0000	488	239708.0000	657	324898.0000
20090311	金融期貨            	FXF    	B         	0	.0000	0	.0000	0	.0000	200	98720.0000	650	320840.0000	-450	-222120.0000
20090311	金融期貨            	FXF    	C         	1534	755741.0000	1548	759834.0000	-14	-4094.0000	2601	1283854.0000	6003	2963049.0000	-3402	-1679195.0000
20090311	櫃買期貨            	GTF    	A         	295	83090.0000	288	81121.0000	7	1969.0000	41	11555.0000	63	17748.0000	-22	-6193.0000
20090311	櫃買期貨            	GTF    	B         	0	.0000	0	.0000	0	.0000	0	.0000	0	.0000	0	.0000
20090311	櫃買期貨            	GTF    	C         	0	.0000	0	.0000	0	.0000	0	.0000	0	.0000	0	.0000
20090311	摩臺期              	MSF    	A         	3	1842.0000	4	2454.0000	-1	-612.0000	10	6172.0000	15	9252.0000	-5	-3080.0000
20090311	摩臺期              	MSF    	B         	0	.0000	0	.0000	0	.0000	0	.0000	0	.0000	0	.0000
20090311	摩臺期              	MSF    	C         	0	.0000	0	.0000	0	.0000	0	.0000	0	.0000	0	.0000
20090311	小型臺指            	MXF    	A         	6995	1659706.0000	6746	1601354.0000	249	58352.0000	3181	752429.0000	2519	596590.0000	662	155839.0000
20090311	小型臺指            	MXF    	B         	0	.0000	0	.0000	0	.0000	0	.0000	0	.0000	0	.0000
20090311	小型臺指            	MXF    	C         	1032	245751.0000	748	177277.0000	284	68475.0000	923	219582.0000	0	.0000	923	219582.0000
20090311	臺灣50期貨          	T5F    	A         	0	.0000	0	.0000	0	.0000	0	.0000	0	.0000	0	.0000
20090311	臺灣50期貨          	T5F    	B         	0	.0000	0	.0000	0	.0000	0	.0000	0	.0000	0	.0000
20090311	臺灣50期貨          	T5F    	C         	0	.0000	0	.0000	0	.0000	0	.0000	0	.0000	0	.0000
20090311	臺股期貨            	TXF    	A         	17034	16186129.0000	17218	16363711.0000	-184	-177582.0000	9164	8638449.0000	8834	8341967.0000	330	296482.0000
20090311	臺股期貨            	TXF    	B         	2608	2481290.0000	1606	1515355.0000	1002	965936.0000	1791	1704316.0000	20825	19758437.0000	-19034	-18054121.0000
20090311	臺股期貨            	TXF    	C         	10663	10116524.0000	11851	11250787.0000	-1188	-1134263.0000	62412	59118972.0000	23582	22257017.0000	38830	36861955.0000
20090311	非金電期貨          	XIF    	A         	554	313345.0000	552	312424.0000	2	921.0000	714	407152.0000	366	207535.0000	348	199617.0000
20090311	非金電期貨          	XIF    	B         	0	.0000	0	.0000	0	.0000	19	10895.0000	0	.0000	19	10895.0000
20090311	非金電期貨          	XIF    	C         	98	55921.0000	49	27768.0000	49	28153.0000	39	22363.0000	407	233240.0000	-368	-210877.0000
20090312	電子期貨            	EXF    	A         	1138	899219.0000	754	593776.0000	384	305443.0000	1451	1142634.0000	759	594574.0000	692	548060.0000
20090312	電子期貨            	EXF    	B         	44	34756.0000	35	27631.0000	9	7125.0000	326	257279.0000	1646	1299023.0000	-1320	-1041744.0000
20090312	電子期貨            	EXF    	C         	692	545427.0000	688	543554.0000	4	1872.0000	6954	5485195.0000	1917	1512499.0000	5037	3972696.0000
20090312	金融期貨            	FXF    	A         	579	279766.0000	473	228391.0000	106	51375.0000	1379	664747.0000	616	295630.0000	763	369117.0000
20090312	金融期貨            	FXF    	B         	10	4823.0000	6	2892.0000	4	1930.0000	204	98410.0000	650	313560.0000	-446	-215150.0000
20090312	金融期貨            	FXF    	C         	323	156427.0000	450	217498.0000	-127	-61071.0000	2545	1227664.0000	6074	2930060.0000	-3529	-1702396.0000
20090312	櫃買期貨            	GTF    	A         	1008	282301.0000	1014	283987.0000	-6	-1686.0000	37	10403.0000	65	18283.0000	-28	-7880.0000
20090312	櫃買期貨            	GTF    	B         	0	.0000	0	.0000	0	.0000	0	.0000	0	.0000	0	.0000
20090312	櫃買期貨            	GTF    	C         	0	.0000	0	.0000	0	.0000	0	.0000	0	.0000	0	.0000
20090312	摩臺期              	MSF    	A         	2	1193.0000	3	1803.0000	-1	-610.0000	9	5525.0000	15	9201.0000	-6	-3676.0000
20090312	摩臺期              	MSF    	B         	0	.0000	0	.0000	0	.0000	0	.0000	0	.0000	0	.0000
20090312	摩臺期              	MSF    	C         	0	.0000	0	.0000	0	.0000	0	.0000	0	.0000	0	.0000
20090312	小型臺指            	MXF    	A         	5318	1262676.0000	5739	1362591.0000	-421	-99915.0000	2923	689159.0000	2838	670636.0000	85	18523.0000
20090312	小型臺指            	MXF    	B         	0	.0000	0	.0000	0	.0000	0	.0000	0	.0000	0	.0000
20090312	小型臺指            	MXF    	C         	758	180363.0000	241	57242.0000	517	123121.0000	1440	341856.0000	0	.0000	1440	341856.0000
20090312	臺灣50期貨          	T5F    	A         	0	.0000	0	.0000	0	.0000	0	.0000	0	.0000	0	.0000
20090312	臺灣50期貨          	T5F    	B         	0	.0000	0	.0000	0	.0000	0	.0000	0	.0000	0	.0000
20090312	臺灣50期貨          	T5F    	C         	0	.0000	0	.0000	0	.0000	0	.0000	0	.0000	0	.0000
20090312	臺股期貨            	TXF    	A         	13267	12598302.0000	12617	11988646.0000	650	609656.0000	9030	8483173.0000	8011	7539964.0000	1019	943209.0000
20090312	臺股期貨            	TXF    	B         	5110	4862926.0000	4596	4318342.0000	514	544584.0000	1812	1720675.0000	20332	19191023.0000	-18520	-17470348.0000
20090312	臺股期貨            	TXF    	C         	11815	11182786.0000	12910	12267979.0000	-1095	-1085193.0000	61477	58043291.0000	23742	22349299.0000	37735	35693992.0000
20090312	非金電期貨          	XIF    	A         	578	328181.0000	584	330566.0000	-6	-2385.0000	923	523583.0000	581	326987.0000	342	196596.0000
20090312	非金電期貨          	XIF    	B         	0	.0000	0	.0000	0	.0000	19	10860.0000	0	.0000	19	10860.0000
20090312	非金電期貨          	XIF    	C         	131	73997.0000	124	70984.0000	7	3013.0000	126	71254.0000	487	278369.0000	-361	-207115.0000
20090313	電子期貨            	EXF    	A         	1020	828454.0000	1079	876712.0000	-59	-48257.0000	1522	1236616.0000	889	719930.0000	633	516686.0000
20090313	電子期貨            	EXF    	B         	47	38345.0000	127	102980.0000	-80	-64635.0000	289	235477.0000	1691	1377827.0000	-1402	-1142350.0000
20090313	電子期貨            	EXF    	C         	1220	989675.0000	1592	1294189.0000	-372	-304514.0000	6544	5327119.0000	1879	1527863.0000	4665	3799256.0000
20090313	金融期貨            	FXF    	A         	1384	686197.0000	1574	784145.0000	-190	-97947.0000	1380	698547.0000	807	407284.0000	573	291263.0000
20090313	金融期貨            	FXF    	B         	685	345095.0000	0	.0000	685	345095.0000	239	120974.0000	0	.0000	239	120974.0000
20090313	金融期貨            	FXF    	C         	1731	863347.0000	750	375667.0000	981	487681.0000	2615	1323759.0000	5159	2612505.0000	-2544	-1288746.0000
20090313	櫃買期貨            	GTF    	A         	420	122215.0000	437	127155.0000	-17	-4940.0000	36	10424.0000	81	23500.0000	-45	-13076.0000
20090313	櫃買期貨            	GTF    	B         	0	.0000	0	.0000	0	.0000	0	.0000	0	.0000	0	.0000
20090313	櫃買期貨            	GTF    	C         	0	.0000	0	.0000	0	.0000	0	.0000	0	.0000	0	.0000
20090313	摩臺期              	MSF    	A         	6	3795.0000	5	3162.0000	1	632.0000	7	4463.0000	12	7637.0000	-5	-3174.0000
20090313	摩臺期              	MSF    	B         	0	.0000	0	.0000	0	.0000	0	.0000	0	.0000	0	.0000
20090313	摩臺期              	MSF    	C         	0	.0000	0	.0000	0	.0000	0	.0000	0	.0000	0	.0000
20090313	小型臺指            	MXF    	A         	8665	2104259.0000	8311	2025066.0000	354	79193.0000	3057	744201.0000	2726	666575.0000	331	77626.0000
20090313	小型臺指            	MXF    	B         	0	.0000	0	.0000	0	.0000	0	.0000	0	.0000	0	.0000
20090313	小型臺指            	MXF    	C         	1212	294825.0000	475	115970.0000	737	178854.0000	2177	533304.0000	0	.0000	2177	533304.0000
20090313	臺灣50期貨          	T5F    	A         	0	.0000	0	.0000	0	.0000	0	.0000	0	.0000	0	.0000
20090313	臺灣50期貨          	T5F    	B         	0	.0000	0	.0000	0	.0000	0	.0000	0	.0000	0	.0000
20090313	臺灣50期貨          	T5F    	C         	0	.0000	0	.0000	0	.0000	0	.0000	0	.0000	0	.0000
20090313	臺股期貨            	TXF    	A         	30539	29785083.0000	25561	24917606.0000	4978	4867477.0000	12496	12158627.0000	6472	6288002.0000	6024	5870625.0000
20090313	臺股期貨            	TXF    	B         	3442	3358187.0000	1706	1638158.0000	1736	1720028.0000	1692	1658160.0000	18474	18008936.0000	-16782	-16350776.0000
20090313	臺股期貨            	TXF    	C         	14630	14179324.0000	19111	18635325.0000	-4481	-4456001.0000	60856	59333496.0000	27607	26876983.0000	33249	32456513.0000
20090313	非金電期貨          	XIF    	A         	547	316396.0000	522	301704.0000	25	14691.0000	927	542318.0000	560	326209.0000	367	216109.0000
20090313	非金電期貨          	XIF    	B         	0	.0000	0	.0000	0	.0000	19	11163.0000	0	.0000	19	11163.0000
20090313	非金電期貨          	XIF    	C         	56	32789.0000	122	71042.0000	-66	-38254.0000	132	77107.0000	559	328413.0000	-427	-251306.0000
20090316	電子期貨            	EXF    	A         	637	521216.0000	493	403586.0000	144	117631.0000	1714	1402118.0000	937	764482.0000	777	637636.0000
20090316	電子期貨            	EXF    	B         	167	136798.0000	123	100105.0000	44	36693.0000	289	236932.0000	1647	1349910.0000	-1358	-1112978.0000
20090316	電子期貨            	EXF    	C         	830	677689.0000	821	671331.0000	9	6358.0000	6426	5263962.0000	1752	1433862.0000	4674	3830100.0000
20090316	金融期貨            	FXF    	A         	1209	614765.0000	885	449613.0000	324	165151.0000	1457	743950.0000	560	284342.0000	897	459608.0000
20090316	金融期貨            	FXF    	B         	63	31980.0000	50	25579.0000	13	6401.0000	252	128411.0000	0	.0000	252	128411.0000
20090316	金融期貨            	FXF    	C         	2009	1022115.0000	2463	1248249.0000	-454	-226134.0000	2441	1245248.0000	5439	2774696.0000	-2998	-1529448.0000
20090316	櫃買期貨            	GTF    	A         	571	168161.0000	567	166998.0000	4	1163.0000	37	10816.0000	78	22847.0000	-41	-12031.0000
20090316	櫃買期貨            	GTF    	B         	0	.0000	0	.0000	0	.0000	0	.0000	0	.0000	0	.0000
20090316	櫃買期貨            	GTF    	C         	0	.0000	0	.0000	0	.0000	0	.0000	0	.0000	0	.0000
20090316	摩臺期              	MSF    	A         	2	1280.0000	2	1280.0000	0	.0000	7	4498.0000	12	7702.0000	-5	-3204.0000
20090316	摩臺期              	MSF    	B         	0	.0000	0	.0000	0	.0000	0	.0000	0	.0000	0	.0000
20090316	摩臺期              	MSF    	C         	0	.0000	0	.0000	0	.0000	0	.0000	0	.0000	0	.0000
20090316	小型臺指            	MXF    	A         	5248	1295094.0000	5231	1291875.0000	17	3219.0000	3407	840108.0000	3099	767474.0000	308	72634.0000
20090316	小型臺指            	MXF    	B         	0	.0000	0	.0000	0	.0000	0	.0000	0	.0000	0	.0000
20090316	小型臺指            	MXF    	C         	149	36965.0000	1138	280785.0000	-989	-243820.0000	1188	294687.0000	0	.0000	1188	294687.0000
20090316	臺灣50期貨          	T5F    	A         	0	.0000	0	.0000	0	.0000	0	.0000	0	.0000	0	.0000
20090316	臺灣50期貨          	T5F    	B         	0	.0000	0	.0000	0	.0000	0	.0000	0	.0000	0	.0000
20090316	臺灣50期貨          	T5F    	C         	0	.0000	0	.0000	0	.0000	0	.0000	0	.0000	0	.0000
20090316	臺股期貨            	TXF    	A         	17283	17097588.0000	15280	15110356.0000	2003	1987231.0000	14244	14048863.0000	6207	6105071.0000	8037	7943792.0000
20090316	臺股期貨            	TXF    	B         	1963	1941313.0000	1235	1216028.0000	728	725285.0000	1666	1652218.0000	17720	17490733.0000	-16054	-15838515.0000
20090316	臺股期貨            	TXF    	C         	19191	18917161.0000	24213	23902250.0000	-5022	-4985089.0000	60667	59879020.0000	32440	31996801.0000	28227	27882219.0000
20090316	非金電期貨          	XIF    	A         	321	191017.0000	304	180929.0000	17	10088.0000	948	568669.0000	564	337499.0000	384	231170.0000
20090316	非金電期貨          	XIF    	B         	0	.0000	0	.0000	0	.0000	19	11425.0000	0	.0000	19	11425.0000
20090316	非金電期貨          	XIF    	C         	58	34481.0000	71	42484.0000	-13	-8003.0000	130	77913.0000	570	342735.0000	-440	-264822.0000
20090317	電子期貨            	EXF    	A         	875	717393.0000	856	699518.0000	19	17875.0000	1875	1555354.0000	1079	892878.0000	796	662476.0000
20090317	電子期貨            	EXF    	B         	696	570810.0000	296	241067.0000	400	329743.0000	199	165007.0000	1155	958668.0000	-956	-793661.0000
20090317	電子期貨            	EXF    	C         	3632	2972201.0000	4298	3524261.0000	-666	-552060.0000	6166	5113971.0000	2160	1790865.0000	4006	3323106.0000
20090317	金融期貨            	FXF    	A         	1636	851719.0000	1508	787948.0000	128	63771.0000	1451	763727.0000	426	223599.0000	1025	540128.0000
20090317	金融期貨            	FXF    	B         	137	71061.0000	90	47045.0000	47	24016.0000	299	156992.0000	0	.0000	299	156992.0000
20090317	金融期貨            	FXF    	C         	3169	1658337.0000	2392	1244359.0000	777	413977.0000	2351	1240912.0000	4572	2405452.0000	-2221	-1164540.0000
20090317	櫃買期貨            	GTF    	A         	174	51289.0000	171	50408.0000	3	881.0000	38	11253.0000	76	22541.0000	-38	-11288.0000
20090317	櫃買期貨            	GTF    	B         	0	.0000	0	.0000	0	.0000	0	.0000	0	.0000	0	.0000
20090317	櫃買期貨            	GTF    	C         	0	.0000	0	.0000	0	.0000	0	.0000	0	.0000	0	.0000
20090317	摩臺期              	MSF    	A         	9	5806.0000	9	5806.0000	0	.0000	9	5839.0000	14	9085.0000	-5	-3246.0000
20090317	摩臺期              	MSF    	B         	0	.0000	0	.0000	0	.0000	0	.0000	0	.0000	0	.0000
20090317	摩臺期              	MSF    	C         	0	.0000	0	.0000	0	.0000	0	.0000	0	.0000	0	.0000
20090317	小型臺指            	MXF    	A         	8207	2043240.0000	8518	2127158.0000	-311	-83917.0000	3209	805957.0000	3464	874992.0000	-255	-69035.0000
20090317	小型臺指            	MXF    	B         	0	.0000	0	.0000	0	.0000	0	.0000	0	.0000	0	.0000
20090317	小型臺指            	MXF    	C         	805	202382.0000	247	62441.0000	558	139941.0000	1746	441422.0000	0	.0000	1746	441422.0000
20090317	臺灣50期貨          	T5F    	A         	0	.0000	0	.0000	0	.0000	0	.0000	0	.0000	0	.0000
20090317	臺灣50期貨          	T5F    	B         	0	.0000	0	.0000	0	.0000	0	.0000	0	.0000	0	.0000
20090317	臺灣50期貨          	T5F    	C         	0	.0000	0	.0000	0	.0000	0	.0000	0	.0000	0	.0000
20090317	臺股期貨            	TXF    	A         	22241	22249833.0000	21328	21343421.0000	913	906411.0000	15381	15466452.0000	6368	6383182.0000	9013	9083270.0000
20090317	臺股期貨            	TXF    	B         	4451	4434322.0000	4438	4398408.0000	13	35913.0000	1807	1822179.0000	17828	17919012.0000	-16021	-16096833.0000
20090317	臺股期貨            	TXF    	C         	30917	30767373.0000	33774	33673734.0000	-2857	-2906362.0000	58317	58605027.0000	32947	33105871.0000	25370	25499156.0000
20090317	非金電期貨          	XIF    	A         	1260	752962.0000	1297	775015.0000	-37	-22053.0000	1102	675397.0000	755	461679.0000	347	213718.0000
20090317	非金電期貨          	XIF    	B         	19	11389.0000	19	11521.0000	0	-132.0000	19	11619.0000	0	.0000	19	11619.0000
20090317	非金電期貨          	XIF    	C         	146	88578.0000	100	60800.0000	46	27778.0000	124	75871.0000	518	318395.0000	-394	-242524.0000
20090318	電子期貨            	EXF    	A         	992	824485.0000	1370	1141074.0000	-378	-316589.0000	849	702165.0000	942	779203.0000	-93	-77038.0000
20090318	電子期貨            	EXF    	B         	323	268718.0000	294	244537.0000	29	24182.0000	199	164772.0000	354	293112.0000	-155	-128340.0000
20090318	電子期貨            	EXF    	C         	1628	1352694.0000	1738	1446971.0000	-110	-94276.0000	3237	2680236.0000	1224	1013472.0000	2013	1666764.0000
20090318	金融期貨            	FXF    	A         	1011	530248.0000	975	515248.0000	36	15001.0000	1378	719581.0000	258	134432.0000	1120	585149.0000
20090318	金融期貨            	FXF    	B         	64	33455.0000	64	33919.0000	0	-464.0000	299	156198.0000	0	.0000	299	156198.0000
20090318	金融期貨            	FXF    	C         	2898	1528400.0000	2628	1380151.0000	270	148249.0000	1800	940320.0000	4404	2300650.0000	-2604	-1360330.0000
20090318	櫃買期貨            	GTF    	A         	197	59237.0000	190	57132.0000	7	2105.0000	12	3522.0000	38	11276.0000	-26	-7754.0000
20090318	櫃買期貨            	GTF    	B         	0	.0000	0	.0000	0	.0000	0	.0000	0	.0000	0	.0000
20090318	櫃買期貨            	GTF    	C         	0	.0000	0	.0000	0	.0000	0	.0000	0	.0000	0	.0000
20090318	摩臺期              	MSF    	A         	113	71339.0000	106	66864.0000	7	4474.0000	8	5174.0000	8	5191.0000	0	-17.0000
20090318	摩臺期              	MSF    	B         	0	.0000	0	.0000	0	.0000	0	.0000	0	.0000	0	.0000
20090318	摩臺期              	MSF    	C         	0	.0000	0	.0000	0	.0000	0	.0000	0	.0000	0	.0000
20090318	小型臺指            	MXF    	A         	8541	2151461.0000	8673	2186944.0000	-132	-35483.0000	2431	608384.0000	216	53319.0000	2215	555065.0000
20090318	小型臺指            	MXF    	B         	0	.0000	0	.0000	0	.0000	0	.0000	0	.0000	0	.0000
20090318	小型臺指            	MXF    	C         	149	37657.0000	1406	354368.0000	-1257	-316711.0000	70	17598.0000	1065	267741.0000	-995	-250143.0000
20090318	臺灣50期貨          	T5F    	A         	0	.0000	0	.0000	0	.0000	0	.0000	0	.0000	0	.0000
20090318	臺灣50期貨          	T5F    	B         	0	.0000	0	.0000	0	.0000	0	.0000	0	.0000	0	.0000
20090318	臺灣50期貨          	T5F    	C         	0	.0000	0	.0000	0	.0000	0	.0000	0	.0000	0	.0000
20090318	臺股期貨            	TXF    	A         	21597	21812556.0000	21553	21766253.0000	44	46302.0000	5009	4971244.0000	4449	4445441.0000	560	525803.0000
20090318	臺股期貨            	TXF    	B         	6728	6805129.0000	5574	5611288.0000	1154	1193841.0000	1383	1390745.0000	15738	15790933.0000	-14355	-14400188.0000
20090318	臺股期貨            	TXF    	C         	20468	20632336.0000	20946	21181559.0000	-478	-549223.0000	40438	40493764.0000	10908	10833462.0000	29530	29660302.0000
20090318	非金電期貨          	XIF    	A         	439	267515.0000	447	272594.0000	-8	-5078.0000	512	311054.0000	564	342772.0000	-52	-31718.0000
20090318	非金電期貨          	XIF    	B         	0	.0000	0	.0000	0	.0000	19	11562.0000	0	.0000	19	11562.0000
20090318	非金電期貨          	XIF    	C         	159	97199.0000	126	76895.0000	33	20304.0000	44	26774.0000	6	3651.0000	38	23123.0000
20090319	電子期貨            	EXF    	A         	912	757298.0000	892	738860.0000	20	18438.0000	844	689245.0000	917	748959.0000	-73	-59714.0000
20090319	電子期貨            	EXF    	B         	80	66397.0000	55	45676.0000	25	20721.0000	199	162702.0000	329	268990.0000	-130	-106288.0000
20090319	電子期貨            	EXF    	C         	851	706721.0000	552	457535.0000	299	249186.0000	3511	2870571.0000	1199	980302.0000	2312	1890269.0000
20090319	金融期貨            	FXF    	A         	756	406661.0000	1019	549027.0000	-263	-142366.0000	1102	584851.0000	245	129727.0000	857	455124.0000
20090319	金融期貨            	FXF    	B         	0	.0000	35	18649.0000	-35	-18649.0000	264	140184.0000	0	.0000	264	140184.0000
20090319	金融期貨            	FXF    	C         	630	338045.0000	512	275470.0000	118	62576.0000	1527	810837.0000	4012	2130372.0000	-2485	-1319535.0000
20090319	櫃買期貨            	GTF    	A         	171	51708.0000	165	49928.0000	6	1780.0000	19	5609.0000	39	11550.0000	-20	-5941.0000
20090319	櫃買期貨            	GTF    	B         	0	.0000	0	.0000	0	.0000	0	.0000	0	.0000	0	.0000
20090319	櫃買期貨            	GTF    	C         	0	.0000	0	.0000	0	.0000	0	.0000	0	.0000	0	.0000
20090319	摩臺期              	MSF    	A         	2	1282.0000	2	1282.0000	0	.0000	6	3775.0000	6	3792.0000	0	-17.0000
20090319	摩臺期              	MSF    	B         	0	.0000	0	.0000	0	.0000	0	.0000	0	.0000	0	.0000
20090319	摩臺期              	MSF    	C         	0	.0000	0	.0000	0	.0000	0	.0000	0	.0000	0	.0000
20090319	小型臺指            	MXF    	A         	8032	2027534.0000	8368	2112922.0000	-336	-85388.0000	2769	686312.0000	942	232875.0000	1827	453437.0000
20090319	小型臺指            	MXF    	B         	0	.0000	0	.0000	0	.0000	0	.0000	0	.0000	0	.0000
20090319	小型臺指            	MXF    	C         	1445	366223.0000	1152	290221.0000	293	76001.0000	144	35856.0000	846	210654.0000	-702	-174798.0000
20090319	臺灣50期貨          	T5F    	A         	0	.0000	0	.0000	0	.0000	0	.0000	0	.0000	0	.0000
20090319	臺灣50期貨          	T5F    	B         	0	.0000	0	.0000	0	.0000	0	.0000	0	.0000	0	.0000
20090319	臺灣50期貨          	T5F    	C         	0	.0000	0	.0000	0	.0000	0	.0000	0	.0000	0	.0000
20090319	臺股期貨            	TXF    	A         	17495	17673857.0000	17126	17292575.0000	369	381282.0000	5969	5875359.0000	5027	4976091.0000	942	899268.0000
20090319	臺股期貨            	TXF    	B         	373	377647.0000	1236	1245018.0000	-863	-867372.0000	1361	1355556.0000	16579	16476824.0000	-15218	-15121268.0000
20090319	臺股期貨            	TXF    	C         	7629	7707870.0000	7474	7555027.0000	155	152843.0000	40770	40433137.0000	11085	10901415.0000	29685	29531722.0000
20090319	非金電期貨          	XIF    	A         	612	370363.0000	558	337259.0000	54	33103.0000	585	350543.0000	583	349423.0000	2	1120.0000
20090319	非金電期貨          	XIF    	B         	0	.0000	0	.0000	0	.0000	19	11400.0000	0	.0000	19	11400.0000
20090319	非金電期貨          	XIF    	C         	29	17772.0000	84	51188.0000	-55	-33417.0000	39	23400.0000	56	33600.0000	-17	-10200.0000
20090320	電子期貨            	EXF    	A         	898	729039.0000	1207	981328.0000	-309	-252289.0000	704	566891.0000	1086	874919.0000	-382	-308028.0000
20090320	電子期貨            	EXF    	B         	76	62564.0000	384	311013.0000	-308	-248448.0000	275	221760.0000	713	574963.0000	-438	-353203.0000
20090320	電子期貨            	EXF    	C         	885	718188.0000	667	541897.0000	218	176291.0000	3798	3062640.0000	1268	1022515.0000	2530	2040125.0000
20090320	金融期貨            	FXF    	A         	872	455080.0000	752	392850.0000	120	62230.0000	1298	671823.0000	321	165887.0000	977	505936.0000
20090320	金融期貨            	FXF    	B         	0	.0000	637	331604.0000	-637	-331604.0000	227	117541.0000	600	310680.0000	-373	-193139.0000
20090320	金融期貨            	FXF    	C         	421	220418.0000	139	72995.0000	282	147423.0000	1859	962590.0000	4062	2103304.0000	-2203	-1140714.0000
20090320	櫃買期貨            	GTF    	A         	261	77111.0000	238	70296.0000	23	6815.0000	34	9963.0000	31	9042.0000	3	921.0000
20090320	櫃買期貨            	GTF    	B         	0	.0000	0	.0000	0	.0000	0	.0000	0	.0000	0	.0000
20090320	櫃買期貨            	GTF    	C         	0	.0000	0	.0000	0	.0000	0	.0000	0	.0000	0	.0000
20090320	摩臺期              	MSF    	A         	0	.0000	0	.0000	0	.0000	6	3731.0000	6	3747.0000	0	-16.0000
20090320	摩臺期              	MSF    	B         	0	.0000	0	.0000	0	.0000	0	.0000	0	.0000	0	.0000
20090320	摩臺期              	MSF    	C         	0	.0000	0	.0000	0	.0000	0	.0000	0	.0000	0	.0000
20090320	小型臺指            	MXF    	A         	7465	1856001.0000	9360	2324756.0000	-1895	-468755.0000	2595	639038.0000	2631	649472.0000	-36	-10434.0000
20090320	小型臺指            	MXF    	B         	0	.0000	5	1247.0000	-5	-1247.0000	0	.0000	5	1238.0000	-5	-1238.0000
20090320	小型臺指            	MXF    	C         	1001	249986.0000	1213	300481.0000	-212	-50496.0000	148	36630.0000	1062	262845.0000	-914	-226215.0000
20090320	臺灣50期貨          	T5F    	A         	0	.0000	0	.0000	0	.0000	0	.0000	0	.0000	0	.0000
20090320	臺灣50期貨          	T5F    	B         	0	.0000	0	.0000	0	.0000	0	.0000	0	.0000	0	.0000
20090320	臺灣50期貨          	T5F    	C         	0	.0000	0	.0000	0	.0000	0	.0000	0	.0000	0	.0000
20090320	臺股期貨            	TXF    	A         	16190	16088409.0000	15597	15501737.0000	593	586672.0000	6019	5887216.0000	4492	4417207.0000	1527	1470009.0000
20090320	臺股期貨            	TXF    	B         	663	654774.0000	1364	1356010.0000	-701	-701236.0000	1394	1380060.0000	17273	17067342.0000	-15879	-15687282.0000
20090320	臺股期貨            	TXF    	C         	6719	6683537.0000	6823	6767615.0000	-104	-84078.0000	40856	40273902.0000	11297	11041336.0000	29559	29232566.0000
20090320	非金電期貨          	XIF    	A         	528	320441.0000	552	334870.0000	-24	-14429.0000	620	376962.0000	642	390360.0000	-22	-13398.0000
20090320	非金電期貨          	XIF    	B         	0	.0000	0	.0000	0	.0000	19	11571.0000	0	.0000	19	11571.0000
20090320	非金電期貨          	XIF    	C         	71	43113.0000	120	72999.0000	-49	-29886.0000	45	27405.0000	111	67599.0000	-66	-40194.0000
20090323	電子期貨            	EXF    	A         	828	685244.0000	1049	864921.0000	-221	-179677.0000	465	388408.0000	1068	893106.0000	-603	-504698.0000
20090323	電子期貨            	EXF    	B         	265	219404.0000	115	94639.0000	150	124765.0000	275	230230.0000	563	471344.0000	-288	-241114.0000
20090323	電子期貨            	EXF    	C         	1141	942535.0000	780	647464.0000	361	295071.0000	4036	3378864.0000	1145	958594.0000	2891	2420270.0000
20090323	金融期貨            	FXF    	A         	691	367887.0000	1138	605601.0000	-447	-237714.0000	1090	588337.0000	560	302066.0000	530	286271.0000
20090323	金融期貨            	FXF    	B         	225	121494.0000	0	.0000	225	121494.0000	227	122580.0000	375	202500.0000	-148	-79920.0000
20090323	金融期貨            	FXF    	C         	1118	593882.0000	918	490647.0000	200	103235.0000	1365	737100.0000	3368	1818720.0000	-2003	-1081620.0000
20090323	櫃買期貨            	GTF    	A         	373	113325.0000	392	119047.0000	-19	-5722.0000	31	9464.0000	47	14280.0000	-16	-4816.0000
20090323	櫃買期貨            	GTF    	B         	0	.0000	0	.0000	0	.0000	0	.0000	0	.0000	0	.0000
20090323	櫃買期貨            	GTF    	C         	0	.0000	0	.0000	0	.0000	0	.0000	0	.0000	0	.0000
20090323	摩臺期              	MSF    	A         	1	635.0000	1	635.0000	0	.0000	6	3869.0000	6	3886.0000	0	-17.0000
20090323	摩臺期              	MSF    	B         	0	.0000	0	.0000	0	.0000	0	.0000	0	.0000	0	.0000
20090323	摩臺期              	MSF    	C         	0	.0000	0	.0000	0	.0000	0	.0000	0	.0000	0	.0000
20090323	小型臺指            	MXF    	A         	7484	1891262.0000	6949	1760585.0000	535	130677.0000	2508	639557.0000	2309	590161.0000	199	49396.0000
20090323	小型臺指            	MXF    	B         	6	1521.0000	10	2549.0000	-4	-1028.0000	0	.0000	9	2308.0000	-9	-2308.0000
20090323	小型臺指            	MXF    	C         	1065	269455.0000	490	123942.0000	575	145514.0000	355	91022.0000	694	177942.0000	-339	-86920.0000
20090323	臺灣50期貨          	T5F    	A         	0	.0000	0	.0000	0	.0000	0	.0000	0	.0000	0	.0000
20090323	臺灣50期貨          	T5F    	B         	0	.0000	0	.0000	0	.0000	0	.0000	0	.0000	0	.0000
20090323	臺灣50期貨          	T5F    	C         	0	.0000	0	.0000	0	.0000	0	.0000	0	.0000	0	.0000
20090323	臺股期貨            	TXF    	A         	17330	17563867.0000	15373	15586042.0000	1957	1977824.0000	7366	7482673.0000	3807	3876427.0000	3559	3606246.0000
20090323	臺股期貨            	TXF    	B         	1217	1230461.0000	227	230275.0000	990	1000186.0000	1527	1566091.0000	16416	16804186.0000	-14889	-15238095.0000
20090323	臺股期貨            	TXF    	C         	6579	6661313.0000	8103	8221522.0000	-1524	-1560209.0000	40581	41444851.0000	12546	12724677.0000	28035	28720174.0000
20090323	非金電期貨          	XIF    	A         	407	250293.0000	522	320897.0000	-115	-70604.0000	537	335728.0000	674	421547.0000	-137	-85819.0000
20090323	非金電期貨          	XIF    	B         	0	.0000	0	.0000	0	.0000	19	11907.0000	0	.0000	19	11907.0000
20090323	非金電期貨          	XIF    	C         	199	123036.0000	15	9329.0000	184	113707.0000	137	85858.0000	19	11907.0000	118	73951.0000
20090324	電子期貨            	EXF    	A         	669	570845.0000	534	454988.0000	135	115857.0000	461	394838.0000	929	796395.0000	-468	-401557.0000
20090324	電子期貨            	EXF    	B         	20	16968.0000	10	8560.0000	10	8408.0000	275	236060.0000	553	474695.0000	-278	-238635.0000
20090324	電子期貨            	EXF    	C         	1393	1188300.0000	671	572597.0000	722	615703.0000	4827	4143299.0000	1214	1042098.0000	3613	3101201.0000
20090324	金融期貨            	FXF    	A         	999	555896.0000	728	404841.0000	271	151055.0000	1365	762426.0000	564	314754.0000	801	447672.0000
20090324	金融期貨            	FXF    	B         	0	.0000	0	.0000	0	.0000	227	126848.0000	375	209550.0000	-148	-82702.0000
20090324	金融期貨            	FXF    	C         	2154	1198245.0000	1978	1099999.0000	176	98246.0000	1022	571094.0000	2849	1592021.0000	-1827	-1020927.0000
20090324	櫃買期貨            	GTF    	A         	183	56593.0000	188	58125.0000	-5	-1532.0000	34	10451.0000	55	16842.0000	-21	-6391.0000
20090324	櫃買期貨            	GTF    	B         	0	.0000	0	.0000	0	.0000	0	.0000	0	.0000	0	.0000
20090324	櫃買期貨            	GTF    	C         	0	.0000	0	.0000	0	.0000	0	.0000	0	.0000	0	.0000
20090324	摩臺期              	MSF    	A         	1	662.0000	1	662.0000	0	.0000	5	3296.0000	5	3312.0000	0	-16.0000
20090324	摩臺期              	MSF    	B         	0	.0000	0	.0000	0	.0000	0	.0000	0	.0000	0	.0000
20090324	摩臺期              	MSF    	C         	0	.0000	0	.0000	0	.0000	0	.0000	0	.0000	0	.0000
20090324	小型臺指            	MXF    	A         	9097	2376104.0000	8280	2161875.0000	817	214229.0000	2485	650376.0000	1577	412988.0000	908	237388.0000
20090324	小型臺指            	MXF    	B         	4	1049.0000	12	3145.0000	-8	-2097.0000	0	.0000	17	4470.0000	-17	-4470.0000
20090324	小型臺指            	MXF    	C         	142	37246.0000	1213	316680.0000	-1071	-279435.0000	40	10518.0000	1450	381278.0000	-1410	-370760.0000
20090324	臺灣50期貨          	T5F    	A         	0	.0000	0	.0000	0	.0000	0	.0000	0	.0000	0	.0000
20090324	臺灣50期貨          	T5F    	B         	0	.0000	0	.0000	0	.0000	0	.0000	0	.0000	0	.0000
20090324	臺灣50期貨          	T5F    	C         	0	.0000	0	.0000	0	.0000	0	.0000	0	.0000	0	.0000
20090324	臺股期貨            	TXF    	A         	17248	18036966.0000	17443	18239281.0000	-195	-202315.0000	7726	8056716.0000	4335	4534990.0000	3391	3521726.0000
20090324	臺股期貨            	TXF    	B         	2636	2756962.0000	699	730685.0000	1937	2026277.0000	1520	1598736.0000	14472	15190395.0000	-12952	-13591659.0000
20090324	臺股期貨            	TXF    	C         	6088	6365623.0000	7470	7806619.0000	-1382	-1440995.0000	38130	39933961.0000	11477	11931573.0000	26653	28002388.0000
20090324	非金電期貨          	XIF    	A         	484	307783.0000	426	270726.0000	58	37057.0000	535	342708.0000	614	393351.0000	-79	-50643.0000
20090324	非金電期貨          	XIF    	B         	0	.0000	0	.0000	0	.0000	19	12194.0000	0	.0000	19	12194.0000
20090324	非金電期貨          	XIF    	C         	12	7645.0000	56	35740.0000	-44	-28095.0000	94	60329.0000	20	12836.0000	74	47493.0000
20090325	電子期貨            	EXF    	A         	630	547612.0000	1294	1129462.0000	-664	-581850.0000	439	387265.0000	1571	1387692.0000	-1132	-1000427.0000
20090325	電子期貨            	EXF    	B         	404	353121.0000	20	17560.0000	384	335561.0000	327	289068.0000	221	195364.0000	106	93704.0000
20090325	電子期貨            	EXF    	C         	499	434933.0000	756	661280.0000	-257	-226347.0000	4705	4159056.0000	1349	1192516.0000	3356	2966540.0000
20090325	金融期貨            	FXF    	A         	640	357237.0000	712	397086.0000	-72	-39849.0000	1399	787236.0000	670	376750.0000	729	410486.0000
20090325	金融期貨            	FXF    	B         	400	223458.0000	94	52413.0000	306	171045.0000	229	128927.0000	71	39973.0000	158	88954.0000
20090325	金融期貨            	FXF    	C         	807	450068.0000	1084	605076.0000	-277	-155008.0000	983	553429.0000	3087	1737981.0000	-2104	-1184552.0000
20090325	櫃買期貨            	GTF    	A         	229	71660.0000	237	74183.0000	-8	-2523.0000	43	13396.0000	72	22457.0000	-29	-9061.0000
20090325	櫃買期貨            	GTF    	B         	0	.0000	0	.0000	0	.0000	0	.0000	0	.0000	0	.0000
20090325	櫃買期貨            	GTF    	C         	0	.0000	0	.0000	0	.0000	0	.0000	0	.0000	0	.0000
20090325	摩臺期              	MSF    	A         	2	1361.0000	1	683.0000	1	679.0000	5	3377.0000	4	2714.0000	1	663.0000
20090325	摩臺期              	MSF    	B         	0	.0000	0	.0000	0	.0000	0	.0000	0	.0000	0	.0000
20090325	摩臺期              	MSF    	C         	0	.0000	0	.0000	0	.0000	0	.0000	0	.0000	0	.0000
20090325	小型臺指            	MXF    	A         	10964	2905978.0000	11661	3094287.0000	-697	-188309.0000	2254	601379.0000	2307	616425.0000	-53	-15046.0000
20090325	小型臺指            	MXF    	B         	6	1596.0000	6	1603.0000	0	-7.0000	0	.0000	17	4555.0000	-17	-4555.0000
20090325	小型臺指            	MXF    	C         	1675	444341.0000	1098	291684.0000	577	152657.0000	9	2412.0000	842	225614.0000	-833	-223202.0000
20090325	臺灣50期貨          	T5F    	A         	0	.0000	0	.0000	0	.0000	0	.0000	0	.0000	0	.0000
20090325	臺灣50期貨          	T5F    	B         	0	.0000	0	.0000	0	.0000	0	.0000	0	.0000	0	.0000
20090325	臺灣50期貨          	T5F    	C         	0	.0000	0	.0000	0	.0000	0	.0000	0	.0000	0	.0000
20090325	臺股期貨            	TXF    	A         	19439	20638520.0000	18730	19886978.0000	709	751543.0000	9257	9849498.0000	5091	5432848.0000	4166	4416650.0000
20090325	臺股期貨            	TXF    	B         	2454	2600289.0000	738	784913.0000	1716	1815376.0000	1428	1530530.0000	12664	13543322.0000	-11236	-12012792.0000
20090325	臺股期貨            	TXF    	C         	8505	9006832.0000	13128	13929588.0000	-4623	-4922756.0000	33604	35849130.0000	11574	12265428.0000	22030	23583702.0000
20090325	非金電期貨          	XIF    	A         	348	224354.0000	359	231293.0000	-11	-6939.0000	521	337028.0000	611	395350.0000	-90	-58322.0000
20090325	非金電期貨          	XIF    	B         	0	.0000	0	.0000	0	.0000	19	12312.0000	0	.0000	19	12312.0000
20090325	非金電期貨          	XIF    	C         	55	35471.0000	55	35383.0000	0	89.0000	103	66744.0000	29	18792.0000	74	47952.0000
20090326	電子期貨            	EXF    	A         	808	717097.0000	690	612219.0000	118	104878.0000	534	473318.0000	1548	1373235.0000	-1014	-899917.0000
20090326	電子期貨            	EXF    	B         	87	76997.0000	19	16880.0000	68	60117.0000	350	310730.0000	176	156253.0000	174	154477.0000
20090326	電子期貨            	EXF    	C         	521	463407.0000	659	585524.0000	-138	-122116.0000	4570	4057041.0000	1352	1200306.0000	3218	2856735.0000
20090326	金融期貨            	FXF    	A         	1131	638565.0000	987	555751.0000	144	82815.0000	1376	787917.0000	503	287740.0000	873	500177.0000
20090326	金融期貨            	FXF    	B         	5	2810.0000	55	31250.0000	-50	-28440.0000	209	119715.0000	101	57853.0000	108	61862.0000
20090326	金融期貨            	FXF    	C         	393	222339.0000	680	385970.0000	-287	-163631.0000	1156	662157.0000	3547	2031722.0000	-2391	-1369565.0000
20090326	櫃買期貨            	GTF    	A         	298	95333.0000	303	96942.0000	-5	-1609.0000	42	13198.0000	76	23934.0000	-34	-10736.0000
20090326	櫃買期貨            	GTF    	B         	0	.0000	0	.0000	0	.0000	0	.0000	0	.0000	0	.0000
20090326	櫃買期貨            	GTF    	C         	0	.0000	0	.0000	0	.0000	0	.0000	0	.0000	0	.0000
20090326	摩臺期              	MSF    	A         	2	1359.0000	2	1356.0000	0	3.0000	4	2720.0000	3	2052.0000	1	668.0000
20090326	摩臺期              	MSF    	B         	0	.0000	0	.0000	0	.0000	0	.0000	0	.0000	0	.0000
20090326	摩臺期              	MSF    	C         	0	.0000	0	.0000	0	.0000	0	.0000	0	.0000	0	.0000
20090326	小型臺指            	MXF    	A         	13870	3726531.0000	13939	3744883.0000	-69	-18351.0000	2216	593851.0000	2534	679489.0000	-318	-85638.0000
20090326	小型臺指            	MXF    	B         	20	5382.0000	4	1072.0000	16	4309.0000	0	.0000	1	269.0000	-1	-269.0000
20090326	小型臺指            	MXF    	C         	479	128623.0000	1056	283393.0000	-577	-154769.0000	8	2154.0000	1418	381797.0000	-1410	-379643.0000
20090326	臺灣50期貨          	T5F    	A         	0	.0000	0	.0000	0	.0000	0	.0000	0	.0000	0	.0000
20090326	臺灣50期貨          	T5F    	B         	0	.0000	0	.0000	0	.0000	0	.0000	0	.0000	0	.0000
20090326	臺灣50期貨          	T5F    	C         	0	.0000	0	.0000	0	.0000	0	.0000	0	.0000	0	.0000
20090326	臺股期貨            	TXF    	A         	23578	25366269.0000	22859	24575989.0000	719	790281.0000	9456	10109625.0000	4522	4846605.0000	4934	5263020.0000
20090326	臺股期貨            	TXF    	B         	2296	2470082.0000	794	852500.0000	1502	1617582.0000	1380	1486260.0000	11114	11940558.0000	-9734	-10454298.0000
20090326	臺股期貨            	TXF    	C         	5927	6373789.0000	8653	9310827.0000	-2726	-2937039.0000	30556	32743252.0000	11252	11979209.0000	19304	20764043.0000
20090326	非金電期貨          	XIF    	A         	514	332345.0000	510	329667.0000	4	2678.0000	508	328154.0000	594	383822.0000	-86	-55668.0000
20090326	非金電期貨          	XIF    	B         	0	.0000	0	.0000	0	.0000	19	12291.0000	0	.0000	19	12291.0000
20090326	非金電期貨          	XIF    	C         	79	51348.0000	97	62780.0000	-18	-11433.0000	85	54987.0000	29	18760.0000	56	36227.0000
20090327	電子期貨            	EXF    	A         	1102	982517.0000	830	737670.0000	272	244847.0000	259	227681.0000	1001	881455.0000	-742	-653774.0000
20090327	電子期貨            	EXF    	B         	12	10653.0000	0	.0000	12	10653.0000	350	308490.0000	164	144550.0000	186	163940.0000
20090327	電子期貨            	EXF    	C         	392	349123.0000	553	492491.0000	-161	-143369.0000	4424	3899204.0000	1367	1204874.0000	3057	2694330.0000
20090327	金融期貨            	FXF    	A         	829	485684.0000	1104	645441.0000	-275	-159757.0000	953	553403.0000	355	205861.0000	598	347542.0000
20090327	金融期貨            	FXF    	B         	0	.0000	0	.0000	0	.0000	209	121429.0000	101	58681.0000	108	62748.0000
20090327	金融期貨            	FXF    	C         	526	308247.0000	154	89924.0000	372	218323.0000	1135	659435.0000	3154	1832474.0000	-2019	-1173039.0000
20090327	櫃買期貨            	GTF    	A         	235	76695.0000	237	77358.0000	-2	-664.0000	44	14072.0000	80	25698.0000	-36	-11626.0000
20090327	櫃買期貨            	GTF    	B         	0	.0000	0	.0000	0	.0000	0	.0000	0	.0000	0	.0000
20090327	櫃買期貨            	GTF    	C         	0	.0000	0	.0000	0	.0000	0	.0000	0	.0000	0	.0000
20090327	摩臺期              	MSF    	A         	3	1989.0000	1	675.0000	2	1315.0000	6	3913.0000	3	2024.0000	3	1889.0000
20090327	摩臺期              	MSF    	B         	0	.0000	0	.0000	0	.0000	0	.0000	0	.0000	0	.0000
20090327	摩臺期              	MSF    	C         	0	.0000	0	.0000	0	.0000	0	.0000	0	.0000	0	.0000
20090327	小型臺指            	MXF    	A         	9468	2552894.0000	10001	2696877.0000	-533	-143983.0000	2142	570865.0000	3081	822017.0000	-939	-251152.0000
20090327	小型臺指            	MXF    	B         	7	1879.0000	17	4580.0000	-10	-2700.0000	0	.0000	11	2946.0000	-11	-2946.0000
20090327	小型臺指            	MXF    	C         	266	72013.0000	268	72078.0000	-2	-65.0000	8	2142.0000	1420	380276.0000	-1412	-378134.0000
20090327	臺灣50期貨          	T5F    	A         	0	.0000	0	.0000	0	.0000	0	.0000	0	.0000	0	.0000
20090327	臺灣50期貨          	T5F    	B         	0	.0000	0	.0000	0	.0000	0	.0000	0	.0000	0	.0000
20090327	臺灣50期貨          	T5F    	C         	0	.0000	0	.0000	0	.0000	0	.0000	0	.0000	0	.0000
20090327	臺股期貨            	TXF    	A         	17578	18959324.0000	19515	21040579.0000	-1937	-2081255.0000	8711	9257655.0000	5692	6073424.0000	3019	3184231.0000
20090327	臺股期貨            	TXF    	B         	343	369171.0000	654	703035.0000	-311	-333865.0000	1168	1251162.0000	11213	11983494.0000	-10045	-10732332.0000
20090327	臺股期貨            	TXF    	C         	5636	6081273.0000	5546	5979290.0000	90	101983.0000	28908	30804430.0000	9514	10054786.0000	19394	20749644.0000
20090327	非金電期貨          	XIF    	A         	652	415651.0000	646	411648.0000	6	4003.0000	547	349462.0000	627	400696.0000	-80	-51234.0000
20090327	非金電期貨          	XIF    	B         	0	.0000	0	.0000	0	.0000	19	12156.0000	0	.0000	19	12156.0000
20090327	非金電期貨          	XIF    	C         	114	73411.0000	124	79577.0000	-10	-6166.0000	75	47985.0000	29	18554.0000	46	29431.0000
20090330	電子期貨            	EXF    	A         	554	479859.0000	839	724628.0000	-285	-244769.0000	168	143379.0000	1195	1023630.0000	-1027	-880251.0000
20090330	電子期貨            	EXF    	B         	128	111232.0000	50	42989.0000	78	68242.0000	430	368682.0000	166	142248.0000	264	226434.0000
20090330	電子期貨            	EXF    	C         	611	529808.0000	1032	892824.0000	-421	-363016.0000	4089	3505705.0000	1453	1245802.0000	2636	2259903.0000
20090330	金融期貨            	FXF    	A         	625	348838.0000	1014	570835.0000	-389	-221997.0000	740	402293.0000	531	288490.0000	209	113803.0000
20090330	金融期貨            	FXF    	B         	0	.0000	0	.0000	0	.0000	209	113696.0000	101	54944.0000	108	58752.0000
20090330	金融期貨            	FXF    	C         	942	516212.0000	273	153865.0000	669	362348.0000	1318	716992.0000	2673	1454112.0000	-1355	-737120.0000
20090330	櫃買期貨            	GTF    	A         	246	78652.0000	224	71668.0000	22	6984.0000	66	20643.0000	80	24966.0000	-14	-4323.0000
20090330	櫃買期貨            	GTF    	B         	0	.0000	0	.0000	0	.0000	0	.0000	0	.0000	0	.0000
20090330	櫃買期貨            	GTF    	C         	0	.0000	0	.0000	0	.0000	0	.0000	0	.0000	0	.0000
20090330	摩臺期              	MSF    	A         	0	.0000	4	2605.0000	-4	-2605.0000	6	3776.0000	7	4566.0000	-1	-790.0000
20090330	摩臺期              	MSF    	B         	0	.0000	0	.0000	0	.0000	0	.0000	0	.0000	0	.0000
20090330	摩臺期              	MSF    	C         	0	.0000	0	.0000	0	.0000	0	.0000	0	.0000	0	.0000
20090330	小型臺指            	MXF    	A         	9269	2428222.0000	11114	2914733.0000	-1845	-486511.0000	1872	482428.0000	4692	1211873.0000	-2820	-729445.0000
20090330	小型臺指            	MXF    	B         	8	2081.0000	7	1834.0000	1	247.0000	0	.0000	10	2590.0000	-10	-2590.0000
20090330	小型臺指            	MXF    	C         	392	103412.0000	706	185449.0000	-314	-82037.0000	8	2072.0000	1734	449019.0000	-1726	-446947.0000
20090330	臺灣50期貨          	T5F    	A         	0	.0000	0	.0000	0	.0000	0	.0000	0	.0000	0	.0000
20090330	臺灣50期貨          	T5F    	B         	0	.0000	0	.0000	0	.0000	0	.0000	0	.0000	0	.0000
20090330	臺灣50期貨          	T5F    	C         	0	.0000	0	.0000	0	.0000	0	.0000	0	.0000	0	.0000
20090330	臺股期貨            	TXF    	A         	20608	21576110.0000	21581	22628942.0000	-973	-1052831.0000	7396	7591715.0000	5341	5510405.0000	2055	2081310.0000
20090330	臺股期貨            	TXF    	B         	1296	1360369.0000	1012	1059216.0000	284	301153.0000	1210	1253318.0000	10971	11338878.0000	-9761	-10085560.0000
20090330	臺股期貨            	TXF    	C         	6124	6405962.0000	6609	6922572.0000	-485	-516610.0000	28031	28884558.0000	9122	9320378.0000	18909	19564180.0000
20090330	非金電期貨          	XIF    	A         	383	240812.0000	387	243112.0000	-4	-2300.0000	637	393772.0000	721	445799.0000	-84	-52027.0000
20090330	非金電期貨          	XIF    	B         	0	.0000	0	.0000	0	.0000	19	11759.0000	0	.0000	19	11759.0000
20090330	非金電期貨          	XIF    	C         	94	58645.0000	142	89183.0000	-48	-30538.0000	57	35277.0000	59	36515.0000	-2	-1238.0000
20090331	電子期貨            	EXF    	A         	799	691017.0000	625	540434.0000	174	150584.0000	367	313043.0000	1220	1042102.0000	-853	-729059.0000
20090331	電子期貨            	EXF    	B         	367	319593.0000	232	201769.0000	135	117824.0000	558	477090.0000	159	135857.0000	399	341233.0000
20090331	電子期貨            	EXF    	C         	505	435773.0000	1098	943368.0000	-593	-507595.0000	3499	2991377.0000	1456	1244880.0000	2043	1746497.0000
20090331	金融期貨            	FXF    	A         	603	336309.0000	786	438301.0000	-183	-101992.0000	798	441766.0000	772	427053.0000	26	14713.0000
20090331	金融期貨            	FXF    	B         	85	47294.0000	5	2775.0000	80	44519.0000	204	113016.0000	16	8864.0000	188	104152.0000
20090331	金融期貨            	FXF    	C         	259	143672.0000	441	245332.0000	-182	-101660.0000	1261	698594.0000	2798	1550092.0000	-1537	-851498.0000
20090331	櫃買期貨            	GTF    	A         	163	51573.0000	153	48431.0000	10	3142.0000	65	20195.0000	69	21353.0000	-4	-1158.0000
20090331	櫃買期貨            	GTF    	B         	0	.0000	0	.0000	0	.0000	0	.0000	0	.0000	0	.0000
20090331	櫃買期貨            	GTF    	C         	0	.0000	0	.0000	0	.0000	0	.0000	0	.0000	0	.0000
20090331	摩臺期              	MSF    	A         	2	1327.0000	1	661.0000	1	666.0000	6	3807.0000	6	3944.0000	0	-137.0000
20090331	摩臺期              	MSF    	B         	0	.0000	0	.0000	0	.0000	0	.0000	0	.0000	0	.0000
20090331	摩臺期              	MSF    	C         	0	.0000	0	.0000	0	.0000	0	.0000	0	.0000	0	.0000
20090331	小型臺指            	MXF    	A         	11151	2919195.0000	11394	2979909.0000	-243	-60714.0000	1776	459213.0000	4967	1287968.0000	-3191	-828755.0000
20090331	小型臺指            	MXF    	B         	2	528.0000	9	2354.0000	-7	-1827.0000	0	.0000	17	4419.0000	-17	-4419.0000
20090331	小型臺指            	MXF    	C         	1113	291037.0000	106	27660.0000	1007	263377.0000	8	2080.0000	727	188984.0000	-719	-186904.0000
20090331	臺灣50期貨          	T5F    	A         	0	.0000	0	.0000	0	.0000	0	.0000	0	.0000	0	.0000
20090331	臺灣50期貨          	T5F    	B         	0	.0000	0	.0000	0	.0000	0	.0000	0	.0000	0	.0000
20090331	臺灣50期貨          	T5F    	C         	0	.0000	0	.0000	0	.0000	0	.0000	0	.0000	0	.0000
20090331	臺股期貨            	TXF    	A         	19926	20873710.0000	20568	21534974.0000	-642	-661264.0000	7021	7227949.0000	5576	5777029.0000	1445	1450920.0000
20090331	臺股期貨            	TXF    	B         	1095	1147110.0000	944	987020.0000	151	160090.0000	1242	1291432.0000	10852	11257994.0000	-9610	-9966562.0000
20090331	臺股期貨            	TXF    	C         	6319	6603496.0000	6096	6377204.0000	223	226293.0000	28931	29928115.0000	9799	10054179.0000	19132	19873936.0000
20090331	非金電期貨          	XIF    	A         	482	301786.0000	399	249795.0000	83	51991.0000	622	388027.0000	623	388703.0000	-1	-676.0000
20090331	非金電期貨          	XIF    	B         	0	.0000	0	.0000	0	.0000	19	11871.0000	0	.0000	19	11871.0000
20090331	非金電期貨          	XIF    	C         	131	81836.0000	91	56886.0000	40	24950.0000	83	51858.0000	45	28116.0000	38	23742.0000
