20100301	電子期貨            	EXF    	A         	1106	1359431.0000	857	1053913.0000	249	305519.0000	530	654241.0000	439	540488.0000	91	113753.0000
20100301	電子期貨            	EXF    	B         	0	.0000	0	.0000	0	.0000	237	293264.0000	124	153438.0000	113	139826.0000
20100301	電子期貨            	EXF    	C         	608	747482.0000	484	596374.0000	124	151108.0000	2725	3371898.0000	3421	4233145.0000	-696	-861247.0000
20100301	金融期貨            	FXF    	A         	1004	817969.0000	1011	824242.0000	-7	-6272.0000	797	648939.0000	261	210427.0000	536	438512.0000
20100301	金融期貨            	FXF    	B         	0	.0000	0	.0000	0	.0000	109	89053.0000	0	.0000	109	89053.0000
20100301	金融期貨            	FXF    	C         	446	363916.0000	392	319640.0000	54	44276.0000	985	804745.0000	3871	3162599.0000	-2886	-2357854.0000
20100301	櫃買期貨            	GTF    	A         	184	95369.0000	282	146438.0000	-98	-51068.0000	63	32918.0000	59	30793.0000	4	2125.0000
20100301	櫃買期貨            	GTF    	B         	0	.0000	0	.0000	0	.0000	0	.0000	0	.0000	0	.0000
20100301	櫃買期貨            	GTF    	C         	0	.0000	0	.0000	0	.0000	0	.0000	0	.0000	0	.0000
20100301	摩臺期              	MSF    	A         	0	.0000	3	2608.0000	-3	-2608.0000	0	.0000	9	7898.0000	-9	-7898.0000
20100301	摩臺期              	MSF    	B         	0	.0000	0	.0000	0	.0000	0	.0000	0	.0000	0	.0000
20100301	摩臺期              	MSF    	C         	0	.0000	0	.0000	0	.0000	0	.0000	0	.0000	0	.0000
20100301	小型臺指            	MXF    	A         	20996	7886325.0000	15984	6015342.0000	5012	1870983.0000	1272	479506.0000	1661	626105.0000	-389	-146599.0000
20100301	小型臺指            	MXF    	B         	0	.0000	0	.0000	0	.0000	0	.0000	25	9464.0000	-25	-9464.0000
20100301	小型臺指            	MXF    	C         	2282	856721.0000	1389	522339.0000	893	334383.0000	162	61292.0000	400	151420.0000	-238	-90128.0000
20100301	股票期貨            	STF    	A         	71	7579.0000	65	8350.0000	6	-771.0000	37	2516.0000	1125	67508.0000	-1088	-64992.0000
20100301	股票期貨            	STF    	B         	0	.0000	0	.0000	0	.0000	0	.0000	0	.0000	0	.0000
20100301	股票期貨            	STF    	C         	10	633.0000	10	949.0000	0	-316.0000	52	4412.0000	168	13812.0000	-116	-9400.0000
20100301	臺灣50期貨          	T5F    	A         	0	.0000	0	.0000	0	.0000	0	.0000	0	.0000	0	.0000
20100301	臺灣50期貨          	T5F    	B         	0	.0000	0	.0000	0	.0000	0	.0000	0	.0000	0	.0000
20100301	臺灣50期貨          	T5F    	C         	0	.0000	0	.0000	0	.0000	0	.0000	0	.0000	0	.0000
20100301	臺股期貨            	TXF    	A         	30940	46563311.0000	27177	40924660.0000	3763	5638651.0000	8604	12972655.0000	4126	6220159.0000	4478	6752496.0000
20100301	臺股期貨            	TXF    	B         	268	402452.0000	109	164479.0000	159	237973.0000	1431	2166820.0000	1547	2342467.0000	-116	-175647.0000
20100301	臺股期貨            	TXF    	C         	10736	16119975.0000	9129	13759180.0000	1607	2360795.0000	29156	44095105.0000	28262	42691829.0000	894	1403276.0000
20100301	非金電期貨          	XIF    	A         	528	480842.0000	526	478643.0000	2	2199.0000	103	93689.0000	113	102473.0000	-10	-8784.0000
20100301	非金電期貨          	XIF    	B         	0	.0000	0	.0000	0	.0000	21	19179.0000	0	.0000	21	19179.0000
20100301	非金電期貨          	XIF    	C         	82	74445.0000	11	10064.0000	71	64381.0000	118	107769.0000	40	36530.0000	78	71239.0000
20100302	電子期貨            	EXF    	A         	699	870487.0000	777	967501.0000	-78	-97014.0000	504	625961.0000	491	608592.0000	13	17369.0000
20100302	電子期貨            	EXF    	B         	30	37411.0000	16	19936.0000	14	17475.0000	251	312545.0000	124	154405.0000	127	158140.0000
20100302	電子期貨            	EXF    	C         	606	755226.0000	561	698300.0000	45	56927.0000	2790	3474094.0000	3441	4284733.0000	-651	-810639.0000
20100302	金融期貨            	FXF    	A         	800	655059.0000	778	636716.0000	22	18343.0000	867	707951.0000	309	249814.0000	558	458137.0000
20100302	金融期貨            	FXF    	B         	5	4111.0000	0	.0000	5	4111.0000	114	93434.0000	0	.0000	114	93434.0000
20100302	金融期貨            	FXF    	C         	468	383304.0000	199	162893.0000	269	220410.0000	1142	935983.0000	3759	3080863.0000	-2617	-2144880.0000
20100302	櫃買期貨            	GTF    	A         	99	52164.0000	56	29530.0000	43	22634.0000	97	51029.0000	50	26227.0000	47	24802.0000
20100302	櫃買期貨            	GTF    	B         	0	.0000	0	.0000	0	.0000	0	.0000	0	.0000	0	.0000
20100302	櫃買期貨            	GTF    	C         	0	.0000	0	.0000	0	.0000	0	.0000	0	.0000	0	.0000
20100302	摩臺期              	MSF    	A         	0	.0000	0	.0000	0	.0000	0	.0000	9	7896.0000	-9	-7896.0000
20100302	摩臺期              	MSF    	B         	0	.0000	0	.0000	0	.0000	0	.0000	0	.0000	0	.0000
20100302	摩臺期              	MSF    	C         	0	.0000	0	.0000	0	.0000	0	.0000	0	.0000	0	.0000
20100302	小型臺指            	MXF    	A         	10210	3878326.0000	10256	3896868.0000	-46	-18542.0000	1389	525382.0000	1820	688747.0000	-431	-163365.0000
20100302	小型臺指            	MXF    	B         	0	.0000	0	.0000	0	.0000	0	.0000	25	9498.0000	-25	-9498.0000
20100302	小型臺指            	MXF    	C         	1039	394866.0000	1416	538115.0000	-377	-143249.0000	161	61121.0000	728	276567.0000	-567	-215446.0000
20100302	股票期貨            	STF    	A         	51	6774.0000	106	8741.0000	-55	-1968.0000	48	4170.0000	1191	71363.0000	-1143	-67193.0000
20100302	股票期貨            	STF    	B         	0	.0000	0	.0000	0	.0000	0	.0000	0	.0000	0	.0000
20100302	股票期貨            	STF    	C         	0	.0000	8	463.0000	-8	-463.0000	52	4447.0000	176	14283.0000	-124	-9836.0000
20100302	臺灣50期貨          	T5F    	A         	0	.0000	0	.0000	0	.0000	0	.0000	0	.0000	0	.0000
20100302	臺灣50期貨          	T5F    	B         	0	.0000	0	.0000	0	.0000	0	.0000	0	.0000	0	.0000
20100302	臺灣50期貨          	T5F    	C         	0	.0000	0	.0000	0	.0000	0	.0000	0	.0000	0	.0000
20100302	臺股期貨            	TXF    	A         	16196	24624061.0000	16335	24821268.0000	-139	-197207.0000	8491	12848864.0000	4153	6281335.0000	4338	6567529.0000
20100302	臺股期貨            	TXF    	B         	459	699041.0000	168	255171.0000	291	443870.0000	1454	2209498.0000	1279	1943568.0000	175	265930.0000
20100302	臺股期貨            	TXF    	C         	5140	7807426.0000	5930	9012103.0000	-790	-1204677.0000	28426	43139003.0000	28334	42953015.0000	92	185988.0000
20100302	非金電期貨          	XIF    	A         	241	220417.0000	212	193795.0000	29	26623.0000	115	104677.0000	96	87005.0000	19	17672.0000
20100302	非金電期貨          	XIF    	B         	0	.0000	0	.0000	0	.0000	21	19202.0000	0	.0000	21	19202.0000
20100302	非金電期貨          	XIF    	C         	22	20129.0000	66	60478.0000	-44	-40350.0000	89	81382.0000	55	50279.0000	34	31103.0000
20100303	電子期貨            	EXF    	A         	735	912262.0000	760	943040.0000	-25	-30778.0000	483	597702.0000	495	611355.0000	-12	-13653.0000
20100303	電子期貨            	EXF    	B         	0	.0000	0	.0000	0	.0000	251	311541.0000	124	153909.0000	127	157632.0000
20100303	電子期貨            	EXF    	C         	448	556618.0000	468	580665.0000	-20	-24047.0000	2745	3407078.0000	3416	4239939.0000	-671	-832861.0000
20100303	金融期貨            	FXF    	A         	1375	1143549.0000	1499	1247270.0000	-124	-103721.0000	995	826568.0000	561	463836.0000	434	362732.0000
20100303	金融期貨            	FXF    	B         	4	3320.0000	0	.0000	4	3320.0000	118	98341.0000	0	.0000	118	98341.0000
20100303	金融期貨            	FXF    	C         	1559	1297676.0000	1137	946064.0000	422	351612.0000	1045	870903.0000	3240	2700205.0000	-2195	-1829302.0000
20100303	櫃買期貨            	GTF    	A         	69	36647.0000	69	36643.0000	0	4.0000	111	58695.0000	64	33774.0000	47	24921.0000
20100303	櫃買期貨            	GTF    	B         	0	.0000	0	.0000	0	.0000	0	.0000	0	.0000	0	.0000
20100303	櫃買期貨            	GTF    	C         	0	.0000	0	.0000	0	.0000	0	.0000	0	.0000	0	.0000
20100303	摩臺期              	MSF    	A         	2	1758.0000	1	875.0000	1	883.0000	0	.0000	8	7001.0000	-8	-7001.0000
20100303	摩臺期              	MSF    	B         	0	.0000	0	.0000	0	.0000	0	.0000	0	.0000	0	.0000
20100303	摩臺期              	MSF    	C         	0	.0000	0	.0000	0	.0000	0	.0000	0	.0000	0	.0000
20100303	小型臺指            	MXF    	A         	11723	4460678.0000	12241	4656471.0000	-518	-195793.0000	1736	657943.0000	1421	537500.0000	315	120443.0000
20100303	小型臺指            	MXF    	B         	0	.0000	0	.0000	0	.0000	0	.0000	25	9515.0000	-25	-9515.0000
20100303	小型臺指            	MXF    	C         	1219	464095.0000	1207	459207.0000	12	4888.0000	135	51349.0000	618	235211.0000	-483	-183862.0000
20100303	股票期貨            	STF    	A         	40	5039.0000	73	4962.0000	-33	77.0000	54	5258.0000	1230	72560.0000	-1176	-67302.0000
20100303	股票期貨            	STF    	B         	0	.0000	0	.0000	0	.0000	0	.0000	0	.0000	0	.0000
20100303	股票期貨            	STF    	C         	11	982.0000	12	815.0000	-1	166.0000	55	4689.0000	180	14448.0000	-125	-9759.0000
20100303	臺灣50期貨          	T5F    	A         	0	.0000	0	.0000	0	.0000	0	.0000	0	.0000	0	.0000
20100303	臺灣50期貨          	T5F    	B         	0	.0000	0	.0000	0	.0000	0	.0000	0	.0000	0	.0000
20100303	臺灣50期貨          	T5F    	C         	0	.0000	0	.0000	0	.0000	0	.0000	0	.0000	0	.0000
20100303	臺股期貨            	TXF    	A         	16917	25761610.0000	16573	25222510.0000	344	539100.0000	8405	12742728.0000	4039	6117609.0000	4366	6625119.0000
20100303	臺股期貨            	TXF    	B         	105	160140.0000	114	173422.0000	-9	-13282.0000	1450	2207480.0000	1284	1954762.0000	166	252718.0000
20100303	臺股期貨            	TXF    	C         	5465	8319829.0000	5478	8335734.0000	-13	-15905.0000	27957	42503748.0000	27896	42367034.0000	61	136714.0000
20100303	非金電期貨          	XIF    	A         	281	257951.0000	269	246993.0000	12	10958.0000	108	98787.0000	77	70003.0000	31	28784.0000
20100303	非金電期貨          	XIF    	B         	0	.0000	0	.0000	0	.0000	21	19299.0000	0	.0000	21	19299.0000
20100303	非金電期貨          	XIF    	C         	6	5535.0000	50	45959.0000	-44	-40424.0000	55	50545.0000	65	59723.0000	-10	-9178.0000
20100304	電子期貨            	EXF    	A         	1053	1297481.0000	1289	1588209.0000	-236	-290728.0000	396	485653.0000	644	789551.0000	-248	-303898.0000
20100304	電子期貨            	EXF    	B         	16	19702.0000	0	.0000	16	19702.0000	267	328517.0000	124	152570.0000	143	175947.0000
20100304	電子期貨            	EXF    	C         	477	587396.0000	582	717198.0000	-105	-129801.0000	2695	3315899.0000	3471	4270718.0000	-776	-954819.0000
20100304	金融期貨            	FXF    	A         	1151	943706.0000	1142	937635.0000	9	6071.0000	874	709581.0000	431	347558.0000	443	362023.0000
20100304	金融期貨            	FXF    	B         	0	.0000	0	.0000	0	.0000	118	96146.0000	0	.0000	118	96146.0000
20100304	金融期貨            	FXF    	C         	380	312534.0000	764	627954.0000	-384	-315419.0000	953	776504.0000	3532	2877866.0000	-2579	-2101362.0000
20100304	櫃買期貨            	GTF    	A         	193	102133.0000	135	71507.0000	58	30626.0000	163	85647.0000	58	30402.0000	105	55245.0000
20100304	櫃買期貨            	GTF    	B         	0	.0000	0	.0000	0	.0000	0	.0000	0	.0000	0	.0000
20100304	櫃買期貨            	GTF    	C         	0	.0000	0	.0000	0	.0000	0	.0000	0	.0000	0	.0000
20100304	摩臺期              	MSF    	A         	0	.0000	1	873.0000	-1	-873.0000	0	.0000	9	7858.0000	-9	-7858.0000
20100304	摩臺期              	MSF    	B         	0	.0000	0	.0000	0	.0000	0	.0000	0	.0000	0	.0000
20100304	摩臺期              	MSF    	C         	0	.0000	0	.0000	0	.0000	0	.0000	0	.0000	0	.0000
20100304	小型臺指            	MXF    	A         	16391	6184593.0000	17402	6562035.0000	-1011	-377442.0000	2218	831977.0000	1454	542364.0000	764	289613.0000
20100304	小型臺指            	MXF    	B         	25	9395.0000	0	.0000	25	9395.0000	0	.0000	0	.0000	0	.0000
20100304	小型臺指            	MXF    	C         	1421	536335.0000	1653	624665.0000	-232	-88330.0000	149	56047.0000	840	316132.0000	-691	-260085.0000
20100304	股票期貨            	STF    	A         	62	5399.0000	98	6056.0000	-36	-657.0000	62	6000.0000	1274	73442.0000	-1212	-67442.0000
20100304	股票期貨            	STF    	B         	0	.0000	0	.0000	0	.0000	0	.0000	0	.0000	0	.0000
20100304	股票期貨            	STF    	C         	26	1786.0000	44	3339.0000	-18	-1553.0000	64	5405.0000	207	16585.0000	-143	-11180.0000
20100304	臺灣50期貨          	T5F    	A         	1	512.0000	0	.0000	1	512.0000	1	519.0000	0	.0000	1	519.0000
20100304	臺灣50期貨          	T5F    	B         	0	.0000	0	.0000	0	.0000	0	.0000	0	.0000	0	.0000
20100304	臺灣50期貨          	T5F    	C         	0	.0000	0	.0000	0	.0000	0	.0000	0	.0000	0	.0000
20100304	臺股期貨            	TXF    	A         	27219	41064156.0000	29947	45188609.0000	-2728	-4124453.0000	5786	8657750.0000	4513	6760159.0000	1273	1897591.0000
20100304	臺股期貨            	TXF    	B         	180	271415.0000	204	307987.0000	-24	-36572.0000	1447	2178314.0000	1305	1964547.0000	142	213767.0000
20100304	臺股期貨            	TXF    	C         	11354	17137777.0000	8033	12137415.0000	3321	5000362.0000	30529	45900884.0000	27153	40772774.0000	3376	5128110.0000
20100304	非金電期貨          	XIF    	A         	345	315662.0000	365	334027.0000	-20	-18365.0000	161	145878.0000	150	135599.0000	11	10279.0000
20100304	非金電期貨          	XIF    	B         	0	.0000	0	.0000	0	.0000	21	19091.0000	0	.0000	21	19091.0000
20100304	非金電期貨          	XIF    	C         	19	17244.0000	30	27436.0000	-11	-10192.0000	48	43637.0000	69	62717.0000	-21	-19080.0000
20100305	電子期貨            	EXF    	A         	1038	1293021.0000	752	936463.0000	286	356558.0000	488	608647.0000	450	559808.0000	38	48839.0000
20100305	電子期貨            	EXF    	B         	16	20004.0000	30	37475.0000	-14	-17471.0000	283	354033.0000	154	192654.0000	129	161379.0000
20100305	電子期貨            	EXF    	C         	427	532553.0000	264	328142.0000	163	204411.0000	2734	3420220.0000	3347	4187097.0000	-613	-766877.0000
20100305	金融期貨            	FXF    	A         	1004	833003.0000	915	758617.0000	89	74385.0000	939	775982.0000	407	333638.0000	532	442344.0000
20100305	金融期貨            	FXF    	B         	8	6619.0000	8	6600.0000	0	19.0000	118	97846.0000	0	.0000	118	97846.0000
20100305	金融期貨            	FXF    	C         	310	257331.0000	400	331777.0000	-90	-74446.0000	880	729696.0000	3549	2942820.0000	-2669	-2213124.0000
20100305	櫃買期貨            	GTF    	A         	137	73264.0000	212	113318.0000	-75	-40054.0000	96	51269.0000	66	35170.0000	30	16099.0000
20100305	櫃買期貨            	GTF    	B         	0	.0000	0	.0000	0	.0000	0	.0000	0	.0000	0	.0000
20100305	櫃買期貨            	GTF    	C         	0	.0000	0	.0000	0	.0000	0	.0000	0	.0000	0	.0000
20100305	摩臺期              	MSF    	A         	1	876.0000	1	876.0000	0	.0000	0	.0000	9	7881.0000	-9	-7881.0000
20100305	摩臺期              	MSF    	B         	0	.0000	0	.0000	0	.0000	0	.0000	0	.0000	0	.0000
20100305	摩臺期              	MSF    	C         	0	.0000	0	.0000	0	.0000	0	.0000	0	.0000	0	.0000
20100305	小型臺指            	MXF    	A         	19241	7337168.0000	16658	6350366.0000	2583	986802.0000	2402	916072.0000	1191	451319.0000	1211	464753.0000
20100305	小型臺指            	MXF    	B         	0	.0000	0	.0000	0	.0000	0	.0000	0	.0000	0	.0000
20100305	小型臺指            	MXF    	C         	1567	597982.0000	1837	700235.0000	-270	-102253.0000	136	51979.0000	1117	427588.0000	-981	-375609.0000
20100305	股票期貨            	STF    	A         	55	4918.0000	38	4763.0000	17	155.0000	81	7571.0000	1276	75978.0000	-1195	-68407.0000
20100305	股票期貨            	STF    	B         	0	.0000	0	.0000	0	.0000	0	.0000	0	.0000	0	.0000
20100305	股票期貨            	STF    	C         	8	497.0000	16	996.0000	-8	-499.0000	62	5456.0000	213	17319.0000	-151	-11863.0000
20100305	臺灣50期貨          	T5F    	A         	0	.0000	0	.0000	0	.0000	1	525.0000	0	.0000	1	525.0000
20100305	臺灣50期貨          	T5F    	B         	0	.0000	0	.0000	0	.0000	0	.0000	0	.0000	0	.0000
20100305	臺灣50期貨          	T5F    	C         	0	.0000	0	.0000	0	.0000	0	.0000	0	.0000	0	.0000
20100305	臺股期貨            	TXF    	A         	28376	43313003.0000	27562	42065877.0000	814	1247126.0000	7568	11532968.0000	4947	7539939.0000	2621	3993029.0000
20100305	臺股期貨            	TXF    	B         	250	382278.0000	349	532139.0000	-99	-149861.0000	1444	2211053.0000	1400	2143680.0000	44	67373.0000
20100305	臺股期貨            	TXF    	C         	9687	14796272.0000	10514	16046849.0000	-827	-1250577.0000	30629	46837585.0000	28075	42884171.0000	2554	3953414.0000
20100305	非金電期貨          	XIF    	A         	309	284494.0000	312	287361.0000	-3	-2867.0000	143	131344.0000	135	123897.0000	8	7447.0000
20100305	非金電期貨          	XIF    	B         	0	.0000	0	.0000	0	.0000	21	19408.0000	0	.0000	21	19408.0000
20100305	非金電期貨          	XIF    	C         	15	13868.0000	26	23911.0000	-11	-10043.0000	48	44362.0000	80	73897.0000	-32	-29535.0000
20100308	電子期貨            	EXF    	A         	832	1054232.0000	697	883237.0000	135	170995.0000	534	677799.0000	361	456343.0000	173	221456.0000
20100308	電子期貨            	EXF    	B         	0	.0000	0	.0000	0	.0000	283	360316.0000	154	196073.0000	129	164243.0000
20100308	電子期貨            	EXF    	C         	327	413997.0000	257	325043.0000	70	88954.0000	2675	3405774.0000	3218	4097158.0000	-543	-691384.0000
20100308	金融期貨            	FXF    	A         	606	505452.0000	727	606339.0000	-121	-100887.0000	820	682602.0000	409	337882.0000	411	344720.0000
20100308	金融期貨            	FXF    	B         	0	.0000	0	.0000	0	.0000	118	98624.0000	0	.0000	118	98624.0000
20100308	金融期貨            	FXF    	C         	398	332124.0000	221	184268.0000	177	147856.0000	816	682013.0000	3308	2764816.0000	-2492	-2082803.0000
20100308	櫃買期貨            	GTF    	A         	105	57096.0000	126	68507.0000	-21	-11411.0000	94	51431.0000	85	46458.0000	9	4973.0000
20100308	櫃買期貨            	GTF    	B         	0	.0000	0	.0000	0	.0000	0	.0000	0	.0000	0	.0000
20100308	櫃買期貨            	GTF    	C         	0	.0000	0	.0000	0	.0000	0	.0000	0	.0000	0	.0000
20100308	摩臺期              	MSF    	A         	0	.0000	0	.0000	0	.0000	0	.0000	9	7993.0000	-9	-7993.0000
20100308	摩臺期              	MSF    	B         	0	.0000	0	.0000	0	.0000	0	.0000	0	.0000	0	.0000
20100308	摩臺期              	MSF    	C         	0	.0000	0	.0000	0	.0000	0	.0000	0	.0000	0	.0000
20100308	小型臺指            	MXF    	A         	10829	4179259.0000	8609	3323254.0000	2220	856006.0000	2550	984949.0000	999	383062.0000	1551	601887.0000
20100308	小型臺指            	MXF    	B         	0	.0000	0	.0000	0	.0000	0	.0000	0	.0000	0	.0000
20100308	小型臺指            	MXF    	C         	850	328172.0000	925	357099.0000	-75	-28928.0000	118	45659.0000	1306	506467.0000	-1188	-460808.0000
20100308	股票期貨            	STF    	A         	46	6727.0000	92	8610.0000	-46	-1884.0000	91	8894.0000	1332	80221.0000	-1241	-71327.0000
20100308	股票期貨            	STF    	B         	0	.0000	0	.0000	0	.0000	0	.0000	0	.0000	0	.0000
20100308	股票期貨            	STF    	C         	21	1504.0000	26	1484.0000	-5	20.0000	71	6136.0000	227	18257.0000	-156	-12121.0000
20100308	臺灣50期貨          	T5F    	A         	0	.0000	0	.0000	0	.0000	1	533.0000	0	.0000	1	533.0000
20100308	臺灣50期貨          	T5F    	B         	0	.0000	0	.0000	0	.0000	0	.0000	0	.0000	0	.0000
20100308	臺灣50期貨          	T5F    	C         	0	.0000	0	.0000	0	.0000	0	.0000	0	.0000	0	.0000
20100308	臺股期貨            	TXF    	A         	17107	26428089.0000	16878	26077647.0000	229	350441.0000	8928	13792074.0000	5608	8664583.0000	3320	5127491.0000
20100308	臺股期貨            	TXF    	B         	102	157475.0000	28	43328.0000	74	114146.0000	1447	2244586.0000	1329	2061545.0000	118	183041.0000
20100308	臺股期貨            	TXF    	C         	6700	10351488.0000	5110	7889804.0000	1590	2461684.0000	31772	49220282.0000	27595	42697797.0000	4177	6522485.0000
20100308	非金電期貨          	XIF    	A         	143	132715.0000	132	122479.0000	11	10236.0000	153	141829.0000	134	123893.0000	19	17936.0000
20100308	非金電期貨          	XIF    	B         	0	.0000	0	.0000	0	.0000	21	19543.0000	0	.0000	21	19543.0000
20100308	非金電期貨          	XIF    	C         	20	18544.0000	5	4639.0000	15	13906.0000	48	44633.0000	65	60472.0000	-17	-15839.0000
20100309	電子期貨            	EXF    	A         	480	612324.0000	481	613875.0000	-1	-1551.0000	562	716306.0000	390	495299.0000	172	221007.0000
20100309	電子期貨            	EXF    	B         	39	49844.0000	39	49398.0000	0	446.0000	283	361844.0000	154	196616.0000	129	165228.0000
20100309	電子期貨            	EXF    	C         	340	433950.0000	263	335463.0000	77	98487.0000	2634	3367707.0000	3100	3963660.0000	-466	-595953.0000
20100309	金融期貨            	FXF    	A         	557	464477.0000	582	485379.0000	-25	-20902.0000	850	707504.0000	464	383740.0000	386	323764.0000
20100309	金融期貨            	FXF    	B         	0	.0000	7	5851.0000	-7	-5851.0000	111	92752.0000	0	.0000	111	92752.0000
20100309	金融期貨            	FXF    	C         	238	198547.0000	369	307547.0000	-131	-109000.0000	776	648426.0000	3399	2840173.0000	-2623	-2191747.0000
20100309	櫃買期貨            	GTF    	A         	116	63910.0000	108	59459.0000	8	4451.0000	103	56412.0000	86	47107.0000	17	9305.0000
20100309	櫃買期貨            	GTF    	B         	0	.0000	0	.0000	0	.0000	0	.0000	0	.0000	0	.0000
20100309	櫃買期貨            	GTF    	C         	0	.0000	0	.0000	0	.0000	0	.0000	0	.0000	0	.0000
20100309	摩臺期              	MSF    	A         	0	.0000	0	.0000	0	.0000	0	.0000	9	8006.0000	-9	-8006.0000
20100309	摩臺期              	MSF    	B         	0	.0000	0	.0000	0	.0000	0	.0000	0	.0000	0	.0000
20100309	摩臺期              	MSF    	C         	0	.0000	0	.0000	0	.0000	0	.0000	0	.0000	0	.0000
20100309	小型臺指            	MXF    	A         	6898	2671866.0000	6456	2500110.0000	442	171756.0000	2949	1140855.0000	896	343558.0000	2053	797297.0000
20100309	小型臺指            	MXF    	B         	0	.0000	0	.0000	0	.0000	0	.0000	0	.0000	0	.0000
20100309	小型臺指            	MXF    	C         	454	175882.0000	510	197492.0000	-56	-21609.0000	108	41849.0000	1380	535716.0000	-1272	-493867.0000
20100309	股票期貨            	STF    	A         	35	4238.0000	33	5687.0000	2	-1449.0000	94	9296.0000	1333	81901.0000	-1239	-72605.0000
20100309	股票期貨            	STF    	B         	0	.0000	0	.0000	0	.0000	0	.0000	0	.0000	0	.0000
20100309	股票期貨            	STF    	C         	7	388.0000	14	863.0000	-7	-475.0000	70	6105.0000	231	18575.0000	-161	-12470.0000
20100309	臺灣50期貨          	T5F    	A         	0	.0000	0	.0000	0	.0000	1	537.0000	0	.0000	1	537.0000
20100309	臺灣50期貨          	T5F    	B         	0	.0000	0	.0000	0	.0000	0	.0000	0	.0000	0	.0000
20100309	臺灣50期貨          	T5F    	C         	0	.0000	0	.0000	0	.0000	0	.0000	0	.0000	0	.0000
20100309	臺股期貨            	TXF    	A         	11908	18452600.0000	11911	18454787.0000	-3	-2187.0000	9044	13986764.0000	5742	8882293.0000	3302	5104471.0000
20100309	臺股期貨            	TXF    	B         	235	364178.0000	37	57308.0000	198	306870.0000	1450	2251560.0000	1134	1760875.0000	316	490685.0000
20100309	臺股期貨            	TXF    	C         	4390	6801138.0000	4599	7123627.0000	-209	-322489.0000	31912	49483985.0000	27937	43268962.0000	3975	6215023.0000
20100309	非金電期貨          	XIF    	A         	279	258115.0000	286	264566.0000	-7	-6451.0000	159	146946.0000	147	135591.0000	12	11355.0000
20100309	非金電期貨          	XIF    	B         	0	.0000	0	.0000	0	.0000	21	19488.0000	0	.0000	21	19488.0000
20100309	非金電期貨          	XIF    	C         	13	12040.0000	22	20426.0000	-9	-8386.0000	56	51932.0000	82	76074.0000	-26	-24142.0000
20100310	電子期貨            	EXF    	A         	769	982162.0000	722	921887.0000	47	60274.0000	490	623129.0000	271	342490.0000	219	280639.0000
20100310	電子期貨            	EXF    	B         	0	.0000	45	57429.0000	-45	-57429.0000	283	361165.0000	199	253761.0000	84	107404.0000
20100310	電子期貨            	EXF    	C         	336	429509.0000	440	562266.0000	-104	-132757.0000	2641	3370345.0000	3211	4097878.0000	-570	-727533.0000
20100310	金融期貨            	FXF    	A         	985	825858.0000	879	736850.0000	106	89008.0000	990	828603.0000	498	414342.0000	492	414261.0000
20100310	金融期貨            	FXF    	B         	0	.0000	2	1679.0000	-2	-1679.0000	109	91538.0000	0	.0000	109	91538.0000
20100310	金融期貨            	FXF    	C         	378	317096.0000	615	515564.0000	-237	-198469.0000	848	712142.0000	3708	3113908.0000	-2860	-2401766.0000
20100310	櫃買期貨            	GTF    	A         	65	35749.0000	65	35748.0000	0	1.0000	101	55497.0000	84	46177.0000	17	9320.0000
20100310	櫃買期貨            	GTF    	B         	0	.0000	0	.0000	0	.0000	0	.0000	0	.0000	0	.0000
20100310	櫃買期貨            	GTF    	C         	0	.0000	0	.0000	0	.0000	0	.0000	0	.0000	0	.0000
20100310	摩臺期              	MSF    	A         	0	.0000	0	.0000	0	.0000	0	.0000	9	7983.0000	-9	-7983.0000
20100310	摩臺期              	MSF    	B         	0	.0000	0	.0000	0	.0000	0	.0000	0	.0000	0	.0000
20100310	摩臺期              	MSF    	C         	0	.0000	0	.0000	0	.0000	0	.0000	0	.0000	0	.0000
20100310	小型臺指            	MXF    	A         	10506	4073554.0000	11099	4300464.0000	-593	-226910.0000	2367	915754.0000	1075	413390.0000	1292	502364.0000
20100310	小型臺指            	MXF    	B         	0	.0000	0	.0000	0	.0000	0	.0000	0	.0000	0	.0000
20100310	小型臺指            	MXF    	C         	1164	451703.0000	857	332215.0000	307	119488.0000	98	38019.0000	1083	420691.0000	-985	-382672.0000
20100310	股票期貨            	STF    	A         	61	4880.0000	71	5903.0000	-10	-1024.0000	104	9629.0000	1353	83154.0000	-1249	-73525.0000
20100310	股票期貨            	STF    	B         	0	.0000	0	.0000	0	.0000	0	.0000	0	.0000	0	.0000
20100310	股票期貨            	STF    	C         	13	1756.0000	7	270.0000	6	1486.0000	69	6068.0000	224	17046.0000	-155	-10978.0000
20100310	臺灣50期貨          	T5F    	A         	0	.0000	0	.0000	0	.0000	1	537.0000	0	.0000	1	537.0000
20100310	臺灣50期貨          	T5F    	B         	0	.0000	0	.0000	0	.0000	0	.0000	0	.0000	0	.0000
20100310	臺灣50期貨          	T5F    	C         	0	.0000	0	.0000	0	.0000	0	.0000	0	.0000	0	.0000
20100310	臺股期貨            	TXF    	A         	17835	27667608.0000	17408	26991293.0000	427	676315.0000	9900	15324613.0000	6129	9482769.0000	3771	5841844.0000
20100310	臺股期貨            	TXF    	B         	237	367938.0000	173	267969.0000	64	99969.0000	1450	2253010.0000	1070	1662410.0000	380	590600.0000
20100310	臺股期貨            	TXF    	C         	7560	11719546.0000	8476	13151330.0000	-916	-1431784.0000	32208	49959767.0000	29144	45170362.0000	3064	4789405.0000
20100310	非金電期貨          	XIF    	A         	245	226878.0000	247	228748.0000	-2	-1870.0000	184	170405.0000	174	160854.0000	10	9551.0000
20100310	非金電期貨          	XIF    	B         	0	.0000	0	.0000	0	.0000	21	19511.0000	0	.0000	21	19511.0000
20100310	非金電期貨          	XIF    	C         	20	18532.0000	12	11100.0000	8	7432.0000	69	64072.0000	87	80815.0000	-18	-16743.0000
20100311	電子期貨            	EXF    	A         	738	944901.0000	656	839240.0000	82	105661.0000	565	719826.0000	264	334154.0000	301	385672.0000
20100311	電子期貨            	EXF    	B         	0	.0000	16	20445.0000	-16	-20445.0000	267	341173.0000	199	254017.0000	68	87156.0000
20100311	電子期貨            	EXF    	C         	418	535643.0000	432	553206.0000	-14	-17564.0000	2725	3481855.0000	3309	4228240.0000	-584	-746385.0000
20100311	金融期貨            	FXF    	A         	1025	852265.0000	1127	936893.0000	-102	-84628.0000	963	796231.0000	573	471340.0000	390	324891.0000
20100311	金融期貨            	FXF    	B         	0	.0000	0	.0000	0	.0000	109	90426.0000	0	.0000	109	90426.0000
20100311	金融期貨            	FXF    	C         	595	495329.0000	572	475884.0000	23	19445.0000	905	750781.0000	3742	3104241.0000	-2837	-2353460.0000
20100311	櫃買期貨            	GTF    	A         	70	38588.0000	68	37458.0000	2	1130.0000	101	55354.0000	82	44910.0000	19	10444.0000
20100311	櫃買期貨            	GTF    	B         	0	.0000	0	.0000	0	.0000	0	.0000	0	.0000	0	.0000
20100311	櫃買期貨            	GTF    	C         	0	.0000	0	.0000	0	.0000	0	.0000	0	.0000	0	.0000
20100311	摩臺期              	MSF    	A         	1	894.0000	0	.0000	1	894.0000	0	.0000	8	7070.0000	-8	-7070.0000
20100311	摩臺期              	MSF    	B         	0	.0000	0	.0000	0	.0000	0	.0000	0	.0000	0	.0000
20100311	摩臺期              	MSF    	C         	0	.0000	0	.0000	0	.0000	0	.0000	0	.0000	0	.0000
20100311	小型臺指            	MXF    	A         	10467	4062849.0000	11549	4481134.0000	-1082	-418285.0000	2413	932528.0000	1415	544158.0000	998	388370.0000
20100311	小型臺指            	MXF    	B         	0	.0000	0	.0000	0	.0000	0	.0000	0	.0000	0	.0000
20100311	小型臺指            	MXF    	C         	852	330938.0000	1014	393501.0000	-162	-62563.0000	91	35268.0000	1234	478663.0000	-1143	-443395.0000
20100311	股票期貨            	STF    	A         	557	27749.0000	528	24697.0000	29	3052.0000	124	11355.0000	1344	81324.0000	-1220	-69969.0000
20100311	股票期貨            	STF    	B         	0	.0000	0	.0000	0	.0000	0	.0000	0	.0000	0	.0000
20100311	股票期貨            	STF    	C         	9	640.0000	17	2435.0000	-8	-1794.0000	65	5682.0000	228	18422.0000	-163	-12740.0000
20100311	臺灣50期貨          	T5F    	A         	0	.0000	0	.0000	0	.0000	1	535.0000	0	.0000	1	535.0000
20100311	臺灣50期貨          	T5F    	B         	0	.0000	0	.0000	0	.0000	0	.0000	0	.0000	0	.0000
20100311	臺灣50期貨          	T5F    	C         	0	.0000	0	.0000	0	.0000	0	.0000	0	.0000	0	.0000
20100311	臺股期貨            	TXF    	A         	18922	29385247.0000	18221	28294841.0000	701	1090406.0000	9915	15326204.0000	5640	8709096.0000	4275	6617108.0000
20100311	臺股期貨            	TXF    	B         	333	518343.0000	167	259373.0000	166	258970.0000	1585	2459286.0000	1039	1611964.0000	546	847322.0000
20100311	臺股期貨            	TXF    	C         	8873	13766860.0000	9263	14376256.0000	-390	-609396.0000	33536	51934299.0000	30863	47764579.0000	2673	4169720.0000
20100311	非金電期貨          	XIF    	A         	375	348119.0000	403	374133.0000	-28	-26014.0000	191	176705.0000	209	193055.0000	-18	-16350.0000
20100311	非金電期貨          	XIF    	B         	0	.0000	0	.0000	0	.0000	21	19480.0000	0	.0000	21	19480.0000
20100311	非金電期貨          	XIF    	C         	16	14865.0000	5	4645.0000	11	10220.0000	83	76955.0000	90	83480.0000	-7	-6525.0000
20100312	電子期貨            	EXF    	A         	505	644231.0000	444	566523.0000	61	77708.0000	609	775233.0000	247	312080.0000	362	463153.0000
20100312	電子期貨            	EXF    	B         	0	.0000	45	57437.0000	-45	-57437.0000	267	340799.0000	244	311169.0000	23	29630.0000
20100312	電子期貨            	EXF    	C         	431	549522.0000	379	482989.0000	52	66533.0000	2865	3656361.0000	3397	4335574.0000	-532	-679213.0000
20100312	金融期貨            	FXF    	A         	498	413597.0000	431	357866.0000	67	55731.0000	976	808248.0000	519	427033.0000	457	381215.0000
20100312	金融期貨            	FXF    	B         	0	.0000	0	.0000	0	.0000	109	90579.0000	0	.0000	109	90579.0000
20100312	金融期貨            	FXF    	C         	327	271685.0000	219	181605.0000	108	90080.0000	900	747794.0000	3629	3015209.0000	-2729	-2267415.0000
20100312	櫃買期貨            	GTF    	A         	96	52924.0000	95	52355.0000	1	569.0000	104	57254.0000	84	46192.0000	20	11062.0000
20100312	櫃買期貨            	GTF    	B         	0	.0000	0	.0000	0	.0000	0	.0000	0	.0000	0	.0000
20100312	櫃買期貨            	GTF    	C         	0	.0000	0	.0000	0	.0000	0	.0000	0	.0000	0	.0000
20100312	摩臺期              	MSF    	A         	0	.0000	0	.0000	0	.0000	0	.0000	8	7078.0000	-8	-7078.0000
20100312	摩臺期              	MSF    	B         	0	.0000	0	.0000	0	.0000	0	.0000	0	.0000	0	.0000
20100312	摩臺期              	MSF    	C         	0	.0000	0	.0000	0	.0000	0	.0000	0	.0000	0	.0000
20100312	小型臺指            	MXF    	A         	7197	2787104.0000	7679	2972943.0000	-482	-185839.0000	1945	750616.0000	1745	671121.0000	200	79495.0000
20100312	小型臺指            	MXF    	B         	0	.0000	0	.0000	0	.0000	0	.0000	0	.0000	0	.0000
20100312	小型臺指            	MXF    	C         	559	216572.0000	407	157643.0000	152	58929.0000	79	30591.0000	1074	416256.0000	-995	-385665.0000
20100312	股票期貨            	STF    	A         	31	4715.0000	45	4005.0000	-14	710.0000	122	10933.0000	1356	80133.0000	-1234	-69200.0000
20100312	股票期貨            	STF    	B         	0	.0000	0	.0000	0	.0000	0	.0000	0	.0000	0	.0000
20100312	股票期貨            	STF    	C         	11	422.0000	14	1527.0000	-3	-1104.0000	63	5079.0000	229	18969.0000	-166	-13890.0000
20100312	臺灣50期貨          	T5F    	A         	0	.0000	0	.0000	0	.0000	1	535.0000	0	.0000	1	535.0000
20100312	臺灣50期貨          	T5F    	B         	0	.0000	0	.0000	0	.0000	0	.0000	0	.0000	0	.0000
20100312	臺灣50期貨          	T5F    	C         	0	.0000	0	.0000	0	.0000	0	.0000	0	.0000	0	.0000
20100312	臺股期貨            	TXF    	A         	11634	18028755.0000	13412	20782991.0000	-1778	-2754236.0000	8914	13763276.0000	6338	9786058.0000	2576	3977218.0000
20100312	臺股期貨            	TXF    	B         	64	99324.0000	60	92726.0000	4	6597.0000	1592	2468237.0000	1042	1615213.0000	550	853024.0000
20100312	臺股期貨            	TXF    	C         	7251	11227826.0000	8590	13308132.0000	-1339	-2080306.0000	33093	51199618.0000	31758	49108848.0000	1335	2090770.0000
20100312	非金電期貨          	XIF    	A         	127	117794.0000	97	89976.0000	30	27818.0000	213	197308.0000	201	185920.0000	12	11388.0000
20100312	非金電期貨          	XIF    	B         	0	.0000	0	.0000	0	.0000	21	19517.0000	0	.0000	21	19517.0000
20100312	非金電期貨          	XIF    	C         	12	11138.0000	48	44556.0000	-36	-33418.0000	95	88257.0000	138	128236.0000	-43	-39979.0000
20100315	電子期貨            	EXF    	A         	1234	1559386.0000	1352	1709885.0000	-118	-150499.0000	556	697659.0000	312	389158.0000	244	308501.0000
20100315	電子期貨            	EXF    	B         	60	75339.0000	76	95867.0000	-16	-20528.0000	267	335721.0000	260	327059.0000	7	8662.0000
20100315	電子期貨            	EXF    	C         	2004	2529104.0000	2034	2564189.0000	-30	-35085.0000	2275	2859905.0000	2837	3567002.0000	-562	-707097.0000
20100315	金融期貨            	FXF    	A         	1296	1060582.0000	1475	1206620.0000	-179	-146038.0000	869	707473.0000	591	478503.0000	278	228970.0000
20100315	金融期貨            	FXF    	B         	0	.0000	0	.0000	0	.0000	109	89184.0000	0	.0000	109	89184.0000
20100315	金融期貨            	FXF    	C         	987	808910.0000	801	656254.0000	186	152656.0000	1022	835490.0000	3565	2914703.0000	-2543	-2079213.0000
20100315	櫃買期貨            	GTF    	A         	287	156146.0000	232	126329.0000	55	29817.0000	111	59946.0000	36	19382.0000	75	40564.0000
20100315	櫃買期貨            	GTF    	B         	0	.0000	0	.0000	0	.0000	0	.0000	0	.0000	0	.0000
20100315	櫃買期貨            	GTF    	C         	0	.0000	0	.0000	0	.0000	0	.0000	0	.0000	0	.0000
20100315	摩臺期              	MSF    	A         	0	.0000	0	.0000	0	.0000	0	.0000	8	6936.0000	-8	-6936.0000
20100315	摩臺期              	MSF    	B         	0	.0000	0	.0000	0	.0000	0	.0000	0	.0000	0	.0000
20100315	摩臺期              	MSF    	C         	0	.0000	0	.0000	0	.0000	0	.0000	0	.0000	0	.0000
20100315	小型臺指            	MXF    	A         	14849	5696892.0000	17289	6630709.0000	-2440	-933817.0000	1902	724897.0000	3162	1201144.0000	-1260	-476247.0000
20100315	小型臺指            	MXF    	B         	0	.0000	0	.0000	0	.0000	0	.0000	0	.0000	0	.0000
20100315	小型臺指            	MXF    	C         	1466	562631.0000	1456	558988.0000	10	3643.0000	95	36307.0000	1060	405715.0000	-965	-369408.0000
20100315	股票期貨            	STF    	A         	57	5921.0000	76	7791.0000	-19	-1870.0000	126	11457.0000	1379	81971.0000	-1253	-70514.0000
20100315	股票期貨            	STF    	B         	0	.0000	0	.0000	0	.0000	0	.0000	0	.0000	0	.0000
20100315	股票期貨            	STF    	C         	19	1085.0000	25	1859.0000	-6	-774.0000	77	5861.0000	249	20401.0000	-172	-14540.0000
20100315	臺灣50期貨          	T5F    	A         	2	1029.0000	3	1569.0000	-1	-540.0000	1	520.0000	1	522.0000	0	-2.0000
20100315	臺灣50期貨          	T5F    	B         	0	.0000	0	.0000	0	.0000	0	.0000	0	.0000	0	.0000
20100315	臺灣50期貨          	T5F    	C         	0	.0000	0	.0000	0	.0000	0	.0000	0	.0000	0	.0000
20100315	臺股期貨            	TXF    	A         	28199	43283696.0000	29629	45497572.0000	-1430	-2213876.0000	9129	13907040.0000	8228	12548782.0000	901	1358258.0000
20100315	臺股期貨            	TXF    	B         	856	1306635.0000	1362	2084621.0000	-506	-777986.0000	1438	2196685.0000	1394	2130327.0000	44	66358.0000
20100315	臺股期貨            	TXF    	C         	22749	34888801.0000	22209	34063150.0000	540	825651.0000	35287	53861928.0000	33417	50972534.0000	1870	2889394.0000
20100315	非金電期貨          	XIF    	A         	335	308214.0000	283	260368.0000	52	47846.0000	264	241433.0000	200	182464.0000	64	58969.0000
20100315	非金電期貨          	XIF    	B         	5	4576.0000	5	4593.0000	0	-17.0000	21	19248.0000	0	.0000	21	19248.0000
20100315	非金電期貨          	XIF    	C         	21	19298.0000	35	32276.0000	-14	-12978.0000	69	63240.0000	126	115589.0000	-57	-52349.0000
20100316	電子期貨            	EXF    	A         	783	985576.0000	862	1087589.0000	-79	-102013.0000	614	773423.0000	449	565319.0000	165	208104.0000
20100316	電子期貨            	EXF    	B         	94	117854.0000	95	119946.0000	-1	-2092.0000	266	335712.0000	260	329165.0000	6	6547.0000
20100316	電子期貨            	EXF    	C         	3602	4534258.0000	3564	4480679.0000	38	53579.0000	2974	3754813.0000	3498	4412426.0000	-524	-657613.0000
20100316	金融期貨            	FXF    	A         	764	627165.0000	749	615301.0000	15	11864.0000	906	743271.0000	613	500212.0000	293	243059.0000
20100316	金融期貨            	FXF    	B         	55	44977.0000	55	45309.0000	0	-333.0000	109	89661.0000	0	.0000	109	89661.0000
20100316	金融期貨            	FXF    	C         	2919	2397122.0000	2824	2312906.0000	95	84216.0000	1353	1112381.0000	3801	3125473.0000	-2448	-2013092.0000
20100316	櫃買期貨            	GTF    	A         	106	57804.0000	152	82836.0000	-46	-25032.0000	89	48578.0000	60	32689.0000	29	15889.0000
20100316	櫃買期貨            	GTF    	B         	0	.0000	0	.0000	0	.0000	0	.0000	0	.0000	0	.0000
20100316	櫃買期貨            	GTF    	C         	0	.0000	0	.0000	0	.0000	0	.0000	0	.0000	0	.0000
20100316	摩臺期              	MSF    	A         	0	.0000	0	.0000	0	.0000	0	.0000	8	7023.0000	-8	-7023.0000
20100316	摩臺期              	MSF    	B         	0	.0000	0	.0000	0	.0000	0	.0000	0	.0000	0	.0000
20100316	摩臺期              	MSF    	C         	0	.0000	0	.0000	0	.0000	0	.0000	0	.0000	0	.0000
20100316	小型臺指            	MXF    	A         	7090	2716654.0000	6950	2660827.0000	140	55827.0000	2860	1097562.0000	3756	1435853.0000	-896	-338291.0000
20100316	小型臺指            	MXF    	B         	0	.0000	0	.0000	0	.0000	0	.0000	0	.0000	0	.0000
20100316	小型臺指            	MXF    	C         	1180	452118.0000	544	208318.0000	636	243801.0000	91	35005.0000	512	197222.0000	-421	-162217.0000
20100316	股票期貨            	STF    	A         	72	6404.0000	40	3434.0000	32	2969.0000	140	12803.0000	1361	80676.0000	-1221	-67873.0000
20100316	股票期貨            	STF    	B         	0	.0000	0	.0000	0	.0000	0	.0000	0	.0000	0	.0000
20100316	股票期貨            	STF    	C         	6	312.0000	18	1198.0000	-12	-886.0000	77	5717.0000	261	21184.0000	-184	-15467.0000
20100316	臺灣50期貨          	T5F    	A         	0	.0000	0	.0000	0	.0000	1	528.0000	1	530.0000	0	-2.0000
20100316	臺灣50期貨          	T5F    	B         	0	.0000	0	.0000	0	.0000	0	.0000	0	.0000	0	.0000
20100316	臺灣50期貨          	T5F    	C         	0	.0000	0	.0000	0	.0000	0	.0000	0	.0000	0	.0000
20100316	臺股期貨            	TXF    	A         	12568	19273234.0000	14288	21903449.0000	-1720	-2630216.0000	7278	11139596.0000	8153	12506084.0000	-875	-1366488.0000
20100316	臺股期貨            	TXF    	B         	789	1206607.0000	741	1135245.0000	48	71361.0000	1437	2204424.0000	1346	2067762.0000	91	136662.0000
20100316	臺股期貨            	TXF    	C         	21797	33366938.0000	20249	30990885.0000	1548	2376053.0000	39061	59955083.0000	35620	54624106.0000	3441	5330977.0000
20100316	非金電期貨          	XIF    	A         	164	150875.0000	168	154503.0000	-4	-3627.0000	239	219988.0000	179	164193.0000	60	55795.0000
20100316	非金電期貨          	XIF    	B         	16	14659.0000	16	14721.0000	0	-62.0000	21	19261.0000	0	.0000	21	19261.0000
20100316	非金電期貨          	XIF    	C         	7	6429.0000	40	36808.0000	-33	-30379.0000	71	65549.0000	161	148847.0000	-90	-83298.0000
20100317	電子期貨            	EXF    	A         	1086	1392524.0000	1041	1334014.0000	45	58510.0000	208	266551.0000	164	209000.0000	44	57551.0000
20100317	電子期貨            	EXF    	B         	135	173429.0000	167	214690.0000	-32	-41261.0000	220	283360.0000	124	159712.0000	96	123648.0000
20100317	電子期貨            	EXF    	C         	1094	1399779.0000	665	850671.0000	429	549108.0000	1700	2189600.0000	2036	2622368.0000	-336	-432768.0000
20100317	金融期貨            	FXF    	A         	1371	1146696.0000	1149	962238.0000	222	184458.0000	589	492608.0000	177	145229.0000	412	347379.0000
20100317	金融期貨            	FXF    	B         	56	46942.0000	54	45448.0000	2	1494.0000	111	93284.0000	0	.0000	111	93284.0000
20100317	金融期貨            	FXF    	C         	1534	1284038.0000	1629	1360910.0000	-95	-76872.0000	804	675682.0000	3053	2565741.0000	-2249	-1890059.0000
20100317	櫃買期貨            	GTF    	A         	50	27745.0000	68	37713.0000	-18	-9968.0000	33	18357.0000	48	26690.0000	-15	-8333.0000
20100317	櫃買期貨            	GTF    	B         	0	.0000	0	.0000	0	.0000	0	.0000	0	.0000	0	.0000
20100317	櫃買期貨            	GTF    	C         	0	.0000	0	.0000	0	.0000	0	.0000	0	.0000	0	.0000
20100317	摩臺期              	MSF    	A         	0	.0000	0	.0000	0	.0000	0	.0000	0	.0000	0	.0000
20100317	摩臺期              	MSF    	B         	0	.0000	0	.0000	0	.0000	0	.0000	0	.0000	0	.0000
20100317	摩臺期              	MSF    	C         	0	.0000	0	.0000	0	.0000	0	.0000	0	.0000	0	.0000
20100317	小型臺指            	MXF    	A         	13524	5261362.0000	11529	4488324.0000	1995	773039.0000	575	224159.0000	2498	976600.0000	-1923	-752441.0000
20100317	小型臺指            	MXF    	B         	0	.0000	0	.0000	0	.0000	0	.0000	0	.0000	0	.0000
20100317	小型臺指            	MXF    	C         	1468	570071.0000	1090	423969.0000	378	146102.0000	462	180893.0000	76	29777.0000	386	151116.0000
20100317	股票期貨            	STF    	A         	91	9815.0000	88	8251.0000	3	1564.0000	66	7348.0000	1084	65581.0000	-1018	-58233.0000
20100317	股票期貨            	STF    	B         	0	.0000	0	.0000	0	.0000	0	.0000	0	.0000	0	.0000
20100317	股票期貨            	STF    	C         	5	237.0000	7	384.0000	-2	-148.0000	6	428.0000	62	3559.0000	-56	-3131.0000
20100317	臺灣50期貨          	T5F    	A         	1	530.0000	1	527.0000	0	3.0000	1	535.0000	1	534.0000	0	1.0000
20100317	臺灣50期貨          	T5F    	B         	0	.0000	0	.0000	0	.0000	0	.0000	0	.0000	0	.0000
20100317	臺灣50期貨          	T5F    	C         	0	.0000	0	.0000	0	.0000	0	.0000	0	.0000	0	.0000
20100317	臺股期貨            	TXF    	A         	32140	50078351.0000	33732	52552867.0000	-1592	-2474517.0000	4296	6692165.0000	2603	4046189.0000	1693	2645976.0000
20100317	臺股期貨            	TXF    	B         	1225	1907221.0000	822	1279609.0000	403	627612.0000	1367	2142362.0000	755	1183236.0000	612	959126.0000
20100317	臺股期貨            	TXF    	C         	19502	30327335.0000	16812	26159767.0000	2690	4167568.0000	19828	31005570.0000	19952	31195456.0000	-124	-189886.0000
20100317	非金電期貨          	XIF    	A         	357	332568.0000	420	391396.0000	-63	-58827.0000	71	66187.0000	95	88323.0000	-24	-22136.0000
20100317	非金電期貨          	XIF    	B         	0	.0000	0	.0000	0	.0000	21	19719.0000	0	.0000	21	19719.0000
20100317	非金電期貨          	XIF    	C         	72	67051.0000	38	35401.0000	34	31650.0000	35	32830.0000	11	10329.0000	24	22501.0000
20100318	電子期貨            	EXF    	A         	783	1012204.0000	769	993547.0000	14	18657.0000	329	423123.0000	271	347382.0000	58	75741.0000
20100318	電子期貨            	EXF    	B         	36	46469.0000	0	.0000	36	46469.0000	256	330291.0000	124	159985.0000	132	170306.0000
20100318	電子期貨            	EXF    	C         	610	788385.0000	525	679254.0000	85	109131.0000	1802	2324940.0000	2050	2644910.0000	-248	-319970.0000
20100318	金融期貨            	FXF    	A         	1100	934625.0000	1088	924116.0000	12	10509.0000	659	554269.0000	235	195009.0000	424	359260.0000
20100318	金融期貨            	FXF    	B         	0	.0000	0	.0000	0	.0000	111	93751.0000	0	.0000	111	93751.0000
20100318	金融期貨            	FXF    	C         	330	280182.0000	506	429632.0000	-176	-149450.0000	861	727201.0000	3286	2775356.0000	-2425	-2048155.0000
20100318	櫃買期貨            	GTF    	A         	110	62210.0000	104	58800.0000	6	3410.0000	46	26061.0000	55	31091.0000	-9	-5030.0000
20100318	櫃買期貨            	GTF    	B         	0	.0000	0	.0000	0	.0000	0	.0000	0	.0000	0	.0000
20100318	櫃買期貨            	GTF    	C         	0	.0000	0	.0000	0	.0000	0	.0000	0	.0000	0	.0000
20100318	摩臺期              	MSF    	A         	0	.0000	0	.0000	0	.0000	0	.0000	0	.0000	0	.0000
20100318	摩臺期              	MSF    	B         	0	.0000	0	.0000	0	.0000	0	.0000	0	.0000	0	.0000
20100318	摩臺期              	MSF    	C         	0	.0000	0	.0000	0	.0000	0	.0000	0	.0000	0	.0000
20100318	小型臺指            	MXF    	A         	13312	5232510.0000	12741	5008492.0000	571	224018.0000	1334	522099.0000	1338	522840.0000	-4	-741.0000
20100318	小型臺指            	MXF    	B         	0	.0000	0	.0000	0	.0000	0	.0000	0	.0000	0	.0000
20100318	小型臺指            	MXF    	C         	853	335316.0000	1500	590862.0000	-647	-255547.0000	583	228688.0000	840	329632.0000	-257	-100944.0000
20100318	股票期貨            	STF    	A         	64	9436.0000	99	11463.0000	-35	-2028.0000	73	6113.0000	1126	66710.0000	-1053	-60597.0000
20100318	股票期貨            	STF    	B         	0	.0000	0	.0000	0	.0000	0	.0000	0	.0000	0	.0000
20100318	股票期貨            	STF    	C         	10	1414.0000	192	13093.0000	-182	-11679.0000	6	1186.0000	244	15995.0000	-238	-14809.0000
20100318	臺灣50期貨          	T5F    	A         	0	.0000	0	.0000	0	.0000	1	541.0000	1	540.0000	0	1.0000
20100318	臺灣50期貨          	T5F    	B         	0	.0000	0	.0000	0	.0000	0	.0000	0	.0000	0	.0000
20100318	臺灣50期貨          	T5F    	C         	0	.0000	0	.0000	0	.0000	0	.0000	0	.0000	0	.0000
20100318	臺股期貨            	TXF    	A         	19984	31447255.0000	18616	29304604.0000	1368	2142650.0000	5562	8691218.0000	2838	4422617.0000	2724	4268601.0000
20100318	臺股期貨            	TXF    	B         	425	667780.0000	108	169924.0000	317	497856.0000	1671	2623136.0000	738	1158512.0000	933	1464624.0000
20100318	臺股期貨            	TXF    	C         	6081	9575373.0000	10015	15765689.0000	-3934	-6190315.0000	18290	28645772.0000	22349	35011817.0000	-4059	-6366045.0000
20100318	非金電期貨          	XIF    	A         	196	184998.0000	163	153869.0000	33	31128.0000	77	71823.0000	68	62970.0000	9	8853.0000
20100318	非金電期貨          	XIF    	B         	0	.0000	0	.0000	0	.0000	21	19719.0000	0	.0000	21	19719.0000
20100318	非金電期貨          	XIF    	C         	13	12294.0000	31	29236.0000	-18	-16942.0000	42	39403.0000	36	33804.0000	6	5599.0000
20100319	電子期貨            	EXF    	A         	464	600095.0000	459	593375.0000	5	6720.0000	345	444530.0000	282	361887.0000	63	82643.0000
20100319	電子期貨            	EXF    	B         	0	.0000	0	.0000	0	.0000	256	331110.0000	124	160382.0000	132	170728.0000
20100319	電子期貨            	EXF    	C         	274	354402.0000	241	311685.0000	33	42716.0000	1894	2449700.0000	2109	2727781.0000	-215	-278081.0000
20100319	金融期貨            	FXF    	A         	754	638139.0000	785	663624.0000	-31	-25485.0000	648	547439.0000	255	212993.0000	393	334446.0000
20100319	金融期貨            	FXF    	B         	0	.0000	0	.0000	0	.0000	111	94195.0000	0	.0000	111	94195.0000
20100319	金融期貨            	FXF    	C         	228	192734.0000	280	236946.0000	-52	-44213.0000	894	758648.0000	3371	2860631.0000	-2477	-2101983.0000
20100319	櫃買期貨            	GTF    	A         	165	93941.0000	146	83127.0000	19	10814.0000	66	37578.0000	56	31781.0000	10	5797.0000
20100319	櫃買期貨            	GTF    	B         	0	.0000	38	21614.0000	-38	-21614.0000	0	.0000	38	21706.0000	-38	-21706.0000
20100319	櫃買期貨            	GTF    	C         	0	.0000	24	13687.0000	-24	-13687.0000	0	.0000	24	13709.0000	-24	-13709.0000
20100319	摩臺期              	MSF    	A         	0	.0000	0	.0000	0	.0000	0	.0000	0	.0000	0	.0000
20100319	摩臺期              	MSF    	B         	0	.0000	0	.0000	0	.0000	0	.0000	0	.0000	0	.0000
20100319	摩臺期              	MSF    	C         	0	.0000	0	.0000	0	.0000	0	.0000	0	.0000	0	.0000
20100319	小型臺指            	MXF    	A         	7985	3136242.0000	8359	3282626.0000	-374	-146385.0000	1326	520198.0000	1704	667810.0000	-378	-147612.0000
20100319	小型臺指            	MXF    	B         	0	.0000	0	.0000	0	.0000	0	.0000	0	.0000	0	.0000
20100319	小型臺指            	MXF    	C         	497	195192.0000	506	198709.0000	-9	-3517.0000	716	281524.0000	866	340631.0000	-150	-59107.0000
20100319	股票期貨            	STF    	A         	24	3822.0000	85	10115.0000	-61	-6293.0000	62	5128.0000	1176	71952.0000	-1114	-66824.0000
20100319	股票期貨            	STF    	B         	0	.0000	0	.0000	0	.0000	0	.0000	0	.0000	0	.0000
20100319	股票期貨            	STF    	C         	0	.0000	100	10130.0000	-100	-10130.0000	6	1186.0000	335	25411.0000	-329	-24225.0000
20100319	臺灣50期貨          	T5F    	A         	0	.0000	0	.0000	0	.0000	1	540.0000	1	539.0000	0	1.0000
20100319	臺灣50期貨          	T5F    	B         	0	.0000	0	.0000	0	.0000	0	.0000	0	.0000	0	.0000
20100319	臺灣50期貨          	T5F    	C         	0	.0000	0	.0000	0	.0000	0	.0000	0	.0000	0	.0000
20100319	臺股期貨            	TXF    	A         	11960	18798396.0000	11370	17868320.0000	590	930076.0000	6221	9748434.0000	2907	4542639.0000	3314	5205795.0000
20100319	臺股期貨            	TXF    	B         	36	56639.0000	48	75370.0000	-12	-18731.0000	1661	2613417.0000	740	1164316.0000	921	1449101.0000
20100319	臺股期貨            	TXF    	C         	4827	7584595.0000	3953	6212666.0000	874	1371929.0000	19137	30043242.0000	22351	35095911.0000	-3214	-5052669.0000
20100319	非金電期貨          	XIF    	A         	165	155178.0000	180	169348.0000	-15	-14169.0000	80	74847.0000	86	80114.0000	-6	-5267.0000
20100319	非金電期貨          	XIF    	B         	0	.0000	0	.0000	0	.0000	21	19782.0000	0	.0000	21	19782.0000
20100319	非金電期貨          	XIF    	C         	17	15987.0000	8	7525.0000	9	8463.0000	47	44239.0000	32	30144.0000	15	14095.0000
20100322	電子期貨            	EXF    	A         	593	759173.0000	597	763850.0000	-4	-4677.0000	359	458468.0000	300	381695.0000	59	76773.0000
20100322	電子期貨            	EXF    	B         	0	.0000	0	.0000	0	.0000	256	328141.0000	124	158943.0000	132	169198.0000
20100322	電子期貨            	EXF    	C         	360	461202.0000	421	538967.0000	-61	-77764.0000	1942	2489256.0000	2218	2843032.0000	-276	-353776.0000
20100322	金融期貨            	FXF    	A         	676	567335.0000	704	590836.0000	-28	-23500.0000	588	491269.0000	223	183578.0000	365	307691.0000
20100322	金融期貨            	FXF    	B         	15	12555.0000	0	.0000	15	12555.0000	126	105865.0000	0	.0000	126	105865.0000
20100322	金融期貨            	FXF    	C         	211	177306.0000	470	394042.0000	-259	-216735.0000	848	712490.0000	3584	3011274.0000	-2736	-2298784.0000
20100322	櫃買期貨            	GTF    	A         	131	74797.0000	94	53643.0000	37	21154.0000	83	47556.0000	36	20512.0000	47	27044.0000
20100322	櫃買期貨            	GTF    	B         	0	.0000	0	.0000	0	.0000	0	.0000	38	21820.0000	-38	-21820.0000
20100322	櫃買期貨            	GTF    	C         	0	.0000	25	14339.0000	-25	-14339.0000	0	.0000	49	28136.0000	-49	-28136.0000
20100322	摩臺期              	MSF    	A         	0	.0000	0	.0000	0	.0000	0	.0000	0	.0000	0	.0000
20100322	摩臺期              	MSF    	B         	0	.0000	0	.0000	0	.0000	0	.0000	0	.0000	0	.0000
20100322	摩臺期              	MSF    	C         	0	.0000	0	.0000	0	.0000	0	.0000	0	.0000	0	.0000
20100322	小型臺指            	MXF    	A         	12891	5021105.0000	13713	5337732.0000	-822	-316627.0000	1847	719485.0000	1863	723512.0000	-16	-4027.0000
20100322	小型臺指            	MXF    	B         	0	.0000	0	.0000	0	.0000	0	.0000	0	.0000	0	.0000
20100322	小型臺指            	MXF    	C         	829	322813.0000	1410	549030.0000	-581	-226217.0000	602	234757.0000	1085	423306.0000	-483	-188549.0000
20100322	股票期貨            	STF    	A         	75	10760.0000	53	5156.0000	22	5604.0000	111	11659.0000	1203	71786.0000	-1092	-60127.0000
20100322	股票期貨            	STF    	B         	0	.0000	0	.0000	0	.0000	0	.0000	0	.0000	0	.0000
20100322	股票期貨            	STF    	C         	28	1119.0000	101	11199.0000	-73	-10080.0000	18	543.0000	420	34332.0000	-402	-33789.0000
20100322	臺灣50期貨          	T5F    	A         	1	536.0000	1	533.0000	0	3.0000	0	.0000	0	.0000	0	.0000
20100322	臺灣50期貨          	T5F    	B         	0	.0000	0	.0000	0	.0000	0	.0000	0	.0000	0	.0000
20100322	臺灣50期貨          	T5F    	C         	0	.0000	0	.0000	0	.0000	0	.0000	0	.0000	0	.0000
20100322	臺股期貨            	TXF    	A         	20246	31545436.0000	21142	32934444.0000	-896	-1389008.0000	5446	8459534.0000	3324	5155238.0000	2122	3304296.0000
20100322	臺股期貨            	TXF    	B         	198	309009.0000	390	607822.0000	-192	-298813.0000	1597	2492278.0000	868	1354601.0000	729	1137677.0000
20100322	臺股期貨            	TXF    	C         	6927	10796332.0000	7669	11947657.0000	-742	-1151325.0000	19216	29919464.0000	23234	36187032.0000	-4018	-6267568.0000
20100322	非金電期貨          	XIF    	A         	224	209301.0000	185	172930.0000	39	36371.0000	125	116545.0000	92	85230.0000	33	31315.0000
20100322	非金電期貨          	XIF    	B         	0	.0000	0	.0000	0	.0000	21	19671.0000	0	.0000	21	19671.0000
20100322	非金電期貨          	XIF    	C         	13	12119.0000	64	59805.0000	-51	-47686.0000	49	45863.0000	85	79620.0000	-36	-33757.0000
20100323	電子期貨            	EXF    	A         	701	901767.0000	809	1040504.0000	-108	-138736.0000	372	476029.0000	421	537760.0000	-49	-61731.0000
20100323	電子期貨            	EXF    	B         	10	12880.0000	0	.0000	10	12880.0000	266	341650.0000	124	159266.0000	142	182384.0000
20100323	電子期貨            	EXF    	C         	539	693555.0000	410	527338.0000	129	166217.0000	1915	2459626.0000	2062	2648433.0000	-147	-188807.0000
20100323	金融期貨            	FXF    	A         	743	623158.0000	809	678627.0000	-66	-55469.0000	568	473212.0000	269	221606.0000	299	251606.0000
20100323	金融期貨            	FXF    	B         	0	.0000	0	.0000	0	.0000	126	105588.0000	0	.0000	126	105588.0000
20100323	金融期貨            	FXF    	C         	225	188923.0000	294	246385.0000	-69	-57462.0000	858	719004.0000	3663	3069587.0000	-2805	-2350583.0000
20100323	櫃買期貨            	GTF    	A         	194	111216.0000	126	72306.0000	68	38910.0000	155	88201.0000	40	22623.0000	115	65578.0000
20100323	櫃買期貨            	GTF    	B         	0	.0000	0	.0000	0	.0000	0	.0000	38	21652.0000	-38	-21652.0000
20100323	櫃買期貨            	GTF    	C         	10	5695.0000	0	.0000	10	5695.0000	0	.0000	39	22222.0000	-39	-22222.0000
20100323	摩臺期              	MSF    	A         	1	886.0000	1	887.0000	0	-1.0000	0	.0000	0	.0000	0	.0000
20100323	摩臺期              	MSF    	B         	0	.0000	0	.0000	0	.0000	0	.0000	0	.0000	0	.0000
20100323	摩臺期              	MSF    	C         	0	.0000	0	.0000	0	.0000	0	.0000	0	.0000	0	.0000
20100323	小型臺指            	MXF    	A         	11026	4303696.0000	11746	4583669.0000	-720	-279974.0000	1207	469876.0000	2299	893100.0000	-1092	-423224.0000
20100323	小型臺指            	MXF    	B         	0	.0000	0	.0000	0	.0000	0	.0000	0	.0000	0	.0000
20100323	小型臺指            	MXF    	C         	525	205258.0000	1343	523866.0000	-818	-318608.0000	276	107593.0000	1105	431189.0000	-829	-323596.0000
20100323	股票期貨            	STF    	A         	45	4122.0000	93	7946.0000	-48	-3824.0000	83	8392.0000	1223	71910.0000	-1140	-63518.0000
20100323	股票期貨            	STF    	B         	0	.0000	0	.0000	0	.0000	0	.0000	0	.0000	0	.0000
20100323	股票期貨            	STF    	C         	29	1916.0000	48	3672.0000	-19	-1756.0000	18	778.0000	439	36090.0000	-421	-35312.0000
20100323	臺灣50期貨          	T5F    	A         	1	531.0000	0	.0000	1	531.0000	1	532.0000	0	.0000	1	532.0000
20100323	臺灣50期貨          	T5F    	B         	0	.0000	0	.0000	0	.0000	0	.0000	0	.0000	0	.0000
20100323	臺灣50期貨          	T5F    	C         	0	.0000	0	.0000	0	.0000	0	.0000	0	.0000	0	.0000
20100323	臺股期貨            	TXF    	A         	18976	29628861.0000	20042	31282606.0000	-1066	-1653745.0000	5163	8019475.0000	4018	6234624.0000	1145	1784851.0000
20100323	臺股期貨            	TXF    	B         	112	175047.0000	158	247123.0000	-46	-72077.0000	1612	2516332.0000	929	1450169.0000	683	1066163.0000
20100323	臺股期貨            	TXF    	C         	8047	12560501.0000	7121	11128244.0000	926	1432257.0000	18837	29321529.0000	22047	34341568.0000	-3210	-5020039.0000
20100323	非金電期貨          	XIF    	A         	194	181266.0000	174	162452.0000	20	18815.0000	132	122743.0000	79	72831.0000	53	49912.0000
20100323	非金電期貨          	XIF    	B         	0	.0000	0	.0000	0	.0000	21	19616.0000	0	.0000	21	19616.0000
20100323	非金電期貨          	XIF    	C         	7	6541.0000	6	5597.0000	1	944.0000	49	45736.0000	84	78464.0000	-35	-32728.0000
20100324	電子期貨            	EXF    	A         	639	824631.0000	553	713224.0000	86	111407.0000	425	544429.0000	388	495725.0000	37	48704.0000
20100324	電子期貨            	EXF    	B         	0	.0000	0	.0000	0	.0000	266	341863.0000	124	159365.0000	142	182498.0000
20100324	電子期貨            	EXF    	C         	243	313573.0000	365	471262.0000	-122	-157690.0000	1884	2421317.0000	2153	2767036.0000	-269	-345719.0000
20100324	金融期貨            	FXF    	A         	870	733536.0000	989	833887.0000	-119	-100351.0000	490	408527.0000	310	256311.0000	180	152216.0000
20100324	金融期貨            	FXF    	B         	0	.0000	0	.0000	0	.0000	126	105764.0000	0	.0000	126	105764.0000
20100324	金融期貨            	FXF    	C         	577	486960.0000	553	466570.0000	24	20390.0000	1089	914107.0000	3870	3248474.0000	-2781	-2334367.0000
20100324	櫃買期貨            	GTF    	A         	141	81167.0000	273	157061.0000	-132	-75894.0000	63	35993.0000	80	45654.0000	-17	-9661.0000
20100324	櫃買期貨            	GTF    	B         	0	.0000	2	1152.0000	-2	-1152.0000	0	.0000	40	22896.0000	-40	-22896.0000
20100324	櫃買期貨            	GTF    	C         	0	.0000	0	.0000	0	.0000	0	.0000	39	22324.0000	-39	-22324.0000
20100324	摩臺期              	MSF    	A         	0	.0000	0	.0000	0	.0000	0	.0000	0	.0000	0	.0000
20100324	摩臺期              	MSF    	B         	0	.0000	0	.0000	0	.0000	0	.0000	0	.0000	0	.0000
20100324	摩臺期              	MSF    	C         	0	.0000	0	.0000	0	.0000	0	.0000	0	.0000	0	.0000
20100324	小型臺指            	MXF    	A         	9669	3787697.0000	10362	4058590.0000	-693	-270892.0000	1357	528571.0000	3002	1168677.0000	-1645	-640106.0000
20100324	小型臺指            	MXF    	B         	0	.0000	0	.0000	0	.0000	0	.0000	0	.0000	0	.0000
20100324	小型臺指            	MXF    	C         	696	272871.0000	898	351826.0000	-202	-78955.0000	413	161247.0000	1104	431304.0000	-691	-270057.0000
20100324	股票期貨            	STF    	A         	60	6981.0000	91	8453.0000	-31	-1472.0000	119	12583.0000	1290	77502.0000	-1171	-64919.0000
20100324	股票期貨            	STF    	B         	0	.0000	0	.0000	0	.0000	0	.0000	0	.0000	0	.0000
20100324	股票期貨            	STF    	C         	39	3576.0000	88	9510.0000	-49	-5935.0000	23	715.0000	493	42011.0000	-470	-41296.0000
20100324	臺灣50期貨          	T5F    	A         	0	.0000	0	.0000	0	.0000	1	532.0000	0	.0000	1	532.0000
20100324	臺灣50期貨          	T5F    	B         	0	.0000	0	.0000	0	.0000	0	.0000	0	.0000	0	.0000
20100324	臺灣50期貨          	T5F    	C         	0	.0000	0	.0000	0	.0000	0	.0000	0	.0000	0	.0000
20100324	臺股期貨            	TXF    	A         	16602	26019172.0000	16697	26152386.0000	-95	-133214.0000	5431	8449453.0000	4416	6859033.0000	1015	1590420.0000
20100324	臺股期貨            	TXF    	B         	162	253982.0000	195	305656.0000	-33	-51674.0000	1677	2620816.0000	1027	1604996.0000	650	1015820.0000
20100324	臺股期貨            	TXF    	C         	7124	11138685.0000	7828	12266534.0000	-704	-1127850.0000	19744	30754048.0000	23743	37033667.0000	-3999	-6279619.0000
20100324	非金電期貨          	XIF    	A         	167	156482.0000	181	169570.0000	-14	-13088.0000	128	119212.0000	89	82320.0000	39	36892.0000
20100324	非金電期貨          	XIF    	B         	0	.0000	0	.0000	0	.0000	21	19641.0000	0	.0000	21	19641.0000
20100324	非金電期貨          	XIF    	C         	22	20608.0000	0	.0000	22	20608.0000	60	56083.0000	73	68277.0000	-13	-12194.0000
20100325	電子期貨            	EXF    	A         	926	1187581.0000	907	1162848.0000	19	24734.0000	475	609395.0000	419	536182.0000	56	73213.0000
20100325	電子期貨            	EXF    	B         	0	.0000	0	.0000	0	.0000	266	342289.0000	124	159563.0000	142	182726.0000
20100325	電子期貨            	EXF    	C         	709	910692.0000	788	1010687.0000	-79	-99994.0000	1869	2405029.0000	2217	2852836.0000	-348	-447807.0000
20100325	金融期貨            	FXF    	A         	1095	912901.0000	1143	953167.0000	-48	-40266.0000	439	364029.0000	307	252735.0000	132	111294.0000
20100325	金融期貨            	FXF    	B         	40	33539.0000	0	.0000	40	33539.0000	166	138710.0000	0	.0000	166	138710.0000
20100325	金融期貨            	FXF    	C         	707	589675.0000	727	605412.0000	-20	-15737.0000	1119	935036.0000	3920	3275548.0000	-2801	-2340512.0000
20100325	櫃買期貨            	GTF    	A         	56	31973.0000	85	48607.0000	-29	-16634.0000	55	31471.0000	101	57778.0000	-46	-26307.0000
20100325	櫃買期貨            	GTF    	B         	2	1148.0000	0	.0000	2	1148.0000	0	.0000	38	21789.0000	-38	-21789.0000
20100325	櫃買期貨            	GTF    	C         	0	.0000	0	.0000	0	.0000	0	.0000	39	22363.0000	-39	-22363.0000
20100325	摩臺期              	MSF    	A         	0	.0000	0	.0000	0	.0000	0	.0000	0	.0000	0	.0000
20100325	摩臺期              	MSF    	B         	0	.0000	0	.0000	0	.0000	0	.0000	0	.0000	0	.0000
20100325	摩臺期              	MSF    	C         	0	.0000	0	.0000	0	.0000	0	.0000	0	.0000	0	.0000
20100325	小型臺指            	MXF    	A         	18259	7101366.0000	19129	7436915.0000	-870	-335550.0000	1918	747029.0000	3261	1268546.0000	-1343	-521517.0000
20100325	小型臺指            	MXF    	B         	0	.0000	0	.0000	0	.0000	0	.0000	0	.0000	0	.0000
20100325	小型臺指            	MXF    	C         	1355	527574.0000	1649	639841.0000	-294	-112267.0000	543	211907.0000	1336	521633.0000	-793	-309726.0000
20100325	股票期貨            	STF    	A         	83	7549.0000	114	7686.0000	-31	-137.0000	147	15168.0000	1349	80200.0000	-1202	-65032.0000
20100325	股票期貨            	STF    	B         	0	.0000	0	.0000	0	.0000	0	.0000	0	.0000	0	.0000
20100325	股票期貨            	STF    	C         	21	2211.0000	60	6137.0000	-39	-3926.0000	23	713.0000	532	45792.0000	-509	-45079.0000
20100325	臺灣50期貨          	T5F    	A         	0	.0000	0	.0000	0	.0000	1	534.0000	0	.0000	1	534.0000
20100325	臺灣50期貨          	T5F    	B         	0	.0000	0	.0000	0	.0000	0	.0000	0	.0000	0	.0000
20100325	臺灣50期貨          	T5F    	C         	0	.0000	0	.0000	0	.0000	0	.0000	0	.0000	0	.0000
20100325	臺股期貨            	TXF    	A         	30763	47883417.0000	30831	47967120.0000	-68	-83703.0000	5362	8344240.0000	4708	7306464.0000	654	1037776.0000
20100325	臺股期貨            	TXF    	B         	241	375956.0000	161	249592.0000	80	126364.0000	1687	2634757.0000	957	1494643.0000	730	1140114.0000
20100325	臺股期貨            	TXF    	C         	10607	16490567.0000	12509	19468142.0000	-1902	-2977575.0000	19352	30102530.0000	25301	39446363.0000	-5949	-9343833.0000
20100325	非金電期貨          	XIF    	A         	256	238306.0000	259	241149.0000	-3	-2843.0000	139	129442.0000	103	95356.0000	36	34086.0000
20100325	非金電期貨          	XIF    	B         	0	.0000	0	.0000	0	.0000	21	19641.0000	0	.0000	21	19641.0000
20100325	非金電期貨          	XIF    	C         	65	60628.0000	56	52365.0000	9	8263.0000	79	73854.0000	83	77630.0000	-4	-3776.0000
20100326	電子期貨            	EXF    	A         	978	1265177.0000	896	1158748.0000	82	106429.0000	595	772637.0000	457	591548.0000	138	181089.0000
20100326	電子期貨            	EXF    	B         	0	.0000	16	20835.0000	-16	-20835.0000	250	325700.0000	124	161547.0000	126	164153.0000
20100326	電子期貨            	EXF    	C         	692	894605.0000	565	729806.0000	127	164799.0000	2054	2675951.0000	2275	2963870.0000	-221	-287919.0000
20100326	金融期貨            	FXF    	A         	1154	962466.0000	1071	892593.0000	83	69873.0000	563	469076.0000	348	287679.0000	215	181397.0000
20100326	金融期貨            	FXF    	B         	0	.0000	1	839.0000	-1	-839.0000	166	139141.0000	1	838.0000	165	138303.0000
20100326	金融期貨            	FXF    	C         	486	405010.0000	567	471812.0000	-81	-66802.0000	1058	886816.0000	3940	3302503.0000	-2882	-2415687.0000
20100326	櫃買期貨            	GTF    	A         	94	54092.0000	102	58801.0000	-8	-4708.0000	52	29948.0000	106	61049.0000	-54	-31101.0000
20100326	櫃買期貨            	GTF    	B         	0	.0000	0	.0000	0	.0000	0	.0000	38	21934.0000	-38	-21934.0000
20100326	櫃買期貨            	GTF    	C         	0	.0000	0	.0000	0	.0000	0	.0000	39	22511.0000	-39	-22511.0000
20100326	摩臺期              	MSF    	A         	0	.0000	0	.0000	0	.0000	0	.0000	0	.0000	0	.0000
20100326	摩臺期              	MSF    	B         	0	.0000	0	.0000	0	.0000	0	.0000	0	.0000	0	.0000
20100326	摩臺期              	MSF    	C         	0	.0000	0	.0000	0	.0000	0	.0000	0	.0000	0	.0000
20100326	小型臺指            	MXF    	A         	24295	9499513.0000	20292	7927995.0000	4003	1571518.0000	2074	814784.0000	2806	1101176.0000	-732	-286392.0000
20100326	小型臺指            	MXF    	B         	0	.0000	0	.0000	0	.0000	0	.0000	0	.0000	0	.0000
20100326	小型臺指            	MXF    	C         	1785	697586.0000	1355	528699.0000	430	168887.0000	574	226129.0000	1049	413453.0000	-475	-187324.0000
20100326	股票期貨            	STF    	A         	47	5099.0000	83	6746.0000	-36	-1646.0000	152	17079.0000	1390	84418.0000	-1238	-67339.0000
20100326	股票期貨            	STF    	B         	0	.0000	0	.0000	0	.0000	0	.0000	0	.0000	0	.0000
20100326	股票期貨            	STF    	C         	28	2081.0000	73	7308.0000	-45	-5226.0000	30	1012.0000	577	51380.0000	-547	-50368.0000
20100326	臺灣50期貨          	T5F    	A         	0	.0000	0	.0000	0	.0000	1	538.0000	0	.0000	1	538.0000
20100326	臺灣50期貨          	T5F    	B         	0	.0000	0	.0000	0	.0000	0	.0000	0	.0000	0	.0000
20100326	臺灣50期貨          	T5F    	C         	0	.0000	0	.0000	0	.0000	0	.0000	0	.0000	0	.0000
20100326	臺股期貨            	TXF    	A         	29829	46686443.0000	31076	48655673.0000	-1247	-1969230.0000	5976	9387907.0000	5721	8967914.0000	255	419993.0000
20100326	臺股期貨            	TXF    	B         	272	425514.0000	594	927193.0000	-322	-501679.0000	1651	2602967.0000	1243	1959714.0000	408	643253.0000
20100326	臺股期貨            	TXF    	C         	16369	25633853.0000	8861	13883813.0000	7508	11750039.0000	20480	32150002.0000	18895	29712722.0000	1585	2437280.0000
20100326	非金電期貨          	XIF    	A         	241	225817.0000	232	217091.0000	9	8726.0000	142	132821.0000	97	90131.0000	45	42690.0000
20100326	非金電期貨          	XIF    	B         	0	.0000	0	.0000	0	.0000	21	19730.0000	0	.0000	21	19730.0000
20100326	非金電期貨          	XIF    	C         	28	26270.0000	54	50714.0000	-26	-24444.0000	99	92975.0000	129	121196.0000	-30	-28221.0000
20100329	電子期貨            	EXF    	A         	652	854014.0000	529	693247.0000	123	160767.0000	693	906112.0000	432	562628.0000	261	343484.0000
20100329	電子期貨            	EXF    	B         	0	.0000	0	.0000	0	.0000	250	327800.0000	124	162589.0000	126	165211.0000
20100329	電子期貨            	EXF    	C         	426	558323.0000	562	736080.0000	-136	-177757.0000	1942	2546350.0000	2299	3014449.0000	-357	-468099.0000
20100329	金融期貨            	FXF    	A         	705	597172.0000	807	683530.0000	-102	-86358.0000	607	511537.0000	494	414626.0000	113	96911.0000
20100329	金融期貨            	FXF    	B         	0	.0000	1	847.0000	-1	-847.0000	166	140668.0000	2	1695.0000	164	138973.0000
20100329	金融期貨            	FXF    	C         	481	407025.0000	296	250449.0000	185	156575.0000	1149	973663.0000	3846	3259097.0000	-2697	-2285434.0000
20100329	櫃買期貨            	GTF    	A         	42	24406.0000	67	38966.0000	-25	-14559.0000	63	36631.0000	142	82645.0000	-79	-46014.0000
20100329	櫃買期貨            	GTF    	B         	3	1751.0000	0	.0000	3	1751.0000	0	.0000	35	20412.0000	-35	-20412.0000
20100329	櫃買期貨            	GTF    	C         	0	.0000	0	.0000	0	.0000	0	.0000	39	22745.0000	-39	-22745.0000
20100329	摩臺期              	MSF    	A         	0	.0000	0	.0000	0	.0000	0	.0000	0	.0000	0	.0000
20100329	摩臺期              	MSF    	B         	0	.0000	0	.0000	0	.0000	0	.0000	0	.0000	0	.0000
20100329	摩臺期              	MSF    	C         	0	.0000	0	.0000	0	.0000	0	.0000	0	.0000	0	.0000
20100329	小型臺指            	MXF    	A         	11643	4619957.0000	10753	4267972.0000	890	351985.0000	2202	872713.0000	2364	935564.0000	-162	-62851.0000
20100329	小型臺指            	MXF    	B         	0	.0000	0	.0000	0	.0000	0	.0000	0	.0000	0	.0000
20100329	小型臺指            	MXF    	C         	1010	400859.0000	741	294167.0000	269	106692.0000	553	219873.0000	655	260553.0000	-102	-40680.0000
20100329	股票期貨            	STF    	A         	41	4329.0000	51	4233.0000	-10	96.0000	152	17139.0000	1400	84562.0000	-1248	-67423.0000
20100329	股票期貨            	STF    	B         	0	.0000	0	.0000	0	.0000	0	.0000	0	.0000	0	.0000
20100329	股票期貨            	STF    	C         	24	2447.0000	39	2722.0000	-15	-275.0000	31	1158.0000	593	51962.0000	-562	-50804.0000
20100329	臺灣50期貨          	T5F    	A         	0	.0000	1	544.0000	-1	-544.0000	0	.0000	0	.0000	0	.0000
20100329	臺灣50期貨          	T5F    	B         	0	.0000	0	.0000	0	.0000	0	.0000	0	.0000	0	.0000
20100329	臺灣50期貨          	T5F    	C         	0	.0000	0	.0000	0	.0000	0	.0000	0	.0000	0	.0000
20100329	臺股期貨            	TXF    	A         	17712	28126126.0000	17475	27730748.0000	237	395378.0000	6405	10157736.0000	5833	9217160.0000	572	940576.0000
20100329	臺股期貨            	TXF    	B         	78	124069.0000	31	49321.0000	47	74748.0000	1651	2627071.0000	1196	1903075.0000	455	723996.0000
20100329	臺股期貨            	TXF    	C         	6030	9560362.0000	7465	11856695.0000	-1435	-2296333.0000	20589	32609287.0000	20465	32491036.0000	124	118251.0000
20100329	非金電期貨          	XIF    	A         	193	182970.0000	146	138491.0000	47	44478.0000	207	196466.0000	115	108463.0000	92	88003.0000
20100329	非金電期貨          	XIF    	B         	0	.0000	0	.0000	0	.0000	21	19996.0000	0	.0000	21	19996.0000
20100329	非金電期貨          	XIF    	C         	22	20857.0000	86	81475.0000	-64	-60617.0000	121	115181.0000	215	204723.0000	-94	-89542.0000
20100330	電子期貨            	EXF    	A         	324	424606.0000	415	543953.0000	-91	-119346.0000	618	807204.0000	448	583205.0000	170	223999.0000
20100330	電子期貨            	EXF    	B         	0	.0000	0	.0000	0	.0000	250	327450.0000	124	162415.0000	126	165035.0000
20100330	電子期貨            	EXF    	C         	225	295054.0000	287	376066.0000	-62	-81012.0000	1957	2563279.0000	2376	3112085.0000	-419	-548806.0000
20100330	金融期貨            	FXF    	A         	890	758198.0000	589	501545.0000	301	256653.0000	926	785907.0000	512	432078.0000	414	353829.0000
20100330	金融期貨            	FXF    	B         	0	.0000	40	34046.0000	-40	-34046.0000	126	107327.0000	2	1704.0000	124	105623.0000
20100330	金融期貨            	FXF    	C         	224	190782.0000	415	353348.0000	-191	-162566.0000	1164	991495.0000	4052	3451489.0000	-2888	-2459994.0000
20100330	櫃買期貨            	GTF    	A         	29	16915.0000	37	21514.0000	-8	-4600.0000	66	38356.0000	153	88883.0000	-87	-50527.0000
20100330	櫃買期貨            	GTF    	B         	8	4660.0000	0	.0000	8	4660.0000	0	.0000	27	15714.0000	-27	-15714.0000
20100330	櫃買期貨            	GTF    	C         	0	.0000	0	.0000	0	.0000	0	.0000	39	22698.0000	-39	-22698.0000
20100330	摩臺期              	MSF    	A         	1	901.0000	1	900.0000	0	1.0000	0	.0000	0	.0000	0	.0000
20100330	摩臺期              	MSF    	B         	0	.0000	0	.0000	0	.0000	0	.0000	0	.0000	0	.0000
20100330	摩臺期              	MSF    	C         	1	900.0000	1	901.0000	0	-1.0000	0	.0000	0	.0000	0	.0000
20100330	小型臺指            	MXF    	A         	6316	2513510.0000	6934	2759078.0000	-618	-245567.0000	1763	698567.0000	2699	1068992.0000	-936	-370425.0000
20100330	小型臺指            	MXF    	B         	0	.0000	0	.0000	0	.0000	0	.0000	0	.0000	0	.0000
20100330	小型臺指            	MXF    	C         	501	199425.0000	958	381499.0000	-457	-182075.0000	182	72316.0000	693	275779.0000	-511	-203463.0000
20100330	股票期貨            	STF    	A         	34	1941.0000	36	4263.0000	-2	-2322.0000	145	14991.0000	1395	84929.0000	-1250	-69938.0000
20100330	股票期貨            	STF    	B         	0	.0000	0	.0000	0	.0000	0	.0000	0	.0000	0	.0000
20100330	股票期貨            	STF    	C         	20	2570.0000	31	1376.0000	-11	1195.0000	33	1334.0000	606	51151.0000	-573	-49817.0000
20100330	臺灣50期貨          	T5F    	A         	0	.0000	0	.0000	0	.0000	0	.0000	0	.0000	0	.0000
20100330	臺灣50期貨          	T5F    	B         	0	.0000	0	.0000	0	.0000	0	.0000	0	.0000	0	.0000
20100330	臺灣50期貨          	T5F    	C         	0	.0000	0	.0000	0	.0000	0	.0000	0	.0000	0	.0000
20100330	臺股期貨            	TXF    	A         	11515	18332756.0000	12203	19425325.0000	-688	-1092569.0000	6081	9645105.0000	6158	9737478.0000	-77	-92373.0000
20100330	臺股期貨            	TXF    	B         	150	238917.0000	133	211776.0000	17	27141.0000	1660	2642388.0000	1188	1891058.0000	472	751330.0000
20100330	臺股期貨            	TXF    	C         	5027	8004340.0000	6234	9925520.0000	-1207	-1921180.0000	20616	32663151.0000	21711	34486190.0000	-1095	-1823039.0000
20100330	非金電期貨          	XIF    	A         	79	75405.0000	65	62045.0000	14	13360.0000	208	197979.0000	102	96344.0000	106	101635.0000
20100330	非金電期貨          	XIF    	B         	0	.0000	0	.0000	0	.0000	21	20057.0000	0	.0000	21	20057.0000
20100330	非金電期貨          	XIF    	C         	5	4774.0000	13	12415.0000	-8	-7641.0000	122	116487.0000	224	213942.0000	-102	-97455.0000
20100331	電子期貨            	EXF    	A         	537	703151.0000	547	715753.0000	-10	-12602.0000	607	788946.0000	447	578999.0000	160	209947.0000
20100331	電子期貨            	EXF    	B         	0	.0000	55	71772.0000	-55	-71772.0000	195	254202.0000	124	161646.0000	71	92556.0000
20100331	電子期貨            	EXF    	C         	289	378020.0000	358	468725.0000	-69	-90705.0000	1849	2410356.0000	2337	3046513.0000	-488	-636157.0000
20100331	金融期貨            	FXF    	A         	698	587225.0000	981	825094.0000	-283	-237869.0000	635	529545.0000	504	418429.0000	131	111116.0000
20100331	金融期貨            	FXF    	B         	0	.0000	2	1682.0000	-2	-1682.0000	126	105638.0000	4	3354.0000	122	102284.0000
20100331	金融期貨            	FXF    	C         	296	249253.0000	329	276768.0000	-33	-27515.0000	1237	1037101.0000	4158	3486064.0000	-2921	-2448963.0000
20100331	櫃買期貨            	GTF    	A         	30	17485.0000	39	22734.0000	-9	-5248.0000	59	34281.0000	155	89868.0000	-96	-55587.0000
20100331	櫃買期貨            	GTF    	B         	0	.0000	0	.0000	0	.0000	0	.0000	27	15671.0000	-27	-15671.0000
20100331	櫃買期貨            	GTF    	C         	0	.0000	0	.0000	0	.0000	0	.0000	39	22636.0000	-39	-22636.0000
20100331	摩臺期              	MSF    	A         	1	900.0000	0	.0000	1	900.0000	1	900.0000	0	.0000	1	900.0000
20100331	摩臺期              	MSF    	B         	0	.0000	0	.0000	0	.0000	0	.0000	0	.0000	0	.0000
20100331	摩臺期              	MSF    	C         	0	.0000	1	900.0000	-1	-900.0000	0	.0000	1	900.0000	-1	-900.0000
20100331	小型臺指            	MXF    	A         	8920	3541084.0000	10610	4209785.0000	-1690	-668702.0000	1954	769773.0000	3776	1487312.0000	-1822	-717539.0000
20100331	小型臺指            	MXF    	B         	0	.0000	0	.0000	0	.0000	0	.0000	0	.0000	0	.0000
20100331	小型臺指            	MXF    	C         	1206	479066.0000	1039	412656.0000	167	66410.0000	436	172286.0000	736	290965.0000	-300	-118679.0000
20100331	股票期貨            	STF    	A         	91	9492.0000	72	8035.0000	19	1458.0000	153	16216.0000	1384	84216.0000	-1231	-68000.0000
20100331	股票期貨            	STF    	B         	0	.0000	0	.0000	0	.0000	0	.0000	0	.0000	0	.0000
20100331	股票期貨            	STF    	C         	10	829.0000	29	2104.0000	-19	-1275.0000	34	1367.0000	626	52287.0000	-592	-50920.0000
20100331	臺灣50期貨          	T5F    	A         	0	.0000	0	.0000	0	.0000	0	.0000	0	.0000	0	.0000
20100331	臺灣50期貨          	T5F    	B         	0	.0000	0	.0000	0	.0000	0	.0000	0	.0000	0	.0000
20100331	臺灣50期貨          	T5F    	C         	0	.0000	0	.0000	0	.0000	0	.0000	0	.0000	0	.0000
20100331	臺股期貨            	TXF    	A         	14257	22636346.0000	14779	23461844.0000	-522	-825498.0000	6356	10017330.0000	7156	11252520.0000	-800	-1235190.0000
20100331	臺股期貨            	TXF    	B         	78	124029.0000	215	340698.0000	-137	-216669.0000	1590	2514744.0000	1255	1984908.0000	335	529836.0000
20100331	臺股期貨            	TXF    	C         	6670	10595418.0000	6515	10336533.0000	155	258884.0000	21006	33068446.0000	21957	34652820.0000	-951	-1584374.0000
20100331	非金電期貨          	XIF    	A         	50	47590.0000	34	32372.0000	16	15218.0000	223	210874.0000	101	94749.0000	122	116125.0000
20100331	非金電期貨          	XIF    	B         	0	.0000	0	.0000	0	.0000	21	19921.0000	0	.0000	21	19921.0000
20100331	非金電期貨          	XIF    	C         	2	1905.0000	5	4769.0000	-3	-2865.0000	122	115694.0000	227	215332.0000	-105	-99638.0000
