20090401	電子期貨            	EXF    	A         	1103	960162.0000	993	862816.0000	110	97346.0000	411	356545.0000	1154	1002258.0000	-743	-645713.0000
20090401	電子期貨            	EXF    	B         	11	9508.0000	438	379054.0000	-427	-369546.0000	558	485125.0000	586	509384.0000	-28	-24259.0000
20090401	電子期貨            	EXF    	C         	1164	1010585.0000	400	347458.0000	764	663127.0000	3952	3435550.0000	1145	995463.0000	2807	2440087.0000
20090401	金融期貨            	FXF    	A         	721	409954.0000	695	394297.0000	26	15656.0000	888	510454.0000	836	480254.0000	52	30200.0000
20090401	金融期貨            	FXF    	B         	0	.0000	33	18807.0000	-33	-18807.0000	204	117341.0000	49	28185.0000	155	89156.0000
20090401	金融期貨            	FXF    	C         	496	280749.0000	496	281489.0000	0	-740.0000	1265	727625.0000	2802	1611710.0000	-1537	-884085.0000
20090401	櫃買期貨            	GTF    	A         	352	112391.0000	374	119460.0000	-22	-7069.0000	52	16655.0000	78	24958.0000	-26	-8303.0000
20090401	櫃買期貨            	GTF    	B         	0	.0000	0	.0000	0	.0000	0	.0000	0	.0000	0	.0000
20090401	櫃買期貨            	GTF    	C         	0	.0000	0	.0000	0	.0000	0	.0000	0	.0000	0	.0000
20090401	摩臺期              	MSF    	A         	2	1326.0000	2	1326.0000	0	.0000	6	3834.0000	6	3971.0000	0	-137.0000
20090401	摩臺期              	MSF    	B         	0	.0000	0	.0000	0	.0000	0	.0000	0	.0000	0	.0000
20090401	摩臺期              	MSF    	C         	0	.0000	0	.0000	0	.0000	0	.0000	0	.0000	0	.0000
20090401	小型臺指            	MXF    	A         	14013	3703105.0000	13455	3554375.0000	558	148730.0000	1988	525633.0000	4641	1230035.0000	-2653	-704402.0000
20090401	小型臺指            	MXF    	B         	18	4782.0000	4	1058.0000	14	3724.0000	0	.0000	3	797.0000	-3	-797.0000
20090401	小型臺指            	MXF    	C         	803	212035.0000	364	96160.0000	439	115876.0000	8	2126.0000	288	76522.0000	-280	-74396.0000
20090401	臺灣50期貨          	T5F    	A         	0	.0000	0	.0000	0	.0000	0	.0000	0	.0000	0	.0000
20090401	臺灣50期貨          	T5F    	B         	0	.0000	0	.0000	0	.0000	0	.0000	0	.0000	0	.0000
20090401	臺灣50期貨          	T5F    	C         	0	.0000	0	.0000	0	.0000	0	.0000	0	.0000	0	.0000
20090401	臺股期貨            	TXF    	A         	29258	30956977.0000	27327	28906155.0000	1931	2050821.0000	8372	8820630.0000	4991	5282455.0000	3381	3538175.0000
20090401	臺股期貨            	TXF    	B         	506	535804.0000	507	535536.0000	-1	268.0000	1172	1245602.0000	10783	11433673.0000	-9611	-10188071.0000
20090401	臺股期貨            	TXF    	C         	7842	8298834.0000	8375	8861154.0000	-533	-562319.0000	28734	30377645.0000	10135	10631779.0000	18599	19745866.0000
20090401	非金電期貨          	XIF    	A         	751	477254.0000	793	503514.0000	-42	-26260.0000	630	403120.0000	673	430762.0000	-43	-27642.0000
20090401	非金電期貨          	XIF    	B         	0	.0000	0	.0000	0	.0000	19	12173.0000	0	.0000	19	12173.0000
20090401	非金電期貨          	XIF    	C         	128	81330.0000	92	58663.0000	36	22667.0000	111	71118.0000	37	23706.0000	74	47412.0000
20090402	電子期貨            	EXF    	A         	1401	1241089.0000	715	633000.0000	686	608089.0000	1038	925513.0000	1095	976125.0000	-57	-50612.0000
20090402	電子期貨            	EXF    	B         	0	.0000	245	215998.0000	-245	-215998.0000	558	498071.0000	831	741611.0000	-273	-243540.0000
20090402	電子期貨            	EXF    	C         	973	861888.0000	882	781468.0000	91	80420.0000	4089	3649316.0000	1191	1063087.0000	2898	2586229.0000
20090402	金融期貨            	FXF    	A         	1070	643039.0000	1245	748421.0000	-175	-105382.0000	1092	670603.0000	1215	745915.0000	-123	-75312.0000
20090402	金融期貨            	FXF    	B         	0	.0000	0	.0000	0	.0000	204	125338.0000	49	30106.0000	155	95232.0000
20090402	金融期貨            	FXF    	C         	1671	1002189.0000	1107	665383.0000	564	336805.0000	1850	1136638.0000	2823	1734451.0000	-973	-597813.0000
20090402	櫃買期貨            	GTF    	A         	360	117988.0000	372	121947.0000	-12	-3958.0000	55	18077.0000	93	30556.0000	-38	-12479.0000
20090402	櫃買期貨            	GTF    	B         	0	.0000	0	.0000	0	.0000	0	.0000	0	.0000	0	.0000
20090402	櫃買期貨            	GTF    	C         	0	.0000	0	.0000	0	.0000	0	.0000	0	.0000	0	.0000
20090402	摩臺期              	MSF    	A         	5	3399.0000	1	677.0000	4	2721.0000	7	4647.0000	3	2050.0000	4	2597.0000
20090402	摩臺期              	MSF    	B         	0	.0000	0	.0000	0	.0000	0	.0000	0	.0000	0	.0000
20090402	摩臺期              	MSF    	C         	0	.0000	0	.0000	0	.0000	0	.0000	0	.0000	0	.0000
20090402	小型臺指            	MXF    	A         	14889	4058220.0000	13298	3629083.0000	1591	429138.0000	2193	601585.0000	3319	911987.0000	-1126	-310402.0000
20090402	小型臺指            	MXF    	B         	36	9850.0000	10	2739.0000	26	7111.0000	23	6339.0000	0	.0000	23	6339.0000
20090402	小型臺指            	MXF    	C         	620	169532.0000	756	205525.0000	-136	-35993.0000	8	2205.0000	424	116854.0000	-416	-114649.0000
20090402	臺灣50期貨          	T5F    	A         	0	.0000	0	.0000	0	.0000	0	.0000	0	.0000	0	.0000
20090402	臺灣50期貨          	T5F    	B         	0	.0000	0	.0000	0	.0000	0	.0000	0	.0000	0	.0000
20090402	臺灣50期貨          	T5F    	C         	0	.0000	0	.0000	0	.0000	0	.0000	0	.0000	0	.0000
20090402	臺股期貨            	TXF    	A         	28233	30807754.0000	25228	27543288.0000	3005	3264466.0000	11582	12690547.0000	5180	5689476.0000	6402	7001071.0000
20090402	臺股期貨            	TXF    	B         	1071	1173512.0000	768	834770.0000	303	338742.0000	1208	1331699.0000	10516	11566193.0000	-9308	-10234494.0000
20090402	臺股期貨            	TXF    	C         	10455	11407306.0000	10563	11545781.0000	-108	-138475.0000	31421	34477985.0000	12930	14115678.0000	18491	20362307.0000
20090402	非金電期貨          	XIF    	A         	758	500775.0000	627	413722.0000	131	87053.0000	723	482335.0000	635	423680.0000	88	58655.0000
20090402	非金電期貨          	XIF    	B         	0	.0000	0	.0000	0	.0000	19	12690.0000	0	.0000	19	12690.0000
20090402	非金電期貨          	XIF    	C         	29	19033.0000	191	126621.0000	-162	-107588.0000	52	34731.0000	140	93506.0000	-88	-58775.0000
20090403	電子期貨            	EXF    	A         	816	724857.0000	852	759111.0000	-36	-34254.0000	1027	909118.0000	1120	991381.0000	-93	-82263.0000
20090403	電子期貨            	EXF    	B         	0	.0000	415	366874.0000	-415	-366874.0000	203	179858.0000	891	789350.0000	-688	-609492.0000
20090403	電子期貨            	EXF    	C         	389	345713.0000	460	409629.0000	-71	-63917.0000	4119	3649054.0000	1292	1144712.0000	2827	2504342.0000
20090403	金融期貨            	FXF    	A         	1636	1020487.0000	956	597008.0000	680	423479.0000	1201	754883.0000	644	404271.0000	557	350612.0000
20090403	金融期貨            	FXF    	B         	0	.0000	2	1259.0000	-2	-1259.0000	202	127018.0000	49	30811.0000	153	96207.0000
20090403	金融期貨            	FXF    	C         	637	398594.0000	662	415008.0000	-25	-16414.0000	1657	1041826.0000	2655	1669464.0000	-998	-627638.0000
20090403	櫃買期貨            	GTF    	A         	251	83346.0000	240	79688.0000	11	3658.0000	59	19421.0000	86	28278.0000	-27	-8857.0000
20090403	櫃買期貨            	GTF    	B         	0	.0000	0	.0000	0	.0000	0	.0000	0	.0000	0	.0000
20090403	櫃買期貨            	GTF    	C         	0	.0000	0	.0000	0	.0000	0	.0000	0	.0000	0	.0000
20090403	摩臺期              	MSF    	A         	1	683.0000	1	683.0000	0	.0000	8	5331.0000	4	2733.0000	4	2598.0000
20090403	摩臺期              	MSF    	B         	0	.0000	0	.0000	0	.0000	0	.0000	0	.0000	0	.0000
20090403	摩臺期              	MSF    	C         	0	.0000	0	.0000	0	.0000	0	.0000	0	.0000	0	.0000
20090403	小型臺指            	MXF    	A         	12951	3578149.0000	12376	3418120.0000	575	160029.0000	2124	582643.0000	2751	754776.0000	-627	-172133.0000
20090403	小型臺指            	MXF    	B         	4	1109.0000	4	1100.0000	0	9.0000	23	6338.0000	0	.0000	23	6338.0000
20090403	小型臺指            	MXF    	C         	445	122977.0000	1296	357563.0000	-851	-234586.0000	8	2204.0000	1275	351326.0000	-1267	-349122.0000
20090403	臺灣50期貨          	T5F    	A         	0	.0000	0	.0000	0	.0000	0	.0000	0	.0000	0	.0000
20090403	臺灣50期貨          	T5F    	B         	0	.0000	0	.0000	0	.0000	0	.0000	0	.0000	0	.0000
20090403	臺灣50期貨          	T5F    	C         	0	.0000	0	.0000	0	.0000	0	.0000	0	.0000	0	.0000
20090403	臺股期貨            	TXF    	A         	21368	23623050.0000	22013	24316776.0000	-645	-693726.0000	11120	12182915.0000	5344	5870579.0000	5776	6312336.0000
20090403	臺股期貨            	TXF    	B         	681	752731.0000	1140	1257664.0000	-459	-504933.0000	1196	1318231.0000	10962	12056984.0000	-9766	-10738753.0000
20090403	臺股期貨            	TXF    	C         	4518	4990308.0000	5894	6511954.0000	-1376	-1521645.0000	30474	33433301.0000	13359	14591095.0000	17115	18842206.0000
20090403	非金電期貨          	XIF    	A         	507	339570.0000	492	329574.0000	15	9997.0000	725	483797.0000	622	415105.0000	103	68692.0000
20090403	非金電期貨          	XIF    	B         	0	.0000	0	.0000	0	.0000	19	12690.0000	0	.0000	19	12690.0000
20090403	非金電期貨          	XIF    	C         	51	34178.0000	36	24130.0000	15	10048.0000	52	34731.0000	125	83488.0000	-73	-48757.0000
20090406	電子期貨            	EXF    	A         	1210	1083636.0000	1171	1046972.0000	39	36665.0000	1034	913730.0000	1088	961287.0000	-54	-47557.0000
20090406	電子期貨            	EXF    	B         	36	32351.0000	126	112419.0000	-90	-80068.0000	203	179533.0000	981	867596.0000	-778	-688063.0000
20090406	電子期貨            	EXF    	C         	256	229912.0000	421	377913.0000	-165	-148001.0000	3886	3436457.0000	1224	1082506.0000	2662	2353951.0000
20090406	金融期貨            	FXF    	A         	729	469533.0000	895	573895.0000	-166	-104362.0000	1132	725361.0000	741	474401.0000	391	250960.0000
20090406	金融期貨            	FXF    	B         	65	41975.0000	0	.0000	65	41975.0000	222	142302.0000	4	2564.0000	218	139738.0000
20090406	金融期貨            	FXF    	C         	969	622241.0000	558	358913.0000	411	263328.0000	1518	972957.0000	2105	1349305.0000	-587	-376348.0000
20090406	櫃買期貨            	GTF    	A         	259	87022.0000	252	84667.0000	7	2355.0000	74	24624.0000	94	31206.0000	-20	-6582.0000
20090406	櫃買期貨            	GTF    	B         	0	.0000	0	.0000	0	.0000	0	.0000	0	.0000	0	.0000
20090406	櫃買期貨            	GTF    	C         	0	.0000	0	.0000	0	.0000	0	.0000	0	.0000	0	.0000
20090406	摩臺期              	MSF    	A         	2	1369.0000	2	1369.0000	0	.0000	10	6679.0000	6	4088.0000	4	2591.0000
20090406	摩臺期              	MSF    	B         	0	.0000	0	.0000	0	.0000	0	.0000	0	.0000	0	.0000
20090406	摩臺期              	MSF    	C         	0	.0000	0	.0000	0	.0000	0	.0000	0	.0000	0	.0000
20090406	小型臺指            	MXF    	A         	13915	3878264.0000	13443	3745825.0000	472	132439.0000	2299	632438.0000	2682	737827.0000	-383	-105389.0000
20090406	小型臺指            	MXF    	B         	12	3327.0000	41	11314.0000	-29	-7988.0000	0	.0000	5	1382.0000	-5	-1382.0000
20090406	小型臺指            	MXF    	C         	791	221059.0000	1308	363550.0000	-517	-142491.0000	8	2210.0000	1792	495130.0000	-1784	-492920.0000
20090406	臺灣50期貨          	T5F    	A         	0	.0000	0	.0000	0	.0000	0	.0000	0	.0000	0	.0000
20090406	臺灣50期貨          	T5F    	B         	0	.0000	0	.0000	0	.0000	0	.0000	0	.0000	0	.0000
20090406	臺灣50期貨          	T5F    	C         	0	.0000	0	.0000	0	.0000	0	.0000	0	.0000	0	.0000
20090406	臺股期貨            	TXF    	A         	23706	26426068.0000	23293	25952682.0000	413	473386.0000	10989	12074989.0000	4743	5224916.0000	6246	6850073.0000
20090406	臺股期貨            	TXF    	B         	444	495488.0000	807	894535.0000	-363	-399047.0000	1082	1195796.0000	11211	12365718.0000	-10129	-11169922.0000
20090406	臺股期貨            	TXF    	C         	5038	5613160.0000	5252	5844127.0000	-214	-230967.0000	30432	33486908.0000	13530	14827062.0000	16902	18659846.0000
20090406	非金電期貨          	XIF    	A         	501	337491.0000	485	326563.0000	16	10928.0000	747	501682.0000	628	421785.0000	119	79897.0000
20090406	非金電期貨          	XIF    	B         	0	.0000	0	.0000	0	.0000	19	12772.0000	0	.0000	19	12772.0000
20090406	非金電期貨          	XIF    	C         	24	16160.0000	3	2026.0000	21	14134.0000	52	34954.0000	104	69909.0000	-52	-34955.0000
20090407	電子期貨            	EXF    	A         	1310	1157557.0000	908	801600.0000	402	355958.0000	1362	1219267.0000	1014	907181.0000	348	312086.0000
20090407	電子期貨            	EXF    	B         	13	11458.0000	147	129139.0000	-134	-117681.0000	202	180952.0000	1114	997921.0000	-912	-816969.0000
20090407	電子期貨            	EXF    	C         	479	422670.0000	1248	1101622.0000	-769	-678952.0000	3837	3436605.0000	1944	1741435.0000	1893	1695170.0000
20090407	金融期貨            	FXF    	A         	736	466866.0000	583	368474.0000	153	98392.0000	1310	836303.0000	766	488556.0000	544	347747.0000
20090407	金融期貨            	FXF    	B         	0	.0000	66	41613.0000	-66	-41613.0000	222	141769.0000	70	44702.0000	152	97067.0000
20090407	金融期貨            	FXF    	C         	526	332468.0000	1030	652588.0000	-504	-320120.0000	1382	882486.0000	2473	1579258.0000	-1091	-696772.0000
20090407	櫃買期貨            	GTF    	A         	438	147107.0000	443	148795.0000	-5	-1688.0000	73	24760.0000	98	33142.0000	-25	-8382.0000
20090407	櫃買期貨            	GTF    	B         	0	.0000	0	.0000	0	.0000	0	.0000	0	.0000	0	.0000
20090407	櫃買期貨            	GTF    	C         	0	.0000	0	.0000	0	.0000	0	.0000	0	.0000	0	.0000
20090407	摩臺期              	MSF    	A         	0	.0000	0	.0000	0	.0000	10	6752.0000	6	4133.0000	4	2619.0000
20090407	摩臺期              	MSF    	B         	0	.0000	0	.0000	0	.0000	0	.0000	0	.0000	0	.0000
20090407	摩臺期              	MSF    	C         	0	.0000	0	.0000	0	.0000	0	.0000	0	.0000	0	.0000
20090407	小型臺指            	MXF    	A         	11054	3049872.0000	10794	2980288.0000	260	69584.0000	2389	664212.0000	2556	710413.0000	-167	-46201.0000
20090407	小型臺指            	MXF    	B         	8	2219.0000	2	551.0000	6	1668.0000	1	279.0000	0	.0000	1	279.0000
20090407	小型臺指            	MXF    	C         	1007	278270.0000	331	91604.0000	676	186666.0000	8	2234.0000	1116	311587.0000	-1108	-309353.0000
20090407	臺灣50期貨          	T5F    	A         	0	.0000	0	.0000	0	.0000	0	.0000	0	.0000	0	.0000
20090407	臺灣50期貨          	T5F    	B         	0	.0000	0	.0000	0	.0000	0	.0000	0	.0000	0	.0000
20090407	臺灣50期貨          	T5F    	C         	0	.0000	0	.0000	0	.0000	0	.0000	0	.0000	0	.0000
20090407	臺股期貨            	TXF    	A         	20934	23140448.0000	20192	22309680.0000	742	830768.0000	11335	12586879.0000	4336	4824673.0000	6999	7762206.0000
20090407	臺股期貨            	TXF    	B         	1112	1232866.0000	714	786776.0000	398	446090.0000	1133	1265334.0000	10864	12107501.0000	-9731	-10842167.0000
20090407	臺股期貨            	TXF    	C         	5420	5977628.0000	4565	5051981.0000	855	925647.0000	31776	35334284.0000	14019	15526162.0000	17757	19808122.0000
20090407	非金電期貨          	XIF    	A         	722	485029.0000	755	506413.0000	-33	-21384.0000	732	496082.0000	646	437817.0000	86	58265.0000
20090407	非金電期貨          	XIF    	B         	0	.0000	0	.0000	0	.0000	19	12890.0000	0	.0000	19	12890.0000
20090407	非金電期貨          	XIF    	C         	0	.0000	6	4068.0000	-6	-4068.0000	52	35277.0000	110	74624.0000	-58	-39347.0000
20090408	電子期貨            	EXF    	A         	1155	1014347.0000	1373	1208221.0000	-218	-193874.0000	1160	1015086.0000	1030	900981.0000	130	114105.0000
20090408	電子期貨            	EXF    	B         	14	12344.0000	121	105126.0000	-107	-92782.0000	202	176912.0000	1221	1068577.0000	-1019	-891665.0000
20090408	電子期貨            	EXF    	C         	1249	1100661.0000	968	852038.0000	281	248624.0000	4526	3962744.0000	2352	2059882.0000	2174	1902862.0000
20090408	金融期貨            	FXF    	A         	1039	640766.0000	1377	853002.0000	-338	-212236.0000	1037	628541.0000	831	503241.0000	206	125300.0000
20090408	金融期貨            	FXF    	B         	4	2520.0000	29	17846.0000	-25	-15326.0000	222	134621.0000	95	57608.0000	127	77013.0000
20090408	金融期貨            	FXF    	C         	670	411284.0000	753	463659.0000	-83	-52375.0000	1310	794332.0000	2484	1506298.0000	-1174	-711966.0000
20090408	櫃買期貨            	GTF    	A         	241	81293.0000	233	78579.0000	8	2714.0000	83	27942.0000	100	33545.0000	-17	-5603.0000
20090408	櫃買期貨            	GTF    	B         	0	.0000	0	.0000	0	.0000	0	.0000	0	.0000	0	.0000
20090408	櫃買期貨            	GTF    	C         	0	.0000	0	.0000	0	.0000	0	.0000	0	.0000	0	.0000
20090408	摩臺期              	MSF    	A         	0	.0000	0	.0000	0	.0000	10	6659.0000	6	4078.0000	4	2581.0000
20090408	摩臺期              	MSF    	B         	0	.0000	0	.0000	0	.0000	0	.0000	0	.0000	0	.0000
20090408	摩臺期              	MSF    	C         	0	.0000	0	.0000	0	.0000	0	.0000	0	.0000	0	.0000
20090408	小型臺指            	MXF    	A         	12351	3388044.0000	13332	3655445.0000	-981	-267400.0000	2375	645735.0000	3615	982958.0000	-1240	-337223.0000
20090408	小型臺指            	MXF    	B         	0	.0000	25	6803.0000	-25	-6803.0000	0	.0000	24	6551.0000	-24	-6551.0000
20090408	小型臺指            	MXF    	C         	522	143369.0000	1403	384977.0000	-881	-241608.0000	0	.0000	1989	542898.0000	-1989	-542898.0000
20090408	臺灣50期貨          	T5F    	A         	0	.0000	0	.0000	0	.0000	0	.0000	0	.0000	0	.0000
20090408	臺灣50期貨          	T5F    	B         	0	.0000	0	.0000	0	.0000	0	.0000	0	.0000	0	.0000
20090408	臺灣50期貨          	T5F    	C         	0	.0000	0	.0000	0	.0000	0	.0000	0	.0000	0	.0000
20090408	臺股期貨            	TXF    	A         	26318	28887053.0000	29495	32366376.0000	-3177	-3479323.0000	8933	9680090.0000	5088	5535470.0000	3845	4144620.0000
20090408	臺股期貨            	TXF    	B         	1943	2138501.0000	800	875379.0000	1143	1263122.0000	1192	1301426.0000	9765	10634433.0000	-8573	-9333007.0000
20090408	臺股期貨            	TXF    	C         	8384	9198178.0000	8097	8901698.0000	287	296480.0000	31453	34177600.0000	13409	14504649.0000	18044	19672951.0000
20090408	非金電期貨          	XIF    	A         	626	420506.0000	605	406620.0000	21	13886.0000	729	487415.0000	622	415936.0000	107	71479.0000
20090408	非金電期貨          	XIF    	B         	0	.0000	0	.0000	0	.0000	19	12717.0000	0	.0000	19	12717.0000
20090408	非金電期貨          	XIF    	C         	0	.0000	3	2008.0000	-3	-2008.0000	52	34804.0000	113	75631.0000	-61	-40827.0000
20090409	電子期貨            	EXF    	A         	1036	934783.0000	1108	1000487.0000	-72	-65704.0000	1149	1053471.0000	1091	999719.0000	58	53752.0000
20090409	電子期貨            	EXF    	B         	624	561862.0000	15	13401.0000	609	548461.0000	302	277115.0000	712	653243.0000	-410	-376128.0000
20090409	電子期貨            	EXF    	C         	1336	1210588.0000	961	873875.0000	375	336713.0000	4437	4070529.0000	1888	1732429.0000	2549	2338100.0000
20090409	金融期貨            	FXF    	A         	845	530451.0000	1382	862913.0000	-537	-332462.0000	833	536656.0000	1164	749552.0000	-331	-212896.0000
20090409	金融期貨            	FXF    	B         	115	72596.0000	0	.0000	115	72596.0000	242	155993.0000	0	.0000	242	155993.0000
20090409	金融期貨            	FXF    	C         	1144	714512.0000	1076	679678.0000	68	34834.0000	1550	999052.0000	2656	1712058.0000	-1106	-713006.0000
20090409	櫃買期貨            	GTF    	A         	632	218941.0000	657	227633.0000	-25	-8692.0000	70	24549.0000	112	39211.0000	-42	-14662.0000
20090409	櫃買期貨            	GTF    	B         	0	.0000	0	.0000	0	.0000	0	.0000	0	.0000	0	.0000
20090409	櫃買期貨            	GTF    	C         	0	.0000	0	.0000	0	.0000	0	.0000	0	.0000	0	.0000
20090409	摩臺期              	MSF    	A         	0	.0000	0	.0000	0	.0000	10	6957.0000	6	4256.0000	4	2701.0000
20090409	摩臺期              	MSF    	B         	0	.0000	0	.0000	0	.0000	0	.0000	0	.0000	0	.0000
20090409	摩臺期              	MSF    	C         	0	.0000	0	.0000	0	.0000	0	.0000	0	.0000	0	.0000
20090409	小型臺指            	MXF    	A         	13110	3672919.0000	11819	3322290.0000	1291	350629.0000	2495	709875.0000	2768	787875.0000	-273	-78000.0000
20090409	小型臺指            	MXF    	B         	48	13685.0000	4	1142.0000	44	12543.0000	20	5712.0000	0	.0000	20	5712.0000
20090409	小型臺指            	MXF    	C         	1440	401559.0000	511	143979.0000	929	257580.0000	0	.0000	1060	302736.0000	-1060	-302736.0000
20090409	臺灣50期貨          	T5F    	A         	0	.0000	0	.0000	0	.0000	0	.0000	0	.0000	0	.0000
20090409	臺灣50期貨          	T5F    	B         	0	.0000	0	.0000	0	.0000	0	.0000	0	.0000	0	.0000
20090409	臺灣50期貨          	T5F    	C         	0	.0000	0	.0000	0	.0000	0	.0000	0	.0000	0	.0000
20090409	臺股期貨            	TXF    	A         	28274	31760777.0000	25188	28341562.0000	3086	3419215.0000	11541	13109404.0000	4529	5156110.0000	7012	7953294.0000
20090409	臺股期貨            	TXF    	B         	1469	1651936.0000	313	350143.0000	1156	1301792.0000	1432	1635917.0000	8849	10082664.0000	-7417	-8446747.0000
20090409	臺股期貨            	TXF    	C         	10855	12187552.0000	10689	12055775.0000	166	131778.0000	33972	38645064.0000	15767	17876734.0000	18205	20768330.0000
20090409	非金電期貨          	XIF    	A         	661	453054.0000	716	490394.0000	-55	-37340.0000	692	481080.0000	640	444932.0000	52	36148.0000
20090409	非金電期貨          	XIF    	B         	0	.0000	0	.0000	0	.0000	19	13230.0000	0	.0000	19	13230.0000
20090409	非金電期貨          	XIF    	C         	0	.0000	7	4887.0000	-7	-4887.0000	52	36208.0000	120	83556.0000	-68	-47348.0000
20090410	電子期貨            	EXF    	A         	1167	1074945.0000	1373	1263657.0000	-206	-188712.0000	982	911714.0000	1130	1048711.0000	-148	-136997.0000
20090410	電子期貨            	EXF    	B         	146	134975.0000	3	2775.0000	143	132200.0000	301	279689.0000	568	527706.0000	-267	-248017.0000
20090410	電子期貨            	EXF    	C         	993	913936.0000	492	453940.0000	501	459996.0000	4641	4311337.0000	1591	1478357.0000	3050	2832980.0000
20090410	金融期貨            	FXF    	A         	1188	777327.0000	1457	954589.0000	-269	-177262.0000	724	477518.0000	1324	872915.0000	-600	-395397.0000
20090410	金融期貨            	FXF    	B         	10	6478.0000	20	12995.0000	-10	-6517.0000	232	153074.0000	0	.0000	232	153074.0000
20090410	金融期貨            	FXF    	C         	616	403926.0000	687	450816.0000	-71	-46890.0000	1711	1128654.0000	2888	1905367.0000	-1177	-776713.0000
20090410	櫃買期貨            	GTF    	A         	273	96495.0000	270	95411.0000	3	1084.0000	80	28458.0000	119	42255.0000	-39	-13797.0000
20090410	櫃買期貨            	GTF    	B         	0	.0000	0	.0000	0	.0000	0	.0000	0	.0000	0	.0000
20090410	櫃買期貨            	GTF    	C         	0	.0000	0	.0000	0	.0000	0	.0000	0	.0000	0	.0000
20090410	摩臺期              	MSF    	A         	0	.0000	0	.0000	0	.0000	10	7082.0000	6	4331.0000	4	2751.0000
20090410	摩臺期              	MSF    	B         	0	.0000	0	.0000	0	.0000	0	.0000	0	.0000	0	.0000
20090410	摩臺期              	MSF    	C         	0	.0000	0	.0000	0	.0000	0	.0000	0	.0000	0	.0000
20090410	小型臺指            	MXF    	A         	14794	4254892.0000	15081	4338612.0000	-287	-83720.0000	2602	755028.0000	3342	970974.0000	-740	-215946.0000
20090410	小型臺指            	MXF    	B         	44	12800.0000	17	4897.0000	27	7903.0000	47	13691.0000	0	.0000	47	13691.0000
20090410	小型臺指            	MXF    	C         	354	101865.0000	710	204313.0000	-356	-102448.0000	0	.0000	1416	412481.0000	-1416	-412481.0000
20090410	臺灣50期貨          	T5F    	A         	0	.0000	0	.0000	0	.0000	0	.0000	0	.0000	0	.0000
20090410	臺灣50期貨          	T5F    	B         	0	.0000	0	.0000	0	.0000	0	.0000	0	.0000	0	.0000
20090410	臺灣50期貨          	T5F    	C         	0	.0000	0	.0000	0	.0000	0	.0000	0	.0000	0	.0000
20090410	臺股期貨            	TXF    	A         	28437	32761391.0000	28231	32515154.0000	206	246237.0000	12600	14604800.0000	5337	6202078.0000	7263	8402722.0000
20090410	臺股期貨            	TXF    	B         	1285	1479925.0000	632	726826.0000	653	753099.0000	1438	1675558.0000	8202	9528233.0000	-6764	-7852675.0000
20090410	臺股期貨            	TXF    	C         	12929	14875544.0000	14965	17222730.0000	-2036	-2347186.0000	34260	39748857.0000	18091	20935037.0000	16169	18813820.0000
20090410	非金電期貨          	XIF    	A         	705	495628.0000	838	589384.0000	-133	-93756.0000	575	412674.0000	656	470975.0000	-81	-58301.0000
20090410	非金電期貨          	XIF    	B         	0	.0000	0	.0000	0	.0000	19	13655.0000	0	.0000	19	13655.0000
20090410	非金電期貨          	XIF    	C         	66	46489.0000	74	52282.0000	-8	-5793.0000	48	34498.0000	124	89119.0000	-76	-54621.0000
20090413	電子期貨            	EXF    	A         	845	783113.0000	830	768788.0000	15	14325.0000	1080	1004909.0000	1213	1127883.0000	-133	-122974.0000
20090413	電子期貨            	EXF    	B         	41	38022.0000	9	8357.0000	32	29665.0000	306	284922.0000	541	503706.0000	-235	-218784.0000
20090413	電子期貨            	EXF    	C         	861	797571.0000	1812	1679845.0000	-951	-882274.0000	4124	3838192.0000	2025	1885210.0000	2099	1952982.0000
20090413	金融期貨            	FXF    	A         	742	486580.0000	832	545852.0000	-90	-59272.0000	678	444465.0000	1368	896237.0000	-690	-451772.0000
20090413	金融期貨            	FXF    	B         	671	441336.0000	11	7170.0000	660	434166.0000	892	584437.0000	0	.0000	892	584437.0000
20090413	金融期貨            	FXF    	C         	1637	1073937.0000	1976	1296468.0000	-339	-222531.0000	1817	1191024.0000	3333	2184881.0000	-1516	-993857.0000
20090413	櫃買期貨            	GTF    	A         	561	201155.0000	572	205120.0000	-11	-3965.0000	72	25825.0000	122	43720.0000	-50	-17895.0000
20090413	櫃買期貨            	GTF    	B         	0	.0000	0	.0000	0	.0000	0	.0000	0	.0000	0	.0000
20090413	櫃買期貨            	GTF    	C         	0	.0000	0	.0000	0	.0000	0	.0000	0	.0000	0	.0000
20090413	摩臺期              	MSF    	A         	1	718.0000	1	723.0000	0	-4.0000	10	7047.0000	6	4310.0000	4	2737.0000
20090413	摩臺期              	MSF    	B         	0	.0000	0	.0000	0	.0000	0	.0000	0	.0000	0	.0000
20090413	摩臺期              	MSF    	C         	0	.0000	0	.0000	0	.0000	0	.0000	0	.0000	0	.0000
20090413	小型臺指            	MXF    	A         	13301	3878143.0000	12647	3688742.0000	654	189401.0000	2641	768739.0000	2703	788005.0000	-62	-19266.0000
20090413	小型臺指            	MXF    	B         	4	1171.0000	4	1164.0000	0	7.0000	47	13738.0000	0	.0000	47	13738.0000
20090413	小型臺指            	MXF    	C         	413	120686.0000	1258	366717.0000	-845	-246031.0000	0	.0000	2261	660890.0000	-2261	-660890.0000
20090413	臺灣50期貨          	T5F    	A         	0	.0000	0	.0000	0	.0000	0	.0000	0	.0000	0	.0000
20090413	臺灣50期貨          	T5F    	B         	0	.0000	0	.0000	0	.0000	0	.0000	0	.0000	0	.0000
20090413	臺灣50期貨          	T5F    	C         	0	.0000	0	.0000	0	.0000	0	.0000	0	.0000	0	.0000
20090413	臺股期貨            	TXF    	A         	23172	27042951.0000	22060	25747464.0000	1112	1295487.0000	13691	15932344.0000	5322	6206438.0000	8369	9725906.0000
20090413	臺股期貨            	TXF    	B         	2448	2856697.0000	946	1100488.0000	1502	1756209.0000	1438	1679935.0000	6715	7822270.0000	-5277	-6142335.0000
20090413	臺股期貨            	TXF    	C         	15810	18438345.0000	17118	19962510.0000	-1308	-1524165.0000	33383	38859650.0000	18522	21508200.0000	14861	17351450.0000
20090413	非金電期貨          	XIF    	A         	468	339421.0000	473	343078.0000	-5	-3657.0000	586	423963.0000	672	486339.0000	-86	-62376.0000
20090413	非金電期貨          	XIF    	B         	0	.0000	0	.0000	0	.0000	19	13760.0000	0	.0000	19	13760.0000
20090413	非金電期貨          	XIF    	C         	95	68853.0000	93	67463.0000	2	1390.0000	47	34026.0000	121	87628.0000	-74	-53602.0000
20090414	電子期貨            	EXF    	A         	1313	1229885.0000	1146	1073361.0000	167	156524.0000	1210	1136692.0000	1176	1103849.0000	34	32843.0000
20090414	電子期貨            	EXF    	B         	349	326169.0000	117	109783.0000	232	216386.0000	316	296819.0000	319	299728.0000	-3	-2909.0000
20090414	電子期貨            	EXF    	C         	3288	3075645.0000	3967	3710348.0000	-679	-634703.0000	4157	3902545.0000	2737	2569667.0000	1420	1332878.0000
20090414	金融期貨            	FXF    	A         	866	570435.0000	690	454417.0000	176	116018.0000	620	408693.0000	1134	746921.0000	-514	-338228.0000
20090414	金融期貨            	FXF    	B         	30	19738.0000	40	26413.0000	-10	-6675.0000	882	580962.0000	0	.0000	882	580962.0000
20090414	金融期貨            	FXF    	C         	1984	1306051.0000	2142	1408886.0000	-158	-102834.0000	2240	1476409.0000	3914	2579409.0000	-1674	-1103000.0000
20090414	櫃買期貨            	GTF    	A         	177	64223.0000	187	67834.0000	-10	-3611.0000	71	25831.0000	131	47540.0000	-60	-21709.0000
20090414	櫃買期貨            	GTF    	B         	0	.0000	0	.0000	0	.0000	0	.0000	0	.0000	0	.0000
20090414	櫃買期貨            	GTF    	C         	0	.0000	0	.0000	0	.0000	0	.0000	0	.0000	0	.0000
20090414	摩臺期              	MSF    	A         	0	.0000	0	.0000	0	.0000	10	7080.0000	6	4330.0000	4	2750.0000
20090414	摩臺期              	MSF    	B         	0	.0000	0	.0000	0	.0000	0	.0000	0	.0000	0	.0000
20090414	摩臺期              	MSF    	C         	0	.0000	0	.0000	0	.0000	0	.0000	0	.0000	0	.0000
20090414	小型臺指            	MXF    	A         	12757	3729398.0000	12684	3708091.0000	73	21307.0000	3609	1053993.0000	3214	939516.0000	395	114477.0000
20090414	小型臺指            	MXF    	B         	4	1169.0000	51	14967.0000	-47	-13798.0000	0	.0000	0	.0000	0	.0000
20090414	小型臺指            	MXF    	C         	661	193085.0000	605	176588.0000	56	16498.0000	0	.0000	2205	645839.0000	-2205	-645839.0000
20090414	臺灣50期貨          	T5F    	A         	0	.0000	0	.0000	0	.0000	0	.0000	0	.0000	0	.0000
20090414	臺灣50期貨          	T5F    	B         	0	.0000	0	.0000	0	.0000	0	.0000	0	.0000	0	.0000
20090414	臺灣50期貨          	T5F    	C         	0	.0000	0	.0000	0	.0000	0	.0000	0	.0000	0	.0000
20090414	臺股期貨            	TXF    	A         	25029	29294123.0000	24015	28092677.0000	1014	1201446.0000	15835	18487323.0000	6548	7652492.0000	9287	10834831.0000
20090414	臺股期貨            	TXF    	B         	3107	3636575.0000	2442	2852986.0000	665	783589.0000	1175	1374980.0000	5779	6740039.0000	-4604	-5365059.0000
20090414	臺股期貨            	TXF    	C         	26202	30595695.0000	30691	35869449.0000	-4489	-5273754.0000	34151	39821806.0000	23779	27710050.0000	10372	12111756.0000
20090414	非金電期貨          	XIF    	A         	757	542394.0000	682	488671.0000	75	53723.0000	666	477435.0000	677	485414.0000	-11	-7979.0000
20090414	非金電期貨          	XIF    	B         	19	13622.0000	19	13662.0000	0	-40.0000	19	13602.0000	0	.0000	19	13602.0000
20090414	非金電期貨          	XIF    	C         	124	88880.0000	102	73080.0000	22	15801.0000	46	32931.0000	98	70253.0000	-52	-37322.0000
20090415	電子期貨            	EXF    	A         	1211	1134064.0000	1472	1379691.0000	-261	-245627.0000	364	340252.0000	510	476848.0000	-146	-136596.0000
20090415	電子期貨            	EXF    	B         	278	260844.0000	331	310178.0000	-53	-49334.0000	201	188176.0000	162	151664.0000	39	36512.0000
20090415	電子期貨            	EXF    	C         	1529	1433384.0000	1511	1417333.0000	18	16051.0000	2664	2494037.0000	1493	1397747.0000	1171	1096290.0000
20090415	金融期貨            	FXF    	A         	996	652726.0000	891	583191.0000	105	69535.0000	225	148375.0000	799	527000.0000	-574	-378625.0000
20090415	金融期貨            	FXF    	B         	181	118301.0000	301	196761.0000	-120	-78461.0000	762	503072.0000	0	.0000	762	503072.0000
20090415	金融期貨            	FXF    	C         	1412	923503.0000	1661	1088243.0000	-249	-164740.0000	1381	911736.0000	2898	1913260.0000	-1517	-1001524.0000
20090415	櫃買期貨            	GTF    	A         	213	78815.0000	195	72134.0000	18	6681.0000	40	14651.0000	58	21084.0000	-18	-6433.0000
20090415	櫃買期貨            	GTF    	B         	0	.0000	0	.0000	0	.0000	0	.0000	0	.0000	0	.0000
20090415	櫃買期貨            	GTF    	C         	0	.0000	0	.0000	0	.0000	0	.0000	0	.0000	0	.0000
20090415	摩臺期              	MSF    	A         	1	714.0000	1	720.0000	0	-5.0000	4	2759.0000	0	.0000	4	2759.0000
20090415	摩臺期              	MSF    	B         	0	.0000	0	.0000	0	.0000	0	.0000	0	.0000	0	.0000
20090415	摩臺期              	MSF    	C         	0	.0000	0	.0000	0	.0000	0	.0000	0	.0000	0	.0000
20090415	小型臺指            	MXF    	A         	14117	4123315.0000	14270	4167170.0000	-153	-43855.0000	2705	791256.0000	423	122297.0000	2282	668959.0000
20090415	小型臺指            	MXF    	B         	0	.0000	0	.0000	0	.0000	0	.0000	0	.0000	0	.0000
20090415	小型臺指            	MXF    	C         	935	273203.0000	544	158516.0000	391	114686.0000	527	154411.0000	144	42192.0000	383	112219.0000
20090415	臺灣50期貨          	T5F    	A         	0	.0000	0	.0000	0	.0000	0	.0000	0	.0000	0	.0000
20090415	臺灣50期貨          	T5F    	B         	0	.0000	0	.0000	0	.0000	0	.0000	0	.0000	0	.0000
20090415	臺灣50期貨          	T5F    	C         	0	.0000	0	.0000	0	.0000	0	.0000	0	.0000	0	.0000
20090415	臺股期貨            	TXF    	A         	27839	32542474.0000	27061	31618259.0000	778	924215.0000	4785	5550531.0000	4538	5308350.0000	247	242181.0000
20090415	臺股期貨            	TXF    	B         	2312	2707730.0000	1362	1592358.0000	950	1115372.0000	1018	1193096.0000	3922	4575419.0000	-2904	-3382323.0000
20090415	臺股期貨            	TXF    	C         	13659	15970655.0000	13957	16339124.0000	-298	-368469.0000	29338	34266929.0000	13367	15554786.0000	15971	18712143.0000
20090415	非金電期貨          	XIF    	A         	692	497555.0000	788	566760.0000	-96	-69205.0000	163	117066.0000	199	143107.0000	-36	-26041.0000
20090415	非金電期貨          	XIF    	B         	0	.0000	0	.0000	0	.0000	19	13680.0000	0	.0000	19	13680.0000
20090415	非金電期貨          	XIF    	C         	0	.0000	0	.0000	0	.0000	46	33120.0000	42	30240.0000	4	2880.0000
20090416	電子期貨            	EXF    	A         	1220	1165128.0000	1037	989769.0000	183	175358.0000	739	704170.0000	702	668807.0000	37	35363.0000
20090416	電子期貨            	EXF    	B         	5	4800.0000	26	24810.0000	-21	-20010.0000	206	196442.0000	185	176416.0000	21	20026.0000
20090416	電子期貨            	EXF    	C         	783	747697.0000	864	825424.0000	-81	-77727.0000	2435	2322016.0000	1345	1282592.0000	1090	1039424.0000
20090416	金融期貨            	FXF    	A         	859	595536.0000	825	571828.0000	34	23708.0000	509	354114.0000	1049	729739.0000	-540	-375625.0000
20090416	金融期貨            	FXF    	B         	0	.0000	0	.0000	0	.0000	762	530352.0000	0	.0000	762	530352.0000
20090416	金融期貨            	FXF    	C         	1064	738304.0000	1610	1115032.0000	-546	-376728.0000	1911	1330044.0000	3974	2765904.0000	-2063	-1435860.0000
20090416	櫃買期貨            	GTF    	A         	625	232857.0000	614	228654.0000	11	4203.0000	60	22657.0000	67	25102.0000	-7	-2445.0000
20090416	櫃買期貨            	GTF    	B         	0	.0000	0	.0000	0	.0000	0	.0000	0	.0000	0	.0000
20090416	櫃買期貨            	GTF    	C         	0	.0000	0	.0000	0	.0000	0	.0000	0	.0000	0	.0000
20090416	摩臺期              	MSF    	A         	1	742.0000	1	747.0000	0	-4.0000	4	2832.0000	0	.0000	4	2832.0000
20090416	摩臺期              	MSF    	B         	0	.0000	0	.0000	0	.0000	0	.0000	0	.0000	0	.0000
20090416	摩臺期              	MSF    	C         	0	.0000	0	.0000	0	.0000	0	.0000	0	.0000	0	.0000
20090416	小型臺指            	MXF    	A         	13885	4161188.0000	15225	4562240.0000	-1340	-401052.0000	1942	581229.0000	992	295739.0000	950	285490.0000
20090416	小型臺指            	MXF    	B         	4	1202.0000	8	2396.0000	-4	-1194.0000	0	.0000	4	1199.0000	-4	-1199.0000
20090416	小型臺指            	MXF    	C         	729	218588.0000	728	218211.0000	1	377.0000	578	173313.0000	194	58171.0000	384	115142.0000
20090416	臺灣50期貨          	T5F    	A         	0	.0000	0	.0000	0	.0000	0	.0000	0	.0000	0	.0000
20090416	臺灣50期貨          	T5F    	B         	0	.0000	0	.0000	0	.0000	0	.0000	0	.0000	0	.0000
20090416	臺灣50期貨          	T5F    	C         	0	.0000	0	.0000	0	.0000	0	.0000	0	.0000	0	.0000
20090416	臺股期貨            	TXF    	A         	21754	26088723.0000	20631	24732849.0000	1123	1355875.0000	6130	7296620.0000	4762	5701962.0000	1368	1594658.0000
20090416	臺股期貨            	TXF    	B         	488	586109.0000	700	839229.0000	-212	-253121.0000	1097	1315742.0000	4213	5032571.0000	-3116	-3716829.0000
20090416	臺股期貨            	TXF    	C         	5968	7161736.0000	9453	11333405.0000	-3485	-4171669.0000	26904	32157722.0000	14418	17185655.0000	12486	14972067.0000
20090416	非金電期貨          	XIF    	A         	706	518676.0000	758	556564.0000	-52	-37888.0000	82	59947.0000	170	124588.0000	-88	-64641.0000
20090416	非金電期貨          	XIF    	B         	0	.0000	0	.0000	0	.0000	19	13959.0000	0	.0000	19	13959.0000
20090416	非金電期貨          	XIF    	C         	0	.0000	15	11100.0000	-15	-11100.0000	46	33796.0000	57	41878.0000	-11	-8082.0000
20090417	電子期貨            	EXF    	A         	1327	1252634.0000	1462	1379906.0000	-135	-127272.0000	764	707116.0000	862	797789.0000	-98	-90673.0000
20090417	電子期貨            	EXF    	B         	11	10546.0000	0	.0000	11	10546.0000	210	194502.0000	178	164864.0000	32	29638.0000
20090417	電子期貨            	EXF    	C         	896	840961.0000	1141	1077860.0000	-245	-236898.0000	2155	1995961.0000	1310	1213322.0000	845	782639.0000
20090417	金融期貨            	FXF    	A         	1196	819281.0000	987	668554.0000	209	150727.0000	361	237649.0000	692	455405.0000	-331	-217756.0000
20090417	金融期貨            	FXF    	B         	0	.0000	540	365050.0000	-540	-365050.0000	222	146209.0000	0	.0000	222	146209.0000
20090417	金融期貨            	FXF    	C         	1196	801980.0000	516	347027.0000	680	454952.0000	1835	1208529.0000	3218	2119375.0000	-1383	-910846.0000
20090417	櫃買期貨            	GTF    	A         	182	67855.0000	177	66677.0000	5	1179.0000	85	30290.0000	87	30798.0000	-2	-508.0000
20090417	櫃買期貨            	GTF    	B         	0	.0000	0	.0000	0	.0000	0	.0000	0	.0000	0	.0000
20090417	櫃買期貨            	GTF    	C         	0	.0000	0	.0000	0	.0000	0	.0000	0	.0000	0	.0000
20090417	摩臺期              	MSF    	A         	0	.0000	0	.0000	0	.0000	4	2740.0000	0	.0000	4	2740.0000
20090417	摩臺期              	MSF    	B         	0	.0000	0	.0000	0	.0000	0	.0000	0	.0000	0	.0000
20090417	摩臺期              	MSF    	C         	0	.0000	0	.0000	0	.0000	0	.0000	0	.0000	0	.0000
20090417	小型臺指            	MXF    	A         	19026	5585323.0000	19465	5726583.0000	-439	-141260.0000	2020	582259.0000	1117	320690.0000	903	261569.0000
20090417	小型臺指            	MXF    	B         	20	5767.0000	53	15337.0000	-33	-9570.0000	0	.0000	37	10686.0000	-37	-10686.0000
20090417	小型臺指            	MXF    	C         	840	246541.0000	1584	466921.0000	-744	-220381.0000	631	182233.0000	991	286201.0000	-360	-103968.0000
20090417	臺灣50期貨          	T5F    	A         	0	.0000	0	.0000	0	.0000	0	.0000	0	.0000	0	.0000
20090417	臺灣50期貨          	T5F    	B         	0	.0000	0	.0000	0	.0000	0	.0000	0	.0000	0	.0000
20090417	臺灣50期貨          	T5F    	C         	0	.0000	0	.0000	0	.0000	0	.0000	0	.0000	0	.0000
20090417	臺股期貨            	TXF    	A         	28658	33670261.0000	31094	36568345.0000	-2436	-2898084.0000	4327	4927236.0000	5493	6336055.0000	-1166	-1408819.0000
20090417	臺股期貨            	TXF    	B         	147	174382.0000	1031	1200295.0000	-884	-1025913.0000	1074	1240685.0000	5074	5841565.0000	-4000	-4600880.0000
20090417	臺股期貨            	TXF    	C         	10522	12381204.0000	9441	11055820.0000	1081	1325385.0000	28256	32528910.0000	14689	16834846.0000	13567	15694064.0000
20090417	非金電期貨          	XIF    	A         	562	404425.0000	518	371766.0000	44	32660.0000	123	86400.0000	167	117354.0000	-44	-30954.0000
20090417	非金電期貨          	XIF    	B         	0	.0000	0	.0000	0	.0000	19	13382.0000	0	.0000	19	13382.0000
20090417	非金電期貨          	XIF    	C         	50	36645.0000	20	14335.0000	30	22311.0000	61	42962.0000	42	29581.0000	19	13381.0000
20090420	電子期貨            	EXF    	A         	1300	1199717.0000	1461	1346392.0000	-161	-146675.0000	995	926336.0000	1254	1167525.0000	-259	-241189.0000
20090420	電子期貨            	EXF    	B         	25	22959.0000	8	7450.0000	17	15509.0000	210	195636.0000	161	149988.0000	49	45648.0000
20090420	電子期貨            	EXF    	C         	444	410420.0000	470	434116.0000	-26	-23697.0000	2210	2058836.0000	1391	1295856.0000	819	762980.0000
20090420	金融期貨            	FXF    	A         	872	571741.0000	922	606745.0000	-50	-35004.0000	489	321709.0000	870	572242.0000	-381	-250533.0000
20090420	金融期貨            	FXF    	B         	0	.0000	5	3326.0000	-5	-3326.0000	217	142829.0000	0	.0000	217	142829.0000
20090420	金融期貨            	FXF    	C         	718	471174.0000	952	622787.0000	-234	-151613.0000	1997	1314418.0000	3614	2378735.0000	-1617	-1064317.0000
20090420	櫃買期貨            	GTF    	A         	274	96734.0000	281	99552.0000	-7	-2818.0000	69	24422.0000	78	27588.0000	-9	-3166.0000
20090420	櫃買期貨            	GTF    	B         	0	.0000	0	.0000	0	.0000	0	.0000	0	.0000	0	.0000
20090420	櫃買期貨            	GTF    	C         	0	.0000	0	.0000	0	.0000	0	.0000	0	.0000	0	.0000
20090420	摩臺期              	MSF    	A         	2	1433.0000	2	1432.0000	0	1.0000	5	3458.0000	1	719.0000	4	2739.0000
20090420	摩臺期              	MSF    	B         	0	.0000	0	.0000	0	.0000	0	.0000	0	.0000	0	.0000
20090420	摩臺期              	MSF    	C         	0	.0000	0	.0000	0	.0000	0	.0000	0	.0000	0	.0000
20090420	小型臺指            	MXF    	A         	17811	5112574.0000	18371	5272877.0000	-560	-160303.0000	1631	468978.0000	1292	371187.0000	339	97791.0000
20090420	小型臺指            	MXF    	B         	41	11747.0000	4	1142.0000	37	10604.0000	0	.0000	0	.0000	0	.0000
20090420	小型臺指            	MXF    	C         	1053	302521.0000	206	59134.0000	847	243387.0000	1548	446366.0000	1061	305939.0000	487	140427.0000
20090420	臺灣50期貨          	T5F    	A         	0	.0000	0	.0000	0	.0000	0	.0000	0	.0000	0	.0000
20090420	臺灣50期貨          	T5F    	B         	0	.0000	0	.0000	0	.0000	0	.0000	0	.0000	0	.0000
20090420	臺灣50期貨          	T5F    	C         	0	.0000	0	.0000	0	.0000	0	.0000	0	.0000	0	.0000
20090420	臺股期貨            	TXF    	A         	23268	26731454.0000	23999	27551959.0000	-731	-820504.0000	4433	5038224.0000	6329	7289991.0000	-1896	-2251767.0000
20090420	臺股期貨            	TXF    	B         	1124	1295107.0000	1061	1217567.0000	63	77540.0000	1052	1213377.0000	4989	5734642.0000	-3937	-4521265.0000
20090420	臺股期貨            	TXF    	C         	9218	10577187.0000	8937	10239777.0000	281	337410.0000	30462	35028460.0000	16614	19024473.0000	13848	16003987.0000
20090420	非金電期貨          	XIF    	A         	710	493645.0000	635	441057.0000	75	52588.0000	189	131324.0000	158	109695.0000	31	21629.0000
20090420	非金電期貨          	XIF    	B         	0	.0000	0	.0000	0	.0000	19	13224.0000	0	.0000	19	13224.0000
20090420	非金電期貨          	XIF    	C         	2	1394.0000	2	1406.0000	0	-12.0000	61	42456.0000	42	29232.0000	19	13224.0000
20090421	電子期貨            	EXF    	A         	1257	1169314.0000	861	798916.0000	396	370397.0000	1218	1152428.0000	1081	1022621.0000	137	129807.0000
20090421	電子期貨            	EXF    	B         	5	4686.0000	8	7464.0000	-3	-2778.0000	215	203519.0000	169	159975.0000	46	43544.0000
20090421	電子期貨            	EXF    	C         	496	459112.0000	1204	1119226.0000	-708	-660113.0000	1992	1885627.0000	1881	1780555.0000	111	105072.0000
20090421	金融期貨            	FXF    	A         	845	545791.0000	755	485891.0000	90	59899.0000	641	427139.0000	932	620846.0000	-291	-193707.0000
20090421	金融期貨            	FXF    	B         	2	1276.0000	0	.0000	2	1276.0000	219	145985.0000	0	.0000	219	145985.0000
20090421	金融期貨            	FXF    	C         	1053	674772.0000	1274	814712.0000	-221	-139941.0000	1752	1167881.0000	3590	2393094.0000	-1838	-1225213.0000
20090421	櫃買期貨            	GTF    	A         	128	45971.0000	163	58826.0000	-35	-12855.0000	57	20986.0000	101	37269.0000	-44	-16283.0000
20090421	櫃買期貨            	GTF    	B         	0	.0000	0	.0000	0	.0000	0	.0000	0	.0000	0	.0000
20090421	櫃買期貨            	GTF    	C         	0	.0000	0	.0000	0	.0000	0	.0000	0	.0000	0	.0000
20090421	摩臺期              	MSF    	A         	1	737.0000	0	.0000	1	737.0000	6	4283.0000	1	737.0000	5	3546.0000
20090421	摩臺期              	MSF    	B         	0	.0000	0	.0000	0	.0000	0	.0000	0	.0000	0	.0000
20090421	摩臺期              	MSF    	C         	0	.0000	0	.0000	0	.0000	0	.0000	0	.0000	0	.0000
20090421	小型臺指            	MXF    	A         	14485	4162418.0000	15060	4332596.0000	-575	-170178.0000	1565	459185.0000	2157	634240.0000	-592	-175055.0000
20090421	小型臺指            	MXF    	B         	6	1744.0000	6	1745.0000	0	.0000	0	.0000	0	.0000	0	.0000
20090421	小型臺指            	MXF    	C         	560	161253.0000	206	59475.0000	354	101778.0000	1543	454491.0000	702	206774.0000	841	247717.0000
20090421	臺灣50期貨          	T5F    	A         	0	.0000	0	.0000	0	.0000	0	.0000	0	.0000	0	.0000
20090421	臺灣50期貨          	T5F    	B         	0	.0000	0	.0000	0	.0000	0	.0000	0	.0000	0	.0000
20090421	臺灣50期貨          	T5F    	C         	0	.0000	0	.0000	0	.0000	0	.0000	0	.0000	0	.0000
20090421	臺股期貨            	TXF    	A         	26716	30790117.0000	25060	28883530.0000	1656	1906587.0000	6335	7390200.0000	6486	7632714.0000	-151	-242514.0000
20090421	臺股期貨            	TXF    	B         	776	895731.0000	566	648872.0000	210	246859.0000	983	1158171.0000	4710	5529402.0000	-3727	-4371231.0000
20090421	臺股期貨            	TXF    	C         	6498	7494477.0000	9577	11051807.0000	-3079	-3557329.0000	30531	35866637.0000	19762	23143751.0000	10769	12722886.0000
20090421	非金電期貨          	XIF    	A         	459	321175.0000	455	317284.0000	4	3890.0000	239	171152.0000	204	145958.0000	35	25194.0000
20090421	非金電期貨          	XIF    	B         	0	.0000	0	.0000	0	.0000	19	13627.0000	0	.0000	19	13627.0000
20090421	非金電期貨          	XIF    	C         	0	.0000	0	.0000	0	.0000	61	43749.0000	42	30122.0000	19	13627.0000
20090422	電子期貨            	EXF    	A         	1310	1242962.0000	927	878986.0000	383	363976.0000	1090	1028218.0000	570	537308.0000	520	490910.0000
20090422	電子期貨            	EXF    	B         	8	7577.0000	21	19928.0000	-13	-12351.0000	220	207592.0000	187	176453.0000	33	31139.0000
20090422	電子期貨            	EXF    	C         	580	549809.0000	474	449284.0000	106	100525.0000	2101	1982504.0000	1884	1777742.0000	217	204762.0000
20090422	金融期貨            	FXF    	A         	424	281633.0000	656	435687.0000	-232	-154054.0000	460	301591.0000	983	644319.0000	-523	-342728.0000
20090422	金融期貨            	FXF    	B         	0	.0000	135	89375.0000	-135	-89375.0000	212	139030.0000	128	83942.0000	84	55088.0000
20090422	金融期貨            	FXF    	C         	729	485491.0000	384	255215.0000	345	230276.0000	1676	1099129.0000	3169	2078230.0000	-1493	-979101.0000
20090422	櫃買期貨            	GTF    	A         	485	175634.0000	477	172686.0000	8	2949.0000	64	23635.0000	100	36981.0000	-36	-13346.0000
20090422	櫃買期貨            	GTF    	B         	0	.0000	0	.0000	0	.0000	0	.0000	0	.0000	0	.0000
20090422	櫃買期貨            	GTF    	C         	0	.0000	0	.0000	0	.0000	0	.0000	0	.0000	0	.0000
20090422	摩臺期              	MSF    	A         	1	730.0000	2	1460.0000	-1	-731.0000	7	4970.0000	3	2189.0000	4	2781.0000
20090422	摩臺期              	MSF    	B         	0	.0000	0	.0000	0	.0000	0	.0000	0	.0000	0	.0000
20090422	摩臺期              	MSF    	C         	0	.0000	0	.0000	0	.0000	0	.0000	0	.0000	0	.0000
20090422	小型臺指            	MXF    	A         	13369	3927042.0000	12722	3736724.0000	647	190318.0000	1666	485104.0000	1495	436004.0000	171	49100.0000
20090422	小型臺指            	MXF    	B         	2	590.0000	2	585.0000	0	4.0000	0	.0000	0	.0000	0	.0000
20090422	小型臺指            	MXF    	C         	207	60777.0000	1111	326417.0000	-904	-265639.0000	556	162547.0000	619	180965.0000	-63	-18418.0000
20090422	臺灣50期貨          	T5F    	A         	0	.0000	0	.0000	0	.0000	0	.0000	0	.0000	0	.0000
20090422	臺灣50期貨          	T5F    	B         	0	.0000	0	.0000	0	.0000	0	.0000	0	.0000	0	.0000
20090422	臺灣50期貨          	T5F    	C         	0	.0000	0	.0000	0	.0000	0	.0000	0	.0000	0	.0000
20090422	臺股期貨            	TXF    	A         	23056	27111233.0000	23395	27492319.0000	-339	-381086.0000	5916	6843934.0000	6435	7516244.0000	-519	-672310.0000
20090422	臺股期貨            	TXF    	B         	355	416798.0000	363	427016.0000	-8	-10218.0000	968	1131979.0000	4703	5479851.0000	-3735	-4347872.0000
20090422	臺股期貨            	TXF    	C         	7769	9126373.0000	6324	7425961.0000	1445	1700412.0000	30386	35434324.0000	18172	21110775.0000	12214	14323549.0000
20090422	非金電期貨          	XIF    	A         	1442	990050.0000	1480	1017114.0000	-38	-27064.0000	145	102779.0000	148	104828.0000	-3	-2049.0000
20090422	非金電期貨          	XIF    	B         	0	.0000	0	.0000	0	.0000	19	13494.0000	0	.0000	19	13494.0000
20090422	非金電期貨          	XIF    	C         	1	708.0000	0	.0000	1	708.0000	62	44032.0000	42	29828.0000	20	14204.0000
20090423	電子期貨            	EXF    	A         	867	825253.0000	1113	1057974.0000	-246	-232720.0000	856	818875.0000	582	556429.0000	274	262446.0000
20090423	電子期貨            	EXF    	B         	136	130031.0000	65	62013.0000	71	68018.0000	325	311090.0000	221	211541.0000	104	99549.0000
20090423	電子期貨            	EXF    	C         	607	578039.0000	400	380167.0000	207	197872.0000	2112	2021603.0000	1688	1615754.0000	424	405849.0000
20090423	金融期貨            	FXF    	A         	661	426691.0000	652	421708.0000	9	4982.0000	359	234176.0000	873	569499.0000	-514	-335323.0000
20090423	金融期貨            	FXF    	B         	128	82928.0000	312	199934.0000	-184	-117007.0000	212	138436.0000	312	203736.0000	-100	-65300.0000
20090423	金融期貨            	FXF    	C         	672	434832.0000	585	378143.0000	87	56689.0000	1718	1121838.0000	3124	2039972.0000	-1406	-918134.0000
20090423	櫃買期貨            	GTF    	A         	105	39036.0000	100	37228.0000	5	1807.0000	69	25926.0000	100	37627.0000	-31	-11701.0000
20090423	櫃買期貨            	GTF    	B         	0	.0000	0	.0000	0	.0000	0	.0000	0	.0000	0	.0000
20090423	櫃買期貨            	GTF    	C         	0	.0000	0	.0000	0	.0000	0	.0000	0	.0000	0	.0000
20090423	摩臺期              	MSF    	A         	1	725.0000	1	725.0000	0	.0000	8	5720.0000	4	2929.0000	4	2791.0000
20090423	摩臺期              	MSF    	B         	0	.0000	0	.0000	0	.0000	0	.0000	0	.0000	0	.0000
20090423	摩臺期              	MSF    	C         	0	.0000	0	.0000	0	.0000	0	.0000	0	.0000	0	.0000
20090423	小型臺指            	MXF    	A         	16471	4810107.0000	15794	4612023.0000	677	198084.0000	1915	562588.0000	1363	400920.0000	552	161668.0000
20090423	小型臺指            	MXF    	B         	2	589.0000	2	586.0000	0	3.0000	0	.0000	0	.0000	0	.0000
20090423	小型臺指            	MXF    	C         	637	186629.0000	547	159278.0000	90	27351.0000	447	131843.0000	420	123879.0000	27	7964.0000
20090423	臺灣50期貨          	T5F    	A         	0	.0000	0	.0000	0	.0000	0	.0000	0	.0000	0	.0000
20090423	臺灣50期貨          	T5F    	B         	0	.0000	0	.0000	0	.0000	0	.0000	0	.0000	0	.0000
20090423	臺灣50期貨          	T5F    	C         	0	.0000	0	.0000	0	.0000	0	.0000	0	.0000	0	.0000
20090423	臺股期貨            	TXF    	A         	25746	30115377.0000	24153	28236021.0000	1593	1879356.0000	6579	7684670.0000	5431	6397086.0000	1148	1287584.0000
20090423	臺股期貨            	TXF    	B         	484	567434.0000	315	366383.0000	169	201051.0000	968	1142046.0000	4534	5328546.0000	-3566	-4186500.0000
20090423	臺股期貨            	TXF    	C         	8427	9849463.0000	6193	7240335.0000	2234	2609128.0000	31754	37356750.0000	17301	20260825.0000	14453	17095925.0000
20090423	非金電期貨          	XIF    	A         	557	393285.0000	571	403007.0000	-14	-9722.0000	113	80771.0000	130	92819.0000	-17	-12048.0000
20090423	非金電期貨          	XIF    	B         	0	.0000	0	.0000	0	.0000	19	13617.0000	0	.0000	19	13617.0000
20090423	非金電期貨          	XIF    	C         	17	11910.0000	0	.0000	17	11910.0000	79	56619.0000	42	30101.0000	37	26518.0000
20090424	電子期貨            	EXF    	A         	1495	1430322.0000	1376	1316110.0000	119	114212.0000	854	815958.0000	461	440076.0000	393	375882.0000
20090424	電子期貨            	EXF    	B         	32	30747.0000	55	52854.0000	-23	-22106.0000	285	272460.0000	204	195024.0000	81	77436.0000
20090424	電子期貨            	EXF    	C         	673	645067.0000	1000	956206.0000	-327	-311139.0000	2235	2136658.0000	2138	2043928.0000	97	92730.0000
20090424	金融期貨            	FXF    	A         	1144	752801.0000	986	649380.0000	158	103421.0000	365	239523.0000	721	473097.0000	-356	-233574.0000
20090424	金融期貨            	FXF    	B         	290	193905.0000	10	6575.0000	280	187330.0000	204	133946.0000	24	15758.0000	180	118188.0000
20090424	金融期貨            	FXF    	C         	355	233993.0000	922	612321.0000	-567	-378327.0000	1756	1152984.0000	3729	2448461.0000	-1973	-1295477.0000
20090424	櫃買期貨            	GTF    	A         	66	24983.0000	77	29207.0000	-11	-4225.0000	73	27990.0000	115	44152.0000	-42	-16162.0000
20090424	櫃買期貨            	GTF    	B         	0	.0000	0	.0000	0	.0000	0	.0000	0	.0000	0	.0000
20090424	櫃買期貨            	GTF    	C         	0	.0000	0	.0000	0	.0000	0	.0000	0	.0000	0	.0000
20090424	摩臺期              	MSF    	A         	3	2165.0000	3	2168.0000	0	-3.0000	6	4235.0000	2	1457.0000	4	2778.0000
20090424	摩臺期              	MSF    	B         	0	.0000	0	.0000	0	.0000	0	.0000	0	.0000	0	.0000
20090424	摩臺期              	MSF    	C         	0	.0000	0	.0000	0	.0000	0	.0000	0	.0000	0	.0000
20090424	小型臺指            	MXF    	A         	19555	5775561.0000	20313	5998168.0000	-758	-222606.0000	1988	583688.0000	1910	561588.0000	78	22100.0000
20090424	小型臺指            	MXF    	B         	6	1772.0000	6	1775.0000	0	-4.0000	0	.0000	0	.0000	0	.0000
20090424	小型臺指            	MXF    	C         	406	120272.0000	572	168011.0000	-166	-47738.0000	447	131932.0000	586	172958.0000	-139	-41026.0000
20090424	臺灣50期貨          	T5F    	A         	0	.0000	0	.0000	0	.0000	0	.0000	0	.0000	0	.0000
20090424	臺灣50期貨          	T5F    	B         	0	.0000	0	.0000	0	.0000	0	.0000	0	.0000	0	.0000
20090424	臺灣50期貨          	T5F    	C         	0	.0000	0	.0000	0	.0000	0	.0000	0	.0000	0	.0000
20090424	臺股期貨            	TXF    	A         	29922	35361337.0000	29178	34457673.0000	744	903664.0000	6638	7758168.0000	4817	5676348.0000	1821	2081820.0000
20090424	臺股期貨            	TXF    	B         	305	362640.0000	774	917017.0000	-469	-554377.0000	968	1142821.0000	5003	5884962.0000	-4035	-4742141.0000
20090424	臺股期貨            	TXF    	C         	6093	7194633.0000	8119	9599254.0000	-2026	-2404621.0000	30809	36262119.0000	18382	21542460.0000	12427	14719659.0000
20090424	非金電期貨          	XIF    	A         	515	369171.0000	490	351067.0000	25	18104.0000	110	78478.0000	102	72603.0000	8	5875.0000
20090424	非金電期貨          	XIF    	B         	0	.0000	0	.0000	0	.0000	19	13593.0000	0	.0000	19	13593.0000
20090424	非金電期貨          	XIF    	C         	2	1411.0000	24	17382.0000	-22	-15970.0000	71	50793.0000	56	40062.0000	15	10731.0000
20090427	電子期貨            	EXF    	A         	1315	1234547.0000	1224	1149717.0000	91	84831.0000	955	885454.0000	471	436285.0000	484	449169.0000
20090427	電子期貨            	EXF    	B         	20	18774.0000	60	55659.0000	-40	-36884.0000	225	208710.0000	184	170678.0000	41	38032.0000
20090427	電子期貨            	EXF    	C         	469	439410.0000	1035	972798.0000	-566	-533388.0000	1783	1653910.0000	2252	2088955.0000	-469	-435045.0000
20090427	金融期貨            	FXF    	A         	878	559244.0000	613	390378.0000	265	168866.0000	431	267437.0000	522	323758.0000	-91	-56321.0000
20090427	金融期貨            	FXF    	B         	24	15524.0000	0	.0000	24	15524.0000	214	132808.0000	10	6206.0000	204	126602.0000
20090427	金融期貨            	FXF    	C         	694	437385.0000	647	410733.0000	47	26652.0000	1490	924699.0000	3416	2119970.0000	-1926	-1195271.0000
20090427	櫃買期貨            	GTF    	A         	108	40060.0000	82	30229.0000	26	9831.0000	61	22377.0000	77	28226.0000	-16	-5849.0000
20090427	櫃買期貨            	GTF    	B         	0	.0000	0	.0000	0	.0000	0	.0000	0	.0000	0	.0000
20090427	櫃買期貨            	GTF    	C         	0	.0000	0	.0000	0	.0000	0	.0000	0	.0000	0	.0000
20090427	摩臺期              	MSF    	A         	0	.0000	0	.0000	0	.0000	6	4108.0000	2	1412.0000	4	2696.0000
20090427	摩臺期              	MSF    	B         	0	.0000	0	.0000	0	.0000	0	.0000	0	.0000	0	.0000
20090427	摩臺期              	MSF    	C         	0	.0000	0	.0000	0	.0000	0	.0000	0	.0000	0	.0000
20090427	小型臺指            	MXF    	A         	20560	5943213.0000	22659	6554244.0000	-2099	-611032.0000	2101	596638.0000	3362	956785.0000	-1261	-360147.0000
20090427	小型臺指            	MXF    	B         	41	11726.0000	22	6294.0000	19	5432.0000	19	5421.0000	0	.0000	19	5421.0000
20090427	小型臺指            	MXF    	C         	734	214214.0000	793	229351.0000	-59	-15137.0000	766	218540.0000	964	275029.0000	-198	-56489.0000
20090427	臺灣50期貨          	T5F    	A         	0	.0000	0	.0000	0	.0000	0	.0000	0	.0000	0	.0000
20090427	臺灣50期貨          	T5F    	B         	0	.0000	0	.0000	0	.0000	0	.0000	0	.0000	0	.0000
20090427	臺灣50期貨          	T5F    	C         	0	.0000	0	.0000	0	.0000	0	.0000	0	.0000	0	.0000
20090427	臺股期貨            	TXF    	A         	28854	33335904.0000	30286	35006925.0000	-1432	-1671021.0000	6306	7120083.0000	6107	6961018.0000	199	159065.0000
20090427	臺股期貨            	TXF    	B         	356	417515.0000	925	1071493.0000	-569	-653978.0000	968	1104682.0000	5582	6348598.0000	-4614	-5243916.0000
20090427	臺股期貨            	TXF    	C         	7035	8111376.0000	9543	10994220.0000	-2508	-2882845.0000	30936	35196884.0000	21017	23822617.0000	9919	11374267.0000
20090427	非金電期貨          	XIF    	A         	888	623016.0000	807	565615.0000	81	57400.0000	177	122865.0000	88	60819.0000	89	62046.0000
20090427	非金電期貨          	XIF    	B         	0	.0000	0	.0000	0	.0000	19	13218.0000	0	.0000	19	13218.0000
20090427	非金電期貨          	XIF    	C         	0	.0000	21	14634.0000	-21	-14634.0000	55	38264.0000	61	42438.0000	-6	-4174.0000
20090428	電子期貨            	EXF    	A         	1196	1106674.0000	1184	1094229.0000	12	12445.0000	1018	929164.0000	522	475922.0000	496	453242.0000
20090428	電子期貨            	EXF    	B         	0	.0000	1	928.0000	-1	-928.0000	225	205470.0000	185	168942.0000	40	36528.0000
20090428	電子期貨            	EXF    	C         	561	517150.0000	525	484797.0000	36	32354.0000	1609	1469337.0000	2042	1864754.0000	-433	-395417.0000
20090428	金融期貨            	FXF    	A         	614	383476.0000	910	568970.0000	-296	-185494.0000	434	264005.0000	821	499348.0000	-387	-235343.0000
20090428	金融期貨            	FXF    	B         	10	6262.0000	12	7526.0000	-2	-1264.0000	202	122937.0000	0	.0000	202	122937.0000
20090428	金融期貨            	FXF    	C         	1014	632528.0000	985	615829.0000	29	16698.0000	1620	985930.0000	3517	2140446.0000	-1897	-1154516.0000
20090428	櫃買期貨            	GTF    	A         	111	40205.0000	96	34775.0000	15	5431.0000	76	26972.0000	77	27279.0000	-1	-307.0000
20090428	櫃買期貨            	GTF    	B         	0	.0000	0	.0000	0	.0000	0	.0000	0	.0000	0	.0000
20090428	櫃買期貨            	GTF    	C         	0	.0000	0	.0000	0	.0000	0	.0000	0	.0000	0	.0000
20090428	摩臺期              	MSF    	A         	0	.0000	0	.0000	0	.0000	6	4046.0000	2	1391.0000	4	2655.0000
20090428	摩臺期              	MSF    	B         	0	.0000	0	.0000	0	.0000	0	.0000	0	.0000	0	.0000
20090428	摩臺期              	MSF    	C         	0	.0000	0	.0000	0	.0000	0	.0000	0	.0000	0	.0000
20090428	小型臺指            	MXF    	A         	19519	5526814.0000	20645	5846447.0000	-1126	-319633.0000	2160	600025.0000	4403	1226423.0000	-2243	-626398.0000
20090428	小型臺指            	MXF    	B         	0	.0000	22	6144.0000	-22	-6144.0000	0	.0000	3	837.0000	-3	-837.0000
20090428	小型臺指            	MXF    	C         	600	171112.0000	347	98363.0000	253	72749.0000	1077	300591.0000	1022	285240.0000	55	15351.0000
20090428	臺灣50期貨          	T5F    	A         	0	.0000	0	.0000	0	.0000	0	.0000	0	.0000	0	.0000
20090428	臺灣50期貨          	T5F    	B         	0	.0000	0	.0000	0	.0000	0	.0000	0	.0000	0	.0000
20090428	臺灣50期貨          	T5F    	C         	0	.0000	0	.0000	0	.0000	0	.0000	0	.0000	0	.0000
20090428	臺股期貨            	TXF    	A         	29830	33798061.0000	32128	36390537.0000	-2298	-2592476.0000	4899	5389529.0000	7034	7845585.0000	-2135	-2456056.0000
20090428	臺股期貨            	TXF    	B         	460	521071.0000	2071	2347258.0000	-1611	-1826186.0000	983	1097421.0000	7208	8025265.0000	-6225	-6927844.0000
20090428	臺股期貨            	TXF    	C         	8521	9631679.0000	7158	8097042.0000	1363	1534637.0000	31995	35611527.0000	20713	22954510.0000	11282	12657017.0000
20090428	非金電期貨          	XIF    	A         	817	557662.0000	860	586648.0000	-43	-28987.0000	157	104937.0000	111	74023.0000	46	30914.0000
20090428	非金電期貨          	XIF    	B         	0	.0000	0	.0000	0	.0000	19	12717.0000	0	.0000	19	12717.0000
20090428	非金電期貨          	XIF    	C         	5	3403.0000	2	1378.0000	3	2025.0000	53	35473.0000	56	37481.0000	-3	-2008.0000
20090429	電子期貨            	EXF    	A         	881	809448.0000	954	876377.0000	-73	-66929.0000	1094	1002433.0000	671	614362.0000	423	388071.0000
20090429	電子期貨            	EXF    	B         	0	.0000	168	154052.0000	-168	-154052.0000	225	206280.0000	353	323630.0000	-128	-117350.0000
20090429	電子期貨            	EXF    	C         	368	338377.0000	355	326572.0000	13	11805.0000	1720	1576892.0000	2140	1961952.0000	-420	-385060.0000
20090429	金融期貨            	FXF    	A         	466	288878.0000	375	232453.0000	91	56425.0000	548	339859.0000	844	523372.0000	-296	-183513.0000
20090429	金融期貨            	FXF    	B         	0	.0000	0	.0000	0	.0000	202	125361.0000	0	.0000	202	125361.0000
20090429	金融期貨            	FXF    	C         	709	439778.0000	416	257945.0000	293	181833.0000	1777	1102793.0000	3381	2098249.0000	-1604	-995456.0000
20090429	櫃買期貨            	GTF    	A         	101	35244.0000	90	31446.0000	11	3798.0000	96	33149.0000	86	29632.0000	10	3517.0000
20090429	櫃買期貨            	GTF    	B         	0	.0000	0	.0000	0	.0000	0	.0000	0	.0000	0	.0000
20090429	櫃買期貨            	GTF    	C         	0	.0000	0	.0000	0	.0000	0	.0000	0	.0000	0	.0000
20090429	摩臺期              	MSF    	A         	0	.0000	0	.0000	0	.0000	6	4083.0000	2	1404.0000	4	2679.0000
20090429	摩臺期              	MSF    	B         	0	.0000	0	.0000	0	.0000	0	.0000	0	.0000	0	.0000
20090429	摩臺期              	MSF    	C         	0	.0000	0	.0000	0	.0000	0	.0000	0	.0000	0	.0000
20090429	小型臺指            	MXF    	A         	12105	3404363.0000	12323	3464764.0000	-218	-60401.0000	2322	649795.0000	4887	1371141.0000	-2565	-721346.0000
20090429	小型臺指            	MXF    	B         	6	1687.0000	4	1126.0000	2	561.0000	0	.0000	1	281.0000	-1	-281.0000
20090429	小型臺指            	MXF    	C         	310	87271.0000	229	64388.0000	81	22884.0000	1222	343504.0000	1086	305275.0000	136	38229.0000
20090429	臺灣50期貨          	T5F    	A         	0	.0000	0	.0000	0	.0000	0	.0000	0	.0000	0	.0000
20090429	臺灣50期貨          	T5F    	B         	0	.0000	0	.0000	0	.0000	0	.0000	0	.0000	0	.0000
20090429	臺灣50期貨          	T5F    	C         	0	.0000	0	.0000	0	.0000	0	.0000	0	.0000	0	.0000
20090429	臺股期貨            	TXF    	A         	18889	21243395.0000	18919	21278717.0000	-30	-35322.0000	5599	6207010.0000	7738	8693607.0000	-2139	-2486597.0000
20090429	臺股期貨            	TXF    	B         	1216	1369719.0000	494	555226.0000	722	814493.0000	971	1091792.0000	6474	7258108.0000	-5503	-6166316.0000
20090429	臺股期貨            	TXF    	C         	4635	5216464.0000	5330	5985871.0000	-695	-769407.0000	31913	35775711.0000	21326	23801641.0000	10587	11974070.0000
20090429	非金電期貨          	XIF    	A         	882	593720.0000	773	520006.0000	109	73715.0000	269	182270.0000	114	77023.0000	155	105247.0000
20090429	非金電期貨          	XIF    	B         	0	.0000	0	.0000	0	.0000	19	12886.0000	0	.0000	19	12886.0000
20090429	非金電期貨          	XIF    	C         	0	.0000	108	73022.0000	-108	-73022.0000	48	32554.0000	159	107834.0000	-111	-75280.0000
20090430	電子期貨            	EXF    	A         	452	443038.0000	268	262844.0000	184	180194.0000	1186	1162482.0000	579	567014.0000	607	595468.0000
20090430	電子期貨            	EXF    	B         	130	127478.0000	0	.0000	130	127478.0000	225	220680.0000	223	218718.0000	2	1962.0000
20090430	電子期貨            	EXF    	C         	433	424679.0000	89	87276.0000	344	337402.0000	1874	1838015.0000	1950	1912560.0000	-76	-74545.0000
20090430	金融期貨            	FXF    	A         	63	41808.0000	10	6633.0000	53	35175.0000	552	366270.0000	795	527437.0000	-243	-161167.0000
20090430	金融期貨            	FXF    	B         	0	.0000	0	.0000	0	.0000	202	134128.0000	0	.0000	202	134128.0000
20090430	金融期貨            	FXF    	C         	613	407032.0000	6	3984.0000	607	403048.0000	2387	1584954.0000	3384	2246976.0000	-997	-662022.0000
20090430	櫃買期貨            	GTF    	A         	14	5154.0000	20	7386.0000	-6	-2232.0000	88	32433.0000	84	30872.0000	4	1561.0000
20090430	櫃買期貨            	GTF    	B         	0	.0000	0	.0000	0	.0000	0	.0000	0	.0000	0	.0000
20090430	櫃買期貨            	GTF    	C         	0	.0000	0	.0000	0	.0000	0	.0000	0	.0000	0	.0000
20090430	摩臺期              	MSF    	A         	0	.0000	2	1412.0000	-2	-1412.0000	4	2854.0000	2	1480.0000	2	1374.0000
20090430	摩臺期              	MSF    	B         	0	.0000	0	.0000	0	.0000	0	.0000	0	.0000	0	.0000
20090430	摩臺期              	MSF    	C         	0	.0000	0	.0000	0	.0000	0	.0000	0	.0000	0	.0000
20090430	小型臺指            	MXF    	A         	7751	2327758.0000	1307	392592.0000	6444	1935166.0000	6695	2009648.0000	2988	897716.0000	3707	1111932.0000
20090430	小型臺指            	MXF    	B         	0	.0000	0	.0000	0	.0000	0	.0000	1	301.0000	-1	-301.0000
20090430	小型臺指            	MXF    	C         	10	3004.0000	50	15014.0000	-40	-12010.0000	1232	370524.0000	1136	341652.0000	96	28872.0000
20090430	臺灣50期貨          	T5F    	A         	0	.0000	0	.0000	0	.0000	0	.0000	0	.0000	0	.0000
20090430	臺灣50期貨          	T5F    	B         	0	.0000	0	.0000	0	.0000	0	.0000	0	.0000	0	.0000
20090430	臺灣50期貨          	T5F    	C         	0	.0000	0	.0000	0	.0000	0	.0000	0	.0000	0	.0000
20090430	臺股期貨            	TXF    	A         	8912	10709949.0000	4812	5785412.0000	4100	4924537.0000	8604	10251786.0000	6600	7933244.0000	2004	2318542.0000
20090430	臺股期貨            	TXF    	B         	1657	1992903.0000	184	220951.0000	1473	1771953.0000	934	1123602.0000	5018	6013533.0000	-4084	-4889931.0000
20090430	臺股期貨            	TXF    	C         	5104	6138529.0000	4255	5115601.0000	849	1022928.0000	33377	40037444.0000	21941	26205510.0000	11436	13831934.0000
20090430	非金電期貨          	XIF    	A         	15	10845.0000	20	14512.0000	-5	-3668.0000	254	184128.0000	104	75152.0000	150	108976.0000
20090430	非金電期貨          	XIF    	B         	0	.0000	0	.0000	0	.0000	19	13786.0000	0	.0000	19	13786.0000
20090430	非金電期貨          	XIF    	C         	0	.0000	0	.0000	0	.0000	48	34829.0000	159	115370.0000	-111	-80541.0000
