201205	20120130	20120204	小型臺指            	MXF    	A         	38243	14421513.0000	34265	12930684.0000	3978	1490829.0000	2749	1057043.0000	3706	1413005.0000	-957	-355962.0000
201205	20120130	20120204	小型臺指            	MXF    	B         	47	17888.0000	0	.0000	47	17888.0000	5	1933.0000	46	17786.0000	-41	-15853.0000
201205	20120130	20120204	小型臺指            	MXF    	C         	56507	21254519.0000	48548	18282744.0000	7959	2971775.0000	5736	2215508.0000	4177	1611550.0000	1559	603958.0000
201205	20120130	20120204	股票期貨            	STF    	A         	86782	4398092.0000	89663	4653036.0000	-2881	-254944.0000	15145	1684017.0000	18215	1404189.0000	-3070	279828.0000
201205	20120130	20120204	股票期貨            	STF    	B         	0	.0000	0	.0000	0	.0000	11132	1663724.0000	0	.0000	11132	1663724.0000
201205	20120130	20120204	股票期貨            	STF    	C         	3194	271714.0000	10507	556032.0000	-7313	-284318.0000	3811	404425.0000	29293	3119813.0000	-25482	-2715388.0000
201205	20120130	20120204	金融期貨            	FXF    	A         	6233	5138272.0000	6317	5199585.0000	-84	-61313.0000	670	584336.0000	476	415194.0000	194	169142.0000
201205	20120130	20120204	金融期貨            	FXF    	B         	175	141093.0000	145	120807.0000	30	20286.0000	52	45365.0000	20	17448.0000	32	27917.0000
201205	20120130	20120204	金融期貨            	FXF    	C         	13725	11186708.0000	12986	10602778.0000	739	583930.0000	1746	1523210.0000	2587	2256899.0000	-841	-733689.0000
201205	20120130	20120204	非金電期貨          	XIF    	A         	1201	1253746.0000	1293	1350176.0000	-92	-96430.0000	189	200034.0000	203	214860.0000	-14	-14826.0000
201205	20120130	20120204	非金電期貨          	XIF    	B         	0	.0000	0	.0000	0	.0000	8	8468.0000	0	.0000	8	8468.0000
201205	20120130	20120204	非金電期貨          	XIF    	C         	1494	1556078.0000	1385	1442994.0000	109	113084.0000	367	388470.0000	357	377885.0000	10	10585.0000
201205	20120130	20120204	電子期貨            	EXF    	A         	4887	5524371.0000	5180	5860332.0000	-293	-335961.0000	465	537251.0000	398	459871.0000	67	77380.0000
201205	20120130	20120204	電子期貨            	EXF    	B         	0	.0000	13	15018.0000	-13	-15018.0000	81	93604.0000	13	15023.0000	68	78581.0000
201205	20120130	20120204	電子期貨            	EXF    	C         	9590	10806817.0000	8407	9467790.0000	1183	1339027.0000	2596	2999938.0000	2134	2466024.0000	462	533914.0000
201205	20120130	20120204	臺股期貨            	TXF    	A         	99130	149705044.0000	94496	142640666.0000	4634	7064378.0000	11992	18523033.0000	5919	9016981.0000	6073	9506052.0000
201205	20120130	20120204	臺股期貨            	TXF    	B         	563	843064.0000	458	688568.0000	105	154496.0000	1197	1851280.0000	641	991363.0000	556	859917.0000
201205	20120130	20120204	臺股期貨            	TXF    	C         	105153	158152231.0000	99567	149766209.0000	5586	8386022.0000	32739	50496841.0000	21149	32658063.0000	11590	17838778.0000
201205	20120130	20120204	臺灣50期貨          	T5F    	A         	0	.0000	0	.0000	0	.0000	0	.0000	0	.0000	0	.0000
201205	20120130	20120204	臺灣50期貨          	T5F    	B         	0	.0000	0	.0000	0	.0000	0	.0000	0	.0000	0	.0000
201205	20120130	20120204	臺灣50期貨          	T5F    	C         	0	.0000	0	.0000	0	.0000	0	.0000	0	.0000	0	.0000
201205	20120130	20120204	櫃買期貨            	GTF    	A         	200	87127.0000	210	91369.0000	-10	-4242.0000	40	17832.0000	101	45491.0000	-61	-27659.0000
201205	20120130	20120204	櫃買期貨            	GTF    	B         	0	.0000	0	.0000	0	.0000	84	37447.0000	0	.0000	84	37447.0000
201205	20120130	20120204	櫃買期貨            	GTF    	C         	0	.0000	0	.0000	0	.0000	0	.0000	0	.0000	0	.0000
201206	20120206	20120210	小型臺指            	MXF    	A         	23494	9149529.0000	24960	9732340.0000	-1466	-582811.0000	3483	1365855.0000	4950	1926643.0000	-1467	-560788.0000
201206	20120206	20120210	小型臺指            	MXF    	B         	0	.0000	46	18076.0000	-46	-18076.0000	5	1966.0000	92	36156.0000	-87	-34190.0000
201206	20120206	20120210	小型臺指            	MXF    	C         	57455	22413434.0000	60217	23506323.0000	-2762	-1092889.0000	7262	2851751.0000	10633	4177262.0000	-3371	-1325511.0000
201206	20120206	20120210	股票期貨            	STF    	A         	66970	3502172.0000	70262	3639427.0000	-3292	-137255.0000	16401	1782761.0000	22763	1653604.0000	-6362	129157.0000
201206	20120206	20120210	股票期貨            	STF    	B         	0	.0000	0	.0000	0	.0000	11132	1666533.0000	0	.0000	11132	1666533.0000
201206	20120206	20120210	股票期貨            	STF    	C         	2454	200453.0000	10584	520396.0000	-8130	-319943.0000	4572	474258.0000	38184	3507576.0000	-33612	-3033318.0000
201206	20120206	20120210	金融期貨            	FXF    	A         	5692	4931697.0000	5605	4852277.0000	87	79420.0000	641	560467.0000	360	314726.0000	281	245741.0000
201206	20120206	20120210	金融期貨            	FXF    	B         	10	8542.0000	0	.0000	10	8542.0000	62	54213.0000	20	17488.0000	42	36725.0000
201206	20120206	20120210	金融期貨            	FXF    	C         	12365	10720058.0000	12889	11167906.0000	-524	-447848.0000	1689	1476644.0000	3056	2671833.0000	-1367	-1195189.0000
201206	20120206	20120210	非金電期貨          	XIF    	A         	1021	1090625.0000	1021	1090752.0000	0	-127.0000	155	167288.0000	169	182403.0000	-14	-15115.0000
201206	20120206	20120210	非金電期貨          	XIF    	B         	0	.0000	0	.0000	0	.0000	8	8636.0000	0	.0000	8	8636.0000
201206	20120206	20120210	非金電期貨          	XIF    	C         	890	952179.0000	937	1002036.0000	-47	-49857.0000	463	499791.0000	500	539731.0000	-37	-39940.0000
201206	20120206	20120210	電子期貨            	EXF    	A         	3872	4521584.0000	3962	4628441.0000	-90	-106857.0000	442	519844.0000	465	546739.0000	-23	-26895.0000
201206	20120206	20120210	電子期貨            	EXF    	B         	3	3570.0000	12	13955.0000	-9	-10385.0000	81	95284.0000	22	25881.0000	59	69403.0000
201206	20120206	20120210	電子期貨            	EXF    	C         	7002	8177816.0000	7207	8414290.0000	-205	-236474.0000	2291	2694900.0000	2034	2392701.0000	257	302199.0000
201206	20120206	20120210	臺股期貨            	TXF    	A         	93543	145987379.0000	93200	145429653.0000	343	557726.0000	13153	20662001.0000	6976	10830125.0000	6177	9831876.0000
201206	20120206	20120210	臺股期貨            	TXF    	B         	138	216682.0000	303	472284.0000	-165	-255602.0000	1147	1804195.0000	756	1188954.0000	391	615241.0000
201206	20120206	20120210	臺股期貨            	TXF    	C         	96343	150168495.0000	99961	155988669.0000	-3618	-5820174.0000	34027	53367413.0000	25515	40071771.0000	8512	13295642.0000
201206	20120206	20120210	臺灣50期貨          	T5F    	A         	0	.0000	0	.0000	0	.0000	0	.0000	0	.0000	0	.0000
201206	20120206	20120210	臺灣50期貨          	T5F    	B         	0	.0000	0	.0000	0	.0000	0	.0000	0	.0000	0	.0000
201206	20120206	20120210	臺灣50期貨          	T5F    	C         	0	.0000	0	.0000	0	.0000	0	.0000	0	.0000	0	.0000
201206	20120206	20120210	櫃買期貨            	GTF    	A         	502	228419.0000	422	191459.0000	80	36960.0000	44	20154.0000	25	11465.0000	19	8689.0000
201206	20120206	20120210	櫃買期貨            	GTF    	B         	0	.0000	0	.0000	0	.0000	84	38606.0000	0	.0000	84	38606.0000
201206	20120206	20120210	櫃買期貨            	GTF    	C         	0	.0000	0	.0000	0	.0000	0	.0000	0	.0000	0	.0000
201207	20120213	20120217	小型臺指            	MXF    	A         	34166	13515926.0000	35009	13849137.0000	-843	-333211.0000	2795	1104438.0000	4618	1811554.0000	-1823	-707116.0000
201207	20120213	20120217	小型臺指            	MXF    	B         	53	20862.0000	150	59249.0000	-97	-38387.0000	7	2775.0000	191	75722.0000	-184	-72947.0000
201207	20120213	20120217	小型臺指            	MXF    	C         	71470	28306025.0000	75972	30099209.0000	-4502	-1793184.0000	5838	2312810.0000	2944	1164060.0000	2894	1148750.0000
201207	20120213	20120217	股票期貨            	STF    	A         	65186	3997595.0000	69517	4284107.0000	-4331	-286512.0000	12254	1397378.0000	21330	1461825.0000	-9076	-64447.0000
201207	20120213	20120217	股票期貨            	STF    	B         	0	.0000	0	.0000	0	.0000	11132	1738932.0000	0	.0000	11132	1738932.0000
201207	20120213	20120217	股票期貨            	STF    	C         	5839	471516.0000	3014	209947.0000	2825	261569.0000	5117	601712.0000	36333	3461325.0000	-31216	-2859613.0000
201207	20120213	20120217	金融期貨            	FXF    	A         	5859	5081602.0000	6462	5610060.0000	-603	-528458.0000	319	273174.0000	777	665392.0000	-458	-392218.0000
201207	20120213	20120217	金融期貨            	FXF    	B         	62	53622.0000	72	62265.0000	-10	-8643.0000	52	44533.0000	0	.0000	52	44533.0000
201207	20120213	20120217	金融期貨            	FXF    	C         	15873	13778153.0000	16723	14521217.0000	-850	-743064.0000	717	614039.0000	3307	2832097.0000	-2590	-2218058.0000
201207	20120213	20120217	非金電期貨          	XIF    	A         	1351	1471501.0000	1319	1434659.0000	32	36842.0000	25	27405.0000	269	294877.0000	-244	-267472.0000
201207	20120213	20120217	非金電期貨          	XIF    	B         	8	8632.0000	8	8632.0000	0	.0000	8	8770.0000	0	.0000	8	8770.0000
201207	20120213	20120217	非金電期貨          	XIF    	C         	1476	1608056.0000	1527	1665568.0000	-51	-57512.0000	354	388055.0000	175	191824.0000	179	196231.0000
201207	20120213	20120217	電子期貨            	EXF    	A         	5791	6879255.0000	5455	6481015.0000	336	398240.0000	716	851272.0000	559	664587.0000	157	186685.0000
201207	20120213	20120217	電子期貨            	EXF    	B         	110	130338.0000	138	163368.0000	-28	-33030.0000	81	96309.0000	50	59450.0000	31	36859.0000
201207	20120213	20120217	電子期貨            	EXF    	C         	10756	12773447.0000	11184	13285349.0000	-428	-511902.0000	1197	1423233.0000	1300	1545676.0000	-103	-122443.0000
201207	20120213	20120217	臺股期貨            	TXF    	A         	115904	183559216.0000	115216	182493987.0000	688	1065229.0000	5548	8774773.0000	5536	8644236.0000	12	130537.0000
201207	20120213	20120217	臺股期貨            	TXF    	B         	1808	2851053.0000	2257	3560078.0000	-449	-709025.0000	1041	1650818.0000	1028	1630202.0000	13	20616.0000
201207	20120213	20120217	臺股期貨            	TXF    	C         	135412	214316633.0000	134017	212158252.0000	1395	2158381.0000	25983	41063621.0000	17561	27788963.0000	8422	13274658.0000
201207	20120213	20120217	臺灣50期貨          	T5F    	A         	0	.0000	0	.0000	0	.0000	0	.0000	0	.0000	0	.0000
201207	20120213	20120217	臺灣50期貨          	T5F    	B         	0	.0000	0	.0000	0	.0000	0	.0000	0	.0000	0	.0000
201207	20120213	20120217	臺灣50期貨          	T5F    	C         	0	.0000	0	.0000	0	.0000	0	.0000	0	.0000	0	.0000
201207	20120213	20120217	櫃買期貨            	GTF    	A         	315	145973.0000	384	178359.0000	-69	-32386.0000	3	1389.0000	48	22243.0000	-45	-20854.0000
201207	20120213	20120217	櫃買期貨            	GTF    	B         	84	38912.0000	84	39024.0000	0	-112.0000	84	38959.0000	0	.0000	84	38959.0000
201207	20120213	20120217	櫃買期貨            	GTF    	C         	0	.0000	0	.0000	0	.0000	0	.0000	0	.0000	0	.0000
201208	20120220	20120224	小型臺指            	MXF    	A         	31868	12658012.0000	29689	11785008.0000	2179	873004.0000	6003	2380927.0000	4767	1873202.0000	1236	507725.0000
201208	20120220	20120224	小型臺指            	MXF    	B         	3	1195.0000	12	4765.0000	-9	-3570.0000	10	3972.0000	203	80621.0000	-193	-76649.0000
201208	20120220	20120224	小型臺指            	MXF    	C         	71768	28513848.0000	74421	29565110.0000	-2653	-1051262.0000	5913	2346737.0000	3492	1383841.0000	2421	962896.0000
201208	20120220	20120224	股票期貨            	STF    	A         	49169	2877870.0000	48838	2936478.0000	331	-58608.0000	14942	1595635.0000	23687	1706618.0000	-8745	-110983.0000
201208	20120220	20120224	股票期貨            	STF    	B         	0	.0000	0	.0000	0	.0000	11132	1755774.0000	0	.0000	11132	1755774.0000
201208	20120220	20120224	股票期貨            	STF    	C         	1491	138788.0000	2851	172652.0000	-1360	-33864.0000	4986	596936.0000	37562	3526671.0000	-32576	-2929735.0000
201208	20120220	20120224	金融期貨            	FXF    	A         	4301	3664541.0000	4449	3788196.0000	-148	-123655.0000	311	264212.0000	917	779057.0000	-606	-514845.0000
201208	20120220	20120224	金融期貨            	FXF    	B         	60	51512.0000	60	50969.0000	0	543.0000	52	44179.0000	0	.0000	52	44179.0000
201208	20120220	20120224	金融期貨            	FXF    	C         	11963	10182012.0000	12345	10511377.0000	-382	-329365.0000	767	651643.0000	3739	3176621.0000	-2972	-2524978.0000
201208	20120220	20120224	非金電期貨          	XIF    	A         	883	975914.0000	754	833137.0000	129	142777.0000	73	80571.0000	188	207510.0000	-115	-126939.0000
201208	20120220	20120224	非金電期貨          	XIF    	B         	0	.0000	0	.0000	0	.0000	8	8830.0000	0	.0000	8	8830.0000
201208	20120220	20120224	非金電期貨          	XIF    	C         	854	944390.0000	890	984119.0000	-36	-39729.0000	379	418340.0000	236	260486.0000	143	157854.0000
201208	20120220	20120224	電子期貨            	EXF    	A         	4265	5072020.0000	4467	5310480.0000	-202	-238460.0000	529	629009.0000	574	682551.0000	-45	-53542.0000
201208	20120220	20120224	電子期貨            	EXF    	B         	0	.0000	0	.0000	0	.0000	81	96325.0000	50	59460.0000	31	36865.0000
201208	20120220	20120224	電子期貨            	EXF    	C         	7799	9270367.0000	7480	8892916.0000	319	377451.0000	1684	2002613.0000	1468	1745709.0000	216	256904.0000
201208	20120220	20120224	臺股期貨            	TXF    	A         	88287	140344769.0000	87189	138558597.0000	1098	1786172.0000	6851	10860098.0000	5961	9332881.0000	890	1527217.0000
201208	20120220	20120224	臺股期貨            	TXF    	B         	532	849953.0000	448	711390.0000	84	138563.0000	1060	1683916.0000	963	1529822.0000	97	154094.0000
201208	20120220	20120224	臺股期貨            	TXF    	C         	99658	158342776.0000	101058	160588103.0000	-1400	-2245327.0000	24526	38822403.0000	18049	28612174.0000	6477	10210229.0000
201208	20120220	20120224	臺灣50期貨          	T5F    	A         	1	547.0000	1	547.0000	0	.0000	1	547.0000	1	536.0000	0	11.0000
201208	20120220	20120224	臺灣50期貨          	T5F    	B         	0	.0000	0	.0000	0	.0000	0	.0000	0	.0000	0	.0000
201208	20120220	20120224	臺灣50期貨          	T5F    	C         	0	.0000	0	.0000	0	.0000	0	.0000	0	.0000	0	.0000
201208	20120220	20120224	櫃買期貨            	GTF    	A         	137	64843.0000	178	84386.0000	-41	-19543.0000	16	7452.0000	102	47617.0000	-86	-40165.0000
201208	20120220	20120224	櫃買期貨            	GTF    	B         	0	.0000	0	.0000	0	.0000	84	39228.0000	0	.0000	84	39228.0000
201208	20120220	20120224	櫃買期貨            	GTF    	C         	0	.0000	1	472.0000	-1	-472.0000	0	.0000	1	467.0000	-1	-467.0000
