201006	20100201	20100206	小型臺指            	MXF    	A         	130312	48118627.0000	133434	49276153.0000	-3122	-1157526.0000	5330	1905244.0000	6458	2297378.0000	-1128	-392134.0000
201006	20100201	20100206	小型臺指            	MXF    	B         	7	2625.0000	12	4436.0000	-5	-1811.0000	0	.0000	25	8937.0000	-25	-8937.0000
201006	20100201	20100206	小型臺指            	MXF    	C         	8502	3133427.0000	9875	3647721.0000	-1373	-514294.0000	201	71663.0000	335	119797.0000	-134	-48134.0000
201006	20100201	20100206	股票期貨            	STF    	A         	456	30105.0000	789	58576.0000	-333	-28471.0000	197	17204.0000	900	61696.0000	-703	-44492.0000
201006	20100201	20100206	股票期貨            	STF    	B         	0	.0000	0	.0000	0	.0000	0	.0000	0	.0000	0	.0000
201006	20100201	20100206	股票期貨            	STF    	C         	220	13527.0000	262	17436.0000	-42	-3909.0000	95	7872.0000	584	42011.0000	-489	-34139.0000
201006	20100201	20100206	金融期貨            	FXF    	A         	8080	6364538.0000	8154	6421749.0000	-74	-57211.0000	1183	886258.0000	695	517157.0000	488	369101.0000
201006	20100201	20100206	金融期貨            	FXF    	B         	7	5263.0000	83	63314.0000	-76	-58051.0000	138	103721.0000	0	.0000	138	103721.0000
201006	20100201	20100206	金融期貨            	FXF    	C         	3605	2832674.0000	2794	2211566.0000	811	621108.0000	2040	1533163.0000	5274	3963881.0000	-3234	-2430718.0000
201006	20100201	20100206	非金電期貨          	XIF    	A         	2499	2179564.0000	2409	2101020.0000	90	78544.0000	231	194385.0000	179	150292.0000	52	44093.0000
201006	20100201	20100206	非金電期貨          	XIF    	B         	0	.0000	0	.0000	0	.0000	21	17726.0000	0	.0000	21	17726.0000
201006	20100201	20100206	非金電期貨          	XIF    	C         	216	187288.0000	268	233474.0000	-52	-46186.0000	156	131677.0000	139	117330.0000	17	14347.0000
201006	20100201	20100206	電子期貨            	EXF    	A         	7121	8739123.0000	6469	7932020.0000	652	807103.0000	627	747722.0000	399	473844.0000	228	273878.0000
201006	20100201	20100206	電子期貨            	EXF    	B         	202	246612.0000	398	479703.0000	-196	-233091.0000	241	288236.0000	428	510797.0000	-187	-222561.0000
201006	20100201	20100206	電子期貨            	EXF    	C         	3568	4388691.0000	3673	4517796.0000	-105	-129105.0000	2617	3129316.0000	3462	4140552.0000	-845	-1011236.0000
201006	20100201	20100206	臺股期貨            	TXF    	A         	175762	259490891.0000	179225	264524296.0000	-3463	-5033405.0000	6003	8540000.0000	8625	12303818.0000	-2622	-3763818.0000
201006	20100201	20100206	臺股期貨            	TXF    	B         	2434	3600129.0000	2719	3995336.0000	-285	-395207.0000	1667	2384961.0000	2388	3414885.0000	-721	-1029924.0000
201006	20100201	20100206	臺股期貨            	TXF    	C         	65635	97052385.0000	56506	83588905.0000	9129	13463480.0000	29132	41619858.0000	32963	47081126.0000	-3831	-5461268.0000
201006	20100201	20100206	臺灣50期貨          	T5F    	A         	2	1031.0000	1	537.0000	1	494.0000	1	506.0000	0	.0000	1	506.0000
201006	20100201	20100206	臺灣50期貨          	T5F    	B         	0	.0000	0	.0000	0	.0000	0	.0000	0	.0000	0	.0000
201006	20100201	20100206	臺灣50期貨          	T5F    	C         	0	.0000	0	.0000	0	.0000	0	.0000	0	.0000	0	.0000
201006	20100201	20100206	摩臺期              	MSF    	A         	2	1727.0000	3	2568.0000	-1	-841.0000	0	.0000	2	1680.0000	-2	-1680.0000
201006	20100201	20100206	摩臺期              	MSF    	B         	0	.0000	0	.0000	0	.0000	0	.0000	0	.0000	0	.0000
201006	20100201	20100206	摩臺期              	MSF    	C         	0	.0000	0	.0000	0	.0000	0	.0000	0	.0000	0	.0000
201006	20100201	20100206	櫃買期貨            	GTF    	A         	1037	527415.0000	996	506480.0000	41	20935.0000	147	71186.0000	99	47983.0000	48	23203.0000
201006	20100201	20100206	櫃買期貨            	GTF    	B         	0	.0000	0	.0000	0	.0000	0	.0000	0	.0000	0	.0000
201006	20100201	20100206	櫃買期貨            	GTF    	C         	0	.0000	0	.0000	0	.0000	0	.0000	0	.0000	0	.0000
201007	20100208	20100210	小型臺指            	MXF    	A         	58327	21238288.0000	53274	19395358.0000	5053	1842930.0000	3972	1470296.0000	4395	1615550.0000	-423	-145254.0000
201007	20100208	20100210	小型臺指            	MXF    	B         	20	7295.0000	20	7281.0000	0	14.0000	0	.0000	25	9211.0000	-25	-9211.0000
201007	20100208	20100210	小型臺指            	MXF    	C         	3435	1250457.0000	2957	1077697.0000	478	172760.0000	615	227795.0000	271	100073.0000	344	127722.0000
201007	20100208	20100210	股票期貨            	STF    	A         	246	22663.0000	284	19006.0000	-38	3657.0000	246	24843.0000	987	67116.0000	-741	-42273.0000
201007	20100208	20100210	股票期貨            	STF    	B         	0	.0000	0	.0000	0	.0000	0	.0000	0	.0000	0	.0000
201007	20100208	20100210	股票期貨            	STF    	C         	73	4577.0000	116	13238.0000	-43	-8661.0000	85	6639.0000	617	50213.0000	-532	-43574.0000
201007	20100208	20100210	金融期貨            	FXF    	A         	5190	4026610.0000	5360	4160922.0000	-170	-134312.0000	762	594597.0000	444	345482.0000	318	249115.0000
201007	20100208	20100210	金融期貨            	FXF    	B         	105	81561.0000	129	100604.0000	-24	-19043.0000	114	89074.0000	0	.0000	114	89074.0000
201007	20100208	20100210	金融期貨            	FXF    	C         	5894	4589376.0000	5314	4129969.0000	580	459407.0000	1346	1055017.0000	4000	3130865.0000	-2654	-2075848.0000
201007	20100208	20100210	非金電期貨          	XIF    	A         	987	849225.0000	1088	935897.0000	-101	-86672.0000	180	157531.0000	229	200432.0000	-49	-42901.0000
201007	20100208	20100210	非金電期貨          	XIF    	B         	21	18289.0000	21	18364.0000	0	-75.0000	21	18354.0000	0	.0000	21	18354.0000
201007	20100208	20100210	非金電期貨          	XIF    	C         	141	120471.0000	45	38459.0000	96	82012.0000	169	148359.0000	56	49174.0000	113	99185.0000
201007	20100208	20100210	電子期貨            	EXF    	A         	3271	3972170.0000	3230	3922376.0000	41	49794.0000	682	835988.0000	413	504764.0000	269	331224.0000
201007	20100208	20100210	電子期貨            	EXF    	B         	465	566656.0000	257	313878.0000	208	252778.0000	240	293594.0000	124	151627.0000	116	141967.0000
201007	20100208	20100210	電子期貨            	EXF    	C         	4238	5161829.0000	4280	5211282.0000	-42	-49453.0000	2824	3462828.0000	3711	4550382.0000	-887	-1087554.0000
201007	20100208	20100210	臺股期貨            	TXF    	A         	81948	119698172.0000	82982	121242979.0000	-1034	-1544807.0000	5526	8110689.0000	8095	11957740.0000	-2569	-3847051.0000
201007	20100208	20100210	臺股期貨            	TXF    	B         	3081	4491490.0000	2338	3419340.0000	743	1072150.0000	1583	2333817.0000	1509	2228896.0000	74	104921.0000
201007	20100208	20100210	臺股期貨            	TXF    	C         	60656	88521774.0000	55891	81582995.0000	4765	6938779.0000	33069	48836790.0000	32135	47408874.0000	934	1427916.0000
201007	20100208	20100210	臺灣50期貨          	T5F    	A         	0	.0000	1	512.0000	-1	-512.0000	0	.0000	0	.0000	0	.0000
201007	20100208	20100210	臺灣50期貨          	T5F    	B         	0	.0000	0	.0000	0	.0000	0	.0000	0	.0000	0	.0000
201007	20100208	20100210	臺灣50期貨          	T5F    	C         	0	.0000	0	.0000	0	.0000	0	.0000	0	.0000	0	.0000
201007	20100208	20100210	摩臺期              	MSF    	A         	0	.0000	1	847.0000	-1	-847.0000	0	.0000	3	2575.0000	-3	-2575.0000
201007	20100208	20100210	摩臺期              	MSF    	B         	0	.0000	0	.0000	0	.0000	0	.0000	0	.0000	0	.0000
201007	20100208	20100210	摩臺期              	MSF    	C         	0	.0000	0	.0000	0	.0000	0	.0000	0	.0000	0	.0000
201007	20100208	20100210	櫃買期貨            	GTF    	A         	520	262408.0000	525	263874.0000	-5	-1466.0000	134	69136.0000	91	46963.0000	43	22173.0000
201007	20100208	20100210	櫃買期貨            	GTF    	B         	0	.0000	0	.0000	0	.0000	0	.0000	0	.0000	0	.0000
201007	20100208	20100210	櫃買期貨            	GTF    	C         	0	.0000	0	.0000	0	.0000	0	.0000	0	.0000	0	.0000
201009	20100222	20100226	小型臺指            	MXF    	A         	64501	24116144.0000	65000	24282180.0000	-499	-166036.0000	1644	605337.0000	2905	1068462.0000	-1261	-463125.0000
201009	20100222	20100226	小型臺指            	MXF    	B         	0	.0000	0	.0000	0	.0000	0	.0000	25	9229.0000	-25	-9229.0000
201009	20100222	20100226	小型臺指            	MXF    	C         	6334	2363660.0000	7877	2938881.0000	-1543	-575221.0000	112	41307.0000	923	340725.0000	-811	-299418.0000
201009	20100222	20100226	股票期貨            	STF    	A         	283	21812.0000	751	46236.0000	-468	-24424.0000	32	2193.0000	1126	64820.0000	-1094	-62627.0000
201009	20100222	20100226	股票期貨            	STF    	B         	0	.0000	0	.0000	0	.0000	0	.0000	0	.0000	0	.0000
201009	20100222	20100226	股票期貨            	STF    	C         	65	5344.0000	156	13214.0000	-91	-7870.0000	44	3923.0000	160	12702.0000	-116	-8779.0000
201009	20100222	20100226	金融期貨            	FXF    	A         	5939	4815975.0000	5705	4621866.0000	234	194109.0000	718	572610.0000	175	136797.0000	543	435813.0000
201009	20100222	20100226	金融期貨            	FXF    	B         	24	19402.0000	29	23486.0000	-5	-4084.0000	109	87353.0000	0	.0000	109	87353.0000
201009	20100222	20100226	金融期貨            	FXF    	C         	2221	1799536.0000	2715	2202036.0000	-494	-402500.0000	1055	845477.0000	3995	3201589.0000	-2940	-2356112.0000
201009	20100222	20100226	非金電期貨          	XIF    	A         	1614	1443455.0000	1640	1466172.0000	-26	-22717.0000	58	51271.0000	70	61635.0000	-12	-10364.0000
201009	20100222	20100226	非金電期貨          	XIF    	B         	0	.0000	0	.0000	0	.0000	21	18730.0000	0	.0000	21	18730.0000
201009	20100222	20100226	非金電期貨          	XIF    	C         	242	217034.0000	288	258344.0000	-46	-41310.0000	74	66001.0000	67	59739.0000	7	6262.0000
201009	20100222	20100226	電子期貨            	EXF    	A         	3336	4107121.0000	3685	4534740.0000	-349	-427619.0000	295	354369.0000	453	543883.0000	-158	-189514.0000
201009	20100222	20100226	電子期貨            	EXF    	B         	19	23579.0000	6	7473.0000	13	16106.0000	237	285917.0000	124	149594.0000	113	136323.0000
201009	20100222	20100226	電子期貨            	EXF    	C         	3606	4462477.0000	3456	4275778.0000	150	186699.0000	2587	3120951.0000	3407	4110205.0000	-820	-989254.0000
201009	20100222	20100226	臺股期貨            	TXF    	A         	101891	152447188.0000	103373	154622654.0000	-1482	-2175466.0000	4359	6384119.0000	4679	6881637.0000	-320	-497518.0000
201009	20100222	20100226	臺股期貨            	TXF    	B         	1507	2269862.0000	1855	2773962.0000	-348	-504100.0000	1428	2108585.0000	1703	2514650.0000	-275	-406065.0000
201009	20100222	20100226	臺股期貨            	TXF    	C         	49393	73943006.0000	50633	75847692.0000	-1240	-1904686.0000	26523	39113455.0000	27316	40235668.0000	-793	-1122213.0000
201009	20100222	20100226	臺灣50期貨          	T5F    	A         	0	.0000	0	.0000	0	.0000	0	.0000	0	.0000	0	.0000
201009	20100222	20100226	臺灣50期貨          	T5F    	B         	0	.0000	0	.0000	0	.0000	0	.0000	0	.0000	0	.0000
201009	20100222	20100226	臺灣50期貨          	T5F    	C         	0	.0000	0	.0000	0	.0000	0	.0000	0	.0000	0	.0000
201009	20100222	20100226	摩臺期              	MSF    	A         	4	3448.0000	8	6859.0000	-4	-3411.0000	0	.0000	6	5134.0000	-6	-5134.0000
201009	20100222	20100226	摩臺期              	MSF    	B         	0	.0000	0	.0000	0	.0000	0	.0000	0	.0000	0	.0000
201009	20100222	20100226	摩臺期              	MSF    	C         	0	.0000	0	.0000	0	.0000	0	.0000	0	.0000	0	.0000
201009	20100222	20100226	櫃買期貨            	GTF    	A         	545	283204.0000	490	254660.0000	55	28544.0000	124	63385.0000	22	11137.0000	102	52248.0000
201009	20100222	20100226	櫃買期貨            	GTF    	B         	0	.0000	0	.0000	0	.0000	0	.0000	0	.0000	0	.0000
201009	20100222	20100226	櫃買期貨            	GTF    	C         	0	.0000	0	.0000	0	.0000	0	.0000	0	.0000	0	.0000
