200945	20091102	20091106	小型臺指            	MXF    	A         	57192	21028980.0000	53003	19481148.0000	4189	1547832.0000	4909	1831762.0000	3764	1399422.0000	1145	432340.0000
200945	20091102	20091106	小型臺指            	MXF    	B         	0	.0000	0	.0000	0	.0000	0	.0000	14	5232.0000	-14	-5232.0000
200945	20091102	20091106	小型臺指            	MXF    	C         	5487	2010967.0000	4266	1568387.0000	1221	442580.0000	327	121938.0000	1887	705172.0000	-1560	-583234.0000
200945	20091102	20091106	金融期貨            	FXF    	A         	3703	3248068.0000	3609	3163950.0000	94	84118.0000	1436	1283057.0000	387	345415.0000	1049	937642.0000
200945	20091102	20091106	金融期貨            	FXF    	B         	7	5927.0000	14	12496.0000	-7	-6569.0000	122	109019.0000	20	17872.0000	102	91147.0000
200945	20091102	20091106	金融期貨            	FXF    	C         	1379	1200416.0000	1714	1505105.0000	-335	-304689.0000	948	847133.0000	5106	4562588.0000	-4158	-3715455.0000
200945	20091102	20091106	非金電期貨          	XIF    	A         	1035	898547.0000	1001	868260.0000	34	30287.0000	183	162184.0000	260	230533.0000	-77	-68349.0000
200945	20091102	20091106	非金電期貨          	XIF    	B         	0	.0000	0	.0000	0	.0000	25	22180.0000	0	.0000	25	22180.0000
200945	20091102	20091106	非金電期貨          	XIF    	C         	280	243674.0000	340	296505.0000	-60	-52831.0000	138	122430.0000	63	55870.0000	75	66560.0000
200945	20091102	20091106	電子期貨            	EXF    	A         	2862	3406182.0000	3001	3568684.0000	-139	-162502.0000	155	186462.0000	412	495850.0000	-257	-309388.0000
200945	20091102	20091106	電子期貨            	EXF    	B         	0	.0000	92	108449.0000	-92	-108449.0000	268	322672.0000	214	257656.0000	54	65016.0000
200945	20091102	20091106	電子期貨            	EXF    	C         	1991	2367492.0000	1507	1793271.0000	484	574221.0000	2959	3562618.0000	2712	3265248.0000	247	297370.0000
200945	20091102	20091106	臺股期貨            	TXF    	A         	78779	115945666.0000	78201	115082295.0000	578	863371.0000	5804	8648801.0000	4356	6490844.0000	1448	2157957.0000
200945	20091102	20091106	臺股期貨            	TXF    	B         	2490	3671839.0000	2315	3374309.0000	175	297530.0000	1911	2856563.0000	2331	3484379.0000	-420	-627816.0000
200945	20091102	20091106	臺股期貨            	TXF    	C         	34790	51066740.0000	32015	47108002.0000	2775	3958738.0000	18270	27284246.0000	21947	32763486.0000	-3677	-5479240.0000
200945	20091102	20091106	臺灣50期貨          	T5F    	A         	0	.0000	0	.0000	0	.0000	0	.0000	0	.0000	0	.0000
200945	20091102	20091106	臺灣50期貨          	T5F    	B         	0	.0000	0	.0000	0	.0000	0	.0000	0	.0000	0	.0000
200945	20091102	20091106	臺灣50期貨          	T5F    	C         	0	.0000	0	.0000	0	.0000	0	.0000	0	.0000	0	.0000
200945	20091102	20091106	摩臺期              	MSF    	A         	3	2628.0000	8	6979.0000	-5	-4351.0000	0	.0000	7	6161.0000	-7	-6161.0000
200945	20091102	20091106	摩臺期              	MSF    	B         	0	.0000	0	.0000	0	.0000	0	.0000	0	.0000	0	.0000
200945	20091102	20091106	摩臺期              	MSF    	C         	0	.0000	0	.0000	0	.0000	0	.0000	0	.0000	0	.0000
200945	20091102	20091106	櫃買期貨            	GTF    	A         	972	474854.0000	996	486272.0000	-24	-11418.0000	21	10409.0000	36	17859.0000	-15	-7450.0000
200945	20091102	20091106	櫃買期貨            	GTF    	B         	0	.0000	0	.0000	0	.0000	0	.0000	0	.0000	0	.0000
200945	20091102	20091106	櫃買期貨            	GTF    	C         	0	.0000	0	.0000	0	.0000	0	.0000	0	.0000	0	.0000
200946	20091109	20091113	小型臺指            	MXF    	A         	49813	18975837.0000	47316	18027663.0000	2497	948174.0000	5751	2203329.0000	4613	1761647.0000	1138	441682.0000
200946	20091109	20091113	小型臺指            	MXF    	B         	0	.0000	0	.0000	0	.0000	0	.0000	14	5371.0000	-14	-5371.0000
200946	20091109	20091113	小型臺指            	MXF    	C         	4525	1726115.0000	3930	1497138.0000	595	228977.0000	158	59934.0000	1271	487612.0000	-1113	-427678.0000
200946	20091109	20091113	金融期貨            	FXF    	A         	4535	4138733.0000	4476	4085771.0000	59	52962.0000	1476	1333762.0000	368	332081.0000	1108	1001681.0000
200946	20091109	20091113	金融期貨            	FXF    	B         	0	.0000	5	4609.0000	-5	-4609.0000	117	105745.0000	20	18076.0000	97	87669.0000
200946	20091109	20091113	金融期貨            	FXF    	C         	1765	1612521.0000	3117	2838581.0000	-1352	-1226060.0000	1214	1097033.0000	6724	6075210.0000	-5510	-4978177.0000
200946	20091109	20091113	非金電期貨          	XIF    	A         	1658	1490126.0000	1634	1468028.0000	24	22098.0000	141	128727.0000	194	177177.0000	-53	-48450.0000
200946	20091109	20091113	非金電期貨          	XIF    	B         	0	.0000	0	.0000	0	.0000	25	22840.0000	0	.0000	25	22840.0000
200946	20091109	20091113	非金電期貨          	XIF    	C         	154	139569.0000	131	119031.0000	23	20538.0000	164	149820.0000	66	60284.0000	98	89536.0000
200946	20091109	20091113	電子期貨            	EXF    	A         	3750	4595298.0000	3088	3782924.0000	662	812374.0000	1070	1323814.0000	665	822027.0000	405	501787.0000
200946	20091109	20091113	電子期貨            	EXF    	B         	28	34353.0000	79	97808.0000	-51	-63455.0000	189	233869.0000	186	230156.0000	3	3713.0000
200946	20091109	20091113	電子期貨            	EXF    	C         	1792	2198611.0000	2204	2700164.0000	-412	-501553.0000	3253	4024649.0000	3418	4229391.0000	-165	-204742.0000
200946	20091109	20091113	臺股期貨            	TXF    	A         	81892	124842391.0000	76157	116093023.0000	5735	8749368.0000	12757	19534556.0000	4948	7573146.0000	7809	11961410.0000
200946	20091109	20091113	臺股期貨            	TXF    	B         	2034	3103939.0000	1332	2031377.0000	702	1072562.0000	1974	3028868.0000	1692	2596522.0000	282	432346.0000
200946	20091109	20091113	臺股期貨            	TXF    	C         	38034	57966955.0000	41204	62818602.0000	-3170	-4851647.0000	19430	29772149.0000	26230	40178677.0000	-6800	-10406528.0000
200946	20091109	20091113	臺灣50期貨          	T5F    	A         	0	.0000	0	.0000	0	.0000	0	.0000	0	.0000	0	.0000
200946	20091109	20091113	臺灣50期貨          	T5F    	B         	0	.0000	0	.0000	0	.0000	0	.0000	0	.0000	0	.0000
200946	20091109	20091113	臺灣50期貨          	T5F    	C         	0	.0000	0	.0000	0	.0000	0	.0000	0	.0000	0	.0000
200946	20091109	20091113	摩臺期              	MSF    	A         	0	.0000	0	.0000	0	.0000	0	.0000	7	6302.0000	-7	-6302.0000
200946	20091109	20091113	摩臺期              	MSF    	B         	0	.0000	0	.0000	0	.0000	0	.0000	0	.0000	0	.0000
200946	20091109	20091113	摩臺期              	MSF    	C         	0	.0000	0	.0000	0	.0000	0	.0000	0	.0000	0	.0000
200946	20091109	20091113	櫃買期貨            	GTF    	A         	860	428371.0000	875	435902.0000	-15	-7531.0000	18	9046.0000	48	24132.0000	-30	-15086.0000
200946	20091109	20091113	櫃買期貨            	GTF    	B         	0	.0000	0	.0000	0	.0000	0	.0000	0	.0000	0	.0000
200946	20091109	20091113	櫃買期貨            	GTF    	C         	0	.0000	0	.0000	0	.0000	0	.0000	0	.0000	0	.0000
200947	20091116	20091120	小型臺指            	MXF    	A         	63820	24760676.0000	64960	25202053.0000	-1140	-441377.0000	2467	944910.0000	1557	591593.0000	910	353317.0000
200947	20091116	20091120	小型臺指            	MXF    	B         	32	12458.0000	20	7781.0000	12	4677.0000	0	.0000	2	767.0000	-2	-767.0000
200947	20091116	20091120	小型臺指            	MXF    	C         	4563	1766968.0000	4490	1742703.0000	73	24265.0000	253	96351.0000	29	11122.0000	224	85229.0000
200947	20091116	20091120	金融期貨            	FXF    	A         	7021	6361685.0000	6463	5852599.0000	558	509086.0000	1056	926050.0000	254	221960.0000	802	704090.0000
200947	20091116	20091120	金融期貨            	FXF    	B         	157	141120.0000	117	105894.0000	40	35226.0000	137	120176.0000	0	.0000	137	120176.0000
200947	20091116	20091120	金融期貨            	FXF    	C         	8656	7857927.0000	8733	7906911.0000	-77	-48984.0000	1166	1022815.0000	5228	4585997.0000	-4062	-3563182.0000
200947	20091116	20091120	非金電期貨          	XIF    	A         	1156	1064211.0000	1054	969929.0000	102	94282.0000	91	82882.0000	40	36392.0000	51	46490.0000
200947	20091116	20091120	非金電期貨          	XIF    	B         	21	19361.0000	25	23124.0000	-4	-3763.0000	21	19131.0000	0	.0000	21	19131.0000
200947	20091116	20091120	非金電期貨          	XIF    	C         	234	215966.0000	318	293668.0000	-84	-77702.0000	64	58304.0000	72	65592.0000	-8	-7288.0000
200947	20091116	20091120	電子期貨            	EXF    	A         	5219	6546942.0000	5154	6471511.0000	65	75431.0000	988	1234180.0000	154	192011.0000	834	1042169.0000
200947	20091116	20091120	電子期貨            	EXF    	B         	371	465763.0000	322	404559.0000	49	61204.0000	178	222571.0000	126	157550.0000	52	65021.0000
200947	20091116	20091120	電子期貨            	EXF    	C         	6638	8337309.0000	6568	8242620.0000	70	94689.0000	2084	2605834.0000	2672	3341069.0000	-588	-735235.0000
200947	20091116	20091120	臺股期貨            	TXF    	A         	103952	161466669.0000	107898	167517358.0000	-3946	-6050689.0000	5509	8440703.0000	3312	5068401.0000	2197	3372302.0000
200947	20091116	20091120	臺股期貨            	TXF    	B         	4335	6712095.0000	4658	7217649.0000	-323	-505554.0000	1606	2463604.0000	1534	2353156.0000	72	110448.0000
200947	20091116	20091120	臺股期貨            	TXF    	C         	62258	96656417.0000	60043	93251790.0000	2215	3404627.0000	17954	27530885.0000	22684	34782227.0000	-4730	-7251342.0000
200947	20091116	20091120	臺灣50期貨          	T5F    	A         	0	.0000	0	.0000	0	.0000	0	.0000	0	.0000	0	.0000
200947	20091116	20091120	臺灣50期貨          	T5F    	B         	0	.0000	0	.0000	0	.0000	0	.0000	0	.0000	0	.0000
200947	20091116	20091120	臺灣50期貨          	T5F    	C         	0	.0000	0	.0000	0	.0000	0	.0000	0	.0000	0	.0000
200947	20091116	20091120	摩臺期              	MSF    	A         	0	.0000	0	.0000	0	.0000	0	.0000	2	1791.0000	-2	-1791.0000
200947	20091116	20091120	摩臺期              	MSF    	B         	0	.0000	0	.0000	0	.0000	0	.0000	0	.0000	0	.0000
200947	20091116	20091120	摩臺期              	MSF    	C         	0	.0000	0	.0000	0	.0000	0	.0000	0	.0000	0	.0000
200947	20091116	20091120	櫃買期貨            	GTF    	A         	748	379603.0000	755	383322.0000	-7	-3719.0000	27	14002.0000	35	18143.0000	-8	-4141.0000
200947	20091116	20091120	櫃買期貨            	GTF    	B         	0	.0000	0	.0000	0	.0000	0	.0000	0	.0000	0	.0000
200947	20091116	20091120	櫃買期貨            	GTF    	C         	0	.0000	0	.0000	0	.0000	0	.0000	0	.0000	0	.0000
200948	20091123	20091127	小型臺指            	MXF    	A         	46789	17930279.0000	53237	20394346.0000	-6448	-2464067.0000	2773	1030405.0000	3487	1288614.0000	-714	-258209.0000
200948	20091123	20091127	小型臺指            	MXF    	B         	0	.0000	1	378.0000	-1	-378.0000	0	.0000	3	1116.0000	-3	-1116.0000
200948	20091123	20091127	小型臺指            	MXF    	C         	3336	1281451.0000	4396	1679959.0000	-1060	-398508.0000	184	67793.0000	1396	519382.0000	-1212	-451589.0000
200948	20091123	20091127	金融期貨            	FXF    	A         	3662	3204667.0000	4372	3820149.0000	-710	-615482.0000	402	336199.0000	310	258535.0000	92	77664.0000
200948	20091123	20091127	金融期貨            	FXF    	B         	16	13695.0000	36	31588.0000	-20	-17893.0000	117	97952.0000	0	.0000	117	97952.0000
200948	20091123	20091127	金融期貨            	FXF    	C         	2825	2443290.0000	2069	1812757.0000	756	630533.0000	1632	1366310.0000	4938	4134090.0000	-3306	-2767780.0000
200948	20091123	20091127	非金電期貨          	XIF    	A         	675	611907.0000	674	610046.0000	1	1861.0000	130	114553.0000	78	68673.0000	52	45880.0000
200948	20091123	20091127	非金電期貨          	XIF    	B         	0	.0000	0	.0000	0	.0000	21	18512.0000	0	.0000	21	18512.0000
200948	20091123	20091127	非金電期貨          	XIF    	C         	210	191181.0000	209	190953.0000	1	228.0000	62	54653.0000	69	60824.0000	-7	-6171.0000
200948	20091123	20091127	電子期貨            	EXF    	A         	2778	3480503.0000	2894	3622424.0000	-116	-141921.0000	960	1169559.0000	242	294678.0000	718	874881.0000
200948	20091123	20091127	電子期貨            	EXF    	B         	0	.0000	16	20159.0000	-16	-20159.0000	177	215834.0000	141	171935.0000	36	43899.0000
200948	20091123	20091127	電子期貨            	EXF    	C         	1773	2220005.0000	2164	2711580.0000	-391	-491575.0000	1776	2165654.0000	2755	3359447.0000	-979	-1193793.0000
200948	20091123	20091127	臺股期貨            	TXF    	A         	67727	103855255.0000	67250	103053911.0000	477	801344.0000	5950	8840779.0000	4482	6649910.0000	1468	2190869.0000
200948	20091123	20091127	臺股期貨            	TXF    	B         	1697	2597713.0000	1895	2887466.0000	-198	-289753.0000	1462	2175748.0000	1577	2346891.0000	-115	-171143.0000
200948	20091123	20091127	臺股期貨            	TXF    	C         	28160	43164594.0000	33610	51560228.0000	-5450	-8395634.0000	15908	23652656.0000	25994	38665237.0000	-10086	-15012581.0000
200948	20091123	20091127	臺灣50期貨          	T5F    	A         	1	529.0000	0	.0000	1	529.0000	1	519.0000	0	.0000	1	519.0000
200948	20091123	20091127	臺灣50期貨          	T5F    	B         	0	.0000	0	.0000	0	.0000	0	.0000	0	.0000	0	.0000
200948	20091123	20091127	臺灣50期貨          	T5F    	C         	0	.0000	0	.0000	0	.0000	0	.0000	0	.0000	0	.0000
200948	20091123	20091127	摩臺期              	MSF    	A         	2	1799.0000	1	897.0000	1	902.0000	0	.0000	1	898.0000	-1	-898.0000
200948	20091123	20091127	摩臺期              	MSF    	B         	0	.0000	0	.0000	0	.0000	0	.0000	0	.0000	0	.0000
200948	20091123	20091127	摩臺期              	MSF    	C         	0	.0000	0	.0000	0	.0000	0	.0000	0	.0000	0	.0000
200948	20091123	20091127	櫃買期貨            	GTF    	A         	1220	631790.0000	1183	612558.0000	37	19232.0000	62	31300.0000	33	16646.0000	29	14654.0000
200948	20091123	20091127	櫃買期貨            	GTF    	B         	0	.0000	0	.0000	0	.0000	0	.0000	0	.0000	0	.0000
200948	20091123	20091127	櫃買期貨            	GTF    	C         	0	.0000	0	.0000	0	.0000	0	.0000	0	.0000	0	.0000
200949	20091130	20091204	小型臺指            	MXF    	A         	45236	17270027.0000	44930	17166576.0000	306	103451.0000	2646	1003352.0000	3742	1412964.0000	-1096	-409612.0000
200949	20091130	20091204	小型臺指            	MXF    	B         	3	1157.0000	0	.0000	3	1157.0000	0	.0000	0	.0000	0	.0000
200949	20091130	20091204	小型臺指            	MXF    	C         	3764	1434906.0000	3668	1403207.0000	96	31699.0000	160	60040.0000	1212	460196.0000	-1052	-400156.0000
200949	20091130	20091204	金融期貨            	FXF    	A         	3757	3277849.0000	3754	3270528.0000	3	7321.0000	415	359348.0000	320	276182.0000	95	83166.0000
200949	20091130	20091204	金融期貨            	FXF    	B         	0	.0000	8	6957.0000	-8	-6957.0000	117	101416.0000	8	6934.0000	109	94482.0000
200949	20091130	20091204	金融期貨            	FXF    	C         	2017	1747639.0000	1597	1389056.0000	420	358583.0000	1604	1390347.0000	4490	3891930.0000	-2886	-2501583.0000
200949	20091130	20091204	非金電期貨          	XIF    	A         	511	462391.0000	419	379411.0000	92	82980.0000	231	207165.0000	87	77886.0000	144	129279.0000
200949	20091130	20091204	非金電期貨          	XIF    	B         	0	.0000	0	.0000	0	.0000	21	18848.0000	0	.0000	21	18848.0000
200949	20091130	20091204	非金電期貨          	XIF    	C         	81	73217.0000	209	189305.0000	-128	-116088.0000	44	39490.0000	179	160653.0000	-135	-121163.0000
200949	20091130	20091204	電子期貨            	EXF    	A         	2522	3152824.0000	2570	3212678.0000	-48	-59854.0000	997	1237829.0000	327	404916.0000	670	832913.0000
200949	20091130	20091204	電子期貨            	EXF    	B         	4	4986.0000	5	6292.0000	-1	-1306.0000	176	218874.0000	141	175348.0000	35	43526.0000
200949	20091130	20091204	電子期貨            	EXF    	C         	1452	1814904.0000	1310	1640355.0000	142	174549.0000	1678	2086761.0000	2515	3127654.0000	-837	-1040893.0000
200949	20091130	20091204	臺股期貨            	TXF    	A         	71158	108761262.0000	68751	105088719.0000	2407	3672543.0000	9156	13885088.0000	5109	7734972.0000	4047	6150116.0000
200949	20091130	20091204	臺股期貨            	TXF    	B         	1570	2401270.0000	1357	2072937.0000	213	328333.0000	1530	2323764.0000	1431	2173403.0000	99	150361.0000
200949	20091130	20091204	臺股期貨            	TXF    	C         	31090	47438374.0000	28003	42821614.0000	3087	4616760.0000	18496	28067690.0000	25511	38723414.0000	-7015	-10655724.0000
200949	20091130	20091204	臺灣50期貨          	T5F    	A         	0	.0000	1	535.0000	-1	-535.0000	0	.0000	0	.0000	0	.0000
200949	20091130	20091204	臺灣50期貨          	T5F    	B         	0	.0000	0	.0000	0	.0000	0	.0000	0	.0000	0	.0000
200949	20091130	20091204	臺灣50期貨          	T5F    	C         	0	.0000	0	.0000	0	.0000	0	.0000	0	.0000	0	.0000
200949	20091130	20091204	摩臺期              	MSF    	A         	1	892.0000	1	894.0000	0	-2.0000	0	.0000	1	882.0000	-1	-882.0000
200949	20091130	20091204	摩臺期              	MSF    	B         	0	.0000	0	.0000	0	.0000	0	.0000	0	.0000	0	.0000
200949	20091130	20091204	摩臺期              	MSF    	C         	0	.0000	0	.0000	0	.0000	0	.0000	0	.0000	0	.0000
200949	20091130	20091204	櫃買期貨            	GTF    	A         	910	472106.0000	944	490090.0000	-34	-17984.0000	56	29489.0000	61	32105.0000	-5	-2616.0000
200949	20091130	20091204	櫃買期貨            	GTF    	B         	0	.0000	0	.0000	0	.0000	0	.0000	0	.0000	0	.0000
200949	20091130	20091204	櫃買期貨            	GTF    	C         	0	.0000	0	.0000	0	.0000	0	.0000	0	.0000	0	.0000
