20080407   -10172   200804   8709   200805   8688
20080408   -9660   200804   8635   200805   8610
20080409   -7795   200804   8677   200805   8648
20080410   -6186   200804   8819   200805   8778
20080411   -2635   200804   8912   200805   8880
20080414   -3400   200804   8871   200805   8844
20080415   -3348   200804   8918   200805   8879
20080416   237   200804   9086   200805   9045
20080417   -1401   200805   9060   200806   9035
20080418   -1940   200805   9081   200806   9048
20080421   -4912   200805   9082   200806   9055
20080422   -6845   200805   9030   200806   8998
20080423   -10167   200805   8984   200806   8955
20080424   -8679   200805   8978   200806   8945
20080425   -8511   200805   8988   200806   8951
20080428   -4911   200805   9090   200806   9058
20080429   -9909   200805   8920   200806   8898
20080430   -10255   200805   8937   200806   8909
20080502   -7472   200805   9009   200806   8980
20080505   -13443   200805   8847   200806   8820
20080506   -15280   200805   8870   200806   8842
20080507   -12494   200805   8918   200806   8893
20080508   -15165   200805   8894   200806   8870
20080509   -18280   200805   8773   200806   8754
20080512   -15087   200805   8864   200806   8840
20080513   -9122   200805   9030   200806   9008
20080514   -8252   200805   9058   200806   9045
20080515   -5528   200805   9182   200806   9170
20080516   -6570   200805   9248   200806   9235
20080519   -9619   200805   9370   200806   9362
20080520   -20558   200805   9074   200806   9073
20080521   -22013   200805   8998   200806   8990
20080522   -19396   200806   9018   200807   8917
20080523   -23310   200806   8786   200807   8683
20080526   -24621   200806   8699   200807   8588
20080527   -23815   200806   8776   200807   8657
20080528   -23658   200806   8646   200807   8539
20080529   -22105   200806   8720   200807   8610
20080530   -22131   200806   8648   200807   8545
20080602   -20828   200806   8700   200807   8594
20080603   -23021   200806   8540   200807   8430
20080604   -21649   200806   8592   200807   8485
20080605   -18459   200806   8725   200807   8620
20080606   -17982   200806   8756   200807   8653
20080609   -21021   200806   8529   200807   8427
20080610   -20430   200806   8340   200807   8238
20080611   -19703   200806   8316   200807   8211
20080612   -20105   200806   8043   200807   7935
20080613   -17345   200806   8043   200807   7944
20080616   -14115   200806   8133   200807   8027
20080617   -14857   200806   8147   200807   8026
20080618   -12845   200806   8219   200807   8081
20080619   -16120   200807   7890   200808   7765
20080620   -15537   200807   7778   200808   7646
20080623   -15538   200807   7754   200808   7617
20080624   -15598   200807   7693   200808   7544
20080625   -16627   200807   7753   200808   7614
20080626   -14849   200807   7693   200808   7553
20080627   -12299   200807   7416   200808   7278
20080630   -14287   200807   7416   200808   7279
20080701   -17919   200807   7291   200808   7160
20080702   -19280   200807   7245   200808   7115
20080703   -18182   200807   7299   200808   7164
20080704   -17286   200807   7100   200808   6974
20080707   -14560   200807   7258   200808   7126
20080708   -13431   200807   6988   200808   6853
20080709   -13654   200807   7011   200808   6880
20080710   -14328   200807   7010   200808   6878
20080711   -12529   200807   7181   200808   7052
20080714   -16111   200807   7152   200808   7021
20080715   -14748   200807   6790   200808   6650
20080716   -17468   200807   6678   200808   6541
20080717   -10660   200808   6797   200809   6765
20080718   -8927   200808   6681   200809   6653
20080721   -8256   200808   7007   200809   6963
20080722   -9409   200808   6967   200809   6927
20080723   -9091   200808   7186   200809   7152
20080724   -4820   200808   7304   200809   7268
20080725   -8869   200808   7170   200809   7130
20080729   -10328   200808   6916   200809   6880
20080730   -8717   200808   7022   200809   6995
20080731   -8220   200808   6998   200809   6962
20080801   -10291   200808   6914   200809   6881
20080804   -9989   200808   6934   200809   6900
20080805   -14261   200808   6778   200809   6744
20080806   -11694   200808   7017   200809   6984
20080807   -11006   200808   7006   200809   6978
20080808   -9835   200808   7189   200809   7160
20080811   -8062   200808   7289   200809   7261
20080812   -8471   200808   7270   200809   7243
20080813   -11193   200808   7299   200809   7265
20080814   -10797   200808   7363   200809   7330
20080815   -13752   200808   7216   200809   7193
20080818   -15743   200808   6980   200809   6950
20080819   -12833   200808   6936   200809   6902
20080820   -11485   200808   7041   200809   6979
20080821   -9629   200809   6878   200810   6858
20080822   -11862   200809   6865   200810   6843
20080825   -10544   200809   6988   200810   6971
20080826   -10653   200809   6946   200810   6923
20080827   -10419   200809   7082   200810   7062
20080828   -12526   200809   7041   200810   7023
20080829   -12048   200809   7054   200810   7033
20080901   -15284   200809   6756   200810   6740
20080902   -14618   200809   6698   200810   6678
20080903   -15345   200809   6588   200810   6570
20080904   -15940   200809   6397   200810   6378
20080905   -15253   200809   6244   200810   6225
20080908   -9143   200809   6677   200810   6661
20080909   -8898   200809   6466   200810   6455
20080910   -12300   200809   6453   200810   6445
20080911   -8499   200809   6230   200810   6222
20080912   -8362   200809   6288   200810   6280
20080915   -5165   200809   5967   200810   5941
20080916   -3914   200809   5685   200810   5657
20080917   -3678   200809   5767   200810   5745
20080918   -7539   200810   5522   200811   5500
20080919   -2984   200810   5908   200811   5887
20080922   1074   200810   6089   200811   6069
20080923   -1674   200810   6135   200811   6119
20080924   -945   200810   6155   200811   6136
20080925   -1996   200810   6058   200811   6040
20080926   -4160   200810   5866   200811   5851
20080930   -2658   200810   5549   200811   5528
20081001   700   200810   5676   200811   5656
20081002   -377   200810   5618   200811   5598
20081003   -1439   200810   5645   200811   5631
20081006   -751   200810   5387   200811   5362
20081007   -894   200810   5445   200811   5421
20081008   -1352   200810   5112   200811   5086
20081009   175   200810   5062   200811   5024
20081013   1605   200810   4945   200811   4892
20081014   4425   200810   5287   200811   5235
20081015   166   200810   5245   200811   5160
20081016   -1356   200811   4978   200812   4949
20081017   -5290   200811   4804   200812   4776
20081020   -1182   200811   4823   200812   4790
20081021   2627   200811   4817   200812   4775
20081022   902   200811   4656   200812   4611
20081023   245   200811   4494   200812   4450
20081024   -1446   200811   4337   200812   4295
20081027   879   200811   4034   200812   3995
20081028   6247   200811   4316   200812   4262
20081029   5422   200811   4288   200812   4231
20081030   11578   200811   4594   200812   4531
20081031   11802   200811   4844   200812   4794
20081103   12356   200811   4992   200812   4936
20081104   11782   200811   4978   200812   4940
20081105   8749   200811   4900   200812   4857
20081106   5349   200811   4557   200812   4518
20081107   7009   200811   4633   200812   4577
20081110   8696   200811   4632   200812   4576
20081111   10145   200811   4474   200812   4418
20081112   8768   200811   4521   200812   4460
20081113   9069   200811   4285   200812   4210
20081114   7527   200811   4380   200812   4299
20081117   8280   200811   4357   200812   4271
20081118   8090   200811   4244   200812   4130
20081119   9655   200811   4261   200812   4149
20081120   8136   200812   3903   200901   3867
20081121   9284   200812   4121   200901   4063
20081124   10300   200812   4045   200901   3993
20081125   9687   200812   4199   200901   4134
20081126   10941   200812   4209   200901   4146
20081127   9984   200812   4430   200901   4371
20081128   12188   200812   4460   200901   4410
20081201   17318   200812   4501   200901   4461
20081202   11521   200812   4240   200901   4193
20081203   11199   200812   4188   200901   4160
20081204   12299   200812   4139   200901   4106
20081205   13097   200812   4179   200901   4134
20081208   14738   200812   4471   200901   4421
20081209   11547   200812   4460   200901   4421
20081210   11118   200812   4691   200901   4651
20081211   8589   200812   4666   200901   4645
20081212   10050   200812   4425   200901   4388
20081215   7305   200812   4610   200901   4582
20081216   5828   200812   4585   200901   4568
20081217   4620   200812   4666   200901   4623
20081218   3655   200901   4699   200902   4675
20081219   4835   200901   4680   200902   4655
20081222   2355   200901   4529   200902   4502
20081223   750   200901   4349   200902   4330
20081224   2434   200901   4379   200902   4350
20081225   2400   200901   4405   200902   4372
20081226   2907   200901   4378   200902   4350
20081229   3810   200901   4386   200902   4363
20081230   2133   200901   4565   200902   4535
20081231   -2118   200901   4540   200902   4517
20090105   157   200901   4670   200902   4640
20090106   1993   200901   4706   200902   4680
20090107   5384   200901   4752   200902   4730
20090108   3141   200901   4452   200902   4435
20090109   2895   200901   4421   200902   4400
20090110   3144   200901   4374   200902   4350
20090112   2954   200901   4429   200902   4392
20090113   4674   200901   4518   200902   4486
20090114   4147   200901   4510   200902   4476
20090115   5696   200901   4239   200902   4188
20090116   8693   200901   4323   200902   4283
20090117   10604   200901   4349   200902   4298
20090119   10326   200901   4357   200902   4305
20090120   8601   200901   4240   200902   4171
20090121   12083   200901   4254   200902   4132
20090202   14225   200902   4161   200903   4128
20090203   14775   200902   4275   200903   4237
20090204   15550   200902   4351   200903   4316
20090205   15812   200902   4270   200903   4234
20090206   16481   200902   4443   200903   4388
20090209   16382   200902   4456   200903   4406
20090210   18807   200902   4497   200903   4450
20090211   20005   200902   4558   200903   4505
20090212   19587   200902   4445   200903   4391
20090213   21892   200902   4571   200903   4511
20090216   22130   200902   4575   200903   4520
20090217   20992   200902   4494   200903   4422
20090218   18467   200902   4517   200903   4426
20090219   20315   200903   4468   200904   4431
20090220   18772   200903   4363   200904   4320
20090223   18688   200903   4426   200904   4381
20090224   15894   200903   4381   200904   4333
20090225   16852   200903   4466   200904   4418
20090226   17034   200903   4477   200904   4433
20090227   19464   200903   4510   200904   4464
20090302   16643   200903   4331   200904   4285
20090303   18472   200903   4367   200904   4317
20090304   20928   200903   4511   200904   4457
20090305   21198   200903   4595   200904   4543
20090306   23008   200903   4628   200904   4578
20090309   20365   200903   4624   200904   4570
20090310   20408   200903   4656   200904   4600
20090311   20126   200903   4758   200904   4705
20090312   20234   200903   4748   200904   4687
20090313   22491   200903   4900   200904   4860
20090316   20210   200903   4962   200904   4927
20090317   18362   200903   5057   200904   5027
20090318   15735   200903   5067   200904   5027
20090319   15409   200904   4980   200905   4947
20090320   15207   200904   4950   200905   4915
20090323   16705   200904   5131   200905   5094
20090324   17092   200904   5262   200905   5230
20090325   14960   200904   5360   200905   5333
20090326   14504   200904   5385   200905   5361
20090327   12368   200904   5353   200905   5328
20090330   11203   200904   5175   200905   5152
20090331   10967   200904   5201   200905   5174
20090401   12369   200904   5314   200905   5287
20090402   15585   200904   5511   200905   5491
20090403   13125   200904   5509   200905   5484
20090406   13019   200904   5525   200905   5503
20090407   15025   200904   5583   200905   5559
20090408   13316   200904   5456   200905   5435
20090409   17800   200904   5712   200905   5688
20090410   16668   200904   5827   200905   5802
20090413   17953   200904   5846   200905   5818
20090414   15055   200904   5858   200905   5841
20090415   13314   200904   5861   200905   5859
20090416   10738   200905   5994   200906   5971
20090417   8401   200905   5775   200906   5755
20090420   8015   200905   5765   200906   5744
20090421   6891   200905   5896   200906   5875
20090422   7960   200905   5847   200906   5834
20090423   12035   200905   5901   200906   5883
20090424   10213   200905   5904   200906   5882
20090427   5504   200905   5710   200906   5695
20090428   2922   200905   5580   200906   5568
20090429   2945   200905   5623   200906   5607
20090430   9356   200905   6015   200906   5998
20090504   12202   200905   6436   200906   6417
20090505   6517   200905   6542   200906   6532
20090506   3367   200905   6536   200906   6529
20090507   5364   200905   6613   200906   6603
20090508   4397   200905   6572   200906   6560
20090511   7323   200905   6597   200906   6588
20090512   1985   200905   6447   200906   6436
20090513   -338   200905   6469   200906   6454
20090514   -3042   200905   6321   200906   6306
20090515   2207   200905   6476   200906   6453
20090518   6730   200905   6561   200906   6543
20090519   3203   200905   6693   200906   6673
20090520   3317   200905   6697   200906   6668
20090521   4117   200906   6671   200907   6596
20090522   5932   200906   6692   200907   6616
20090525   5274   200906   6724   200907   6650
20090526   5170   200906   6646   200907   6570
20090527   8038   200906   6932   200907   6851
20090601   7864   200906   6954   200907   6871
20090602   4655   200906   6916   200907   6829
20090603   3028   200906   6898   200907   6809
20090604   -2296   200906   6784   200907   6696
20090605   -1806   200906   6790   200907   6706
20090606   -331   200906   6833   200907   6742
20090608   -3580   200906   6643   200907   6557
20090609   -7703   200906   6413   200907   6326
20090610   -7612   200906   6459   200907   6372
20090611   -6104   200906   6516   200907   6425
20090612   -4892   200906   6437   200907   6348
20090615   -4327   200906   6208   200907   6135
20090616   -4657   200906   6208   200907   6130
20090617   -4219   200906   6204   200907   6142
20090618   -4779   200907   6090   200908   5995
20090619   -3988   200907   6138   200908   6047
20090622   -1862   200907   6206   200908   6115
20090623   -1771   200907   6072   200908   5980
20090624   -2737   200907   6311   200908   6211
20090625   -998   200907   6389   200908   6293
20090626   -70   200907   6391   200908   6300
20090629   531   200907   6345   200908   6252
20090630   388   200907   6383   200908   6294
20090701   2033   200907   6517   200908   6427
20090702   2843   200907   6590   200908   6497
20090703   1913   200907   6602   200908   6512
20090706   3141   200907   6588   200908   6495
20090707   3140   200907   6665   200908   6571
20090708   1689   200907   6627   200908   6538
20090709   91   200907   6724   200908   6634
20090710   2444   200907   6755   200908   6660
20090713   -3052   200907   6469   200908   6384
20090714   -404   200907   6580   200908   6488
20090715   120   200907   6763   200908   6645
20090716   -62   200908   6709   200909   6672
20090717   147   200908   6756   200909   6721
20090720   607   200908   6859   200909   6823
20090721   2011   200908   6874   200909   6840
20090722   2395   200908   6885   200909   6854
20090723   2493   200908   6881   200909   6845
20090724   1114   200908   6897   200909   6862
20090727   2280   200908   6967   200909   6931
20090728   5974   200908   7080   200909   7041
20090729   2437   200908   7037   200909   6998
20090730   1121   200908   6963   200909   6928
20090731   2295   200908   7028   200909   6993
20090803   1182   200908   6982   200909   6943
20090804   1540   200908   6881   200909   6843
20090805   2191   200908   6772   200909   6732
20090806   3073   200908   6803   200909   6764
20090810   4402   200908   6814   200909   6779
20090811   6676   200908   6895   200909   6855
20090812   5885   200908   6839   200909   6801
20090813   11132   200908   7013   200909   6979
20090814   11718   200908   7063   200909   7025
20090817   7360   200908   6914   200909   6887
20090818   4044   200908   6817   200909   6781
20090819   4288   200908   6795   200909   6690
20090820   3387   200909   6693   200910   6661
20090821   5217   200909   6592   200910   6567
20090824   11245   200909   6808   200910   6767
20090825   12195   200909   6760   200910   6730
20090826   12454   200909   6703   200910   6675
20090827   10995   200909   6645   200910   6615
20090828   12891   200909   6754   200910   6730
20090831   13749   200909   6756   200910   6730
20090901   19327   200909   7027   200910   6997
20090902   16170   200909   7026   200910   7000
20090903   16762   200909   7094   200910   7066
20090904   17049   200909   7155   200910   7125
20090907   16818   200909   7221   200910   7193
20090908   15760   200909   7316   200910   7290
20090909   13876   200909   7257   200910   7233
20090910   5252   200909   7360   200910   7341
20090911   4790   200909   7353   200910   7333
20090914   4875   200909   7252   200910   7233
20090915   5139   200909   7357   200910   7338
20090916   5721   200909   7444   200910   7450
20090917   3436   200910   7466   200911   7454
20090918   5109   200910   7467   200911   7447
20090921   5462   200910   7466   200911   7447
20090922   5199   200910   7454   200911   7437
20090923   4233   200910   7347   200911   7332
20090924   3890   200910   7295   200911   7282
20090925   5131   200910   7338   200911   7320
20090928   2898   200910   7280   200911   7264
20090929   5036   200910   7405   200911   7389
20090930   6403   200910   7493   200911   7474
20091001   4960   200910   7538   200911   7519
20091002   -900   200910   7352   200911   7335
20091005   1369   200910   7392   200911   7373
20091006   4034   200910   7506   200911   7475
20091007   5132   200910   7589   200911   7562
20091008   2430   200910   7481   200911   7455
20091009   5324   200910   7552   200911   7526
20091012   5804   200910   7576   200911   7550
20091013   8602   200910   7561   200911   7536
20091014   11407   200910   7699   200911   7669
20091015   8069   200910   7710   200911   7680
20091016   6475   200910   7694   200911   7669
20091019   9746   200910   7753   200911   7725
20091020   5729   200910   7752   200911   7722
20091021   2274   200910   7706   200911   7650
20091022   943   200911   7573   200912   7540
20091023   1884   200911   7596   200912   7569
20091026   3719   200911   7643   200912   7612
20091027   2632   200911   7644   200912   7615
20091028   -5608   200911   7508   200912   7478
20091029   -9439   200911   7322   200912   7295
20091030   -7471   200911   7285   200912   7253
20091102   -6267   200911   7278   200912   7249
20091103   -5541   200911   7274   200912   7248
20091104   -1272   200911   7439   200912   7411
20091105   -1362   200911   7409   200912   7376
20091106   -2649   200911   7478   200912   7446
20091109   -2444   200911   7549   200912   7521
20091110   -2012   200911   7589   200912   7561
20091111   1508   200911   7681   200912   7653
20091112   2515   200911   7686   200912   7658
20091113   1291   200911   7672   200912   7648
20091116   3107   200911   7806   200912   7780
20091117   -467   200911   7735   200912   7698
20091118   -1003   200911   7787   200912   7741
20091119   -2014   200912   7700   201001   7670
20091120   -2461   200912   7672   201001   7640
20091123   -4011   200912   7691   201001   7661
20091124   -3769   200912   7700   201001   7667
20091125   -2283   200912   7776   201001   7742
20091126   -3915   200912   7743   201001   7713
20091127   -8733   200912   7440   201001   7411
20091130   -5991   200912   7557   201001   7531
20091201   -1948   200912   7639   201001   7614
20091202   -1755   200912   7689   201001   7660
20091203   -1954   200912   7697   201001   7670
20091204   -2869   200912   7592   201001   7568
20091207   2026   200912   7754   201001   7725
20091208   1054   200912   7757   201001   7728
20091209   1553   200912   7793   201001   7766
20091210   65   200912   7639   201001   7610
20091211   4593   200912   7792   201001   7760
20091214   6207   200912   7831   201001   7796
20091215   4913   200912   7799   201001   7761
20091216   2541   200912   7753   201001   7699
20091217   2809   201001   7691   201002   7659
20091218   2858   201001   7701   201002   7670
20091221   5122   201001   7753   201002   7723
20091222   8435   201001   7831   201002   7800
20091223   10625   201001   7867   201002   7836
20091224   12587   201001   7953   201002   7918
20091225   13428   201001   7983   201002   7953
20091228   13810   201001   8045   201002   8013
20091229   13051   201001   8059   201002   8028
20091230   12740   201001   8091   201002   8060
20091231   12702   201001   8205   201002   8176
20100104   12064   201001   8166   201002   8136
20100105   13117   201001   8178   201002   8148
20100106   16741   201001   8320   201002   8288
20100107   11035   201001   8259   201002   8230
20100108   9505   201001   8278   201002   8250
20100111   12452   201001   8325   201002   8290
20100112   11848   201001   8308   201002   8280
20100113   6758   201001   8215   201002   8189
20100114   9743   201001   8301   201002   8271
20100115   11243   201001   8369   201002   8337
20100118   7642   201001   8353   201002   8323
20100119   2849   201001   8270   201002   8230
20100120   -1636   201001   8215   201002   8217
20100121   -10044   201002   8134   201003   8108
20100122   -16137   201002   7897   201003   7870
20100125   -16002   201002   7852   201003   7828
20100126   -12919   201002   7556   201003   7537
20100127   -15085   201002   7534   201003   7506
20100128   -11729   201002   7699   201003   7670
20100129   -11904   201002   7580   201003   7546
20100201   -11069   201002   7513   201003   7482
20100202   -5519   201002   7371   201003   7344
20100203   -5931   201002   7501   201003   7476
20100204   -5356   201002   7507   201003   7482
20100205   -5584   201002   7201   201003   7176
20100206   -7174   201002   7155   201003   7125
20100208   -5395   201002   7160   201003   7126
20100209   -3557   201002   7316   201003   7277
20100210   -1561   201002   7419   201003   7369
20100222   -472   201002   7558   201003   7533
20100223   -228   201003   7535   201004   7504
20100224   -230   201003   7480   201004   7446
20100225   -303   201003   7368   201004   7335
20100226   -1388   201003   7383   201004   7347
20100301   5256   201003   7575   201004   7535
20100302   4605   201003   7601   201004   7563
20100303   4593   201003   7611   201004   7575
20100304   4791   201003   7526   201004   7489
20100305   5219   201003   7659   201004   7619
20100308   7615   201003   7755   201004   7720
20100309   7593   201003   7764   201004   7728
20100310   7215   201003   7769   201004   7730
20100311   7494   201003   7757   201004   7720
20100312   4461   201003   7754   201004   7716
20100315   2815   201003   7655   201004   7614
20100316   2657   201003   7703   201004   7656
20100317   2181   201003   7842   201004   7840
20100318   -402   201004   7850   201005   7817
20100319   1021   201004   7867   201005   7836
20100322   -1167   201004   7802   201005   7770
20100323   -1382   201004   7804   201005   7775
20100324   -2334   201004   7815   201005   7785
20100325   -4565   201004   7803   201005   7780
20100326   2248   201004   7886   201005   7857
20100329   1151   201004   7957   201005   7929
20100330   -700   201004   7961   201005   7933
20100331   -1416   201004   7906   201005   7880
20100401   -26   201004   8025   201005   7997
20100402   920   201004   8039   201005   8012
20100406   3238   201004   8096   201005   8065
20100407   2454   201004   8126   201005   8096
20100408   722   201004   8081   201005   8051
20100409   152   201004   8101   201005   8071
20100412   -1395   201004   8126   201005   8096
20100413   -3732   201004   8019   201005   7987
20100414   -457   201004   8112   201005   8078
20100415   1055   201004   8158   201005   8125
20100416   -553   201004   8102   201005   8071
20100419   -4717   201004   7822   201005   7798
20100420   -977   201004   7876   201005   7850
20100421   1343   201004   7980   201005   7957
20100422   3963   201005   7925   201006   7893
20100423   4572   201005   7958   201006   7929
20100426   6092   201005   8148   201006   8118
20100427   4517   201005   8130   201006   8097
20100428   1046   201005   8035   201006   8007
20100429   2648   201005   8043   201006   8015
20100430   -763   201005   7989   201006   7958
20100503   -3505   201005   7931   201006   7903
20100504   -3411   201005   7880   201006   7851
20100505   -7207   201005   7657   201006   7630
20100506   -4231   201005   7579   201006   7553
20100507   -1431   201005   7502   201006   7475
20100510   1333   201005   7637   201006   7605
20100511   4242   201005   7568   201006   7540
20100512   4791   201005   7587   201006   7555
20100513   7712   201005   7761   201006   7730
20100514   6748   201005   7760   201006   7728
20100517   4763   201005   7602   201006   7566
20100518   1838   201005   7619   201006   7578
20100519   -4673   201005   7576   201006   7484
20100520   -5494   201006   7357   201007   7232
20100521   -633   201006   7209   201007   7078
20100524   314   201006   7274   201007   7142
20100525   -1245   201006   7052   201007   6926
20100526   -2897   201006   7122   201007   6992
20100527   -1317   201006   7202   201007   7071
20100528   1311   201006   7280   201007   7152
20100531   2662   201006   7325   201007   7197
20100601   4647   201006   7244   201007   7114
20100602   5565   201006   7140   201007   7011
20100603   9251   201006   7338   201007   7211
20100604   8701   201006   7321   201007   7191
20100607   9066   201006   7097   201007   6972
20100608   8991   201006   7129   201007   7005
20100609   9083   201006   7038   201007   6912
20100610   12010   201006   7163   201007   7027
20100611   9648   201006   7293   201007   7151
20100614   11912   201006   7382   201007   7240
20100615   9988   201006   7459   201007   7326
20100617   7993   201006   7519   201007   7347
20100618   8997   201007   7352   201008   7223
20100621   10759   201007   7523   201008   7399
20100622   8991   201007   7480   201008   7359
20100623   4083   201007   7437   201008   7316
20100624   4295   201007   7427   201008   7306
20100625   3142   201007   7324   201008   7206
20100628   4342   201007   7362   201008   7247
20100629   -277   201007   7252   201008   7136
20100630   3807   201007   7153   201008   7036
20100701   3033   201007   7101   201008   6992
20100702   4513   201007   7165   201008   7051
20100705   8094   201007   7324   201008   7209
20100706   7754   201007   7456   201008   7337
20100707   7522   201007   7447   201008   7330
20100708   7178   201007   7532   201008   7420
20100709   8083   201007   7566   201008   7454
20100712   7886   201007   7533   201008   7416
20100713   9484   201007   7560   201008   7443
20100714   10968   201007   7703   201008   7585
20100715   10439   201007   7707   201008   7593
20100716   9080   201007   7669   201008   7553
20100719   6587   201007   7659   201008   7545
20100720   7477   201007   7709   201008   7586
20100721   3299   201007   7687   201008   7595
20100722   3979   201008   7563   201009   7520
20100723   6099   201008   7680   201009   7638
20100726   5359   201008   7709   201009   7668
20100727   1132   201008   7657   201009   7623
20100728   6927   201008   7723   201009   7685
20100729   5530   201008   7707   201009   7673
20100730   6512   201008   7682   201009   7644
20100802   9276   201008   7870   201009   7834
20100803   9303   201008   7914   201009   7880
20100804   9346   201008   7911   201009   7881
20100805   8485   201008   7913   201009   7880
20100806   7502   201008   7929   201009   7899
20100809   9153   201008   7987   201009   7953
20100810   6905   201008   7936   201009   7902
20100811   5598   201008   7856   201009   7823
20100812   4415   201008   7800   201009   7772
20100813   7056   201008   7911   201009   7885
20100816   6966   201008   7946   201009   7922
20100817   7794   201008   7941   201009   7917
20100818   3317   201008   7919   201009   7878
20100819   5042   201009   7918   201010   7898
20100820   3628   201009   7886   201010   7867
20100823   3269   201009   7952   201010   7934
20100824   -37   201009   7887   201010   7870
20100825   -3906   201009   7679   201010   7663
20100826   -4725   201009   7621   201010   7603
20100827   -3023   201009   7659   201010   7641
20100830   -1409   201009   7718   201010   7697
20100831   -3728   201009   7557   201010   7535
20100901   -2898   201009   7630   201010   7607
20100902   537   201009   7692   201010   7670
20100903   3954   201009   7777   201010   7754
20100906   6166   201009   7865   201010   7840
20100907   7321   201009   7853   201010   7830
20100908   7282   201009   7848   201010   7828
20100909   6685   201009   7834   201010   7809
20100910   8634   201009   7900   201010   7874
20100913   7694   201009   8109   201010   8091
20100914   5742   201009   8122   201010   8103
20100915   5420   201009   8154   201010   8156
20100916   1160   201010   8070   201011   8053
20100917   3445   201010   8171   201011   8155
20100920   5037   201010   8178   201011   8161
20100921   2410   201010   8192   201011   8173
20100923   2840   201010   8202   201011   8187
20100924   -1367   201010   8147   201011   8131
20100927   -1908   201010   8185   201011   8165
20100928   -112   201010   8180   201011   8161
20100929   -1014   201010   8210   201011   8189
20100930   29   201010   8219   201011   8195
20101001   -346   201010   8238   201011   8215
20101004   -690   201010   8217   201011   8190
20101005   -1051   201010   8192   201011   8169
20101006   386   201010   8273   201011   8249
20101007   555   201010   8272   201011   8247
20101008   -2405   201010   8214   201011   8191
20101011   -4285   201010   8135   201011   8111
20101012   -6164   201010   8056   201011   8038
20101013   -5342   201010   8108   201011   8085
20101014   -1056   201010   8229   201011   8204
20101015   -3521   201010   8190   201011   8165
20101018   -9417   201010   8033   201011   8009
20101019   -8672   201010   8020   201011   7993
20101020   -3819   201010   8120   201011   8109
20101021   -4433   201011   8088   201012   8065
20101022   -1490   201011   8142   201012   8118
20101025   2927   201011   8303   201012   8280
20101026   3357   201011   8313   201012   8292
20101027   3482   201011   8281   201012   8258
20101028   3914   201011   8341   201012   8317
20101029   853   201011   8302   201012   8279
20101101   2841   201011   8393   201012   8369
20101102   54   201011   8367   201012   8343
20101103   -2504   201011   8324   201012   8299
20101104   -1224   201011   8368   201012   8344
20101105   1361   201011   8463   201012   8436
20101108   68   201011   8453   201012   8429
20101109   2231   201011   8467   201012   8445
20101110   550   201011   8485   201012   8462
20101111   -2892   201011   8451   201012   8429
20101112   -9578   201011   8314   201012   8293
20101115   -11150   201011   8270   201012   8253
20101116   -8008   201011   8290   201012   8273
20101117   -9993   201011   8246   201012   8269
20101118   -12472   201012   8292   201101   8268
20101119   -11397   201012   8286   201101   8269
20101122   -8038   201012   8373   201101   8349
20101123   -9448   201012   8330   201101   8308
20101124   -10566   201012   8305   201101   8280
20101125   -9499   201012   8341   201101   8317
20101126   -9250   201012   8300   201101   8275
20101129   -4229   201012   8382   201101   8358
20101130   -489   201012   8401   201101   8380
20101201   5902   201012   8550   201101   8525
20101202   2888   201012   8619   201101   8596
20101203   4915   201012   8630   201101   8609
20101206   5698   201012   8697   201101   8675
20101207   5135   201012   8716   201101   8697
20101208   5670   201012   8701   201101   8682
20101209   4068   201012   8789   201101   8774
20101210   -237   201012   8742   201101   8727
20101213   497   201012   8737   201101   8723
20101214   -3162   201012   8738   201101   8721
20101215   -752   201012   8726   201101   8774
20101216   -3584   201101   8773   201102   8757
20101217   -870   201101   8809   201102   8792
20101220   -3011   201101   8762   201102   8752
20101221   1154   201101   8846   201102   8832
20101222   1822   201101   8850   201102   8839
20101223   3527   201101   8898   201102   8886
20101224   645   201101   8880   201102   8868
20101227   -380   201101   8884   201102   8874
20101228   -2862   201101   8878   201102   8865
20101229   -2028   201101   8872   201102   8856
20101230   -2294   201101   8906   201102   8888
20101231   884   201101   8988   201102   8970
20110103   -530   201101   9020   201102   9004
20110104   -2363   201101   8978   201102   8959
20110105   -5802   201101   8838   201102   8822
20110106   -6051   201101   8869   201102   8843
20110107   -6195   201101   8753   201102   8725
20110110   -4916   201101   8786   201102   8760
20110111   2271   201101   8942   201102   8916
20110112   444   201101   8967   201102   8943
20110113   121   201101   8969   201102   8940
20110114   -789   201101   8970   201102   8941
20110117   -3632   201101   8922   201102   8892
20110118   505   201101   8972   201102   8952
20110119   26   201101   9083   201102   9049
20110120   -2896   201102   9009   201103   8989
20110121   -6674   201102   8907   201103   8884
20110124   -5584   201102   8947   201103   8923
20110125   -5531   201102   8966   201103   8942
20110126   -1189   201102   9052   201103   9025
20110127   -64   201102   9105   201103   9080
20110128   -1433   201102   9138   201103   9112
20110208   -4987   201102   9099   201103   9072
20110209   -8941   201102   9016   201103   8993
20110210   -17263   201102   8824   201103   8800
20110211   -11960   201102   8563   201103   8538
20110214   -10786   201102   8641   201103   8618
20110215   -8520   201102   8696   201103   8660
20110216   -9505   201102   8719   201103   8624
20110217   -5418   201103   8629   201104   8592
20110218   -4629   201103   8808   201104   8773
20110221   -4931   201103   8809   201104   8771
20110222   -5102   201103   8616   201104   8582
20110223   -4432   201103   8522   201104   8491
20110224   -3490   201103   8531   201104   8504
20110225   -116   201103   8615   201104   8584
20110301   566   201103   8691   201104   8659
20110302   688   201103   8602   201104   8572
20110303   4122   201103   8748   201104   8715
20110304   4037   201103   8758   201104   8731
20110307   2919   201103   8723   201104   8692
20110308   1936   201103   8740   201104   8712
20110309   4156   201103   8757   201104   8729
20110310   -3698   201103   8622   201104   8599
20110311   -3129   201103   8562   201104   8535
20110314   -1389   201103   8500   201104   8475
20110315   -565   201103   8257   201104   8232
20110316   -966   201103   8306   201104   8287
20110317   -46   201104   8255   201105   8226
20110318   417   201104   8319   201105   8289
20110321   3959   201104   8390   201105   8357
20110322   6865   201104   8415   201105   8385
20110323   7483   201104   8448   201105   8418
20110324   8571   201104   8527   201105   8495
20110325   13352   201104   8579   201105   8548
20110328   10812   201104   8520   201105   8485
20110329   11153   201104   8575   201105   8541
20110330   12384   201104   8590   201105   8560
20110331   13380   201104   8642   201105   8606
20110401   14828   201104   8686   201105   8655
20110406   18976   201104   8838   201105   8807
20110407   18434   201104   8897   201105   8863
20110408   13562   201104   8866   201105   8840
20110411   15771   201104   8859   201105   8830
20110412   10780   201104   8705   201105   8677
20110413   11706   201104   8806   201105   8777
20110414   8807   201104   8799   201105   8770
20110415   7254   201104   8704   201105   8675
20110418   7992   201104   8710   201105   8682
20110419   3054   201104   8627   201105   8600
20110420   8289   201104   8791   201105   8809
20110421   8621   201105   8993   201106   8956
20110422   6808   201105   8992   201106   8961
20110425   5098   201105   8975   201106   8943
20110426   5656   201105   8970   201106   8937
20110427   5662   201105   9060   201106   9030
20110428   5280   201105   9010   201106   8985
20110429   4665   201105   9027   201106   8997
20110503   1881   201105   8926   201106   8902
20110504   2010   201105   8937   201106   8910
20110505   5337   201105   9050   201106   9026
20110506   4036   201105   9018   201106   8995
20110509   3283   201105   9063   201106   9043
20110510   1719   201105   9046   201106   9024
20110511   -834   201105   9020   201106   9004
20110512   2007   201105   9030   201106   9011
20110513   1405   201105   9034   201106   9014
20110516   -3842   201105   8922   201106   8906
20110517   -7422   201105   8914   201106   8896
20110518   -6567   201105   8933   201106   8963
20110519   -6570   201106   8840   201107   8692
20110520   -5213   201106   8817   201107   8670
20110523   -5800   201106   8738   201107   8585
20110524   -7063   201106   8762   201107   8612
20110525   -6448   201106   8678   201107   8530
20110526   -5278   201106   8787   201107   8633
20110527   -2823   201106   8782   201107   8627
20110530   -849   201106   8820   201107   8664
20110531   6506   201106   9021   201107   8862
20110601   8993   201106   9092   201107   8936
20110602   7980   201106   9027   201107   8881
20110603   7397   201106   9070   201107   8921
20110607   6457   201106   9095   201107   8948
20110608   2910   201106   9031   201107   8885
20110609   974   201106   9031   201107   8887
20110610   -4451   201106   8829   201107   8692
20110613   -3514   201106   8744   201107   8597
20110614   -3039   201106   8846   201107   8685
20110615   -9124   201106   8839   201107   8628
20110616   -10796   201107   8493   201108   8370
20110617   -11818   201107   8461   201108   8334
20110620   -10028   201107   8401   201108   8274
20110621   -13478   201107   8465   201108   8336
20110622   -12677   201107   8441   201108   8317
20110623   -15507   201107   8395   201108   8270
20110624   -20762   201107   8411   201108   8285
20110627   -20408   201107   8337   201108   8211
20110628   -19754   201107   8308   201108   8189
20110629   -15139   201107   8471   201108   8345
20110630   -13462   201107   8503   201108   8384
20110701   -9013   201107   8566   201108   8450
20110704   -5696   201107   8603   201108   8478
20110705   -1449   201107   8628   201108   8506
20110706   3204   201107   8692   201108   8569
20110707   1000   201107   8690   201108   8574
20110708   1180   201107   8638   201108   8532
20110711   -778   201107   8599   201108   8493
20110712   -7574   201107   8419   201108   8312
20110713   -7156   201107   8463   201108   8351
20110714   -8146   201107   8482   201108   8366
20110715   -6826   201107   8562   201108   8443
20110718   -9112   201107   8487   201108   8367
20110719   -7947   201107   8535   201108   8418
20110720   -3460   201107   8698   201108   8635
20110721   -3323   201108   8652   201109   8619
20110722   -1467   201108   8691   201109   8659
20110725   -4902   201108   8608   201109   8575
20110726   -1584   201108   8738   201109   8701
20110727   169   201108   8762   201109   8728
20110728   -1429   201108   8728   201109   8695
20110729   -7342   201108   8613   201109   8576
20110801   -11066   201108   8681   201109   8650
20110802   -13867   201108   8574   201109   8544
20110803   -14753   201108   8439   201109   8409
20110804   -21376   201108   8294   201109   8265
20110805   -13785   201108   7766   201109   7728
20110808   -11339   201108   7555   201109   7514
20110809   -10744   201108   7533   201109   7503
20110810   -9001   201108   7662   201109   7620
20110811   -7254   201108   7699   201109   7651
20110812   -3072   201108   7589   201109   7532
20110815   1485   201108   7817   201109   7753
20110816   45   201108   7773   201109   7703
20110817   -3880   201108   7753   201109   7643
20110818   559   201109   7500   201110   7470
20110819   1387   201109   7195   201110   7165
20110822   -284   201109   7252   201110   7225
20110823   -2852   201109   7509   201110   7480
20110824   -2168   201109   7423   201110   7401
20110825   -3077   201109   7366   201110   7341
20110826   -1712   201109   7447   201110   7425
20110829   -3864   201109   7525   201110   7505
20110830   1930   201109   7603   201110   7576
20110831   3853   201109   7707   201110   7680
20110901   5313   201109   7700   201110   7676
20110902   3541   201109   7710   201110   7685
20110905   5077   201109   7480   201110   7451
20110906   3723   201109   7340   201110   7320
20110907   4454   201109   7536   201110   7514
20110908   5117   201109   7550   201110   7525
20110909   6992   201109   7602   201110   7579
20110913   4382   201109   7370   201110   7351
20110914   5431   201109   7193   201110   7182
20110915   7836   201109   7407   201110   7389
20110916   11652   201109   7617   201110   7591
20110919   6705   201109   7478   201110   7461
20110920   6429   201109   7484   201110   7468
20110921   4779   201109   7537   201110   7531
20110922   2794   201110   7276   201111   7257
20110923   -752   201110   7054   201111   7035
20110926   1292   201110   6881   201111   6866
20110927   5236   201110   7135   201111   7117
20110928   4652   201110   7100   201111   7085
20110929   6952   201110   7182   201111   7163
20110930   7043   201110   7182   201111   7166
20111003   9583   201110   7015   201111   7001
20111004   10644   201110   7094   201111   7080
20111005   2744   201110   6990   201111   6974
20111006   6818   201110   7122   201111   7106
20111007   6767   201110   7191   201111   7175
20111011   9139   201110   7407   201111   7393
20111012   7300   201110   7388   201111   7380
20111013   3875   201110   7390   201111   7378
20111014   3043   201110   7377   201111   7363
20111017   2177   201110   7453   201111   7441
20111018   1768   201110   7337   201111   7325
20111019   3302   201110   7330   201111   7337
20111020   -1897   201111   7213   201112   7204
20111021   -1726   201111   7258   201112   7245
20111024   4032   201111   7494   201112   7477
20111025   3365   201111   7470   201112   7458
20111026   4747   201111   7547   201112   7529
20111027   5662   201111   7590   201112   7577
20111028   5019   201111   7628   201112   7619
20111031   3815   201111   7561   201112   7550
20111101   7164   201111   7637   201112   7630
20111102   3325   201111   7609   201112   7598
20111103   -3332   201111   7445   201112   7436
20111104   -679   201111   7630   201112   7617
20111107   877   201111   7635   201112   7624
20111108   -631   201111   7590   201112   7579
20111109   481   201111   7614   201112   7607
20111110   -7753   201111   7318   201112   7312
20111111   -7491   201111   7356   201112   7351
20111114   -2788   201111   7541   201112   7539
20111115   -4475   201111   7501   201112   7505
20111116   -6038   201111   7397   201112   7350
20111117   -4921   201112   7404   201201   7394
20111118   -10929   201112   7252   201201   7242
20111121   -13731   201112   7050   201201   7040
20111122   -16894   201112   7023   201201   7012
20111123   -17893   201112   6818   201201   6816
20111124   -21757   201112   6832   201201   6827
20111125   -19408   201112   6757   201201   6752
20111128   -16319   201112   6920   201201   6910
20111129   -15964   201112   6975   201201   6967
20111130   -11917   201112   6903   201201   6891
20111201   -10334   201112   7210   201201   7203
20111202   -13412   201112   7155   201201   7148
20111205   -14991   201112   7133   201201   7120
20111206   -13755   201112   6985   201201   6978
20111207   -12266   201112   7054   201201   7043
20111208   -12978   201112   6961   201201   6955
20111209   -10334   201112   6884   201201   6881
20111212   -10093   201112   6943   201201   6937
20111213   -8187   201112   6897   201201   6892
20111214   -10287   201112   6919   201201   6915
20111215   -14663   201112   6751   201201   6750
20111216   -12404   201112   6775   201201   6771
20111219   -12298   201112   6637   201201   6632
20111220   -13093   201112   6671   201201   6660
20111221   -5658   201112   6952   201201   6960
20111222   -5876   201201   6954   201202   6947
20111223   -3936   201201   7107   201202   7102
20111226   -5220   201201   7103   201202   7100
20111227   -5558   201201   7088   201202   7083
20111228   -6333   201201   7052   201202   7046
20111229   -6398   201201   7073   201202   7069
20111230   -10188   201201   7040   201202   7035
20120102   -11092   201201   6949   201202   6940
20120103   -7472   201201   7049   201202   7044
20120104   -3888   201201   7073   201202   7068
20120105   -1610   201201   7119   201202   7113
20120106   -1268   201201   7085   201202   7078
20120109   -1839   201201   7055   201202   7047
20120110   3334   201201   7172   201202   7159
20120111   2543   201201   7179   201202   7167
20120112   4662   201201   7185   201202   7172
20120113   2307   201201   7165   201202   7138
20120116   1463   201201   7093   201202   7076
20120117   7875   201201   7227   201202   7212
20120118   5330   201201   7207   201202   7200
20120130   6611   201202   7390   201203   7384
20120131   7876   201202   7467   201203   7458
20120201   14204   201202   7522   201203   7515
20120202   14994   201202   7642   201203   7631
20120203   16005   201202   7642   201203   7630
20120204   18219   201202   7735   201203   7727
20120206   17375   201202   7685   201203   7673
20120207   20326   201202   7722   201203   7709
20120208   20642   201202   7890   201203   7882
20120209   20236   201202   7923   201203   7913
20120210   15080   201202   7866   201203   7853
20120213   14939   201202   7907   201203   7903
20120214   15383   201202   7874   201203   7872
20120215   13016   201202   8006   201203   8016
20120216   10141   201203   7906   201204   7900
20120217   8447   201203   7932   201204   7925
20120220   7883   201203   7956   201204   7950
20120221   8822   201203   7947   201204   7941
20120222   10098   201203   8004   201204   7996
20120223   8135   201203   7963   201204   7956
20120224   7464   201203   7941   201204   7934
20120229   17541   201203   8114   201204   8108
