2015-2-24   17055  201502 9622 201503 9649 
2015-2-25   19849  201503 9684 201504 9685 
2015-2-26   15941  201503 9649 201504 9653 
2015-3-2   11748  201503 9631 201504 9638 
2015-3-3   8573  201503 9614 201504 9623 
2015-3-4   11307  201503 9622 201504 9630 
2015-3-5   8906  201503 9589 201504 9594 
2015-3-6   12534  201503 9638 201504 9645 
2015-3-9   8158  201503 9576 201504 9583 
2015-3-10   6253  201503 9528 201504 9535 
2015-3-11   10547  201503 9519 201504 9528 
2015-3-12   15739  201503 9607 201504 9617 
2015-3-13   9579  201503 9598 201504 9614 
2015-3-16   4940  201503 9546 201504 9566 
2015-3-17   4206  201503 9554 201504 9568 
2015-3-18   14825  201503 9633 201504 9675 
2015-3-19   15599  201504 9766 201505 9772 
2015-3-20   11816  201504 9757 201505 9766 
2015-3-23   11350  201504 9749 201505 9760 
2015-3-24   8343  201504 9721 201505 9730 
2015-3-25   1624  201504 9689 201505 9696 
2015-3-26   798  201504 9609 201505 9619 
2015-3-27   -7767  201504 9541 201505 9551 
2015-3-30   -7230  201504 9552 201505 9561 
2015-3-31   -6003  201504 9582 201505 9588 
2015-4-1   -7273  201504 9507 201505 9514 
2015-4-2   620  201504 9613 201505 9623 
2015-4-7   -280  201504 9629 201505 9636 
2015-4-8   -5925  201504 9570 201505 9579 
2015-4-9   -3428  201504 9572 201505 9580 
2015-4-10   -1454  201504 9631 201505 9647 
2015-4-13   -185  201504 9658 201505 9674 
2015-4-14   -1708  201504 9645 201505 9652 
2015-4-15   -7247  201504 9519 201505 9536 
2015-4-16   6597  201505 9647 201506 9644 
2015-4-17   -4411  201505 9584 201506 9586 
2015-4-20   -5430  201505 9561 201506 9567 
2015-4-21   -11351  201505 9556 201506 9560 
2015-4-22   498  201505 9613 201506 9620 
2015-4-23   12435  201505 9838 201506 9848 
2015-4-24   8144  201505 9920 201506 9930 
2015-4-27   14003  201505 10019 201506 10027 
2015-4-28   10155  201505 9990 201506 10000 
2015-4-29   6458  201505 9909 201506 9918 
2015-4-30   3431  201505 9874 201506 9888 
2015-5-4   3351  201505 9886 201506 9897 
2015-5-5   -493  201505 9849 201506 9860 
2015-5-6   -1635  201505 9847 201506 9859 
2015-5-7   -10445  201505 9753 201506 9762 
2015-5-8   -14685  201505 9721 201506 9732 
2015-5-11   -17792  201505 9723 201506 9731 
2015-5-12   -18135  201505 9706 201506 9714 
2015-5-13   -17579  201505 9739 201506 9744 
2015-5-14   -24630  201505 9604 201506 9607 
2015-5-15   -20304  201505 9575 201506 9568 
2015-5-18   -18951  201505 9598 201506 9602 
2015-5-19   -13557  201505 9702 201506 9705 
2015-5-20   -12687  201505 9668 201506 9676 
2015-5-21   -14598  201506 9541 201507 9419 
2015-5-22   -9015  201506 9625 201507 9500 
2015-5-25   -5969  201506 9630 201507 9505 
2015-5-26   -6059  201506 9659 201507 9533 
2015-5-27   -4041  201506 9661 201507 9535 
2015-5-28   477  201506 9731 201507 9600 
2015-5-29   -3830  201506 9703 201507 9576 
2015-6-1   -8887  201506 9630 201507 9509 
2015-6-2   -6928  201506 9607 201507 9479 
2015-6-3   -16089  201506 9547 201507 9423 
2015-6-4   -24505  201506 9310 201507 9188 
2015-6-5   -21534  201506 9308 201507 9183 
2015-6-8   -20850  201506 9348 201507 9220 
2015-6-9   -21001  201506 9237 201507 9113 
2015-6-10   -20811  201506 9284 201507 9158 
2015-6-11   -20330  201506 9288 201507 9161 
2015-6-12   -17950  201506 9267 201507 9140 
2015-6-15   -17380  201506 9244 201507 9108 
2015-6-16   -17392  201506 9215 201507 9040 
2015-6-17   -9166  201506 9182 201507 9054 
2015-6-18   -6641  201507 9049 201508 8919 
2015-6-22   -2556  201507 9182 201508 9038 
2015-6-23   -2541  201507 9231 201508 9085 
2015-6-24   1662  201507 9247 201508 9103 
2015-6-25   2870  201507 9340 201508 9208 
2015-6-26   1100  201507 9321 201508 9193 
2015-6-29   -1231  201507 9138 201508 9001 
2015-6-30   2597  201507 9212 201508 9070 
2015-7-1   7309  201507 9294 201508 9153 
2015-7-2   6494  201507 9277 201508 9133 
2015-7-3   7175  201507 9304 201508 9158 
2015-7-6   4340  201507 9197 201508 9053 
2015-7-7   4742  201507 9242 201508 9106 
2015-7-8   -6144  201507 8943 201508 8812 
2015-7-9   -6335  201507 8873 201508 8741 
2015-7-13   1671  201507 8994 201508 8858 
2015-7-14   4323  201507 8984 201508 8848 
2015-7-15   2022  201507 9030 201508 8890 
2015-7-16   -824  201508 8918 201509 8872 
2015-7-17   2181  201508 8912 201509 8869 
2015-7-20   -1922  201508 8851 201509 8809 
2015-7-21   2274  201508 8936 201509 8893 
2015-7-22   -7889  201508 8815 201509 8771 
2015-7-23   -10370  201508 8755 201509 8710 
2015-7-24   -10171  201508 8684 201509 8640 
2015-7-27   -8204  201508 8522 201509 8481 
2015-7-28   -10620  201508 8541 201509 8499 
2015-7-29   -11229  201508 8484 201509 8444 
2015-7-30   -6455  201508 8610 201509 8559 
2015-7-31   -9165  201508 8570 201509 8526 
2015-8-3   -7611  201508 8452 201509 8408 
2015-8-4   -9107  201508 8465 201509 8416 
2015-8-5   -7391  201508 8523 201509 8476 
2015-8-6   -13194  201508 8390 201509 8347 
2015-8-7   -8915  201508 8389 201509 8339 
2015-8-10   -8153  201508 8445 201509 8392 
2015-8-11   -8092  201508 8360 201509 8311 
2015-8-12   -8056  201508 8299 201509 8259 
2015-8-13   -9640  201508 8306 201509 8265 
2015-8-14   -9088  201508 8325 201509 8279 
2015-8-17   -11421  201508 8238 201509 8195 
2015-8-18   -8634  201508 8171 201509 8123 
2015-8-19   -5542  201508 8002 201509 7972 
2015-8-20   -1795  201509 7976 201510 7967 
2015-8-21   -1984  201509 7746 201510 7739 
2015-8-24   9107  201509 7340 201510 7321 
2015-8-25   11690  201509 7577 201510 7566 
2015-8-26   10280  201509 7607 201510 7590 
2015-8-27   10685  201509 7680 201510 7664 
2015-8-28   13458  201509 7876 201510 7855 
2015-8-31   9834  201509 7969 201510 7930 
2015-9-1   8000  201509 7834 201510 7788 
2015-9-2   11779  201509 7945 201510 7889 
2015-9-3   9911  201509 7977 201510 7923 
2015-9-4   9652  201509 7890 201510 7836 
2015-9-7   10542  201509 7932 201510 7881 
2015-9-8   12041  201509 7976 201510 7924 
2015-9-9   15039  201509 8332 201510 8307 
2015-9-10   8196  201509 8262 201510 8242 
2015-9-11   8687  201509 8263 201510 8244 
2015-9-14   9020  201509 8273 201510 8253 
2015-9-15   5414  201509 8237 201510 8193 
2015-9-16   11480  201509 8318 201510 8278 
2015-9-17   13200  201510 8437 201511 8424 
2015-9-18   11615  201510 8437 201511 8424 
2015-9-21   9082  201510 8270 201511 8251 
2015-9-22   13578  201510 8330 201511 8312 
2015-9-23   9577  201510 8140 201511 8121 
2015-9-24   10987  201510 8091 201511 8070 
2015-9-25   12744  201510 8120 201511 8105 
2015-9-30   15208  201510 8135 201511 8119 
2015-10-1   17097  201510 8309 201511 8292 
2015-10-2   13440  201510 8277 201511 8265 
2015-10-5   13946  201510 8335 201511 8320 
2015-10-6   14736  201510 8370 201511 8358 
2015-10-7   19462  201510 8492 201511 8478 
2015-10-8   16977  201510 8441 201511 8433 
2015-10-12   19222  201510 8552 201511 8539 
2015-10-13   17410  201510 8553 201511 8540 
2015-10-14   16030  201510 8519 201511 8507 
2015-10-15   16221  201510 8608 201511 8596 
2015-10-16   14404  201510 8607 201511 8596 
2015-10-19   16466  201510 8624 201511 8621 
2015-10-20   15799  201510 8659 201511 8655 
2015-10-21   10066  201510 8617 201511 8609 
2015-10-22   14907  201511 8595 201512 8590 
2015-10-23   12676  201511 8692 201512 8688 
2015-10-26   15331  201511 8736 201512 8733 
2015-10-27   13406  201511 8691 201512 8692 
2015-10-28   10134  201511 8638 201512 8638 
2015-10-29   10914  201511 8550 201512 8547 
2015-10-30   12576  201511 8568 201512 8569 
2015-11-2   13981  201511 8583 201512 8585 
2015-11-3   17491  201511 8721 201512 8722 
2015-11-4   17097  201511 8882 201512 8892 
2015-11-5   14615  201511 8870 201512 8881 
2015-11-6   9230  201511 8689 201512 8699 
2015-11-9   10277  201511 8631 201512 8635 
2015-11-10   8799  201511 8532 201512 8536 
2015-11-11   8342  201511 8380 201512 8376 
2015-11-12   13472  201511 8461 201512 8450 
2015-11-13   8617  201511 8356 201512 8358 
2015-11-16   13406  201511 8290 201512 8284 
2015-11-17   15584  201511 8440 201512 8435 
2015-11-18   6134  201511 8336 201512 8276 
2015-11-19   11499  201512 8447 201601 8441 
2015-11-20   9248  201512 8444 201601 8437 
2015-11-23   10689  201512 8478 201601 8475 
2015-11-24   8394  201512 8402 201601 8395 
2015-11-25   9865  201512 8388 201601 8383 
2015-11-26   15018  201512 8502 201601 8497 
2015-11-27   9154  201512 8393 201601 8389 
2015-11-30   6590  201512 8300 201601 8296 
2015-12-1   14340  201512 8456 201601 8456 
2015-12-2   13416  201512 8452 201601 8451 
2015-12-3   14525  201512 8476 201601 8473 
2015-12-4   11827  201512 8397 201601 8393 
2015-12-7   11635  201512 8468 201601 8464 
2015-12-8   3731  201512 8334 201601 8331 
2015-12-9   2160  201512 8221 201601 8217 
2015-12-10   4825  201512 8188 201601 8178 
2015-12-11   6578  201512 8071 201601 8058 
2015-12-14   9754  201512 8058 201601 8046 
2015-12-15   8807  201512 8066 201601 8044 
2015-12-16   10949  201512 8198 201601 8170 
2015-12-17   12871  201601 8281 201602 8271 
2015-12-18   10501  201601 8231 201602 8218 
2015-12-21   13242  201601 8280 201602 8265 
2015-12-22   12796  201601 8277 201602 8260 
2015-12-23   14669  201601 8290 201602 8275 
2015-12-24   14879  201601 8317 201602 8305 
2015-12-25   17396  201601 8376 201602 8368 
2015-12-28   15460  201601 8356 201602 8345 
2015-12-29   10412  201601 8287 201602 8279 
2015-12-30   7069  201601 8260 201602 8249 
2015-12-31   10087  201601 8272 201602 8265 
2016-1-4   8790  201601 8075 201602 8057 
2016-1-5   11141  201601 8025 201602 8008 
2016-1-6   9237  201601 7971 201602 7957 
2016-1-7   8159  201601 7799 201602 7783 
2016-1-8   8936  201601 7868 201602 7846 
2016-1-11   10620  201601 7740 201602 7718 
2016-1-12   10074  201601 7709 201602 7679 
2016-1-13   14208  201601 7806 201602 7779 
2016-1-14   10796  201601 7716 201602 7694 
2016-1-15   12820  201601 7665 201602 7637 
2016-1-18   17916  201601 7814 201602 7790 
2016-1-19   14272  201601 7867 201602 7837 
2016-1-20   7016  201601 7705 201602 7592 
2016-1-21   12515  201602 7613 201603 7591 
2016-1-22   14093  201602 7748 201603 7721 
2016-1-25   15414  201602 7833 201603 7808 
2016-1-26   15662  201602 7779 201603 7750 
2016-1-27   16350  201602 7839 201603 7810 
2016-1-28   21512  201602 7855 201603 7829 
2016-1-29   23074  201602 8053 201603 8033 
2016-1-30   20644  201602 8163 201603 8144 
2016-2-1   17800  201602 8124 201603 8101 
2016-2-2   17516  201602 8105 201603 8085 
2016-2-3   17033  201602 8034 201603 8011 
2016-2-15   20600  201602 8049 201603 8021 
2016-2-16   22103  201602 8205 201603 8208 
2016-2-17   19971  201602 8212 201603 8192 
2016-2-18   19595  201603 8284 201604 8272 
2016-2-19   21737  201603 8304 201604 8293 
2016-2-22   19427  201603 8302 201604 8285 
2016-2-23   22357  201603 8318 201604 8305 
2016-2-24   20293  201603 8248 201604 8230 
2016-2-25   23275  201603 8337 201604 8319 
2016-2-26   20822  201603 8391 201604 8371 
2016-3-1   24132  201603 8448 201604 8430 
2016-3-2   20431  201603 8517 201604 8502 
2016-3-3   23175  201603 8566 201604 8547 
2016-3-4   23237  201603 8602 201604 8584 
2016-3-7   22935  201603 8605 201604 8578 
2016-3-8   25234  201603 8614 201604 8588 
2016-3-9   25860  201603 8620 201604 8598 
2016-3-10   24562  201603 8641 201604 8616 
2016-3-11   26885  201603 8707 201604 8680 
2016-3-14   22304  201603 8741 201604 8730 
2016-3-15   20216  201603 8603 201604 8569 
2016-3-16   20295  201603 8691 201604 8657 
2016-3-17   19968  201604 8698 201605 8674 
2016-3-18   20379  201604 8763 201605 8741 
2016-3-21   20148  201604 8745 201605 8726 
2016-3-22   23733  201604 8752 201605 8729 
2016-3-23   22020  201604 8721 201605 8695 
2016-3-24   23598  201604 8714 201605 8691 
2016-3-25   23125  201604 8702 201605 8680 
2016-3-28   21395  201604 8683 201605 8668 
2016-3-29   17321  201604 8600 201605 8583 
2016-3-30   27900  201604 8740 201605 8724 
2016-3-31   21926  201604 8715 201605 8701 
2016-4-1   20802  201604 8629 201605 8612 
2016-4-6   12378  201604 8460 201605 8441 
2016-4-7   15785  201604 8438 201605 8414 
2016-4-8   20123  201604 8484 201605 8459 
2016-4-11   22094  201604 8514 201605 8490 
2016-4-12   22655  201604 8495 201605 8471 
2016-4-13   26642  201604 8638 201605 8612 
2016-4-14   24376  201604 8661 201605 8639 
2016-4-15   26177  201604 8716 201605 8697 
2016-4-18   21505  201604 8645 201605 8617 
2016-4-19   19234  201604 8636 201605 8595 
2016-4-20   13035  201604 8519 201605 8442 
2016-4-21   20880  201605 8530 201606 8506 
2016-4-22   22887  201605 8498 201606 8476 
2016-4-25   24378  201605 8527 201606 8504 
2016-4-26   24663  201605 8573 201606 8550 
2016-4-27   25323  201605 8557 201606 8537 
2016-4-28   12513  201605 8417 201606 8394 
2016-4-29   11817  201605 8309 201606 8286 
2016-5-3   9916  201605 8259 201606 8237 
2016-5-4   8119  201605 8177 201606 8151 
2016-5-5   4981  201605 8142 201606 8120 
2016-5-6   6084  201605 8102 201606 8077 
2016-5-9   8413  201605 8114 201606 8089 
2016-5-10   8287  201605 8153 201606 8130 
2016-5-11   7337  201605 8125 201606 8099 
2016-5-12   6380  201605 8084 201606 8051 
2016-5-13   9386  201605 8019 201606 7987 
2016-5-16   12086  201605 8062 201606 8036 
2016-5-17   11297  201605 8150 201606 8118 
2016-5-18   12849  201605 8148 201606 8109 
2016-5-19   10665  201606 8034 201607 7838 
2016-5-20   17299  201606 8104 201607 7907 
2016-5-23   21690  201606 8346 201607 8152 
2016-5-24   14997  201606 8283 201607 8097 
2016-5-25   19531  201606 8385 201607 8196 
2016-5-26   19730  201606 8385 201607 8197 
2016-5-27   22543  201606 8462 201607 8272 
2016-5-30   23087  201606 8508 201607 8315 
2016-5-31   22863  201606 8515 201607 8325 
2016-6-1   28838  201606 8563 201607 8373 
2016-6-2   27390  201606 8552 201607 8361 
2016-6-3   27631  201606 8566 201607 8380 
2016-6-4   28453  201606 8576 201607 8389 
2016-6-6   30029  201606 8575 201607 8380 
2016-6-7   34229  201606 8666 201607 8474 
2016-6-8   34168  201606 8718 201607 8527 
2016-6-13   26043  201606 8525 201607 8330 
2016-6-14   30561  201606 8575 201607 8381 
2016-6-15   19065  201606 8601 201607 8414 
2016-6-16   18267  201607 8283 201608 8166 
2016-6-17   23893  201607 8395 201608 8281 
2016-6-20   21018  201607 8469 201608 8354 
2016-6-21   21718  201607 8510 201608 8392 
2016-6-22   22550  201607 8509 201608 8390 
2016-6-23   21598  201607 8510 201608 8391 
2016-6-24   21094  201607 8237 201608 8118 
2016-6-27   25786  201607 8325 201608 8206 
2016-6-28   24691  201607 8376 201608 8255 
2016-6-29   26999  201607 8436 201608 8316 
2016-6-30   33074  201607 8518 201608 8397 
2016-7-1   33941  201607 8626 201608 8501 
2016-7-4   31459  201607 8630 201608 8508 
2016-7-5   30965  201607 8609 201608 8488 
2016-7-6   24753  201607 8468 201608 8341 
2016-7-7   29236  201607 8562 201608 8434 
2016-7-11   28656  201607 8736 201608 8602 
2016-7-12   30577  201607 8777 201608 8638 
2016-7-13   32987  201607 8793 201608 8652 
2016-7-14   33275  201607 8813 201608 8673 
2016-7-15   34759  201607 8911 201608 8777 
2016-7-18   33840  201607 8998 201608 8869 
2016-7-19   33940  201607 9033 201608 8921 
2016-7-20   23956  201607 9003 201608 8882 
2016-7-21   25682  201608 8984 201609 8932 
2016-7-22   23729  201608 8925 201609 8875 
2016-7-25   25113  201608 8891 201609 8837 
2016-7-26   30332  201608 8965 201609 8913 
2016-7-27   26383  201608 8976 201609 8919 
2016-7-28   28498  201608 8981 201609 8917 
2016-7-29   25735  201608 8893 201609 8833 
2016-8-1   33266  201608 9041 201609 8978 
2016-8-2   27641  201608 9015 201609 8947 
2016-8-3   26219  201608 8933 201609 8861 
2016-8-4   26483  201608 8971 201609 8902 
2016-8-5   29765  201608 9063 201609 8994 
2016-8-8   28243  201608 9116 201609 9045 
2016-8-9   29374  201608 9118 201609 9048 
2016-8-10   30507  201608 9145 201609 9087 
2016-8-11   29189  201608 9085 201609 9030 
2016-8-12   30931  201608 9130 201609 9071 
2016-8-15   30024  201608 9125 201609 9086 
2016-8-16   26608  201608 9088 201609 9028 
2016-8-17   17678  201608 9121 201609 9012 
2016-8-18   22634  201609 9042 201610 9021 
2016-8-19   17917  201609 8946 201610 8931 
2016-8-22   21225  201609 8892 201610 8874 
2016-8-23   27820  201609 8984 201610 8966 
2016-8-24   24955  201609 8956 201610 8934 
2016-8-25   33797  201609 9072 201610 9050 
2016-8-26   29502  201609 9080 201610 9060 
2016-8-29   27186  201609 9042 201610 9021 
2016-8-30   25422  201609 9036 201610 9014 
2016-8-31   25697  201609 8976 201610 8955 
2016-9-1   24270  201609 8941 201610 8918 
2016-9-2   26196  201609 8931 201610 8903 
2016-9-5   33932  201609 9062 201610 9037 
2016-9-6   36043  201609 9150 201610 9127 
2016-9-7   38897  201609 9253 201610 9232 
2016-9-8   32656  201609 9239 201610 9220 
2016-9-9   23748  201609 9127 201610 9106 
2016-9-10   24398  201609 8953 201610 8928 
2016-9-12   22474  201609 8899 201610 8865 
2016-9-13   21419  201609 8906 201610 8880 
2016-9-14   21491  201609 8874 201610 8850 
2016-9-19   33434  201609 9151 201610 9126 
2016-9-20   29222  201609 9141 201610 9110 
2016-9-21   23788  201609 9221 201610 9165 
2016-9-22   23691  201610 9188 201611 9160 
2016-9-23   28438  201610 9236 201611 9209 
2016-9-26   23790  201610 9154 201611 9127 
2016-9-29   29333  201610 9253 201611 9225 
2016-9-30   23303  201610 9128 201611 9100 
2016-10-3   26025  201610 9194 201611 9166 
2016-10-4   32284  201610 9247 201611 9219 
2016-10-5   32094  201610 9240 201611 9209 
2016-10-6   33357  201610 9256 201611 9226 
2016-10-7   33332  201610 9253 201611 9220 
2016-10-11   27591  201610 9191 201611 9161 
2016-10-12   38015  201610 9260 201611 9234 
2016-10-13   31250  201610 9203 201611 9176 
2016-10-14   28526  201610 9169 201611 9148 
2016-10-17   28784  201610 9166 201611 9143 
2016-10-18   32988  201610 9212 201611 9200 
2016-10-19   29850  201610 9280 201611 9251 
2016-10-20   31707  201611 9278 201612 9250 
2016-10-21   32436  201611 9264 201612 9238 
2016-10-24   37134  201611 9309 201612 9282 
2016-10-25   40882  201611 9374 201612 9352 
2016-10-26   33481  201611 9336 201612 9311 
2016-10-27   29565  201611 9287 201612 9267 
2016-10-28   29805  201611 9280 201612 9261 
2016-10-31   29958  201611 9283 201612 9265 
2016-11-1   28714  201611 9280 201612 9261 
2016-11-2   20541  201611 9160 201612 9143 
2016-11-3   14368  201611 9088 201612 9071 
2016-11-4   14730  201611 9064 201612 9046 
2016-11-7   20145  201611 9196 201612 9172 
2016-11-8   21933  201611 9225 201612 9198 
2016-11-9   15259  201611 8929 201612 8902 
2016-11-10   21840  201611 9177 201612 9158 
2016-11-11   13482  201611 8967 201612 8947 
2016-11-14   16525  201611 8945 201612 8938 
2016-11-15   18481  201611 8938 201612 8917 
2016-11-16   18072  201611 8983 201612 8957 
2016-11-17   18445  201612 8962 201701 8939 
2016-11-18   21482  201612 8987 201701 8965 
2016-11-21   23764  201612 9017 201701 8997 
2016-11-22   30506  201612 9140 201701 9119 
2016-11-23   31836  201612 9175 201701 9153 
2016-11-24   28323  201612 9142 201701 9122 
2016-11-25   29405  201612 9162 201701 9141 
2016-11-28   33651  201612 9223 201701 9203 
2016-11-29   30655  201612 9203 201701 9181 
2016-11-30   31886  201612 9226 201701 9206 
2016-12-1   32966  201612 9261 201701 9241 
2016-12-2   25907  201612 9165 201701 9143 
2016-12-5   25781  201612 9157 201701 9134 
2016-12-6   31660  201612 9262 201701 9241 
2016-12-7   28123  201612 9263 201701 9246 
2016-12-8   33066  201612 9367 201701 9348 
2016-12-9   35959  201612 9390 201701 9372 
2016-12-12   29485  201612 9355 201701 9339 
2016-12-13   31346  201612 9378 201701 9364 
2016-12-14   29129  201612 9370 201701 9351 
2016-12-15   27301  201612 9368 201701 9354 
2016-12-16   19552  201612 9312 201701 9300 
2016-12-19   17468  201612 9246 201701 9233 
2016-12-20   15872  201612 9260 201701 9254 
2016-12-21   12739  201612 9232 201701 9224 
2016-12-22   7275  201701 9130 201702 9119 
2016-12-23   6391  201701 9090 201702 9080 
2016-12-26   7653  201701 9123 201702 9111 
2016-12-27   7062  201701 9113 201702 9100 
2016-12-28   13937  201701 9211 201702 9196 
2016-12-29   16197  201701 9184 201702 9173 
2016-12-30   20205  201701 9262 201702 9252 
2017-1-3   19633  201701 9281 201702 9268 
2017-1-4   15569  201701 9273 201702 9261 
2017-1-5   24177  201701 9340 201702 9327 
2017-1-6   26295  201701 9367 201702 9354 
2017-1-9   22809  201701 9344 201702 9335 
2017-1-10   24359  201701 9342 201702 9333 
2017-1-11   22480  201701 9338 201702 9327 
2017-1-12   32652  201701 9410 201702 9403 
2017-1-13   25582  201701 9374 201702 9370 
2017-1-16   16838  201701 9286 201702 9286 
2017-1-17   24754  201701 9341 201702 9333 
2017-1-18   11196  201701 9340 201702 9318 
2017-1-19   11624  201702 9306 201703 9296 
2017-1-20   14178  201702 9330 201703 9320 
2017-1-23   19203  201702 9407 201703 9396 
2017-1-24   20780  201702 9446 201703 9435 
2017-2-2   17863  201702 9375 201703 9365 
2017-2-3   21818  201702 9439 201703 9429 
2017-2-6   25923  201702 9505 201703 9493 
2017-2-7   28733  201702 9520 201703 9512 
2017-2-8   26154  201702 9515 201703 9506 
2017-2-9   34126  201702 9576 201703 9562 
2017-2-10   32725  201702 9658 201703 9649 
2017-2-13   33623  201702 9705 201703 9690 
2017-2-14   29201  201702 9710 201703 9700 
2017-2-15   29631  201702 9800 201703 9802 
2017-2-16   22791  201703 9772 201704 9756 
2017-2-17   21866  201703 9762 201704 9750 
2017-2-18   23671  201703 9788 201704 9772 
2017-2-20   18910  201703 9766 201704 9753 
2017-2-21   17074  201703 9766 201704 9755 
2017-2-22   15434  201703 9783 201704 9771 
2017-2-23   16661  201703 9772 201704 9760 
2017-2-24   16485  201703 9761 201704 9751 
2017-3-1   9054  201703 9682 201704 9673 
2017-3-2   8338  201703 9691 201704 9680 
2017-3-3   8937  201703 9629 201704 9617 
2017-3-6   12719  201703 9683 201704 9668 
2017-3-7   15098  201703 9727 201704 9714 
2017-3-8   15502  201703 9748 201704 9734 
2017-3-9   5578  201703 9652 201704 9640 
2017-3-10   2113  201703 9625 201704 9615 
2017-3-13   11151  201703 9692 201704 9683 
2017-3-14   14303  201703 9749 201704 9742 
2017-3-15   11111  201703 9732 201704 9726 
2017-3-16   18100  201704 9840 201705 9828 
2017-3-17   19830  201704 9890 201705 9877 
2017-3-20   20957  201704 9895 201705 9885 
2017-3-21   21724  201704 9962 201705 9950 
2017-3-22   18886  201704 9898 201705 9884 
2017-3-23   15489  201704 9909 201705 9899 
2017-3-24   17466  201704 9901 201705 9888 
2017-3-27   18521  201704 9865 201705 9854 
2017-3-28   13971  201704 9883 201705 9872 
2017-3-29   12549  201704 9862 201705 9850 
2017-3-30   13156  201704 9850 201705 9839 
2017-3-31   10281  201704 9821 201705 9811 
2017-4-5   19975  201704 9961 201705 9951 
2017-4-6   12973  201704 9897 201705 9889 
2017-4-7   9117  201704 9863 201705 9851 
2017-4-10   11782  201704 9876 201705 9868 
2017-4-11   8814  201704 9816 201705 9810 
2017-4-12   9402  201704 9814 201705 9807 
2017-4-13   11332  201704 9846 201705 9838 
2017-4-14   5566  201704 9716 201705 9708 
2017-4-17   7343  201704 9722 201705 9713 
2017-4-18   5735  201704 9737 201705 9726 
2017-4-19   152  201704 9638 201705 9625 
2017-4-20   1496  201705 9615 201706 9603 
2017-4-21   7454  201705 9697 201706 9683 
2017-4-24   5233  201705 9705 201706 9690 
2017-4-25   16058  201705 9813 201706 9800 
2017-4-26   14737  201705 9841 201706 9827 
2017-4-27   15147  201705 9839 201706 9827 
2017-4-28   17735  201705 9857 201706 9843 
2017-5-2   21546  201705 9932 201706 9917 
2017-5-3   21088  201705 9936 201706 9923 
2017-5-4   24568  201705 9959 201706 9944 
2017-5-5   18816  201705 9889 201706 9872 
2017-5-8   19200  201705 9921 201706 9907 
2017-5-9   19782  201705 9904 201706 9892 
2017-5-10   23576  201705 9947 201706 9936 
2017-5-11   28374  201705 9987 201706 9976 
2017-5-12   27359  201705 9981 201706 9969 
2017-5-15   28292  201705 10028 201706 10014 
2017-5-16   23042  201705 10022 201706 10009 
2017-5-17   21345  201705 10000 201706 9979 
2017-5-18   23164  201706 9951 201707 9758 
2017-5-19   19554  201706 9932 201707 9741 
2017-5-22   22807  201706 9975 201707 9780 
2017-5-23   24830  201706 9994 201707 9803 
2017-5-24   26621  201706 10020 201707 9826 
2017-5-25   31956  201706 10107 201707 9912 
2017-5-26   25040  201706 10093 201707 9902 
2017-5-31   18779  201706 10031 201707 9847 
2017-6-1   20835  201706 10069 201707 9884 
2017-6-2   23156  201706 10135 201707 9950 
2017-6-3   23308  201706 10157 201707 9970 
2017-6-5   27538  201706 10200 201707 10016 
2017-6-6   26148  201706 10185 201707 10004 
2017-6-7   25515  201706 10192 201707 10010 
2017-6-8   27737  201706 10211 201707 10032 
2017-6-9   26031  201706 10192 201707 10012 
2017-6-12   21101  201706 10120 201707 9940 
2017-6-13   21177  201706 10137 201707 9956 
2017-6-14   16665  201706 10065 201707 9885 
2017-6-15   18272  201706 10073 201707 9892 
2017-6-16   21125  201706 10146 201707 9971 
2017-6-19   22578  201706 10239 201707 10067 
2017-6-20   23558  201706 10322 201707 10163 
2017-6-21   20576  201706 10369 201707 10178 
2017-6-22   21422  201707 10231 201708 10131 
2017-6-23   19547  201707 10215 201708 10109 
2017-6-26   22026  201707 10381 201708 10284 
2017-6-27   18034  201707 10368 201708 10269 
2017-6-28   15324  201707 10261 201708 10156 
2017-6-29   15408  201707 10297 201708 10193 
2017-6-30   14735  201707 10252 201708 10150 
2017-7-3   15864  201707 10289 201708 10186 
2017-7-4   13067  201707 10217 201708 10113 
2017-7-5   17618  201707 10301 201708 10195 
2017-7-6   13990  201707 10267 201708 10163 
2017-7-7   10861  201707 10203 201708 10100 
2017-7-10   9931  201707 10210 201708 10106 
2017-7-11   17691  201707 10342 201708 10237 
2017-7-12   13179  201707 10339 201708 10230 
2017-7-13   17737  201707 10420 201708 10307 
2017-7-14   16879  201707 10403 201708 10293 
2017-7-17   16518  201707 10436 201708 10320 
2017-7-18   18132  201707 10462 201708 10344 
2017-7-19   9462  201707 10500 201708 10386 
2017-7-20   7934  201708 10390 201709 10364 
2017-7-21   5019  201708 10329 201709 10300 
2017-7-24   9525  201708 10362 201709 10331 
2017-7-25   9039  201708 10363 201709 10333 
2017-7-26   7751  201708 10329 201709 10300 
2017-7-27   14194  201708 10448 201709 10415 
2017-7-28   7344  201708 10340 201709 10308 
2017-7-31   7382  201708 10355 201709 10323 
2017-8-1   6266  201708 10367 201709 10335 
2017-8-2   12157  201708 10453 201709 10419 
2017-8-3   11205  201708 10406 201709 10375 
2017-8-4   14064  201708 10439 201709 10404 
2017-8-7   15977  201708 10529 201709 10494 
2017-8-8   15945  201708 10526 201709 10487 
2017-8-9   12750  201708 10453 201709 10416 
2017-8-10   3520  201708 10328 201709 10290 
2017-8-11   4403  201708 10300 201709 10260 
2017-8-14   4415  201708 10231 201709 10178 
2017-8-15   5695  201708 10309 201709 10251 
2017-8-16   3484  201708 10254 201709 10224 
2017-8-17   7964  201709 10298 201710 10280 
2017-8-18   9247  201709 10259 201710 10243 
2017-8-21   11634  201709 10269 201710 10249 
2017-8-22   12550  201709 10350 201710 10326 
2017-8-23   10151  201709 10361 201710 10336 
2017-8-24   18487  201709 10449 201710 10424 
2017-8-25   19413  201709 10487 201710 10463 
2017-8-28   19826  201709 10490 201710 10466 
2017-8-29   17443  201709 10463 201710 10441 
2017-8-30   18863  201709 10531 201710 10510 
2017-8-31   18664  201709 10551 201710 10530 
2017-9-1   21644  201709 10576 201710 10556 
2017-9-4   22880  201709 10552 201710 10534 
2017-9-5   21060  201709 10582 201710 10564 
2017-9-6   17341  201709 10519 201710 10502 
2017-9-7   15180  201709 10490 201710 10472 
2017-9-8   20915  201709 10556 201710 10535 
2017-9-11   17006  201709 10565 201710 10541 
2017-9-12   18793  201709 10590 201710 10568 
2017-9-13   13381  201709 10521 201710 10497 
2017-9-14   15494  201709 10529 201710 10503 
2017-9-15   18456  201709 10566 201710 10543 
2017-9-18   22103  201709 10636 201710 10616 
2017-9-19   14504  201709 10580 201710 10554 
2017-9-20   5913  201709 10510 201710 10513 
2017-9-21   11420  201710 10575 201711 10558 
2017-9-22   1747  201710 10433 201711 10415 
2017-9-25   -1916  201710 10333 201711 10316 
2017-9-26   -3211  201710 10264 201711 10243 
2017-9-27   510  201710 10319 201711 10303 
2017-9-28   -1798  201710 10299 201711 10282 
2017-9-29   -1186  201710 10321 201711 10301 
2017-9-30   1580  201710 10380 201711 10362 
2017-10-2   7844  201710 10449 201711 10433 
2017-10-3   10525  201710 10462 201711 10447 
2017-10-5   14302  201710 10505 201711 10490 
2017-10-6   15122  201710 10524 201711 10507 
2017-10-11   21907  201710 10633 201711 10615 
2017-10-12   24635  201710 10697 201711 10682 
2017-10-13   24791  201710 10711 201711 10698 
2017-10-16   22832  201710 10757 201711 10744 
2017-10-17   20832  201710 10724 201711 10716 
2017-10-18   18925  201710 10727 201711 10723 
2017-10-19   19501  201711 10761 201712 10752 
2017-10-20   19114  201711 10732 201712 10722 
2017-10-23   19945  201711 10736 201712 10727 
2017-10-24   20343  201711 10744 201712 10735 
2017-10-25   17374  201711 10739 201712 10729 
2017-10-26   17061  201711 10728 201712 10717 
2017-10-27   16486  201711 10710 201712 10700 
2017-10-30   21198  201711 10748 201712 10734 
2017-10-31   22558  201711 10783 201712 10770 
2017-11-1   19488  201711 10809 201712 10797 
2017-11-2   19148  201711 10781 201712 10767 
2017-11-3   17870  201711 10788 201712 10776 
2017-11-6   17283  201711 10771 201712 10759 
2017-11-7   22400  201711 10825 201712 10809 
2017-11-8   19843  201711 10804 201712 10792 
2017-11-9   15632  201711 10723 201712 10707 
2017-11-10   16140  201711 10728 201712 10722 
2017-11-13   15678  201711 10693 201712 10688 
2017-11-14   16430  201711 10684 201712 10673 
2017-11-15   6833  201711 10638 201712 10604 
2017-11-16   8092  201712 10617 201801 10603 
2017-11-17   14663  201712 10707 201801 10693 
2017-11-20   11237  201712 10667 201801 10655 
2017-11-21   14446  201712 10788 201801 10772 
2017-11-22   16765  201712 10827 201801 10815 
2017-11-23   17442  201712 10856 201801 10843 
2017-11-24   16738  201712 10856 201801 10842 
2017-11-27   9969  201712 10750 201801 10736 
2017-11-28   5912  201712 10708 201801 10695 
2017-11-29   7585  201712 10729 201801 10716 
2017-11-30   2106  201712 10574 201801 10564 
2017-12-1   5390  201712 10604 201801 10591 
2017-12-4   6238  201712 10649 201801 10636 
2017-12-5   4989  201712 10573 201801 10559 
2017-12-6   2182  201712 10386 201801 10370 
2017-12-7   1127  201712 10360 201801 10346 
2017-12-8   -102  201712 10397 201801 10383 
2017-12-11   2866  201712 10479 201801 10466 
2017-12-12   3536  201712 10432 201801 10422 
2017-12-13   4549  201712 10449 201801 10439 
2017-12-14   6757  201712 10528 201801 10512 
2017-12-15   5550  201712 10485 201801 10465 
2017-12-18   4827  201712 10502 201801 10490 
2017-12-19   6400  201712 10459 201801 10446 
2017-12-20   7935  201712 10497 201801 10509 
2017-12-21   5499  201801 10497 201802 10483 
2017-12-22   7452  201801 10535 201802 10519 
2017-12-25   7098  201801 10526 201802 10511 
2017-12-26   2544  201801 10416 201802 10403 
2017-12-27   6613  201801 10476 201802 10462 
2017-12-28   10187  201801 10562 201802 10545 
2017-12-29   10826  201801 10636 201802 10618 
2018-1-2   15590  201801 10709 201802 10691 
2018-1-3   15496  201801 10789 201802 10773 
2018-1-4   17008  201801 10837 201802 10821 
2018-1-5   16309  201801 10857 201802 10843 
2018-1-8   16987  201801 10886 201802 10868 
2018-1-9   19592  201801 10881 201802 10864 
2018-1-10   16079  201801 10809 201802 10796 
2018-1-11   16158  201801 10801 201802 10788 
2018-1-12   18656  201801 10876 201802 10871 
2018-1-15   20086  201801 10955 201802 10953 
2018-1-16   16806  201801 10983 201802 10979 
2018-1-17   16902  201801 11020 201802 10989 
2018-1-18   15459  201802 11054 201803 11042 
2018-1-19   16807  201802 11139 201803 11127 
2018-1-22   14181  201802 11222 201803 11211 
2018-1-23   10706  201802 11225 201803 11214 
2018-1-24   9216  201802 11126 201803 11111 
2018-1-25   11789  201802 11154 201803 11140 
2018-1-26   9382  201802 11146 201803 11134 
2018-1-29   10054  201802 11196 201803 11185 
2018-1-30   10612  201802 11064 201803 11053 
2018-1-31   10729  201802 11098 201803 11088 
2018-2-1   10653  201802 11160 201803 11153 
2018-2-2   7570  201802 11116 201803 11106 
2018-2-5   3228  201802 10928 201803 10915 
2018-2-6   -3031  201802 10399 201803 10380 
2018-2-7   4693  201802 10517 201803 10498 
2018-2-8   2766  201802 10518 201803 10502 
2018-2-9   1221  201802 10353 201803 10322 
2018-2-12   3354  201802 10410 201803 10371 
2018-2-21   9857  201802 10705 201803 10685 
2018-2-22   4921  201803 10626 201804 10609 
2018-2-23   10920  201803 10781 201804 10766 
